1877 1 6.570   3110100 2    0   73    0   58 0.779  78.4 273.7   6.5 -50.2
1877 1 8.480     23120 1    0   30    0   18 0.537  72.4 266.7   5.8 -31.0
1877 1 9.680     23120 1    0   15    0    8 0.344  58.6 267.1   6.3 -17.2
1877 110.680     23120 1    0   92    0   47 0.189  21.5 267.1   5.8  -4.0
1877 110.680     23200 1   29  174   57  375 0.973  79.9 195.4   8.8 -75.7
1877 110.680     23210 4    0   87    0   49 0.441 260.0 297.1  -8.3  26.0
1877 111.243     23120 1    0  113    0   59 0.277 311.8 267.7   6.3  12.0
1877 111.243     23200 1   38  236   38  256 0.888  78.1 194.2   8.5 -61.5
1877 111.243     23210 4    0   68    0   46 0.672 262.2 298.0  -8.5  42.3
1877 112.520     23200 1   44  273   35  220 0.784  75.3 194.9   8.6 -50.1
1877 113.360     23200 1   29  302   19  197 0.639  70.8 194.4   8.5 -37.6
1877 114.000     23200 1   68  380   37  206 0.416  56.7 194.7   8.8 -20.6
1877 115.585     23200 1  106  415   55  215 0.247  14.6 194.9   9.0  -3.6
1877 115.585     23300 1   90  390   75  325 0.798  72.6 147.7  10.8 -50.8
1877 116.000     23200 1   92  364   48  190 0.268 335.4 195.1   9.2   6.5
1877 116.000     23300 1   95  525   64  351 0.692  69.0 147.6  10.7 -41.1
1877 117.890     23200 1   74  307   40  166 0.371 311.0 195.2   9.3  16.5
1877 117.890     23300 1   87  617   53  377 0.572  63.3 147.4  10.6 -31.3
1877 118.490     23200 1   46  306   27  181 0.536 296.8 195.0   9.5  29.0
1877 118.490     23300 1   76  668   42  367 0.409  50.0 147.4  10.4 -18.6
1877 119.410     23200 1   56  313   39  219 0.697 289.4 194.8   9.5  41.8
1877 119.410     23300 1   32  710   17  372 0.300  20.0 147.0  11.2  -6.0
1877 120.500     23200 1   32  235   29  216 0.838 285.1 194.8   9.6  55.2
1877 120.500     23300 1   38  384   20  202 0.310 333.8 147.6  10.9   8.0
1877 121.000     23200 1   21  106   43  212 0.938 282.3 194.4   9.6  68.4
1877 121.000     23300 1   32  301   19  177 0.454 307.3 147.6  11.0  21.6
1877 122.118     23200 1   15   54   56  207 0.992 280.4 193.9   9.5  81.5
1877 122.118     23300 1   28  235   18  151 0.626 295.4 147.6  11.1  35.2
1877 123.500     23300 1   18  100   16   88 0.821 288.3 147.0  11.6  52.7
1877 124.536     23300 1   13   65   17   86 0.924 285.0 146.3  11.6  65.7
1877 125.640     23300 1    0   83    0  156 0.965 284.0 146.8  11.9  73.2
1877 126.533     23400 0    0   39    0   28 0.707  94.5   9.0  -7.3 -45.3
1877 127.240     23400 0    0   17    0   11 0.623  94.7   9.0  -7.5 -38.8
1877 130.534     23410 0    0    9    0    9 0.862  94.8 301.7  -7.2 -60.0
1877 131.780     23410 0    0   15    0   12 0.778  93.9 303.1  -6.9 -51.4
1877 2 1.000     23410 0    3   22    2   13 0.609  93.4 303.6  -7.0 -37.8
1877 2 2.830     23410 0    5   25    3   14 0.406  93.1 304.0  -7.0 -24.1
1877 2 3.557     23410 7    0   32    0   16 0.088 113.0 304.0  -8.3  -4.7
1877 2 4.000     23410 7    0   25    0   13 0.174 260.3 307.6  -8.0  10.0
1877 2 5.000     23410 7    0   17    0   10 0.415 265.4 311.2  -7.8  24.7
1877 2 6.970     23410 7    0   11    0    7 0.631 266.1 314.7  -7.5  39.4
1877 2 7.459     23410 7    0    7    0    6 0.826 265.4 313.4  -7.5  56.1
1877 2 7.459     23500 0   25  109   28  124 0.898  75.6 195.3   9.9 -62.0
1877 2 8.523     23500 0   39  194   31  154 0.775  72.0 194.9   9.5 -48.4
1877 2 9.000     23500 0   40  220   26  141 0.657  67.7 195.2   9.2 -38.0
1877 210.730     23500 0   36  218   21  128 0.523  60.8 195.4   8.8 -27.5
1877 211.000     23500 0   41  242   22  127 0.351  40.8 195.4   8.8 -13.4
1877 212.000     23500 0   46  241   24  126 0.271 357.4 195.4   8.9   0.7
1877 213.000     23500 0   45  229   25  125 0.368 316.7 195.4   8.9  14.8
1877 214.000     23500 0   42  204   26  124 0.543 298.3 195.3   8.9  28.9
1877 215.000     23500 0   37  170   27  124 0.716 289.8 195.3   9.0  43.0
1877 216.508     23500 0   29  127   28  123 0.858 284.9 195.3   9.0  57.1
1877 217.533     23500 0   20   89   33  146 0.952 281.8 195.4   9.0  70.7
1877 226.480     23600 7    0   57    0  112 0.967  79.9 298.5   7.8 -74.0
1877 227.546     23600 7   40  146   36  133 0.834  76.6 298.0   7.0 -54.8
1877 228.000     23600 7   33  127   23   88 0.723  72.8 298.5   7.2 -44.1
1877 3 1.890     23600 7   16   69   10   43 0.593  67.0 299.0   7.4 -33.4
1877 3 1.890     23610 4   28  122   15   65 0.354  94.0 311.5  -8.2 -20.9
1877 3 2.000     23600 7   11   56    6   30 0.422  55.1 299.3   7.2 -20.4
1877 3 2.000     23610 4   25  207   13  104 0.151  98.9 311.0  -8.5  -8.7
1877 3 3.270     23600 7    0   31    2   16 0.275  27.7 299.5   6.9  -7.4
1877 3 3.270     23610 4   22  285   11  143 0.067 247.6 310.5  -8.7   3.6
1877 3 4.000     23600 7    1   52    1   28 0.282 341.8 298.5   8.3   5.1
1877 3 4.000     23610 4   20  273   11  148 0.282 264.2 309.9  -8.6  16.5
1877 3 5.860     23600 7    0   71    0   39 0.412 313.6 297.4   9.6  17.6
1877 3 5.860     23610 4   18  265   10  152 0.487 265.5 309.2  -8.5  29.4
1877 3 8.609     23700 7    0   60    0   36 0.527 261.1 265.3 -10.8  32.0
1877 3 9.690     23700 7    0   58    0   37 0.618 261.2 265.8 -11.1  38.5
1877 310.559     23700 2    0   34    0   40 0.907 262.5 273.6  -9.8  65.9
1877 317.481     23800 2   10   76    5   39 0.210 249.7 128.0 -11.1  11.6
1877 318.399     23800 2   83  357   46  197 0.421 258.5 129.2 -11.2  24.9
1877 319.562     23800 2   59  397   39  261 0.646 261.1 129.6 -11.1  40.6
1877 320.000     23800 2   38  303   32  249 0.769 261.2 129.2 -11.2  50.8
1877 321.169     23800 2   25  236   25  238 0.869 261.0 128.8 -11.2  61.0
1877 322.465     23800 2   18   61   50  173 0.985 259.4 131.8 -11.6  81.1
1877 4 6.500     23900 0    3   25    8   63 0.981 101.7 132.5 -12.6 -79.9
1877 4 7.460     23900 0    2   28    3   34 0.916 101.5 132.7 -12.9 -67.0
1877 415.000         0 0    0    0    0    0 0.000   0.0   0.0   0.0   0.0
1877 416.123     24000 3   87  685   47  368 0.358 241.0 104.3 -15.0  18.9
1877 417.476     24000 3  111  634   70  401 0.611 252.1 104.5 -15.0  37.0
1877 418.000     24000 3   81  447   64  352 0.768 255.1 104.1 -14.7  50.1
1877 419.523     24000 3   53  278   58  302 0.890 256.4 103.6 -14.4  63.2
1877 420.470     24000 2   30  129   56  243 0.965 256.9 103.4 -13.9  75.5
1877 420.470     24100 7    6   58    4   41 0.702  84.4 343.6   0.4 -44.3
1877 421.000     24100 7   20  125   12   73 0.511  80.0 344.7   0.9 -30.2
1877 422.000     24100 7   38  201   20  105 0.296  69.4 345.8   1.4 -16.1
1877 423.408     24100 7   53  271   27  137 0.120  17.8 347.0   1.9  -2.1
1877 423.408     24200 3   29  101   21   73 0.717  96.1 303.1  -7.6 -46.0
1877 424.423     24100 7   44  133   23   69 0.239 299.6 347.7   2.3  12.0
1877 424.423     24200 3   19   69   11   41 0.532  96.8 303.5  -7.5 -32.2
1877 425.417     24100 7   36  121   20   68 0.445 284.6 348.1   2.4  25.5
1877 425.417     24200 3   31   92   16   48 0.302 102.8 305.3  -8.1 -17.3
1877 426.000     24100 7   15   69   10   46 0.653 279.7 348.5   3.0  40.1
1877 426.000     24200 3   29  103   15   52 0.053 170.7 308.0  -7.4  -0.5
1877 427.560     24100 7    0   26    0   23 0.821 277.4 348.9   3.6  54.7
1877 427.560     24200 2   25  108   13   56 0.284 261.2 310.6  -6.6  16.4
1877 428.620     24200 2    0   60    0   33 0.394 262.7 310.8  -6.7  23.2
1877 429.000     24200 2    8   46    6   33 0.684 264.4 314.4  -6.8  43.3
1877 430.554     24200 2   10   30   11   33 0.891 264.4 318.0  -6.8  63.3
1877 430.554     24300 7    0   28    0   25 0.825  51.0 207.8  28.6 -46.9
1877 5 1.107     24200 2    0   18    0   28 0.945 263.4 318.6  -7.5  71.3
1877 5 1.107     24300 7    0   60    0   47 0.765  46.5 208.0  28.8 -39.3
1877 5 2.750     24300 7    6  101    4   68 0.668  36.4 207.5  29.2 -27.0
1877 5 3.428     24300 7   21   79   13   48 0.568  12.4 208.6  30.1  -8.1
1877 5 4.516     24300 7    0   53    0   32 0.558 351.0 208.1  29.9   5.8
1877 5 4.516     24400 7   23   95   12   49 0.257 273.3 217.2  -2.6  14.9
1877 5 5.447     24400 0   17   54   10   31 0.489 272.3 219.3  -1.9  29.3
1877 5 6.000     24400 0    9   29    7   21 0.682 270.9 220.0  -1.8  43.0
1877 5 7.414     24400 0    4   12    4   11 0.835 270.1 220.7  -1.7  56.7
1877 5 7.414     24500 0   31  139   35  151 0.869 104.5 103.8 -14.2 -60.2
1877 5 8.411     24400 0    0   14    0   20 0.941 269.1 221.1  -1.9  70.3
1877 5 8.411     24500 0   42  186   31  139 0.740 106.4 103.7 -14.2 -47.1
1877 5 9.455     24500 0   28  100   17   61 0.570 110.6 103.6 -14.1 -33.4
1877 5 9.455     24600 0   13   40   11   35 0.820  77.8  82.9   8.2 -54.1
1877 510.469     24500 2   35  125   19   68 0.387 120.4 103.5 -14.0 -20.1
1877 510.469     24600 0   44  158   30  107 0.675  74.2  82.6   8.4 -41.0
1877 511.591     24500 0   27  118   14   61 0.213 156.1 103.6 -14.0  -5.1
1877 511.591     24600 0   47  249   26  139 0.436  64.4  85.3   8.3 -23.4
1877 512.000     24600 0   48  252   25  131 0.263  42.8  85.5   8.5 -10.4
1877 513.000     24600 0   47  239   24  122 0.199 347.0  85.7   8.6   2.6
1877 514.000     24600 0   43  214   23  114 0.329 305.6  85.9   8.7  15.7
1877 515.549     24600 0   39  179   23  105 0.523 291.1  86.0   8.8  29.6
1877 516.930     24600 0   17  142   11   90 0.616 287.0  85.8   8.6  36.6
1877 517.510     24600 2   11  117    9   93 0.779 284.9  86.4  10.2  49.9
1877 517.510     24700 0    0   12    0   25 0.973  79.4 320.4   9.8 -76.1
1877 518.418     24600 0    0   10    0   14 0.931 280.0  86.4   8.6  68.0
1877 518.418     24700 0   29  102   26   92 0.831  76.6 323.2  10.0 -55.2
1877 519.000     24700 0   36  135   25   92 0.682  73.5 323.5   9.8 -41.6
1877 520.000     24700 0   41  158   24   91 0.502  67.3 323.7   9.6 -28.0
1877 521.000     24700 0   43  171   23   90 0.312  52.4 324.0   9.4 -14.5
1877 522.000     24700 0   41  176   21   90 0.185   4.8 324.2   9.1  -0.9
1877 523.000     24700 0   38  170   20   89 0.281 309.4 324.4   8.9  12.7
1877 524.470     24700 2   33  157   19   89 0.470 291.3 324.7   8.7  26.3
1877 525.460     24700 2   45  143   29   93 0.637 285.8 323.7   9.1  38.4
1877 526.441     24700 3    8   74    7   61 0.795 281.8 324.2   8.7  51.9
1877 526.441   3160100 2   23   83   15   53 0.623 256.3 310.1  -9.3  37.8
1877 6 3.499     24900 2   11   36   11   37 0.849 102.3 108.2 -10.5 -57.5
1877 6 4.432     24900 2   51  328   37  238 0.724 104.3 107.8 -10.3 -45.5
1877 6 5.441     24900 2   70  334   42  200 0.552 109.0 108.0 -10.2 -32.0
1877 6 6.464     24900 2   62  267   33  143 0.347 122.0 109.0 -10.3 -17.4
1877 6 7.413     24900 2   70  281   36  144 0.207 153.9 108.6 -10.3  -5.3
1877 6 8.506     24900 2   71  307   37  159 0.245 219.4 108.5 -10.4   9.1
1877 6 9.419     24900 2   90  404   49  221 0.402 241.9 108.4 -10.3  21.1
1877 610.000     24900 2   65  322   41  203 0.591 250.9 108.4 -10.5  34.6
1877 611.469     24900 2   43  239   33  184 0.757 255.0 108.3 -10.7  48.1
1877 612.000         0 0    0    0    0    0 0.000   0.0   0.0   0.0   0.0
1877 613.000         0 0    0    0    0    0 0.000   0.0   0.0   0.0   0.0
1877 624.000         0 0    0    0    0    0 0.000   0.0   0.0   0.0   0.0
1877 625.428   3170100 2   46  134   24   70 0.297 152.8 227.4 -12.8  -8.0
1877 626.000         0 0    0    0    0    0 0.000   0.0   0.0   0.0   0.0
1877 627.000         0 0    0    0    0    0 0.000   0.0   0.0   0.0   0.0
1877 628.490     25100 2   16   49   10   30 0.587 244.9 227.8 -12.0  32.9
1877 629.459     25100 2   43  129   32   97 0.752 250.2 228.1 -12.7  46.5
1877 7 3.442     25200 0   16   48   10   31 0.623  77.2  91.1  10.6 -38.2
1877 7 4.440     25200 2    5   57    3   31 0.397  73.3  93.3   9.8 -22.7
1877 7 5.407     25200 2    2   49    1   25 0.188  56.0  94.2   9.6  -9.1
1877 714.630   3180100 7   10   49    5   26 0.316 211.5 358.4 -11.2   9.7
1877 718.468   3180200 0   10   26    6   16 0.562 237.3 319.6 -13.4  29.1
1877 8 2.523     25400 2   30   74   19   47 0.614 282.4 129.2  12.4  37.9
1877 8 3.503     25400 0    0   24    0   20 0.789 280.6 130.9  12.1  52.5
1877 822.506     25500 0    8   32   27  116 0.990  83.0 104.5   7.9 -82.7
1877 823.534     25500 0   22  104   32  149 0.937  83.4 103.3   8.6 -70.3
1877 824.440     25500 0   32  246   30  230 0.846  84.0 103.2   8.8 -58.4
1877 825.000     25500 0   37  265   26  183 0.701  84.7 103.4   8.8 -44.9
1877 826.000     25500 0   37  232   22  135 0.517  85.0 103.5   8.7 -31.4
1877 827.000     25500 0   34  167   18   88 0.307  83.8 103.7   8.7 -18.0
1877 828.478     25500 0   30   82   15   41 0.082  70.8 103.8   8.7  -4.5
1877 829.570     25500 2   22   59   11   30 0.180 277.4 104.3   8.4  10.4
1877 830.000     25500 0   14   46    8   25 0.385 274.0 104.5   8.2  22.8
1877 831.406     25500 0    7   31    4   19 0.571 273.5 104.7   7.9  35.1
1877 9 4.503     25600 2   19   87   25  117 0.930  82.6 306.3   9.5 -69.2
1877 9 5.474     25600 2   52  246   46  216 0.825  83.5 306.5   9.4 -56.2
1877 9 6.436     25600 2   75  315   51  213 0.674  84.3 307.2   9.2 -42.8
1877 9 7.392     25600 2   77  428   45  249 0.510  84.4 306.4   9.1 -30.9
1877 9 8.000     25600 2   77  393   40  204 0.274  83.3 307.3   8.8 -16.0
1877 9 9.520     25600 2   72  316   36  158 0.029  36.0 308.2   8.6  -1.0
1877 910.000     25600 2   64  273   33  140 0.227 276.9 308.4   8.6  13.2
1877 911.000     25600 2   52  222   29  123 0.426 274.9 308.6   8.6  25.4
1877 912.405     25600 2   42  170   26  106 0.604 274.7 308.7   8.6  37.5
1877 912.405     25700 0   23   92   19   75 0.787 110.6 222.5 -11.4 -48.7
1877 913.000     25700 0   25  101   16   65 0.639 117.6 222.4 -11.4 -35.3
1877 914.000     25700 0   23   97   13   55 0.479 130.0 222.3 -11.3 -22.0
1877 915.000     25700 0   18   84   10   45 0.348 155.1 222.2 -11.3  -8.6
1877 916.000     25700 0   13   65    7   35 0.324 194.3 222.0 -11.2   4.7
1877 917.000     25700 0    7   45    4   25 0.433 224.7 221.9 -11.2  18.1
1877 918.524     25700 0    2   24    1   15 0.590 240.1 221.8 -11.1  31.4
1877 918.524     25800 2    0   21    0   12 0.432 116.0 167.2  -4.4 -22.9
1877 919.000     25800 2    0   23    0   12 0.293 132.0 167.4  -4.4 -12.6
1877 920.870     25800 2    0   24    0   12 0.200 169.0 167.5  -4.3  -2.2
1877 921.463     25800 2    2   22    1   12 0.348 233.3 167.8  -5.3  16.3
1877 925.111     25900 0    0   35    0  133 0.991  98.1  22.1  -7.1 -81.5
1877 925.111   3200100 0    0    8    0    5 0.554 254.5 135.9  -2.7  32.3
1877 926.588     25900 0   18   75   20   85 0.899 101.9  21.5  -7.6 -62.5
1877 927.506     25900 0   10   41    8   33 0.784 104.8  22.1  -7.2 -49.8
1877 928.411     25900 0    9   53    6   35 0.648 109.1  21.8  -7.0 -38.1
1877 929.521     25900 0    5   16    3    9 0.454 119.3  21.7  -6.7 -23.5
187710 1.415   3200200 0    5   14    3    8 0.455 196.3  28.0 -19.4   7.8
18771026.720     26100 1   15  215   39  595 0.984  99.1 336.2  -8.1 -78.8
18771027.000     26100 1   61  569   64  597 0.910 101.1 335.8  -8.1 -64.5
18771028.000     26100 1  117  795   89  600 0.784 104.0 335.5  -8.1 -50.2
18771029.000     26100 1  183  969  114  603 0.614 109.0 335.2  -8.0 -35.9
18771030.513     26100 1  252 1095  139  605 0.420 119.7 334.8  -8.0 -21.6
18771030.513     26200 7   28  170   20  120 0.701  98.0 312.4  -2.5 -44.0
18771031.448     26100 1  238 1271  124  662 0.266 142.1 334.6  -8.0  -9.5
18771031.448     26200 7   43  211   25  124 0.526 101.1 313.0  -2.2 -31.1
187711 1.445     26100 1  225 1509  116  778 0.220 196.0 334.5  -8.1   3.5
187711 1.445     26200 7   47  263   25  139 0.321 109.0 313.3  -2.1 -17.7
187711 2.131     26100 1  199 1471  104  770 0.298 227.5 334.7  -7.7  12.8
187711 2.131     26200 7    8  149    4   76 0.170 131.5 314.6  -2.5  -7.3
187711 3.482     26100 1  202  944  120  562 0.538 248.2 334.4  -8.2  30.3
187711 3.482     26200 7   35  148   18   76 0.186 234.3 312.8  -2.4   8.7
187711 4.491     26100 1  141  760  101  543 0.714 254.7 334.7  -8.2  44.1
187711 4.491     26200 7   11   82    6   45 0.395 254.7 313.0  -2.5  22.4
187711 5.442     26100 1  107  544  100  508 0.843 257.7 334.6  -8.3  56.4
187711 5.442     26200 7    0   39    0   24 0.588 259.5 313.6  -3.2  35.4
187711 6.000     26100 1   63  363   95  544 0.925 259.5 334.3  -8.3  66.8
187711 7.730     26100 1   37  246   89  579 0.978 260.6 334.0  -8.4  77.2
18771114.494     26300 2   62  180   38  111 0.584 110.6 125.2  -9.7 -33.7
18771115.000     26300 2   49  155   27   85 0.393 122.2 125.7  -9.7 -19.7
18771116.548     26300 2   31  113   16   58 0.231 154.9 126.2  -9.7  -5.7
18771117.586     26300 2   29   52   15   27 0.263 214.4 126.9 -10.3   8.7
18771122.508     26400 1   35  123   86  301 0.979 100.7 335.5 -10.1 -77.8
18771123.436     26400 1   62  306   79  392 0.920 101.9 334.9 -10.3 -66.2
18771124.103     26400 1   53  590   50  562 0.850 103.6 335.1 -10.8 -57.2
18771125.218     26400 1   73  753   51  522 0.691 107.0 335.3 -10.7 -42.3
18771126.552     26400 1  168  828   95  468 0.463 115.2 334.9 -10.3 -25.2
18771127.221     26400 1   94  759   50  403 0.336 127.2 335.4 -10.7 -15.8
18771128.469     26400 1  142  669   73  343 0.191 181.0 334.9 -10.1   0.2
18771129.860     26400 1   85  631   44  327 0.236 216.1 334.7 -10.2   8.1
18771130.428     26400 1  120  459   68  261 0.471 247.0 335.0 -10.0  26.1
187712 1.000     26400 1   88  347   59  232 0.660 254.0 335.2 -10.1  40.1
187712 2.518     26400 1   58  233   50  203 0.816 257.3 335.4 -10.1  54.0
187712 3.770     26400 1   30  206   31  215 0.879 258.1 335.0 -10.3  61.0
18771221.100   3230100 0    0   34    0   37 0.885 103.3 334.6 -12.7 -62.0
18771231.466   3240100 2    0   23    0   34 0.943 279.1 329.9   7.5  69.9
