1875 1 1.000         0 0    0    0    0    0 0.000   0.0   0.0   0.0   0.0
1875 1 2.527     14100 0   53  355   32  215 0.563 250.9 331.9 -13.6  33.2
1875 1 3.000     14100 0   44  261   32  190 0.727 254.6 331.7 -13.7  46.2
1875 1 4.000     14100 0   32  172   31  165 0.860 256.3 331.5 -13.7  59.3
1875 1 5.550     14100 0   19   87   31  140 0.951 256.7 331.3 -13.8  72.4
1875 116.543   2840100 2   10   70    6   42 0.546  98.7  81.2  -8.9 -33.1
1875 117.000         0 0    0    0    0    0 0.000   0.0   0.0   0.0   0.0
1875 118.000         0 0    0    0    0    0 0.000   0.0   0.0   0.0   0.0
1875 119.000         0 0    0    0    0    0 0.000   0.0   0.0   0.0   0.0
1875 120.000         0 0    0    0    0    0 0.000   0.0   0.0   0.0   0.0
1875 121.000         0 0    0    0    0    0 0.000   0.0   0.0   0.0   0.0
1875 122.530     14210 3  186  872  119  559 0.627 287.0  72.4   6.2  37.1
1875 122.530     14300 1   32  151   17   79 0.288 355.6  36.6  11.2   1.3
1875 123.000     14210 3  100  497   79  391 0.777 282.4  71.8   6.0  49.7
1875 123.000     14300 1   22  120   12   65 0.379 318.6  36.8  11.1  14.8
1875 124.000     14210 3   36  206   40  224 0.894 279.4  71.2   5.8  62.4
1875 124.000     14300 1   10   87    6   52 0.541 300.8  37.0  11.1  28.3
1875 125.554     14210 3    0   28    0   57 0.969 277.2  70.5   5.5  75.0
1875 125.554     14300 1    0   55    0   39 0.705 291.9  37.3  11.0  41.8
1875 126.734   2850100 1    0   27    0   27 0.868 294.0  36.1  17.5  56.2
1875 2 1.773     14400 4    0  122    0  150 0.916  67.2 197.9  18.0 -62.6
1875 2 2.000     14400 4    6  139    6  130 0.825  62.7 198.0  18.3 -50.6
1875 2 3.000     14400 4   16  151   12  110 0.712  55.9 198.2  18.6 -38.5
1875 2 4.485     14400 4   28  147   17   91 0.592  45.5 198.3  18.8 -26.5
1875 2 5.657     14400 4   21  225   12  127 0.463  23.8 197.9  18.7 -11.4
1875 2 6.774     14400 4   38  170   21   95 0.432 352.5 197.9  18.8   3.4
1875 2 7.215     14400 4   36  215   20  121 0.457 341.3 197.7  19.1   8.9
1875 2 8.699     14400 4   13   93    8   59 0.616 311.2 198.4  18.2  29.2
1875 2 9.229     14400 4   13   80    9   55 0.683 306.9 197.4  18.8  35.2
1875 2 9.229     14410 0   10   39   23   90 0.981  82.6  84.3   5.9 -77.9
1875 210.687     14410 0    0   40    0   40 0.867  79.7  84.1   5.5 -59.0
1875 211.205     14410 0   15   47   12   39 0.796  78.4  84.7   5.0 -51.5
1875 214.190   2850200 0    0   19    0   10 0.336 358.3  99.8  12.7   0.6
1875 218.448     14500 1   42  148  134  478 0.988  70.5 322.7  17.9 -78.2
1875 219.000     14500 1   91  379  130  542 0.951  68.2 321.9  18.2 -68.3
1875 220.750     14500 1  114  551  125  606 0.891  64.9 321.1  18.6 -58.4
1875 220.750     14600 1   30  185   28  173 0.844  99.3 321.2 -11.6 -58.3
1875 220.750   2850300 0    0   29    0   49 0.954  66.1 311.1  20.3 -68.4
1875 221.517     14500 1  230  993  168  725 0.731  56.9 320.4  18.1 -40.1
1875 221.517     14600 1   97  601   62  383 0.620  99.7 321.9 -11.6 -38.6
1875 222.527     14500 1  235 1059  146  658 0.599  46.1 320.2  18.2 -27.0
1875 222.527     14600 1   86  491   48  273 0.426 101.1 322.0 -11.2 -25.2
1875 222.527     14700 2    0   56    0  166 0.985  83.0 267.9   5.6 -79.3
1875 223.496     14500 1  237 1181  136  679 0.487  29.0 320.0  18.3 -14.4
1875 223.496     14600 1  122  696   63  359 0.222 106.8 321.9 -10.7 -12.5
1875 223.496     14700 2   12  101   19  156 0.945  81.4 264.6   5.7 -69.8
1875 224.000     14500 1  241 1241  134  688 0.431   2.2 320.0  18.3  -1.0
1875 224.000     14600 1  115  572   58  287 0.070 181.4 321.1 -11.2   0.1
1875 224.000     14700 2   23  145   21  132 0.835  78.8 265.8   5.3 -55.3
1875 225.531     14500 1  229 1218  131  696 0.474 334.5 320.0  18.3  12.4
1875 225.531     14600 1  103  417   53  215 0.230 249.7 320.3 -11.6  12.7
1875 225.531     14700 2   33  160   22  108 0.674  74.6 266.9   4.9 -40.7
1875 226.558     14500 1  235 1157  145  714 0.590 314.8 320.1  18.1  26.1
1875 226.558     14600 1   29  261   16  144 0.449 258.7 320.7 -11.5  26.7
1875 226.558     14700 2    0   45    0   27 0.481  66.2 267.8   4.7 -26.2
1875 227.300     14500 1  164  933  108  614 0.650 308.5 320.1  17.8  32.3
1875 227.300     14600 1   30  199   18  119 0.546 260.2 321.1 -11.4  33.3
1875 227.300     14700 2   32  184   17  100 0.381  58.9 268.7   4.5 -19.1
1875 227.300     14710 0   16   64    9   36 0.440 257.2 313.8 -12.1  26.0
1875 228.270     14500 1  193  906  156  731 0.786 300.1 320.4  18.2  45.7
1875 228.270     14600 1   21  158   15  114 0.720 260.8 321.2 -11.6  46.5
1875 228.270     14700 2   25  154   13   79 0.211  20.2 270.5   4.2  -4.2
1875 228.270     14710 0    0   14    0    9 0.628 259.7 313.9 -12.1  39.2
1875 3 1.770     14500 1  108  576  123  654 0.899 294.5 320.4  18.3  59.5
1875 3 1.770     14600 1   16   78   16   76 0.861 260.4 321.1 -11.9  60.2
1875 3 1.770     14700 2   22  137   14   71 0.251 320.5 270.1   4.0   9.2
1875 3 1.770     14720 4    0    6    0   11 0.959  81.1 188.5   6.4 -72.4
1875 3 2.209     14500 1   47  273  109  634 0.976 290.5 320.1  18.2  74.2
1875 3 2.209     14600 1    0   16    0   31 0.967 259.8 322.2 -11.7  76.3
1875 3 2.209     14700 2   20  117   11   66 0.446 294.1 270.0   3.9  24.1
1875 3 2.209     14720 4   32  127   26  101 0.779  74.4 196.7   7.4 -49.2
1875 3 3.266     14700 2   15   75   10   49 0.643 285.5 270.4   4.2  38.4
1875 3 3.266     14720 4   16  161   10  103 0.625  68.5 196.1   7.4 -35.9
1875 3 4.000     14700 2    5   44    5   40 0.813 280.2 270.9   4.0  53.3
1875 3 5.446     14700 0    0   22    0   31 0.933 276.9 271.4   3.8  68.1
1875 3 5.446     14800 4   33  164   18   90 0.409 348.4 208.2  16.4   4.9
1875 3 6.700     14800 4   34  299   19  168 0.446 331.5 207.9  16.0  12.8
1875 3 7.820     14800 4   56  528   34  322 0.570 312.3 207.7  16.1  26.0
1875 3 7.820     14900 0   37  267   27  194 0.727 256.5 228.7 -14.8  47.0
1875 3 8.884     14800 4   16  191   14  163 0.811 296.1 207.3  16.3  49.3
1875 3 8.884     14900 0    0  101    0  136 0.929 255.4 227.4 -16.2  69.4
1875 3 9.547     14800 4   46  256   51  281 0.890 292.7 208.2  16.5  58.9
1875 3 9.547     14900 0    0   97    0  179 0.963 254.3 225.1 -17.0  75.8
1875 310.528     14800 4   12  106   27  247 0.976 287.6 211.2  15.4  74.8
1875 310.528     14910 0   15  135   20  182 0.930  94.5  67.4  -6.8 -69.0
1875 311.597     14910 0   36  245   31  213 0.817  93.5  67.1  -7.0 -55.2
1875 311.597     15000 0   24  110   48  224 0.970  91.9  46.0  -3.6 -76.3
1875 312.680     14910 2   12  120    8   79 0.655  93.7  66.7  -7.8 -41.3
1875 312.680     15000 0   28   90   29   92 0.873  90.8  46.9  -4.2 -61.1
1875 312.680   2860100 0    0    7    0   13 0.966 279.0 181.9   6.8  73.9
1875 313.600     14910 2   26  176   16  108 0.578  92.2  67.4  -7.1 -35.6
1875 313.600     15000 0   31  202   28  180 0.829  89.8  46.8  -3.8 -56.2
1875 314.644     14910 2    0   27    0   14 0.260  93.6  66.9  -7.8 -15.2
1875 314.644     15000 0   46  275   28  169 0.581  87.1  46.5  -4.1 -35.6
1875 315.584     15000 0   46  304   25  166 0.391  83.2  46.8  -3.9 -22.9
1875 316.127     14910 2    0   20    0   10 0.077 231.4  66.0  -9.8   3.5
1875 316.127     15000 0   21  234   11  122 0.277  78.7  46.7  -3.7 -15.8
1875 317.760     15000 0   22   89   11   45 0.124 299.5  47.3  -3.5   6.2
1875 317.760     15010 7   18  133    9   69 0.245 256.9  55.1 -10.0  14.0
1875 317.760     15020 0    8   53    4   27 0.190  87.9  30.1  -6.5 -11.0
1875 317.760     15100 0   14  132   55  529 0.993  70.8 320.8  18.0 -80.3
1875 318.570     15000 0   11   50    6   26 0.292 281.0  47.1  -3.5  16.7
1875 318.570     15010 7   38  155   21   85 0.408 262.6  54.6  -9.4  24.2
1875 318.570     15100 0   55  230   91  384 0.954  69.1 321.2  17.5 -69.2
1875 319.691     15000 0    0   30    0   18 0.529 274.4  47.5  -3.6  31.9
1875 319.691     15010 7    0   59    0   38 0.631 263.2  55.1  -9.7  39.5
1875 319.691     15020 0    0   38    0   20 0.272 268.9  31.5  -7.0  15.9
1875 319.691     15100 0   53  381   50  363 0.852  64.4 321.9  17.6 -53.7
1875 320.760     15000 0    3   27    2   17 0.595 273.8  47.0  -3.3  36.5
1875 320.760     15010 7    6   51    4   37 0.721 263.6  57.1  -9.4  46.6
1875 320.760     15020 0    0   34    0   18 0.351 268.3  31.2  -7.1  20.7
1875 320.760     15100 0   66  382   57  329 0.815  62.1 321.3  18.0 -49.2
1875 320.760     15110 2    0  138    0   70 0.147 143.3   5.3 -13.7  -5.2
1875 321.207     15000 0    0   17    0   14 0.786 271.0  47.5  -3.5  51.9
1875 321.207     15010 7    0   22    0   19 0.820 262.2  51.3 -10.3  55.7
1875 321.207     15100 0   92  536   62  362 0.669  53.5 321.2  17.8 -34.4
1875 321.207     15110 2   16  209    8  107 0.211 235.3   5.9 -13.7  10.3
1875 322.725     15100 0   72  432   41  247 0.480  30.2 320.8  17.9 -14.7
1875 322.725     15110 2    0  188    0  113 0.555 253.2   8.9 -15.0  33.4
1875 323.435     15100 0  130  617   72  343 0.431  12.4 320.6  18.1  -5.6
1875 323.435     15110 2  162  670  111  459 0.685 256.6   9.6 -14.1  43.4
1875 324.115     15100 0   99  533   55  296 0.422 346.6 323.1  17.5   5.9
1875 324.115     15110 2  106  856   87  702 0.787 257.1   9.9 -14.3  52.3
1875 325.448     15100 0  111  546   66  325 0.538 321.1 320.6  18.5  20.9
1875 325.448     15110 2   75  363  102  491 0.929 256.9   8.9 -14.6  69.2
1875 326.608     15100 0   87  468   60  323 0.686 306.3 320.1  18.6  35.7
1875 326.608     15110 2    0   73    0  215 0.985 257.0   5.9 -13.9  81.5
1875 327.428     15100 0   50  351   41  288 0.792 299.9 320.0  18.8  46.5
1875 328.530     15100 0   48  281   57  330 0.905 294.7 319.4  19.1  60.4
1875 328.530     15200 7    0   70    0   36 0.223  40.9 250.6   3.2  -8.4
1875 329.713     15100 0   11   87   27  224 0.981 290.6 319.1  18.7  75.7
1875 329.713     15200 7   56  384   29  198 0.225 324.6 250.9   4.1   7.5
1875 329.713     15210 4    8  102    6   71 0.697 107.3 199.4 -16.7 -44.0
1875 330.703     15200 7   79  401   43  221 0.413 296.2 252.2   4.5  21.8
1875 330.703     15210 4   38  162   23   95 0.521 111.3 200.0 -16.5 -30.4
1875 331.752     15200 7   56  372   36  238 0.618 285.5 253.2   4.4  36.7
1875 331.752     15210 4   64  195   34  103 0.305 124.3 201.3 -16.1 -15.2
1875 4 1.587     15200 7    0  219    0  167 0.754 281.2 253.3   4.2  47.9
1875 4 1.587     15210 4   17  292    9  150 0.194 152.2 200.0 -16.2  -5.4
1875 4 2.460     15200 7   27  117   28  122 0.877 278.7 254.4   4.5  60.4
1875 4 2.460     15210 4   64  378   33  194 0.209 220.4 202.1 -15.4   8.1
1875 4 3.000     15210 4   31  229   17  125 0.409 245.5 202.8 -15.5  22.7
1875 4 4.567     15210 4    0   87    0   55 0.612 252.6 203.5 -15.5  37.3
1875 4 4.567   2870100 0    0   12    0   11 0.833 102.1 109.3 -13.5 -56.9
1875 4 5.507     15310 0    0   31    0   16 0.260  20.6 148.4   8.0  -5.3
1875 4 6.427     15310 0    4   98    2   51 0.261 335.8 147.8   7.8   6.2
1875 4 7.667     15310 0    5  105    3   59 0.451 299.6 148.6   7.4  23.3
1875 4 8.522     15310 0    0   27    0   17 0.594 291.9 147.8   7.9  33.8
1875 4 9.108     15310 0    0   22    0   16 0.736 285.8 151.9   7.5  45.6
1875 410.641     15320 2   23  110   12   57 0.273 307.7  98.5   4.0  12.5
1875 410.641     15400 2    0   44    0   49 0.892  76.9  24.4   9.0 -61.6
1875 410.641     15500 2   29  239   53  434 0.961 102.6  11.2 -13.7 -74.8
1875 411.000     15320 2   14  114    8   64 0.471 290.9  99.3   4.6  26.2
1875 411.000     15400 2   10   83    8   66 0.753  72.7  26.4   9.1 -46.7
1875 411.000     15500 2   56  401   63  450 0.881 102.6  10.8 -13.8 -62.3
1875 412.000     15320 2    6  107    4   71 0.660 284.4 100.1   5.2  39.9
1875 412.000     15400 2   25  133   16   83 0.573  65.2  28.5   9.2 -31.8
1875 412.000     15500 2   91  592   72  466 0.763 103.6  10.4 -14.0 -49.8
1875 413.565     15320 2    0   90    0   78 0.815 281.0 100.9   5.7  53.5
1875 413.565     15400 0   44  184   24  100 0.381  48.8  30.5   9.3 -16.9
1875 413.565     15500 2  130  762   82  482 0.613 106.0  10.0 -14.1 -37.4
1875 414.531     15320 2    0   65    0   79 0.914 278.6  99.8   5.6  65.2
1875 414.531     15400 0   61  202   32  105 0.260  12.6  31.3   9.3  -3.3
1875 414.531     15500 2  143  768   80  429 0.436 111.0   9.8 -13.9 -24.8
1875 415.671     15400 1   36  221   19  117 0.322 319.6  31.8   9.0  12.2
1875 415.671     15500 2  114  718   59  370 0.223 134.8  10.2 -14.3  -9.4
1875 416.543     15400 1   71  301   40  169 0.445 303.1  30.3   9.2  22.2
1875 416.543     15500 2  148  662   75  336 0.162 193.9  10.4 -14.3   2.3
1875 417.470     15400 1   35  234   22  148 0.612 292.8  30.7   9.5  34.9
1875 417.470     15500 2  127  634   66  330 0.285 237.2  10.1 -13.9  14.3
1875 418.517     15400 0   19  126   16  106 0.803 284.9  33.7   8.8  51.7
1875 418.517     15500 2  111  508   64  292 0.489 251.1  10.4 -13.6  28.4
1875 419.444     15400 0   11   63   13   76 0.908 282.0  33.8   8.7  64.0
1875 419.444     15500 2   58  383   38  252 0.650 255.0  10.0 -13.5  40.2
1875 420.581     15400 0    0   23    0   79 0.989 279.2  35.3   8.3  80.6
1875 420.581     15500 2   54  279   47  243 0.816 257.5   9.6 -13.0  54.9
1875 420.581     15600 0    0   20    0   30 0.944  75.1 245.7  12.3 -69.0
1875 421.699     15500 2    0  167    0  246 0.940 257.4  10.7 -13.5  70.7
1875 421.699     15600 0    0   57    0   51 0.829  71.7 246.3  12.3 -53.7
1875 422.659     15600 0    0   55    0   39 0.702  67.2 245.8  12.3 -41.5
1875 425.481     15610 2   42  205   54  263 0.921  94.8 182.6  -6.1 -67.4
1875 426.515     15610 2   46  219   39  184 0.804  94.4 182.6  -6.1 -53.7
1875 426.515     15700 1    0  237    0  552 0.975  80.0 160.0   8.7 -76.3
1875 427.497     15610 2   74  339   49  223 0.652  94.1 182.6  -5.9 -40.8
1875 427.497     15700 1   82  675  100  823 0.912  78.3 158.8   8.9 -64.6
1875 428.548     15610 2   50  315   28  178 0.453  95.1 182.5  -6.0 -27.0
1875 428.548     15700 1  155  943  127  773 0.796  75.1 158.3   9.2 -51.2
1875 429.582     15610 2   62  284   32  147 0.237  99.7 182.2  -6.2 -13.6
1875 429.582     15700 1  205 1511  133  981 0.637  69.7 158.5   9.6 -37.3
1875 430.499     15610 2    0   76    0   38 0.045 147.4 182.3  -6.1  -1.4
1875 430.499     15700 1  129 1345   74  773 0.483  61.9 158.1   9.6 -25.6
1875 5 1.129     15610 2   30  176   15   89 0.115 246.7 181.4  -6.4   6.1
1875 5 1.129     15700 1  192 1030  103  554 0.362  51.1 158.7   9.5 -16.6
1875 5 1.129   2880100 2   29  367   17  212 0.493  58.2 150.0  11.6 -25.3
1875 5 2.000     15610 2   30  152   17   84 0.376 261.9 181.6  -6.5  22.0
1875 5 2.000     15700 1  196 1211  101  623 0.227   2.2 159.1   9.4  -0.5
1875 5 3.499     15610 2   30  125   19   79 0.612 263.9 181.8  -6.6  37.8
1875 5 3.499     15700 1  185 1292   99  691 0.344 310.0 159.5   9.3  15.5
1875 5 4.720     15610 2   27   73   19   52 0.706 264.9 181.5  -6.1  45.0
1875 5 4.720     15700 1  113 1010   63  564 0.437 299.8 159.1   9.3  22.6
1875 5 5.482     15610 2    0   23    0   26 0.896 264.1 181.7  -6.8  63.9
1875 5 5.482     15700 1  128  850   89  590 0.691 286.9 159.8   9.1  42.0
1875 5 6.504     15700 1   97  433   89  397 0.838 283.0 160.1   9.0  55.8
1875 5 7.772     15700 1   44  204   76  351 0.957 280.1 159.8   8.7  72.3
1875 522.667   2890100 0    0   15    0   13 0.825  78.5 195.6   8.6 -54.9
1875 524.535     15900 0    0   32    0   35 0.893  80.4 163.0   8.0 -62.8
1875 524.535   2890200 2    0   85    0   46 0.382  41.4 210.6  15.5 -15.2
1875 525.000     15900 0    0   39    0   31 0.764  78.4 163.1   8.1 -49.1
1875 526.610     15900 0    0   44    0   27 0.593  74.7 163.1   8.2 -35.3
1875 527.644     15900 0    9   48    5   26 0.400  67.3 162.7   8.1 -21.9
1875 528.647     15900 0   12   35    6   18 0.215  41.7 163.1   8.5  -8.3
1875 6 1.542     16000 2    3   80    3   79 0.864 102.0  60.6 -10.5 -59.3
1875 6 2.527     16000 2   45  275   33  202 0.733 103.7  60.5 -10.1 -46.3
1875 6 3.602     16000 2   97  828   58  496 0.550 109.9  60.8 -10.8 -31.8
1875 6 4.532     16000 2  133  884   72  478 0.379 119.6  60.7 -10.7 -19.6
1875 6 5.634     16000 2  189 1014   97  520 0.195 157.2  61.3 -10.1  -4.4
1875 6 6.000     16000 2  164 1003   84  514 0.231 219.0  61.4 -10.0   8.5
1875 6 7.000     16000 2  129  938   70  508 0.403 243.8  61.6  -9.8  21.5
1875 6 8.532     16000 2   93  818   57  502 0.584 252.4  61.8  -9.7  34.4
1875 6 9.000     16000 2   78  620   59  468 0.754 256.2  61.9  -9.9  48.0
1875 610.564     16000 2   56  407   60  433 0.884 258.1  62.0 -10.1  61.5
1875 611.560     16000 2   46  242   87  457 0.964 258.9  61.5 -10.4  74.2
1875 615.000         0 0    0    0    0    0 0.000   0.0   0.0   0.0   0.0
1875 616.516     16100 7   38  295   23  179 0.564  81.3 247.6   6.2 -34.1
1875 617.457     16100 7  161 1008   87  545 0.379  76.6 247.4   6.6 -21.8
1875 618.000     16100 7  207 1250  105  634 0.174  61.0 247.1   6.6  -8.8
1875 619.478     16100 7  242 1430  122  722 0.111 317.8 246.8   6.6   4.3
1875 620.644     16100 7  182  980   98  527 0.364 283.1 247.9   6.6  20.9
1875 621.678     16100 7   96  614   58  371 0.558 277.6 247.1   6.0  33.8
1875 621.678     16200 0    0   35    0   18 0.215 140.1 205.3  -7.4  -8.0
1875 621.678   2900100 0    0   28    0   22 0.764  69.2 164.9  17.2 -48.4
1875 622.497     16100 7  102  625   72  440 0.701 276.6 247.0   6.2  44.5
1875 622.497     16200 0   60  402   31  206 0.200 202.8 207.0  -8.4   4.5
1875 623.530     16100 7  108  350  103  333 0.852 275.4 247.3   5.8  58.5
1875 623.530     16200 0  197 1036  105  551 0.334 239.1 205.6  -7.6  16.8
1875 624.483     16100 7    5  107    7  157 0.940 275.3 246.4   5.8  70.2
1875 624.483     16200 0  313 1318  184  775 0.523 250.9 206.1  -7.7  29.9
1875 625.552     16200 7  257 1216  181  856 0.703 257.3 205.7  -7.0  43.7
1875 626.519     16200 7  132  884  123  826 0.845 259.0 206.2  -7.8  56.8
1875 627.531     16200 7   72  415  106  611 0.940 261.1 205.3  -7.4  69.4
1875 627.531     16300 0   16   95   28  170 0.960 102.9  63.1 -11.6 -72.8
1875 628.611     16300 0   20  163   20  163 0.869 104.1  62.5 -10.7 -59.1
1875 628.611     16400 0   10   53    5   28 0.310 295.6 138.1  10.5  16.5
1875 629.501     16300 0   24  148   18  111 0.749 107.3  63.1 -10.8 -46.7
1875 629.501     16400 0   18   89   10   51 0.479 285.0 137.8   9.8  28.0
1875 630.810     16300 0   24  195   16  130 0.661 109.6  62.7 -10.4 -39.3
1875 630.810     16400 0   41  117   25   72 0.579 283.9 136.9  10.6  34.9
1875 630.810   2900200 0    0   11    0   11 0.857  80.3  42.9   9.9 -59.1
1875 7 1.000     16300 0   34  211   19  116 0.454 119.7  62.9 -10.0 -23.6
1875 7 1.000     16400 0   25  123   22  106 0.781 282.1 137.7  11.5  51.2
1875 7 2.426     16300 0   41  197   21  102 0.261 149.1  63.2  -9.6  -7.8
1875 7 2.426     16400 7   14  107   18  139 0.923 281.9 138.5  12.3  67.5
1875 7 3.602     16300 0   29  179   15   93 0.260 210.1  63.1  -9.6   7.6
1875 7 4.000     16300 2   25  122   14   67 0.398 236.3  63.0  -9.4  19.6
1875 7 5.393     16300 2   22   66   13   40 0.560 247.6  62.9  -9.2  31.6
1875 7 6.429     16300 2   12   52    9   38 0.727 253.2  62.9  -9.5  44.9
1875 7 8.596     16410 2    0   31    0   27 0.822  74.2 294.3  15.2 -55.1
1875 7 9.595     16410 2   41  232   28  159 0.685  71.8 294.1  15.4 -42.4
1875 710.554     16410 2   61  245   36  144 0.519  66.5 293.9  15.6 -29.6
1875 711.000     16410 2   50  213   27  115 0.353  53.1 293.0  16.3 -17.1
1875 712.585     16410 2   33  166   17   86 0.230  19.1 292.1  16.9  -4.5
1875 713.644     16410 2   12  132    6   69 0.264 323.7 291.9  16.7   9.4
1875 714.640     16410 2    0   81    0   45 0.425 300.3 291.9  16.6  22.5
1875 717.598   2910100 4    0   54    0   30 0.417 295.5 253.2  14.8  22.9
1875 724.489     16500 0    0   20    0   12 0.568  58.9 107.5  21.7 -31.6
1875 725.445     16500 0    0   39    0   22 0.433  47.5 106.3  22.2 -20.2
1875 726.519     16600 7   14  127   19  172 0.927  83.7  43.8   7.9 -68.5
1875 727.583     16600 7    0  114    0   95 0.799  84.4  44.8   7.9 -53.4
1875 728.450     16600 7   48  255   32  171 0.666  83.2  44.7   8.8 -42.0
1875 729.472     16600 7   54  364   31  209 0.495  84.0  43.4   8.0 -29.8
1875 730.594     16600 7   50  324   26  167 0.219  77.8  45.9   8.4 -12.5
1875 731.509     16600 7   40  310   20  156 0.064 329.2  48.2   9.1   1.9
1875 8 1.000     16600 7   93  619   49  323 0.272 280.7  49.0   8.7  15.7
1875 8 2.472     16600 8  133  848   77  490 0.488 275.9  49.7   8.2  29.4
1875 8 3.501     16600 8   93  394   65  269 0.677 275.1  49.6   8.0  42.9
1875 8 4.000     16600 8   56  259   51  235 0.829 275.7  50.0   8.2  56.4
1875 8 5.492     16600 8   32  140   37  200 0.935 276.6  50.3   8.4  69.9
1875 820.715     16700 0    0   50    0  102 0.970  82.0  62.3   9.4 -76.8
1875 821.461     16700 0   17   91   22  115 0.917  83.7  62.1   8.5 -67.2
1875 821.461     16800 0   19  126   59  382 0.986  84.2  48.3   6.9 -81.0
1875 822.639     16700 0   33  103   26   82 0.780  85.1  62.0   8.2 -51.7
1875 822.639     16800 0   40  240   50  300 0.917  86.2  46.7   6.3 -67.0
1875 823.505     16700 0   20   77   13   50 0.639  85.4  62.2   8.4 -40.1
1875 823.505     16800 0   72  293   62  253 0.817  86.7  47.1   6.8 -55.2
1875 824.682     16700 0    0   58    0   32 0.409  83.6  62.4   9.1 -24.3
1875 824.682     16800 0   28  248   18  161 0.634  86.8  47.0   7.5 -39.7
1875 825.755     16700 0    0   55    0   28 0.173  79.1  62.6   8.9  -9.9
1875 825.755     16800 0   36  233   20  129 0.421  87.8  47.4   7.4 -25.1
1875 826.642     16700 0    0   38    0   19 0.045 316.3  62.6   9.0   1.8
1875 826.642     16800 0   35  167   18   86 0.227  88.5  47.6   7.3 -13.2
1875 827.537     16700 0    0   44    0   23 0.240 279.0  62.9   9.1  13.9
1875 827.537     16800 0   54  256   27  128 0.023 101.5  47.7   6.9  -1.3
1875 828.640     16700 0    0   23    0   13 0.471 275.5  62.7   8.9  28.3
1875 828.640     16800 0   39  177   20   91 0.235 272.2  48.1   7.5  13.7
1875 829.480     16800 0   60  233   33  128 0.408 271.8  47.6   7.3  24.3
1875 830.438     16800 0   37  197   23  123 0.603 273.9  48.1   8.1  37.4
1875 830.438   2920100 0    0   11    0   14 0.919 104.5 306.0 -10.3 -64.7
1875 831.440     16800 0   15   97   12   75 0.764 274.3  47.7   7.9  50.3
1875 9 9.414     17000 2    0   28    0   17 0.564 135.8 214.6 -17.3 -24.3
1875 910.000     17000 2    0   45    0   25 0.430 160.6 215.5 -16.8  -8.6
1875 911.670     17000 2    0   59    0   33 0.414 196.9 216.3 -16.2   7.2
1875 914.490     17100 7   20   92   38  173 0.964  76.6  96.0  14.8 -75.9
1875 915.478     17100 7    5   77    5   76 0.864  76.5  98.3  15.2 -60.5
1875 915.478   2930100 2    0   21    0   11 0.293  92.8 141.7   6.0 -17.1
1875 916.426     17100 7    0   58    0   43 0.737  76.0  98.5  15.1 -47.8
1875 927.546     17300 1   26  158   18  111 0.700 109.3 317.7  -8.4 -41.9
1875 928.722     17300 1   42  366   24  213 0.514 118.2 316.8  -8.1 -27.2
1875 929.467     17300 1   47  292   25  157 0.357 134.6 319.3  -8.1 -14.9
1875 929.467     17400 0    0   46    0   28 0.568 230.7   1.3 -15.2  27.1
1875 930.471     17300 1   62  232   32  120 0.252 170.9 318.7  -7.8  -2.3
1875 930.471     17400 0    0   19    0   14 0.742 241.7   3.8 -15.8  42.8
187510 1.650     17300 1    0  148    0   77 0.261 198.9 318.1  -7.8   4.9
187510 2.423     17300 1    0   95    0   53 0.441 238.6 317.5  -7.3  22.3
187510 2.423     17400 0    0   12    0   20 0.953 252.1   4.9 -14.9  69.7
187510 2.423     17500 2   52  319   27  166 0.266 197.8 299.9  -8.2   4.7
187510 3.000     17500 2   41  282   23  155 0.417 233.5 299.9  -8.3  19.8
187510 4.715     17500 2   30  226   19  143 0.611 247.5 299.8  -8.3  34.8
187510 5.566     17500 2   36  112   27   85 0.751 254.9 300.7  -7.0  46.9
187510 5.566     17600 2    0   21    0   16 0.746 285.3 302.1  15.6  48.3
187510 5.566     17700 7    0   50    0   27 0.374 287.6 275.2  12.4  21.4
187510 6.423     17500 2   14   74   14   73 0.859 257.5 300.3  -7.4  57.8
187510 6.423     17600 2    0   11    0   11 0.858 284.1 302.1  15.3  59.6
187510 6.423     17700 7    0   20    0   12 0.577 281.3 277.8  11.6  35.3
187510 7.439     17500 2    0   13    0   20 0.949 259.9 299.6  -7.6  70.5
187510 7.439     17700 7   47  170   34  122 0.718 281.3 275.2  12.4  46.1
187510 8.705     17700 7    0   50    0   58 0.903 279.5 277.5  11.2  65.2
187510 9.415     17700 7    0   11    0   20 0.962 280.4 278.1  11.6  75.1
187510 9.415     17800 2    0   23    0   12 0.235 244.0 215.2   0.0  12.2
18751010.457     17800 0   11   57    6   32 0.435 258.9 214.5   0.6  25.3
18751018.213   2940100 4    0   37    0   39 0.879 253.7 146.5 -11.6  59.5
18751021.402   2940200 0    0   43    0   22 0.164  49.4  37.6  11.2  -7.3
18751025.476     18000 0   75  419   90  505 0.910  80.3 285.3  10.8 -65.9
18751026.415     18000 0   61  376   52  319 0.806  79.8 284.9  11.0 -53.9
18751027.112     18000 0   89  592   62  414 0.701  79.8 285.0  10.4 -44.5
18751027.112     18010 0    8   29    5   18 0.582 287.5   4.4  13.8  34.9
18751028.660     18000 0   97  563   58  335 0.539  77.1 284.7  10.7 -32.3
18751028.660     18010 1   12   61    9   46 0.747 285.1   5.1  14.2  48.1
18751029.420     18000 0   85  831   45  442 0.342  68.9 285.1  11.2 -19.0
18751029.420     18010 0    0   32    0   33 0.880 283.8   5.9  14.2  61.8
18751030.000     18000 0  103  842   52  424 0.134  23.3 285.0  11.3  -3.1
18751031.000     18000 0  113  780   59  405 0.253 300.9 285.0  11.5  12.8
187511 1.665     18000 0  113  672   65  386 0.489 286.6 284.9  11.6  28.6
187511 2.386     18000 0  130  479   83  305 0.619 282.3 284.8  10.7  38.0
187511 3.753     18000 0   57  388   50  343 0.825 280.6 284.5  10.9  55.7
187511 4.000         0 0    0    0    0    0 0.000   0.0   0.0   0.0   0.0
18751115.415   2950100 0    0    7    0    9 0.922 287.5 142.0  17.1  66.9
18751118.410     18200 4   76  307   49  197 0.626 105.0 358.0  -7.7 -37.6
18751119.401     18200 4   57  325   32  182 0.444 110.6 357.7  -7.2 -24.8
18751119.401     18300 7   10   51    7   36 0.704  76.7 338.3  10.7 -44.2
18751120.539     18200 4  104  391   53  201 0.209 137.3 359.3  -7.0  -8.2
18751120.539     18300 7   23  110   13   63 0.483  71.6 339.7  10.4 -27.8
18751120.539     18400 3   21   93   23  101 0.889 100.2 305.4  -8.2 -62.1
18751120.539     18500 0    0   21    0   81 0.992  78.5 284.7  11.6 -82.8
18751121.000     18200 4   90  362   46  184 0.169 207.5 359.5  -6.9   4.5
18751121.000     18300 7   17   78    9   41 0.305  58.9 339.7  10.7 -15.4
18751121.000     18400 3   55  238   43  184 0.764 102.1 306.1  -8.1 -49.0
18751121.000     18500 0    7   48   10   69 0.938  78.2 285.5  11.7 -69.6
18751122.429     18200 4   72  312   38  166 0.325 243.9 359.7  -6.7  17.1
18751122.429     18300 7   10   35    5   18 0.169  17.1 339.7  10.9  -2.9
18751122.429     18400 3  101  427   63  267 0.602 105.4 306.7  -7.9 -35.9
18751122.429     18500 0   21   61   19   56 0.837  76.9 286.2  11.8 -56.4
18751123.498     18200 4   57  226   34  136 0.552 255.1   1.0  -6.9  32.5
18751123.498     18300 7    0   19    0   10 0.266 304.4 341.4  10.1  12.9
18751123.498     18400 3  116  496   63  269 0.376 115.7 308.5  -8.0 -20.0
18751123.498     18500 0   16   91   11   62 0.684  74.7 286.2  11.5 -42.3
18751124.000     18200 4   43  193   32  143 0.746 260.5   2.6  -6.2  47.7
18751124.000     18400 8  101  497   52  254 0.188 146.6 308.9  -7.7  -6.0
18751124.000     18500 0   22   87   13   51 0.503  69.4 286.2  11.4 -28.7
18751125.572     18200 4   26  134   29  149 0.892 263.3   4.1  -5.4  62.9
18751125.572     18310 8    0   40    0   21 0.267 333.4 308.3  15.0   7.1
18751125.572     18400 8   78  465   40  239 0.202 223.0 309.2  -7.3   8.0
18751125.572     18500 0   29   76   15   40 0.310  55.5 286.1  11.3 -15.1
18751126.820     18200 4    9   86   13  125 0.938 264.4   4.0  -4.9  69.6
18751126.820     18310 8    0   15    0    8 0.321 316.4 307.6  14.5  13.2
18751126.820     18400 8   50  304   26  159 0.291 240.5 309.2  -7.2  14.8
18751126.820     18500 0    8   74    4   38 0.230  39.6 285.8  11.3  -8.6
18751127.770     18200 4    0   42    0  134 0.989 265.1   2.5  -4.7  81.2
18751127.770     18400 8   40  325   23  188 0.496 254.8 310.1  -6.6  28.8
18751127.770     18500 0    0   16    0    8 0.199 338.3 285.6  11.6   4.3
18751128.000     18400 8   38  290   29  219 0.681 259.8 310.4  -6.3  42.4
18751129.960     18400 8   39  276   35  249 0.831 262.3 310.7  -6.0  55.9
18751130.108     18400 8   25  168   35  234 0.933 263.6 310.2  -5.8  68.8
18751214.449   2960100 0    0   21    0   11 0.315 341.4  58.4  16.2   6.0
18751214.449   2960200 0    0   14    0   10 0.698  97.4   8.3  -6.0 -44.1
18751215.740     18900 0   13  114   39  345 0.986 102.9 323.7 -12.9 -80.5
18751216.710     18900 0   30  287   41  388 0.929 103.1 323.0 -12.7 -68.1
18751217.497     18800 4   42  134   22   70 0.275 110.7 357.3  -7.1 -15.0
18751217.497     18900 0   69  465   54  366 0.771 103.5 322.4 -11.4 -49.9
18751218.260     18800 4   32  207   16  105 0.143 128.4 358.9  -6.8  -6.5
18751218.260     18900 0   52  467   36  322 0.689 106.2 322.8 -12.3 -42.6
18751219.000     18800 4   15  170    8   88 0.153 236.9 359.0  -6.6   7.4
18751219.000     18900 0   47  363   26  200 0.502 110.6 322.9 -11.8 -28.7
18751220.108     18800 4    0  131    0   71 0.368 257.7 359.0  -6.3  21.2
18751220.108     18900 0   31  340   16  178 0.299 123.1 323.0 -11.3 -14.8
18751221.810     18800 4    0   38    0   23 0.573 262.5 359.8  -6.0  34.8
18751221.810     18900 0   49  341   25  174 0.164 163.6 322.3 -11.1  -2.7
18751222.630     18800 4    0   17    0   12 0.716 263.6 357.8  -6.1  45.7
18751222.630     18900 0   56  297   29  154 0.242 231.5 323.2 -10.8  11.1
18751223.550     18800 4    0   22    0   27 0.914 264.1 358.6  -6.3  66.1
18751223.550     18900 0   52  277   30  161 0.509 253.8 322.3 -10.2  29.8
18751224.540     18900 0   26  119   18   84 0.702 257.4 323.7 -10.6  44.2
18751230.870   2960300 0    3   34    3   33 0.853 262.9 265.2  -7.7  58.7
