1878 123.584     26600 2   87  239   46  126 0.289 322.1 325.9   7.7  10.3
1878 124.000     26600 2   63  211   36  119 0.433 301.4 327.6   7.8  21.9
1878 125.870     26600 2   43  180   27  112 0.589 291.9 329.3   7.9  33.5
1878 126.830     26600 2    0  136    0  104 0.755 285.1 330.0   7.4  47.3
1878 2 3.210     26700 4   24  182   16  116 0.390  94.5 152.5  -7.6 -23.1
1878 2 4.000     26700 4   17  141    9   71 0.177  97.2 152.5  -7.6 -10.2
1878 2 5.179     26700 4    6   54    3   27 0.051 247.2 152.5  -7.6   2.7
1878 2 5.179     26800 4   30  177   15   92 0.275 100.5 133.9  -9.1 -15.9
1878 2 6.000     26700 4    3   43    2   23 0.299 265.4 152.5  -7.6  17.5
1878 2 6.000     26800 4   19  135   10   68 0.049 157.0 133.9  -9.1  -1.1
1878 2 7.000     26700 4    1   31    1   19 0.531 266.2 152.5  -7.6  32.3
1878 2 7.000     26800 4    9   85    5   44 0.237 258.6 133.9  -9.1  13.6
1878 2 8.545     26700 0    0   21    0   15 0.727 265.8 152.5  -7.6  47.0
1878 2 8.545     26800 0    0   28    0   21 0.473 263.1 133.9  -9.1  28.4
1878 226.150   3260100 0    0    7    0    4 0.426 281.5 258.3  -1.7  24.7
1878 227.236   3260200 0    0    7    0    8 0.908  98.5 153.2 -10.7 -66.1
1878 3 4.521     26900 4   58  235   30  121 0.196   6.1 148.5   4.0  -1.2
1878 3 4.521     27000 0    4   22    4   21 0.841  84.7  92.8   0.5 -56.9
1878 3 5.445     26900 4   28  117   15   61 0.270 316.1 148.3   4.1  10.8
1878 3 5.445     27000 0    0    8    0    6 0.707  81.7  93.1   0.7 -44.4
1878 3 6.129     26900 4    0   32    0   18 0.422 295.1 151.1   3.6  22.5
1878 3 6.129     27000 0    3   18    2   11 0.587  78.5  93.5   0.8 -35.1
1878 311.306     27100 1    3   28    2   18 0.619  70.9  24.3   5.9 -36.0
1878 312.491     27100 1   69  308   37  168 0.386  51.1  27.1   7.2 -17.6
1878 313.303     27100 1   43  369   22  192 0.266  22.9  28.0   7.1  -6.0
1878 314.489     27100 1   51  252   27  133 0.313 322.0  29.5   7.3  11.2
1878 315.286     27100 1   91  514   51  287 0.434 305.0  28.8   7.8  21.0
1878 316.157     27100 1   50  347   31  214 0.577 294.6  28.3   7.9  32.0
1878 317.000     27100 1   28  178   24  150 0.761 286.7  30.0   7.9  47.4
1878 318.234     27100 1   20  106   16   86 0.901 282.2  31.6   7.8  62.7
1878 4 5.181   3270100 0    0   18    0   13 0.727  83.4  46.0   0.6 -46.2
1878 527.536     27200 2   69  288   66  281 0.858  80.2  61.6   7.9 -58.6
1878 528.128     27200 2   54  442   45  351 0.775  78.8  62.2   8.2 -50.2
1878 529.137     27200 2  100  636   63  402 0.605  75.6  62.7   8.1 -36.3
1878 530.116     27200 2   83  492   46  272 0.412  69.3  63.2   7.9 -22.9
1878 531.420     27200 2  120  541   61  277 0.192  31.4  63.1   9.0  -5.8
1878 531.420     27300 0    0   11    0   13 0.910  85.0   3.5   4.4 -65.4
1878 6 1.880     27200 2  105  476   54  242 0.168 339.6  63.5   8.8   3.4
1878 6 1.880     27300 0    0   13    0   12 0.832  83.9   4.0   4.9 -56.1
1878 6 2.280     27200 2   39  320   21  173 0.371 295.1  64.2   8.9  19.9
1878 6 2.280     27300 0    3   18    2   12 0.635  82.5   5.1   4.6 -39.2
1878 6 3.285     27200 2   40  143   25   87 0.573 285.9  64.8   9.0  33.9
1878 6 3.285     27300 0    5   14    3    8 0.442  79.0   5.1   4.8 -25.8
1878 6 4.436     27200 0   12   67    9   52 0.761 281.3  64.7   8.6  49.0
1878 6 5.890     27200 0    0   10    0    9 0.849 279.0  64.9   7.7  57.8
1878 6 6.505     27200 0    0   12    0   27 0.977 279.9  65.9   9.7  77.6
1878 610.451   3300100 2    0   19    0   14 0.745 260.3 343.8  -6.7  47.7
1878 626.516     27500 2   17   80   12   56 0.689 287.3 126.1  13.8  42.6
1878 627.501     27500 2   41  188   36  167 0.825 284.6 125.6  13.6  55.2
1878 628.502     27500 3   39  194   54  277 0.937 283.4 126.9  13.6  69.7
1878 629.508     27500 3    3   38    8   94 0.980 283.0 122.6  13.3  78.8
1878 726.406   3310100 0    5   18    3   11 0.588 288.5  83.2  15.3  35.3
1878 9 2.552     27700 0   11   64   24  141 0.975  87.8 186.3   3.7 -77.4
1878 9 3.532     27700 0   27  119   30  134 0.897  89.5 186.8   3.6 -64.0
1878 9 4.405     27700 0   38  201   31  165 0.787  90.3 187.2   4.2 -52.1
1878 9 5.185     27700 0   37  233   25  154 0.665  92.0 187.2   4.1 -41.8
1878 9 6.543     27700 0   71  259   39  142 0.405  96.8 187.2   3.9 -23.8
1878 9 7.393     27700 0   64  287   33  148 0.217 103.9 187.6   4.1 -12.2
1878 9 8.281     27700 0   70  354   35  178 0.060 180.0 188.1   3.8   0.0
1878 9 9.560     27700 0   52  265   27  139 0.297 258.0 188.1   3.4  16.9
1878 910.561     27700 0   55  249   32  145 0.509 265.6 188.6   4.0  30.6
1878 911.499     27700 0   44  210   31  145 0.686 268.2 189.0   4.0  43.4
1878 912.399     27700 0   36  144   32  126 0.822 270.1 189.2   4.2  55.5
1878 913.500     27700 0   18   64   28  100 0.943 271.8 190.0   4.1  70.9
18781029.305     27800 0    8   66   13  103 0.947  80.6 163.1  10.3 -71.7
18781030.182     27800 0   13   94   13   91 0.863  80.2 163.4  10.6 -59.9
18781031.204     27800 0   24  146   17  105 0.718  79.3 163.9  10.6 -45.9
187811 1.495     27800 0   33  158   19   91 0.498  75.7 163.4  10.6 -29.4
187811 2.283     27800 0   26  149   14   79 0.343  69.6 163.3  10.6 -19.1
187811 3.304     27800 0   26  140   13   71 0.153  41.5 163.0  10.4  -5.9
187811 4.214     27800 0   18  128    9   65 0.153 314.9 163.2   9.9   6.3
187811 5.547     27800 0   31  130   17   71 0.410 286.7 162.8  10.1  23.5
187811 6.319     27800 0   21  109   13   66 0.562 283.2 163.0  10.3  33.8
187811 7.508     27800 0   26   91   20   71 0.768 280.8 163.6  10.5  50.1
187811 8.300     27800 0   16   69   16   69 0.867 280.3 163.3  10.6  60.2
187811 9.182     27800 0    7   23   11   37 0.950 279.9 163.3  10.4  72.0
18781120.290     27810 0    3   20    8   50 0.981  86.1 226.1   4.2 -78.9
18781121.328     27810 0    2   16    2   19 0.904  86.5 226.5   3.9 -64.8
18781122.214     27810 0    0   23    0   19 0.797  85.8 226.7   4.3 -52.9
18781219.439     27820 0    5   28    7   36 0.922 268.9 348.1  -1.7  67.3
18781220.168     27820 0    4   11    9   26 0.975 269.0 348.4  -1.4  77.1
