1879 130.304     27830 7    6   43    4   29 0.676 241.2 129.9 -23.7  40.3
1879 131.290     27830 0    0    8    0    7 0.815 245.0 130.5 -23.9  53.9
1879 415.594     27900 4   64  320   36  182 0.469 126.5 153.4 -21.1 -23.8
1879 416.870     27900 4   58  413   32  227 0.404 132.4 152.0 -20.8 -18.6
1879 417.595     27900 2   64  276   33  144 0.272 187.6 153.0 -20.8   2.2
1879 418.453     27900 2   62  315   33  169 0.352 220.0 153.4 -20.6  14.0
1879 418.453   3410100 0    0    8    0    9 0.892 117.1  77.1 -26.4 -62.4
1879 419.540     27900 0   46  215   27  128 0.537 239.0 154.5 -20.4  29.4
1879 420.620     27900 0   36  204   23  130 0.620 243.1 154.3 -20.3  36.1
1879 421.128     27900 0   29  176   23  140 0.779 247.2 154.3 -20.7  50.1
1879 422.580     27900 0   29  166   31  178 0.887 249.1 154.2 -20.7  62.3
1879 423.980     27900 0    0  104    0  207 0.968 249.5 154.3 -21.0  76.2
1879 5 9.830     28100 1    0  111    0   84 0.748  67.7 181.2  14.4 -45.6
1879 510.425     28100 1   25   80   15   48 0.545  58.1 180.6  14.2 -28.5
1879 511.000     28100 1   18   59   10   32 0.368  39.3 181.2  13.9 -13.9
1879 512.504     28100 1    7   30    4   16 0.279 359.0 181.9  13.6   0.3
1879 627.404     28200 1   55  142   40  105 0.739 130.1 255.1 -26.3 -39.1
1879 628.526     28200 1   65  232   41  143 0.585 145.0 257.4 -25.9 -21.9
1879 629.000     28200 1   63  277   37  161 0.508 164.3 257.6 -26.3  -8.8
1879 630.483     28200 1   56  309   33  179 0.502 187.7 257.7 -26.7   4.3
1879 7 1.122     28200 1   61  454   36  268 0.529 199.7 256.4 -26.7  11.5
1879 7 1.122     28300 0    0   10    0   20 0.967  61.8 170.0  28.1 -74.9
1879 7 2.438     28200 1   41  194   28  133 0.690 224.8 260.4 -26.5  32.9
1879 7 2.438     28300 0    3   10    3   10 0.867  59.8 169.7  27.7 -57.8
1879 7 3.870     28200 1   39  216   31  165 0.758 229.6 259.3 -26.8  40.3
1879 7 3.870     28300 0   10   30    8   25 0.796  57.1 169.9  27.9 -49.1
1879 7 4.496     28200 0   17   75   20   90 0.912 239.0 261.0 -26.3  60.7
1879 7 4.496     28300 0    0   19    0   12 0.614  47.8 169.5  27.4 -30.8
1879 7 5.439     28200 0    4   34    8   74 0.973 241.7 261.0 -26.5  73.2
1879 7 5.439     28300 0    2   17    1   10 0.490  34.8 169.5  27.2 -18.3
1879 711.489     28310 0   31  178   16   95 0.295  85.2  90.5   5.5 -17.2
1879 712.420     28310 0   45  410   22  206 0.089  76.9  90.5   5.5  -5.0
1879 713.000     28310 0   33  321   17  163 0.145 277.5  90.5   5.5   8.3
1879 714.417     28310 0   24  227   13  121 0.365 273.5  90.5   5.5  21.5
1879 715.122     28310 0   40  222   23  129 0.510 272.9  90.5   5.5  30.8
1879 716.423     28310 0    8   97    6   72 0.741 273.1  90.5   5.5  48.0
1879 811.420     28400 0    0   18    0   14 0.723 238.2  98.8 -17.4  40.1
1879 811.420     28500 0    8   79    6   55 0.576 277.6  94.1   9.8  35.4
1879 812.507     28400 0   19   59   19   57 0.857 245.1  98.8 -17.4  54.5
1879 812.507     28500 7   62  163   48  127 0.759 277.2  94.1   9.8  49.8
1879 813.430     28400 0    9   20   13   29 0.942 248.8  98.9 -17.4  66.9
1879 813.430     28500 7   50  132   52  138 0.879 278.0  94.2  10.2  62.2
1879 814.000         0 0    0    0    0    0 0.000   0.0   0.0   0.0   0.0
1879 828.920     28600 1   53  224   47  198 0.825  59.1 144.0  29.4 -54.3
1879 828.920   3460100 0    0   49    0   52 0.881 282.2 260.9  14.1  62.6
1879 829.000     28600 1   62  287   41  189 0.674  54.7 143.6  28.6 -38.8
1879 830.501     28600 1   61  308   35  173 0.503  44.1 143.2  27.8 -23.3
1879 831.208     28600 1   24  224   13  124 0.420  31.0 143.0  28.1 -14.2
1879 9 1.512     28600 1   74  313   40  169 0.364 353.0 142.8  28.4   2.9
1879 9 2.512     28600 1   54  277   30  155 0.436 326.9 142.4  28.4  15.7
1879 9 3.464     28600 1   51  289   31  174 0.552 312.6 141.6  28.4  27.5
1879 9 4.407     28600 1   50  245   34  168 0.684 304.7 141.5  28.6  39.8
1879 9 5.218     28600 1   24  115   19   90 0.789 300.8 141.5  28.6  50.5
1879 9 6.000     28600 1   18   91   24  119 0.894 298.4 141.5  28.6  63.5
1879 9 7.190     28600 1   18   96   28  148 0.965 297.7 141.5  28.6  76.5
1879 924.438     28700 0   17   73   23   96 0.926  61.1 128.9  29.3 -68.3
1879 925.576     28700 0   17   54   15   48 0.821  58.6 128.6  29.5 -53.6
1879 926.555     28700 0   29   66   20   47 0.704  53.9 128.4  29.7 -40.9
1879 927.504     28700 0   13   38    8   24 0.585  46.4 127.6  29.7 -29.2
187910 2.581     28800 4   28   85   18   56 0.639 220.3 116.6 -23.4  26.8
187910 3.406     28800 4   28  103   21   77 0.739 230.7 117.3 -22.9  38.4
187910 7.481     28900 4    6   34   14   72 0.972  74.0 307.5  17.0 -77.6
187910 8.116     28900 4    0   51    0   64 0.919  73.8 309.2  17.3 -67.6
187910 9.000     28900 4   27  117   22   94 0.806  72.3 306.6  17.8 -53.8
18791010.597     28900 4   63  188   43  124 0.654  68.8 304.0  18.3 -40.0
18791011.549     28900 4    0  161    0   92 0.493  62.8 304.0  18.3 -27.5
18791012.000     28900 4    0  123    0   65 0.327  47.9 304.0  18.3 -14.8
18791013.000     28900 4    1   76    1   39 0.220   9.1 304.0  18.3  -2.1
18791014.443     28900 4    2   24    1   12 0.281 321.5 304.0  18.3  10.6
18791014.443     29000 3    6   77    6   79 0.875  64.2 232.8  25.3 -60.6
18791015.552     29000 3   14   66   11   50 0.742  60.7 232.8  25.3 -45.7
18791016.522     29100 2    0   34    0   19 0.469 170.5 261.1 -22.0  -4.8
18791017.189     29100 2    0   34    0   20 0.473 189.0 261.8 -22.4   4.6
18791018.512     29100 1  163  666  102  412 0.588 217.6 262.5 -22.8  22.9
18791019.206     29100 1   70  609   47  410 0.672 227.1 262.8 -22.8  32.3
18791020.433     29100 1  126  519  114  464 0.821 237.5 263.0 -22.8  48.7
18791021.483     29100 1   48  266   71  377 0.935 242.8 265.3 -23.2  64.8
187911 7.533     29200 7   32   92   18   53 0.496 343.4 345.2  31.7   9.6
187911 7.533     29400 8   11   42    7   37 0.825  60.0 282.7  26.4 -52.9
187911 7.533     29500 4   56  293   81  435 0.941 115.6 268.6 -22.7 -67.0
187911 7.533   3490100 0    0   12    0    7 0.517  60.6 307.4  17.7 -28.2
187911 8.182     29200 7   11   69    6   42 0.547 330.9 345.2  31.7  18.2
187911 8.182     29400 8    0   26    0   19 0.746  56.9 282.7  26.4 -44.3
187911 8.182     29500 4   63  402   71  440 0.891 117.5 268.1 -22.6 -58.9
187911 9.206     29200 7    0   54    0   36 0.659 317.3 345.2  31.7  31.7
187911 9.206     29500 4   58  416   47  335 0.783 122.1 267.6 -22.4 -45.9
18791110.205     29200 7    0   19    0   15 0.776 309.4 345.2  31.7  44.8
18791110.205     29500 4   62  467   42  304 0.659 129.6 267.1 -22.3 -33.3
18791111.205     29200 7    0   78    0   86 0.879 304.8 345.2  31.7  58.0
18791111.205     29500 4   49  490   28  279 0.531 142.3 266.7 -22.1 -20.5
18791112.571     29500 4  152  487   85  270 0.422 173.4 266.2 -22.0  -3.0
18791113.488     29500 4   90  389   51  218 0.443 202.5 267.6 -21.5  10.5
18791114.475     29500 4   44  261   26  157 0.551 221.5 267.3 -22.0  23.2
18791115.503     29500 4   27  163   19  111 0.680 233.5 266.6 -21.9  36.1
18791116.208     29500 4   17   78   14   62 0.771 238.7 266.6 -22.0  45.3
18791117.163     29500 4   16   66   17   72 0.879 243.3 266.5 -22.1  57.9
18791118.454     29500 4    0   12    0   25 0.974 246.5 266.5 -22.3  74.8
18791125.554     29600 0    3   15    5   23 0.949 103.3  27.1 -12.2 -70.9
18791126.000         0 0    0    0    0    0 0.000   0.0   0.0   0.0   0.0
18791127.000     29600 0   11   31    9   24 0.757 108.0  24.0 -12.9 -47.6
18791128.547     29600 0   17   39   11   25 0.622 112.9  22.5 -13.3 -36.1
18791128.547     29800 2    4   25    5   30 0.907 113.5 355.7 -20.8 -62.9
18791128.547   3490200 0    0   10    0   10 0.849 305.8 111.5  30.3  52.9
18791129.174     29600 0    0   26    0   15 0.514 118.0  22.5 -13.3 -27.8
18791129.174     29800 2    0   78    0   70 0.835 115.6 356.7 -20.7 -53.6
18791130.000     29800 2    7   91    5   60 0.692 121.3 357.7 -20.6 -39.2
187912 1.222     29800 2   16   81    9   49 0.531 132.3 358.6 -20.5 -24.8
187912 1.222     29900 0    0   19    0   15 0.639 127.1 350.0 -22.3 -33.4
187912 2.555     29800 0   37  163   20   88 0.368 164.0 359.6 -20.4  -6.2
187912 2.555     29900 0    5   32    3   18 0.460 146.8 350.0 -22.3 -15.8
187912 3.537     29800 0   19  102   10   55 0.373 199.2   0.3 -20.4   7.5
187912 3.537     29900 0    0   18    0   10 0.386 172.8 349.8 -22.3  -3.0
187912 4.467     29800 0    4   20    2   12 0.478 221.8   0.5 -20.8  19.9
18791216.516     30000 4   11   33    9   27 0.788 113.1 131.8 -18.9 -50.0
18791217.389     30000 4   47  242   31  161 0.650 118.8 133.1 -19.5 -37.2
18791218.259     30000 4   50  258   29  152 0.520 127.3 132.8 -19.9 -26.1
18791219.407     30000 4   60  270   32  145 0.358 148.3 132.3 -19.5 -11.5
18791220.171     30000 4   36  294   19  155 0.302 176.6 132.6 -19.5  -1.1
18791221.191     30000 4   48  297   26  160 0.366 215.4 133.3 -19.4  13.0
