1880 1 3.476     30100 0   25   79   33  107 0.929  66.6 240.0  20.2 -65.3
1880 1 4.208     30100 0   27  116   26  110 0.851  64.0 241.3  19.8 -54.4
1880 1 4.208     30110 0    6   45    9   63 0.933 108.8 226.6 -18.8 -68.9
1880 1 5.232     30100 0   74  340   55  252 0.737  59.0 240.0  19.5 -42.1
1880 1 5.232     30110 0   32  122   28  108 0.823 110.4 227.5 -18.9 -54.6
1880 1 5.232     30120 4    7   44    4   27 0.571  51.9 254.0  17.3 -28.1
1880 1 6.324     30100 0   59  392   37  243 0.585  48.0 240.2  19.6 -27.5
1880 1 6.324     30110 0   21   96   14   63 0.642 113.0 229.4 -17.6 -38.3
1880 1 6.324     30120 4   11   56    6   31 0.419  30.5 254.8  17.4 -12.9
1880 1 7.183     30100 0   98  635   56  366 0.480  35.1 239.4  19.3 -17.0
1880 1 7.183     30110 0   23  116   13   66 0.478 120.0 230.7 -17.4 -25.7
1880 1 7.183     30120 4    7   85    4   46 0.365   3.1 255.2  17.4  -1.2
1880 1 8.000     30100 0  115  651   63  355 0.403   9.9 240.1  19.3  -4.2
1880 1 9.109     30100 0  125  613   70  343 0.426 338.3 240.7  19.2   9.6
1880 1 9.109     30300 3    0   74    0   78 0.879  45.5 180.8  35.4 -50.3
1880 110.285     30100 0  111  612   68  373 0.568 313.1 241.5  19.0  26.0
1880 110.285     30300 3   28  143   23  119 0.798  38.7 177.9  35.1 -37.6
1880 110.285   3510100 0    0   14    0    8 0.487 225.9 238.0 -23.8  22.5
1880 111.269     30100 0   92  459   65  323 0.704 302.9 241.3  19.1  38.7
1880 111.269     30300 3   17  144   12  105 0.729  30.0 175.9  35.2 -26.5
1880 112.475     30100 0   59  318   57  307 0.857 295.4 241.8  19.0  55.0
1880 112.475     30200 3   55  126   37   86 0.674 249.3 228.1 -17.2  41.3
1880 112.475     30300 3   33  116   23   77 0.656  13.1 176.3  35.3 -10.5
1880 112.475   3510200 2    0    9    0   12 0.937 108.3 116.8 -18.7 -70.0
1880 113.307     30100 0   42  254   59  353 0.932 292.5 241.5  19.1  65.7
1880 113.307     30200 3   31  178   26  146 0.794 251.8 228.0 -17.2  52.2
1880 113.307     30300 2    0  114    0   74 0.639 359.4 176.3  35.1   0.5
1880 114.285     30100 0   19   93   58  291 0.987 290.7 241.4  19.6  78.5
1880 114.285     30200 3  102  506  119  592 0.904 254.1 227.9 -16.4  65.0
1880 114.285     30300 2   10   64    7   43 0.661 345.6 174.5  35.2  11.6
1880 114.285     30500 1   16  134    8   70 0.271 238.5 176.6 -12.7  13.7
1880 114.285     30510 0    0   27    0   14 0.183 269.6 173.5  -4.7  10.6
1880 115.207     30200 3   40  208   86  444 0.973 255.2 228.2 -15.5  77.4
1880 115.207     30300 0    0   27    0   19 0.699 335.8 171.3  35.1  20.5
1880 115.207     30500 1  120  531   67  297 0.435 249.1 175.5 -13.3  24.7
1880 115.207     30510 0    0   26    0   14 0.351 268.9 171.4  -4.9  20.6
1880 116.284     30500 1  195  842  126  549 0.645 255.1 176.4 -13.3  39.8
1880 116.284     30600 4    8   58    4   31 0.334 191.0 140.6 -24.0   4.0
1880 117.498     30500 1  103  478   89  412 0.814 257.8 175.3 -12.8  54.7
1880 117.498     30600 4   18   61   10   35 0.467 224.8 141.7 -24.0  21.1
1880 118.000     30500 1   44  193   56  243 0.911 257.9 173.9 -13.1  66.1
1880 118.000     30600 4   26   89   17   58 0.636 237.2 143.7 -24.3  35.9
1880 119.445     30500 1   11   34   24   74 0.973 257.3 172.5 -13.5  77.5
1880 119.445     30600 4   30  100   24   82 0.792 242.6 145.7 -24.7  50.7
1880 120.172     30600 4   10   81   10   82 0.867 243.5 144.7 -25.5  59.3
1880 121.218     30600 4    0   26    0   59 0.975 247.6 150.0 -23.0  78.3
1880 124.284   3510300 0    0    7    0    5 0.759 299.2  75.4  17.8  44.1
1880 126.451   3510400 2    0   20    0   14 0.710  57.7 323.7  17.9 -39.1
1880 130.544     30800 1   43  188  104  448 0.979  68.7 233.8  19.4 -75.1
1880 130.544     30900 0   20  102   38  194 0.965 104.3 233.1 -15.4 -75.8
1880 131.421     30800 1   77  391  104  547 0.934  66.3 232.1  19.6 -65.2
1880 131.421     30900 0   23  181   25  199 0.891 103.8 233.7 -15.1 -63.6
1880 2 1.153     30800 1  151  706  149  704 0.865  62.9 232.8  19.7 -54.9
1880 2 1.153     30900 0   65  234   55  198 0.807 104.7 233.6 -15.5 -54.1
1880 2 2.513     30800 3  115  531   81  376 0.707  53.5 232.6  19.9 -37.2
1880 2 2.513     30900 0   48  252   30  157 0.601 107.7 233.3 -15.6 -36.5
1880 2 3.323     30800 3   95  673   58  418 0.597  43.2 233.3  20.1 -25.8
1880 2 3.323     30900 0   61  306   34  172 0.449 111.8 233.5 -15.3 -25.6
1880 2 3.323     31000 0   12  121   25  257 0.972  59.6 188.0  27.6 -71.1
1880 2 4.501     30800 4  117  488   67  279 0.477  21.4 232.9  20.1 -10.7
1880 2 4.501     30900 0   64  262   33  136 0.234 132.6 233.3 -15.4 -10.3
1880 2 4.501     31000 0   58  255   68  296 0.903  55.5 186.7  27.4 -56.9
1880 2 5.478     30800 4  112  459   63  258 0.450 356.0 232.6  20.2   1.9
1880 2 5.478     30900 0   65  283   33  144 0.162 196.3 233.4 -15.4   2.7
1880 2 5.478     31000 1   72  331   62  283 0.812  50.1 186.4  26.9 -44.3
1880 2 6.250     30800 4   96  413   55  237 0.491 336.0 232.9  20.3  12.3
1880 2 6.250     30900 0   51  267   26  136 0.268 234.5 233.7 -15.3  13.1
1880 2 6.250     31000 1  101  425   74  310 0.729  43.7 186.4  26.5 -34.2
1880 2 7.242     30800 4   66  347   41  217 0.602 318.3 232.9  20.8  25.4
1880 2 7.242     30900 0   50  212   28  120 0.455 249.5 233.7 -15.1  26.2
1880 2 7.242     31000 1  118  555   76  357 0.634  31.9 185.5  26.5 -22.0
1880 2 8.000     30800 4   46  249   36  192 0.732 306.5 232.4  20.7  39.0
1880 2 8.000     30900 0   35  140   24   95 0.645 254.2 233.4 -15.2  40.0
1880 2 8.000     31000 1  105  535   63  321 0.566  13.3 185.0  26.9  -8.4
1880 2 9.382     30800 4   33  176   32  167 0.852 299.3 231.9  20.7  52.6
1880 2 9.382     30900 0   24   84   20   71 0.803 256.0 233.1 -15.2  53.8
1880 2 9.382     31000 1   84  472   51  286 0.566 351.8 184.5  27.4   5.2
1880 2 9.382     31100 3   73  427   42  246 0.493 327.7 195.4  18.2  16.1
1880 210.116     30800 0   25   84   33  112 0.927 295.6 232.9  20.7  63.3
1880 210.116     30900 0    0   43    0   48 0.892 255.7 233.5 -15.8  63.9
1880 210.116     31000 1   38  245   24  154 0.610 336.7 185.4  27.6  15.8
1880 210.116     31100 3   75  406   46  250 0.584 314.0 195.8  17.9  26.2
1880 211.237     30800 0    7   30   21   90 0.984 292.5 231.2  20.7  76.3
1880 211.237     31000 1   49  361   34  250 0.682 325.1 181.1  28.0  26.2
1880 211.237     31100 3   77  401   59  304 0.742 301.9 196.4  18.1  41.5
1880 212.536     31000 4   45  156   36  133 0.807 312.8 180.1  28.3  42.3
1880 212.536     31100 3   24  186   27  212 0.899 294.2 197.6  18.3  59.8
1880 213.446     31000 4    1   75    1   79 0.882 307.2 178.7  28.2  52.9
1880 213.446     31100 3   20   81   41  162 0.969 290.6 198.2  18.0  72.4
1880 221.400     31200 0   11   33   21   66 0.968 118.3 303.8 -29.1 -77.3
1880 222.173     31200 1   28  171   37  228 0.927 119.0 302.2 -29.5 -68.7
1880 222.173     31220 0    0   11    0    8 0.718 308.2  48.0  20.7  37.1
1880 223.297     31200 1   55  317   48  281 0.826 120.9 301.6 -29.4 -54.5
1880 224.284     31200 1   52  261   36  184 0.702 124.8 301.9 -29.1 -41.3
1880 225.523     31200 1   55  308   33  183 0.538 135.5 301.2 -29.1 -25.6
1880 226.509     31200 1   55  308   31  170 0.421 151.8 300.7 -28.8 -13.1
1880 227.430     31200 0   56  262   30  142 0.368 177.4 300.6 -28.8  -1.1
1880 228.221     31200 0   99  280   54  153 0.395 202.0 300.9 -28.6   9.7
1880 229.168     31200 0   88  258   51  149 0.496 220.5 300.4 -28.9  21.6
1880 3 1.528     31200 0   47  204   32  138 0.672 234.5 299.5 -28.7  38.6
1880 3 1.528   3520100 2   25   45   17   30 0.662 303.3 295.9  15.4  35.0
1880 3 2.306     31200 0   57  212   45  167 0.770 239.1 299.2 -28.2  48.6
1880 3 2.306     31210 2    7   69    5   55 0.775 297.3 296.3  15.8  45.7
1880 3 3.168     31200 0   36  187   35  183 0.863 241.6 298.6 -28.1  59.4
1880 3 3.168     31210 2    4   62    4   63 0.873 292.8 296.0  15.9  56.8
1880 3 4.482     31200 0    7   71   13  127 0.962 242.6 297.8 -28.3  75.9
1880 3 6.244     31230 0   39  102   21   54 0.340 235.9 215.9 -17.9  17.2
1880 3 7.216     31230 0   24   79   14   47 0.535 248.7 217.4 -17.4  31.5
1880 3 8.279     31230 0   15   65   11   47 0.720 253.2 217.9 -17.1  46.1
1880 3 8.279     31400 1   19  188   11  108 0.483  18.7 162.3  20.1  -9.5
1880 3 9.323     31230 0    6   17    6   17 0.860 254.4 218.2 -17.1  60.1
1880 3 9.323     31400 1   77  368   44  210 0.470 347.1 164.5  20.1   6.4
1880 310.592     31300 2    3   20    3   20 0.873 247.3 202.6 -23.3  61.2
1880 310.592     31400 1   43  176   27  111 0.605 316.9 167.5  19.8  26.1
1880 311.518     31300 2    0   60    0   78 0.953 248.3 203.1 -22.8  73.9
1880 311.518     31400 1   31  139   23  102 0.730 306.5 167.9  20.2  38.7
1880 312.517     31400 3   50  181   46  164 0.834 299.9 166.3  20.1  50.3
1880 313.512     31400 3    9  125   11  174 0.935 295.1 167.5  20.4  64.6
1880 313.512     31500 1   53  139   30   80 0.481 342.8 111.6  20.3   8.7
1880 313.512     31600 0    6   40   10   63 0.948 106.8  30.1 -18.1 -72.8
1880 314.164     31400 3   24  110   51  242 0.974 292.9 167.5  20.4  73.1
1880 314.164     31500 1   71  437   43  260 0.538 329.4 111.4  20.8  17.0
1880 314.164     31600 0   25   78   27   87 0.895 106.3  30.0 -17.7 -64.4
1880 315.175     31500 1   85  425   57  286 0.669 311.9 113.1  20.6  32.1
1880 315.175     31600 0   31   94   24   72 0.756 106.9  31.7 -17.4 -49.3
1880 316.564     31500 0   30  169   28  157 0.843 299.5 114.1  20.2  51.4
1880 316.564     31600 0   24   88   14   52 0.526 111.1  31.8 -17.0 -30.9
1880 317.455     31500 0   17   93   23  123 0.925 295.1 114.1  20.1  63.1
1880 317.455     31600 0   28   83   15   50 0.366 119.1  31.5 -16.9 -19.5
1880 318.607     31500 0    0   49    0  174 0.990 291.8 114.5  20.4  78.7
1880 318.607     31600 0   12   65    6   33 0.173 156.1  31.6 -16.1  -4.2
1880 319.491     31600 0    0   25    0   13 0.207 218.5  31.8 -16.2   7.7
1880 327.217     31610 4    9   33    5   18 0.416 190.1 287.1 -30.8   4.9
1880 328.000     31610 0   10   83   12   53 0.500 210.0 288.0 -30.0  19.0
1880 329.175     31610 4   31  138   20   87 0.617 229.5 288.8 -29.2  32.5
1880 330.312     31610 4   30  146   24  114 0.767 237.3 288.9 -28.9  47.5
1880 330.312     31700 0   35  176   54  275 0.948  69.3 173.2  17.3 -68.2
1880 331.303     31610 4   16   84   16   84 0.864 240.4 287.3 -28.7  58.9
1880 331.303     31700 0   35  209   34  205 0.860  65.9 173.2  17.0 -55.2
1880 4 1.510     31700 0   44  192   31  138 0.715  57.2 173.2  17.9 -39.2
1880 4 1.518   3540100 0    0   10    0   16 0.946 236.7 283.9 -33.5  71.5
1880 4 2.225     31700 0   55  253   35  160 0.621  49.6 173.1  18.3 -29.9
1880 4 2.225     31800 2    4   60    2   33 0.399   8.2 199.6  17.0  -3.4
1880 4 3.463     31700 1   42  228   24  129 0.459  27.1 173.9  18.1 -12.7
1880 4 3.463     31800 3   48  123   27   70 0.466 326.2 202.3  16.8  15.7
1880 4 4.000     31700 1   58  274   32  151 0.417 358.2 173.8  18.5   0.8
1880 4 4.000     31800 2   26   71   17   45 0.604 309.0 202.4  17.0  29.4
1880 4 5.518     31700 1   71  302   41  173 0.481 331.1 173.7  19.0  14.2
1880 4 5.518     31800 2    7   27    6   20 0.749 299.4 202.6  17.2  43.1
1880 4 6.000     31700 0   64  282   40  176 0.596 313.5 174.0  18.9  27.2
1880 4 7.447     31700 0   54  246   39  179 0.728 302.9 174.3  18.8  40.2
1880 4 8.527     31700 2   21  105   21  103 0.861 296.2 174.6  19.0  54.8
1880 4 9.254     31700 2   13   59   17   78 0.927 292.6 174.7  18.5  64.5
1880 410.000         0 0    0    0    0    0 0.000   0.0   0.0   0.0   0.0
1880 411.000         0 0    0    0    0    0 0.000   0.0   0.0   0.0   0.0
1880 412.435     31900 1  114  471   66  281 0.497 240.8  95.5 -19.0  27.3
1880 413.426     31900 1  126  336   84  224 0.666 247.7  95.7 -18.8  40.6
1880 414.175     31900 1   63  271   48  216 0.778 249.2  95.7 -19.5  50.5
1880 415.286     31900 1   19  115   24  145 0.918 251.3  97.6 -19.3  67.1
1880 416.460     31900 1    0   12    0   39 0.989 251.7  97.7 -18.8  82.6
1880 425.284     32000 4   53  388  100  900 0.976  67.8 183.5  20.6 -74.9
1880 426.306     32000 4  142  634  174  741 0.900  64.0 184.8  21.1 -60.1
1880 427.572     32000 4  170  994  132  765 0.754  58.9 184.8  19.9 -43.4
1880 428.300     32000 4  295 1434  198  958 0.653  52.7 185.2  19.9 -33.5
1880 429.444     32000 4  163  692   95  408 0.516  37.8 183.8  20.3 -19.7
1880 430.492     32000 4  168  634   94  354 0.420  12.6 184.3  20.3  -5.6
1880 5 1.430     32000 4  145  471   81  266 0.439 339.4 186.8  20.5   9.5
1880 5 2.293     32000 4   98  348   58  212 0.555 319.9 188.4  21.7  22.6
1880 5 2.293     32100 1   35  237   82  549 0.976  62.3  91.6  26.0 -74.2
1880 5 3.503     32000 4   36  237   27  173 0.726 306.3 189.3  22.7  39.4
1880 5 3.503     32100 1  105  394  123  461 0.905  58.8  90.3  26.2 -59.6
1880 5 4.224     32000 4   27  150   22  123 0.790 300.1 187.4  21.0  47.1
1880 5 4.224     32100 1   71  466   65  422 0.830  55.8  90.7  25.6 -49.6
1880 5 5.310     32000 4    4   43    5   52 0.912 295.8 188.2  21.8  62.2
1880 5 5.310     32100 1   93  575   67  410 0.711  48.3  90.0  25.5 -36.0
1880 5 5.310   3550100 0    0   20    0   14 0.702 290.0 168.3  11.4  42.3
1880 5 6.550     32100 1  129  700   79  429 0.573  33.1  89.3  25.6 -20.3
1880 5 7.415     32100 1  117  602   68  350 0.503  16.5  89.0  25.7  -9.1
1880 5 7.415   3550200 2    6   35    4   20 0.502 147.7  80.4 -28.1 -17.7
1880 5 8.471     32100 1  140  839   80  482 0.484 351.6  88.7  25.6   4.5
1880 5 9.217     32100 1  155  713   92  422 0.530 336.0  88.2  26.1  13.9
1880 510.186     32100 1  181  847  116  543 0.626 320.8  87.6  26.5  26.2
1880 510.186     32300 2    4  122    2   66 0.361 344.8  67.1  17.6   5.7
1880 511.500     32100 1  105  524   85  423 0.783 307.3  88.1  26.4  44.0
1880 511.500     32300 0    8   17    5   10 0.541 308.6  70.4  17.3  26.3
1880 512.451     32100 1   97  367  101  383 0.878 302.1  87.6  26.4  56.1
1880 512.451     32300 0    4   13    3    9 0.688 298.1  70.9  16.9  39.4
1880 513.420     32100 1   72  265  119  438 0.953 298.2  87.8  25.9  69.0
1880 513.420     32400 2   12   54    9   37 0.681 308.4  54.2  23.0  35.4
1880 514.433     32100 1    0   81    0  494 0.997 296.1  88.9  25.8  83.6
1880 514.433     32400 0    0   21    0   18 0.793 303.1  52.0  24.1  46.7
1880 520.482     32500 2   16   75   14   70 0.844  60.1 232.1  23.9 -53.2
1880 521.535     32500 2   11   39    8   28 0.709  52.9 233.1  24.1 -38.3
1880 524.222     32600 4    8   29   21   74 0.981  75.7 157.7  13.8 -78.2
1880 524.222   3560100 4    6   20    6   19 0.845 294.4 290.7  19.7  54.8
1880 525.498     32600 4   69  292   77  320 0.888  73.9 157.5  13.7 -61.4
1880 526.454     32600 4  201  730  158  576 0.764  71.6 158.1  13.3 -48.2
1880 527.602     32600 4  253 1111  156  691 0.589  64.3 157.9  14.1 -33.2
1880 528.507     32600 4  324 1424  180  792 0.426  54.4 158.2  13.7 -20.9
1880 529.427     32600 4  305 1783  160  937 0.290  30.4 158.2  13.9  -8.7
1880 530.280     32600 4  455 2225  236 1155 0.257 348.6 158.6  14.1   3.0
1880 530.280     32700 0    9   48   16   82 0.957  63.6  84.6  25.0 -71.0
1880 531.285     32600 4  459 1924  249 1038 0.365 313.8 158.2  14.3  15.8
1880 531.285     32700 1   23   85   25   90 0.882  61.4  83.9  24.8 -58.5
1880 6 1.366     32600 4  256 1152  152  687 0.542 298.1 157.6  14.6  29.6
1880 6 1.366     32700 1   21   94   16   72 0.761  57.3  83.4  24.1 -44.6
1880 6 2.616     32600 4   98  420   73  313 0.739 290.1 157.3  14.6  45.8
1880 6 2.616     32700 0   24   52   15   32 0.586  45.4  84.3  24.2 -27.2
1880 6 3.223     32600 4   60  282   51  250 0.825 288.0 157.7  14.8  54.2
1880 6 3.223     32700 0   19   60   11   35 0.512  36.5  84.0  24.3 -19.5
1880 6 4.566     32600 4    5   40    6   58 0.941 286.5 155.1  15.5  69.4
1880 6 4.566     32700 0    0   25    0   14 0.402   4.1  83.9  23.8  -1.8
1880 6 6.289     32800 4   17   62   12   44 0.700  69.0  20.4  14.8 -42.5
1880 6 7.553     32800 4    7   29    4   17 0.483  60.0  20.6  14.4 -25.6
1880 6 8.187     32800 4   11   64    6   34 0.370  48.7  21.1  14.7 -16.7
1880 6 8.187     32900 0    0   12    0   42 0.990 111.7 316.6 -21.4 -81.2
1880 6 9.201     32800 4    8  126    4   66 0.264  19.8  18.9  15.1  -5.3
1880 6 9.201     32900 0   11   33   15   47 0.937 113.2 316.7 -21.4 -67.6
1880 610.485     32800 4   39  201   21  106 0.300 322.4  18.2  14.6  10.9
1880 610.485     32900 0   16   33   14   28 0.810 117.7 316.8 -21.6 -50.5
1880 611.212     32800 4   29   87   16   48 0.420 304.3  18.7  14.6  21.0
1880 611.212     32900 1   13   39   10   29 0.728 121.6 315.8 -21.7 -41.9
1880 612.433     32800 4   30  104   19   66 0.618 293.4  17.5  15.1  36.0
1880 615.200     33000 0   32  100   51  161 0.950  65.9 234.1  23.3 -70.8
1880 615.200     33100 1    0   12    0   29 0.980  65.7 226.8  24.1 -78.1
1880 616.233     33000 0   30  142   29  139 0.860  63.5 234.2  23.4 -57.0
1880 616.233     33100 1    0   25    0   37 0.943  64.2 222.0  24.8 -69.2
1880 617.282     33000 0   35  214   26  160 0.740  59.3 233.5  23.4 -43.9
1880 617.282     33100 1   25   87   26   92 0.881  62.0 218.1  25.3 -59.3
1880 617.282     33200 3   40  150   98  367 0.980 109.2 200.2 -18.4 -77.2
1880 618.501     33000 0   49  249   30  152 0.573  49.4 232.9  23.5 -28.3
1880 618.501     33100 1   47  150   38  118 0.771  58.4 214.7  25.1 -46.5
1880 618.501     33200 3   89  410   98  487 0.907 112.7 198.5 -19.7 -62.7
1880 619.534     33000 0  115  589   64  329 0.435  32.1 233.0  23.5 -14.6
1880 619.534     33100 1   43  147   28   97 0.652  53.3 212.5  24.5 -35.1
1880 619.534     33200 3  187  646  163  533 0.799 117.2 198.4 -20.2 -49.2
1880 620.266     33000 0   54  165   29   89 0.374  10.8 233.5  23.6  -4.4
1880 620.266     33100 1   20  114   12   68 0.542  43.0 213.8  25.2 -24.1
1880 620.266     33200 3  255 1092  176  755 0.691 124.3 200.1 -21.3 -37.8
1880 621.469     33000 0   35  193   19  106 0.402 334.7 232.8  23.4  10.8
1880 621.469     33100 1   77  128   43   71 0.412  20.1 213.0  24.9  -9.0
1880 621.469     33200 3  290 1385  172  817 0.523 141.7 201.5 -22.2 -20.5
1880 622.234     33000 0   29  111   17   64 0.491 317.4 233.0  23.3  21.2
1880 622.234     33100 1   26   93   14   51 0.393 359.5 212.0  25.4   0.2
1880 622.234     33200 3  292 1327  165  750 0.455 158.8 201.5 -22.9 -10.3
1880 623.464     33000 0   28  122   19   82 0.667 303.7 232.8  23.6  37.3
1880 623.464     33100 1    0   25    0   14 0.459 332.7 209.1  26.4  13.6
1880 623.464     33200 3  457 1926  254 1071 0.427 190.0 200.1 -22.5   4.6
1880 624.527     33200 3  426 1854  249 1084 0.511 216.2 200.5 -22.0  19.0
1880 625.101     33200 3  201 1756  125 1076 0.577 224.4 199.7 -22.0  25.8
1880 626.000     33200 3  244 1634  188 1258 0.711 235.3 199.5 -21.8  39.0
1880 627.130     33200 3  264 1585  251 1440 0.834 241.7 199.2 -21.6  52.2
1880 627.130     33310 0    8   23   13   35 0.945 119.2  80.0 -26.4 -67.0
1880 628.511     33200 3   55  255  100  456 0.960 245.9 199.8 -22.2  71.1
1880 628.511     33300 4    9   93   11  115 0.916 133.2  71.7 -37.3 -57.0
1880 628.511     33310 0    8   14    7   12 0.824 124.9  79.8 -26.2 -48.9
1880 629.586     33200 3    0    1    0    3 0.992 243.0 194.7 -26.3  80.2
1880 629.586     33300 4   29   73   29   70 0.856 138.2  68.5 -37.6 -46.0
1880 629.586     33400 1   64  344   36  194 0.456 220.2 132.5 -17.5  18.0
1880 629.586   3570100 2    5   35    3   20 0.435 323.2 131.0  23.3  16.5
1880 630.545     33300 4   21   57   17   44 0.769 145.9  69.2 -36.9 -32.6
1880 630.545     33310 0    0   18    0   11 0.582 145.7  80.4 -25.8 -21.4
1880 630.545     33400 1   78  322   48  200 0.596 234.9 132.5 -17.3  30.7
1880 7 1.000     33300 4   24   76   17   53 0.695 156.3  69.3 -36.5 -20.3
1880 7 1.000     33400 1   58  259   43  192 0.734 242.8 132.6 -17.2  43.1
1880 7 2.402     33300 4   26   95   17   62 0.645 170.1  69.3 -36.1  -7.9
1880 7 2.402     33400 0   41  194   39  185 0.851 247.5 132.6 -17.1  55.4
1880 7 3.497     33300 4   40  151   26   99 0.652 187.5  68.9 -36.8   6.1
1880 7 3.497     33400 0   25  126   41  206 0.953 250.5 133.0 -17.4  70.2
1880 7 4.371     33300 4   56  172   39  119 0.691 200.9  69.1 -36.8  17.9
1880 7 4.371     33400 0   15   49   57  190 0.991 251.9 132.2 -17.4  81.0
1880 7 4.371     33600 7   16   61   11   42 0.687 122.7  13.5 -19.0 -37.7
1880 7 5.438     33300 4   37  128   29  101 0.774 214.8  70.3 -36.4  33.3
1880 7 5.438     33600 7   49  161   29   95 0.533 137.2  14.5 -19.6 -22.6
1880 7 6.131     33300 4    0   50    0   45 0.833 221.5  70.8 -35.9  42.9
1880 7 6.131     33600 7   37  222   21  126 0.462 149.9  13.6 -19.9 -14.3
1880 7 7.000     33300 4   36  175   50  240 0.913 226.6  68.6 -36.7  55.8
1880 7 7.000     33600 7   60  267   33  147 0.412 183.4  14.3 -20.4   1.5
1880 7 8.403     33300 4   50  215   99  435 0.969 229.7  66.4 -37.5  68.6
1880 7 8.403     33600 7   77  290   45  168 0.500 213.6  15.0 -20.8  17.2
1880 7 9.480     33300 4   12   48   59  230 0.995 230.5  62.7 -38.6  79.1
1880 7 9.480     33600 7   36  152   23   98 0.631 229.7  14.5 -20.6  30.9
1880 710.397     33600 7    7   21    6   17 0.792 239.9  18.4 -20.6  47.0
1880 711.138     33600 7    3   10    3   10 0.880 243.6  19.1 -20.8  57.5
1880 713.422   3580100 2    0   40    0   26 0.652 197.8 305.3 -34.0  13.9
1880 720.587     33800 8   58  368   31  199 0.362  41.7 181.7  20.6 -14.9
1880 721.507     33800 8  141  672   74  352 0.287   8.1 181.9  21.7  -2.5
1880 721.507     33900 0    0   16    0   33 0.969  67.0 107.8  23.5 -76.6
1880 722.219     33800 8  162  969   85  510 0.297 339.5 181.4  21.4   6.4
1880 722.219     33900 0    9   25   11   32 0.921  67.3 107.7  22.9 -67.3
1880 723.573     33800 8  177  981  101  563 0.479 309.3 180.8  22.6  23.7
1880 723.573     33900 0    0    9    0    7 0.779  64.8 107.2  22.9 -49.9
1880 724.583     33800 8  124  661   80  447 0.663 298.8 182.8  22.9  39.1
1880 725.000     33800 8   75  444   61  357 0.790 295.1 181.8  23.1  51.1
1880 726.553     33800 8   38  241   42  267 0.891 293.2 180.7  23.2  63.0
1880 726.553     34000 7    5   41    5   40 0.861  63.7  59.0  25.4 -58.7
1880 726.553     34100 7    0    4    0    8 0.961  78.0  43.0  13.1 -74.7
1880 727.446     33800 8   15  127   29  229 0.960 293.2 180.6  23.8  74.7
1880 727.446     34000 7    7   60    5   46 0.765  61.5  57.9  25.3 -48.0
1880 727.446     34100 7    6   27    6   30 0.894  78.4  42.0  12.9 -63.9
1880 728.900     34000 7    0   99    0   66 0.662  57.7  59.1  25.3 -38.2
1880 728.900     34100 7   41  215   37  192 0.828  77.2  41.0  13.8 -56.2
1880 729.526     34000 7   18   53   10   30 0.445  41.2  59.5  25.1 -18.9
1880 729.526     34100 7   14   59    9   38 0.620  76.4  40.0  13.0 -38.2
1880 730.509     34000 7    9   70    5   37 0.337  14.9  59.9  24.9  -5.5
1880 731.430     34000 7    9   36    5   19 0.337 341.9  59.8  24.6   6.6
1880 8 1.000         0 0    0    0    0    0 0.000   0.0   0.0   0.0   0.0
1880 8 2.293     34200 1   82  661   97  762 0.900  80.0 323.7  11.6 -64.8
1880 8 3.593     34200 1  187  977  135  727 0.741  79.9 323.2  11.6 -48.1
1880 8 4.235     34200 1  262 1138  172  740 0.641  79.0 322.9  11.8 -40.0
1880 8 5.194     34200 1  291 1422  165  806 0.463  76.9 322.8  11.6 -27.4
1880 8 6.940     34200 1  229 1159  120  609 0.286  69.7 322.3  11.8 -15.9
1880 8 7.149     34200 1  303 1253  152  630 0.098   4.0 324.0  12.0  -0.4
1880 8 7.149     34300 0    0    7    0   83 0.998  66.6 235.1  23.6 -89.3
1880 8 8.234     34200 1  277 1107  144  573 0.245 293.5 323.3  11.9  13.3
1880 8 8.234     34300 0   29  175   48  292 0.954  67.0 236.3  23.8 -73.7
1880 8 8.234   3590100 2   11   45   12   49 0.888 247.2   8.8 -16.9  58.8
1880 8 8.234   3590200 0   10   45    6   27 0.559 212.9 329.1 -21.9  19.1
1880 8 9.582     34200 1  207  965  120  566 0.513 282.3 323.0  11.9  30.8
1880 8 9.582     34300 0   48  275   44  250 0.836  65.7 235.8  23.8 -56.4
1880 8 9.582     34400 0   30  102   44  150 0.941 111.3 225.4 -17.5 -66.8
1880 8 9.582     34500 0   20   73   45  166 0.975  69.3 213.5  21.6 -78.7
1880 8 9.582     34600 0    0   19    0   48 0.980 111.1 216.7 -19.2 -75.5
1880 810.407     34200 1  208  786  138  527 0.661 280.7 322.9  12.0  41.6
1880 810.407     34300 0  140  444  104  329 0.739  63.3 235.0  24.0 -46.3
1880 810.407     34400 0   27  170   27  169 0.866 114.6 225.6 -17.5 -55.7
1880 810.407     34500 0   22  184   28  239 0.923  69.6 213.0  21.3 -68.3
1880 810.407     34600 0    6   50    8   70 0.933 113.4 216.4 -19.1 -64.9
1880 811.469     34200 1   97  515   89  466 0.831 280.4 324.0  12.3  56.8
1880 811.469     34300 0   73  689   45  425 0.582  56.5 235.0  24.4 -32.2
1880 811.469     34400 0   25  122   16   79 0.736 120.6 225.7 -17.1 -41.5
1880 811.469     34500 0   44  287   38  245 0.811  69.0 213.1  20.9 -54.1
1880 811.469     34600 0   18   63   16   57 0.833 118.5 216.3 -19.3 -50.9
1880 812.485     34200 1   76  321  109  459 0.937 280.9 324.2  12.5  70.4
1880 812.485     34300 0  197  795  110  444 0.435  43.8 234.5  24.6 -19.3
1880 812.485     34400 0   39  212   24  131 0.595 130.5 225.6 -16.9 -28.2
1880 812.485     34500 0   90  396   60  264 0.663  65.7 213.5  21.0 -40.3
1880 812.485     34600 0   24  127   17   90 0.709 125.2 216.0 -18.9 -37.8
1880 813.488     34200 1    0   64    0  279 0.994 281.6 325.3  12.2  84.8
1880 813.488     34300 0  200  688  106  364 0.323  17.7 234.3  24.6  -6.2
1880 813.488     34400 0   48  228   27  129 0.463 147.4 225.4 -16.5 -15.1
1880 813.488     34500 0   80  365   46  211 0.499  58.8 213.3  21.0 -27.2
1880 813.488     34600 1   53  267   33  165 0.585 136.8 215.4 -19.2 -25.1
1880 814.000     34300 0  160  640   85  340 0.321 344.0 234.5  24.7   5.6
1880 814.000     34400 0   44  212   24  116 0.397 172.0 225.6 -16.4  -3.3
1880 814.000     34500 0   75  375   40  199 0.357  45.1 213.2  21.1 -15.7
1880 814.000     34600 0   61  340   35  194 0.490 151.6 214.6 -19.0 -14.3
1880 815.000     34300 0  114  563   64  315 0.415 319.1 234.6  24.8  17.4
1880 815.000     34400 0   39  187   22  104 0.416 199.9 225.8 -16.3   8.5
1880 815.000     34500 0   67  364   35  188 0.260  15.2 213.1  21.3  -4.2
1880 815.000     34600 0   66  402   37  223 0.437 172.6 213.9 -18.9  -3.4
1880 816.118     34300 0   72  484   43  290 0.547 306.3 234.8  24.9  29.1
1880 816.118     34400 0   33  157   19   91 0.509 220.9 226.0 -16.2  20.3
1880 816.118     34500 0   56  338   29  176 0.279 334.9 213.0  21.4   7.3
1880 816.118     34600 0   71  450   40  252 0.447 195.8 213.1 -18.7   7.4
1880 816.118     34700 2   13  114   10   85 0.738 292.8 252.6  21.4  46.9
1880 817.562     34300 0   50  280   39  217 0.761 297.6 235.0  25.3  48.3
1880 817.562     34400 0   44  147   32  106 0.717 239.4 226.7 -16.2  40.0
1880 817.562     34500 0   77  353   44  203 0.484 303.7 212.4  21.8  25.7
1880 817.562     34600 0   76  368   47  227 0.592 224.3 212.6 -18.9  25.9
1880 817.562     34700 0   23   55   31   76 0.931 289.5 256.4  20.6  69.7
1880 818.241     34300 0   37  243   35  227 0.846 295.0 235.3  24.8  57.6
1880 818.241     34400 0   20  130   17  110 0.809 244.1 227.0 -16.3  49.3
1880 818.241     34500 0   66  328   41  204 0.597 297.4 212.5  21.7  34.8
1880 818.241     34600 0  105  359   70  242 0.669 230.8 211.0 -19.3  33.3
1880 818.241     34700 0    8   44   20  105 0.978 288.9 257.4  19.9  79.7
1880 818.241     34800 4   40  154   21   81 0.312 331.8 186.9  22.8   9.2
1880 819.508     34300 0   20   78   34  133 0.955 294.7 235.2  25.6  74.2
1880 819.508     34400 0    9   50   13   69 0.933 249.7 226.7 -16.1  65.7
1880 819.508     34500 0   42  256   33  203 0.777 293.3 211.5  22.4  50.5
1880 819.508     34600 0   12  169   10  147 0.819 241.0 210.2 -18.9  49.2
1880 819.508     34800 1  149  775   86  452 0.497 305.1 187.2  22.9  26.2
1880 820.218     34300 0    8   35   25  107 0.986 294.3 234.2  25.0  82.6
1880 820.218     34400 0    9   37   25  101 0.983 251.6 228.4 -16.6  76.8
1880 820.218     34500 0   43  219   43  217 0.865 291.3 211.9  21.9  60.3
1880 820.218     34600 0    5   32    5   36 0.899 245.3 211.1 -18.6  59.5
1880 820.218     34800 1  189  938  121  602 0.627 297.9 188.5  22.7  36.9
1880 821.503     34500 0   40  161   75  303 0.965 291.4 211.0  22.4  76.4
1880 821.503     34800 1  116  650  103  576 0.818 293.0 189.4  22.8  54.8
1880 821.503     34900 0   17   33   19   36 0.890  67.6  71.2  23.1 -63.4
1880 822.261     34800 1   85  571  104  664 0.903 291.5 189.9  22.4  65.3
1880 823.205     34800 1   86  444  148  821 0.963 290.8 188.0  21.9  75.9
1880 823.205     34900 2   17   65   12   46 0.710  65.6  67.8  22.2 -44.3
1880 824.216     34800 1    0   12    0   36 0.987 290.9 181.7  21.7  82.9
1880 824.216     34900 2   35  122   21   72 0.529  57.7  69.8  22.7 -29.0
1880 825.000         0 0    0    0    0    0 0.000   0.0   0.0   0.0   0.0
1880 826.000         0 0    0    0    0    0 0.000   0.0   0.0   0.0   0.0
1880 827.000         0 0    0    0    0    0 0.000   0.0   0.0   0.0   0.0
1880 828.506     34900 2    0   39    0   22 0.469 304.6  66.7  22.0  24.6
1880 828.506     35100 1   26  100   49  189 0.964  82.0 326.7   9.6 -75.4
1880 828.506   3590300 3   27   60   16   36 0.537 212.5  60.0 -20.1  17.9
1880 829.236     34900 2   43  174   27  109 0.580 297.9  66.0  21.8  33.5
1880 829.236     35100 0   15   77   17   90 0.906  82.6 326.8   9.7 -65.7
1880 830.285     34900 2   95  459   72  348 0.750 292.5  66.8  21.6  48.2
1880 830.285     35100 0   30  126   24  100 0.776  83.0 327.2  10.0 -51.4
1880 831.516     34900 2   68  469   74  514 0.891 290.9  66.0  21.9  63.7
1880 831.516     35100 0   54  256   33  155 0.571  82.7 327.2  10.1 -35.1
1880 9 1.404     34900 2   26  252   51  443 0.959 290.9  65.7  22.0  75.2
1880 9 1.404     35100 0   35  205   19  112 0.394  81.5 327.3  10.0 -23.3
1880 9 2.517     34900 2    0   55    0  218 0.992 293.2  61.3  23.8  85.4
1880 9 2.517     35100 0   55  223   28  113 0.158  69.0 327.3  10.4  -8.6
1880 9 2.517     35200 7   13   74   11   69 0.845 249.7  30.3 -12.9  54.4
1880 9 2.517     35300 0    0   17    0   34 0.968  72.5 258.9  18.7 -77.0
1880 9 3.559     35100 0   42  209   21  105 0.106 300.6 327.4  10.3   5.3
1880 9 3.559     35200 7    0   12    0   16 0.926 253.6  27.4 -12.2  65.3
1880 9 3.559     35300 0    9   19   10   21 0.888  72.9 258.6  18.5 -63.5
1880 9 4.402     35100 0   40  208   21  109 0.286 282.8 327.5  10.6  16.5
1880 9 4.402     35300 0   10   20    8   16 0.790  72.0 258.5  18.6 -52.5
1880 9 4.402     35400 0   20   54   49  134 0.980  65.9 230.2  25.0 -80.7
1880 9 5.171     35100 0   39  180   22  101 0.450 279.0 327.7  10.5  26.9
1880 9 5.171     35300 0    7   24    5   16 0.670  70.5 259.1  18.4 -41.7
1880 9 5.171     35400 0   28  105   40  148 0.935  66.2 230.4  24.8 -70.4
1880 9 5.171     35500 4   16   62   24   87 0.935 112.3 235.4 -17.9 -65.4
1880 9 5.171     35600 0   11   49   22  102 0.971  66.8 222.7  24.2 -78.1
1880 9 6.281     35100 0   36  151   24  100 0.657 277.7 327.7  10.5  41.5
1880 9 6.281     35300 0    7   32    4   18 0.476  64.5 259.3  18.3 -26.9
1880 9 6.281     35400 0   35  183   31  163 0.829  64.4 230.5  25.2 -55.7
1880 9 6.281     35500 4   66  308   59  275 0.829 117.6 235.6 -18.1 -50.6
1880 9 6.281     35600 0    8   45    9   49 0.889  66.4 222.9  24.3 -63.3
1880 9 7.583     35100 0   19  112   18  105 0.846 278.1 327.5  10.7  58.5
1880 9 7.583     35400 0   48  176   32  117 0.660  59.6 230.0  25.2 -39.0
1880 9 7.583     35500 4   76  334   49  219 0.641 129.6 237.7 -18.0 -31.3
1880 9 7.583     35600 0    8   27    6   19 0.737  64.1 222.5  23.9 -46.5
1880 9 7.583     35700 0    9   25    9   25 0.865 115.4 213.9 -17.7 -55.1
1880 9 7.583     35800 0   12   30   13   31 0.878  67.7 207.0  23.0 -62.0
1880 9 7.583     35900 1   24  102   50  216 0.972  68.6 190.8  22.4 -78.2
1880 9 8.480     35100 0   23   82   32  115 0.936 277.7 327.4   9.7  70.2
1880 9 8.480     35400 0   64  224   37  130 0.507  51.4 231.3  25.0 -25.9
1880 9 8.480     35500 4  147  648   87  381 0.521 143.3 238.1 -17.9 -19.1
1880 9 8.480     35700 0   84  309   61  225 0.725 120.6 216.7 -16.2 -40.5
1880 9 8.480     35800 0   17   51   13   40 0.774  65.8 207.0  23.2 -50.2
1880 9 8.480     35900 1   85  312  109  393 0.918  68.9 189.5  22.2 -67.7
1880 9 9.418     35400 0   57  252   31  137 0.386  35.3 230.5  25.4 -14.3
1880 9 9.418     35500 4  183  818  102  457 0.433 168.3 239.5 -17.9  -5.3
1880 9 9.418     35700 0  181  772  111  473 0.573 132.7 218.8 -16.4 -26.0
1880 9 9.418     35800 0   11   48    7   32 0.650  61.8 206.1  23.6 -38.7
1880 9 9.418     35900 1  109  376   94  326 0.816  68.2 190.0  21.9 -54.8
1880 9 9.418   3600100 2   18   66    9   33 0.107 327.3 248.2  12.4   3.4
1880 910.600     35400 1   44  174   23   92 0.313 356.2 230.5  25.4   1.3
1880 910.600     35500 4  345 1194  194  674 0.452 203.5 240.1 -17.4  10.9
1880 910.600     35600 7    0   22    0   11 0.278  13.0 225.3  22.9  -3.9
1880 910.600     35700 0  351 1249  196  694 0.422 160.6 220.8 -16.3  -8.4
1880 910.600     35800 0    9   23    5   13 0.455  50.8 206.6  23.4 -22.6
1880 910.600     35900 1  122  411   81  275 0.659  65.4 189.1  21.5 -40.1
1880 911.266     35400 1   64  142   34   76 0.345 331.7 230.7  24.8  10.4
1880 911.266     35500 4  405 1584  239  935 0.527 218.2 240.3 -17.7  20.0
1880 911.266     35700 4  453 1775  249  975 0.402 181.2 220.8 -16.5   0.5
1880 911.266     35800 1    0   37    0   20 0.373  35.5 206.5  24.7 -13.8
1880 911.266     35900 1  142  410   85  244 0.540  60.2 190.0  21.8 -30.3
1880 912.321     35400 1   28  106   16   60 0.479 310.6 230.1  24.8  23.6
1880 912.321     35500 4  354 1436  236  962 0.665 232.4 240.1 -18.0  33.6
1880 912.321     35700 4  469 1820  267 1036 0.470 212.3 221.7 -16.5  15.2
1880 912.321     35900 1   87  411   47  222 0.367  44.5 190.4  22.1 -16.1
1880 913.608     35400 1    0   30    0   20 0.673 299.8 229.6  25.1  40.2
1880 913.608     35500 4  211  983  188  888 0.832 243.2 240.6 -17.6  51.2
1880 913.608     35700 4  362 1690  240 1101 0.638 232.9 221.5 -16.6  32.1
1880 913.608     35800 2   22   50   12   27 0.390 318.2 205.9  23.8  16.5
1880 913.608     35900 1   85  336   44  174 0.261 358.2 189.9  22.3   0.5
1880 914.248     35500 4  188  959  205 1058 0.891 246.1 239.6 -17.6  58.7
1880 914.248     35700 4  313 1328  230  981 0.733 238.6 221.8 -17.1  40.9
1880 914.248     35800 2   48  179   27  103 0.482 308.9 205.2  24.2  24.3
1880 914.248     35900 1   80  319   42  167 0.293 332.9 189.2  22.2   8.3
1880 915.241     35500 4   66  350  153  824 0.977 250.0 242.4 -17.7  74.5
1880 915.241     35700 4  188  816  191  820 0.866 245.0 223.3 -17.5  55.4
1880 915.241     35800 2   23   68   15   45 0.653 299.6 206.5  24.5  38.6
1880 915.241     35900 1   80  331   45  186 0.447 306.5 190.7  22.0  22.8
1880 915.241     36000 1    2   15    3   20 0.932  75.1  98.0  16.4 -69.9
1880 915.241     36100 3   12   35   24   68 0.968  73.2  91.0  18.0 -76.9
1880 916.590     35700 4   76  293  157  658 0.975 250.3 224.2 -17.4  74.1
1880 916.590     35800 2    0    9    0    8 0.826 294.7 205.6  24.4  55.5
1880 916.590     35900 1   52  280   34  184 0.648 296.3 189.0  22.3  38.9
1880 916.590     36000 1    9   18    7   14 0.779  74.6  98.6  16.4 -51.5
1880 916.590     36100 3   21   79   21   78 0.863  73.4  89.7  17.9 -60.4
1880 917.479     35900 1   76  268   60  213 0.776 293.2 188.8  22.4  50.5
1880 917.479     36000 1   11   51    7   33 0.641  73.3  98.6  16.1 -39.7
1880 917.479     36100 3   28   82   21   62 0.748  72.5  89.8  17.8 -48.5
1880 917.479     36200 0   20   42   13   27 0.630 295.3 176.0  21.3  37.7
1880 918.564     35900 1   71  187   81  212 0.898 291.3 188.6  22.2  64.6
1880 918.564     36000 1   22   86   12   48 0.427  66.7  99.9  16.2 -24.1
1880 918.564     36100 3   20  112   12   68 0.568  69.6  90.1  17.3 -33.9
1880 918.564     36200 1   21  120   16   95 0.762 291.4 173.4  20.8  49.4
1880 918.564     36400 4    0   48    0   49 0.867  71.7  63.2  19.4 -60.8
1880 918.564   3600200 0    0   17    0   11 0.607  57.0  89.8  25.2 -34.2
1880 919.000     36000 1   23   77   12   40 0.234  46.0 101.3  16.3 -10.1
1880 919.000     36100 3   22   82   12   45 0.400  61.4  89.7  17.6 -21.6
1880 919.000     36200 0   20  141   22  153 0.886 290.3 174.3  21.2  63.0
1880 919.000     36400 4    3   51    3   39 0.754  70.3  62.6  19.4 -48.8
1880 920.483     36000 1   24   61   12   31 0.175 337.5 102.7  16.3   4.0
1880 920.483     36100 3   21   42   11   22 0.245  38.9  89.4  17.9  -9.3
1880 920.483     36200 0   15  110   29  211 0.966 290.7 175.3  21.7  76.6
1880 920.483     36400 4    9   46    6   29 0.613  67.4  61.9  19.3 -36.8
1880 920.483     36500 0    0   25    0   18 0.726  63.8  53.3  23.7 -45.4
1880 921.214     36000 1   27  119   14   62 0.260 304.6 101.8  15.3  12.8
1880 921.214     36100 3   14   31    7   16 0.188 357.0  89.6  17.8   0.6
1880 921.214     36200 0   11   74   46  322 0.988 290.0 172.2  20.7  83.2
1880 921.214     36400 4   51  182   29  105 0.486  62.1  61.9  19.4 -27.1
1880 922.530     36000 1    3   12    2    7 0.557 288.8 105.0  16.2  33.3
1880 922.530     36100 3    6   42    3   22 0.335 304.6  88.5  17.6  16.8
1880 922.530     36400 4   31  208   16  108 0.260  32.8  63.1  19.5  -8.6
1880 922.530     36600 0   11   64   15   79 0.913 115.0  10.3 -19.5 -61.4
1880 923.285     36100 3    0   32    0   18 0.479 293.8  89.0  17.3  27.3
1880 923.285     36400 4   27  162   14   83 0.220 345.3  65.1  19.2   3.4
1880 923.285     36600 0   20   53   17   45 0.813 119.8  13.3 -19.3 -48.4
1880 924.412     36100 3   11   38    8   27 0.723 288.1  93.0  17.8  46.2
1880 924.412     36400 4   31  189   17  103 0.362 307.6  64.5  19.3  17.7
1880 924.412     36600 1    8   52    5   35 0.663 128.5  13.6 -18.7 -33.2
1880 924.412     36800 1   20   64   36  115 0.960 110.9 336.4 -17.8 -70.4
1880 925.436     36400 4   25  123   15   74 0.552 295.2  65.3  19.4  32.0
1880 925.436     36500 0    0    8    0    5 0.472 305.9  57.7  22.3  24.4
1880 925.436     36600 0    9   27    5   16 0.522 144.9  14.8 -18.8 -18.5
1880 925.436     36700 0    0   21    0   16 0.753 125.6 352.3 -20.9 -41.0
1880 925.436     36800 1   46  259   47  264 0.873 115.8 337.2 -18.6 -56.1
1880 925.436     36900 7    0   43    0   57 0.920 114.8 330.8 -19.7 -62.5
1880 926.300     36400 4   34  126   24   91 0.720 290.6  67.5  19.5  45.6
1880 926.300     36500 0    0   22    0   14 0.604 296.8  57.3  21.4  35.4
1880 926.300     36800 1   43  216   33  165 0.755 121.3 339.1 -18.2 -42.8
1880 926.300     36900 7   12   69   11   63 0.836 118.8 330.9 -19.6 -51.0
1880 926.300     37000 7   13   61   14   64 0.882  74.8 319.3  16.6 -62.6
1880 927.407     36100 3    0    7    0   28 0.996 287.0  94.3  17.4  87.0
1880 927.407     36400 4   11   97   14  113 0.891 287.9  71.0  19.0  63.7
1880 927.407     36600 4   11   57    6   32 0.448 198.4  15.9 -18.5   8.6
1880 927.407     36700 7    4   95    2   54 0.477 158.7 356.7 -19.8 -10.6
1880 927.407     36800 1   50  280   31  173 0.589 133.4 340.6 -17.9 -26.7
1880 927.407     36900 7   23  120   16   84 0.697 126.6 331.0 -19.2 -36.3
1880 927.407     37000 7   36  101   27   75 0.738  74.0 319.6  16.3 -47.7
1880 928.308     36600 4    7   50    4   30 0.546 218.7  16.6 -19.0  21.2
1880 928.308     36700 7   51  288   29  162 0.440 181.5 356.1 -19.4   0.7
1880 928.308     36800 1   96  374   55  214 0.474 150.1 341.0 -17.8 -14.4
1880 928.308     36900 7  124  526   76  321 0.577 137.5 331.0 -19.1 -24.4
1880 928.308     37000 7   64  256   40  159 0.592  71.5 319.6  16.3 -35.8
1880 929.577     36600 4    0   43    0   28 0.647 228.3   9.6 -19.8  30.9
1880 929.577     36700 5  196 1100  114  645 0.518 211.3 355.3 -19.9  16.6
1880 929.577     36800 1   78  349   43  193 0.416 185.5 341.1 -17.8   2.4
1880 929.577     36900 7  112  444   63  251 0.450 163.0 330.7 -18.9  -8.0
1880 929.577     37000 6  169  996   89  530 0.333  57.7 321.6  16.6 -17.1
1880 930.304     36600 4   21  159   16  120 0.746 236.0  10.2 -19.8  41.1
1880 930.304     36700 5  287 1204  181  758 0.607 224.5 356.0 -19.8  26.9
1880 930.304     36800 1   76  428   43  242 0.459 206.7 341.6 -17.8  12.5
1880 930.304     36900 7   53  251   30  140 0.435 183.9 330.9 -19.1   1.8
1880 930.304     37000 6  187  832   97  425 0.193  25.6 324.1  16.6  -5.0
188010 1.521     36600 4    2   77    2   86 0.895 244.7  12.0 -19.2  59.0
188010 1.521     36700 5  191 1005  145  772 0.757 236.7 355.2 -19.8  42.2
188010 1.521     36800 1   64  301   40  189 0.604 229.7 341.8 -17.3  28.8
188010 1.521     36900 7   10   51    6   30 0.520 216.6 332.1 -18.5  19.1
188010 1.521     37000 6  150  686   77  357 0.269 312.2 325.0  16.8  12.0
188010 1.521   3610100 2    9   19    5   11 0.482  56.2 287.5  21.5 -25.5
188010 2.396     36700 5   90  594   80  558 0.844 241.2 353.5 -20.1  52.0
188010 2.396     36800 1   23  245   17  178 0.724 238.2 341.7 -17.5  40.2
188010 2.396     36900 7    0    9    0    6 0.644 231.6 333.6 -18.1  32.1
188010 2.396     37000 6  112  702   63  394 0.440 295.4 326.0  16.8  24.5
188010 3.285     36700 5  129  606  175  871 0.937 245.5 355.1 -20.3  65.4
188010 3.285     36800 1   61  292   55  268 0.837 243.7 341.8 -17.9  52.1
188010 3.285     36900 7    3   16    2   12 0.735 235.1 329.6 -20.0  39.9
188010 3.285     37000 6  225 1077  140  669 0.590 288.8 325.3  16.2  35.6
188010 3.285     37400 4   11   63   14   82 0.923 110.5 225.6 -16.1 -64.1
188010 4.268     36700 5   40  229  103  587 0.981 247.0 352.3 -21.1  75.5
188010 4.268     36800 1   30   12   42  170 0.934 247.9 342.3 -18.0  65.5
188010 4.268     36900 7    0   13    0   12 0.843 241.9 328.9 -19.6  52.1
188010 4.268     37000 6  103  562   80  436 0.762 285.7 326.6  16.1  49.8
188010 4.268     37400 4    9   39    8   34 0.822 114.2 225.6 -15.8 -51.2
188010 5.238     36800 1   13   62   40  195 0.987 250.4 342.1 -18.1  78.1
188010 5.238     37000 6  105  330  112  351 0.883 284.9 326.6  16.1  62.6
188010 5.238     37400 4   11   36    8   25 0.697 120.8 225.5 -16.0 -38.5
188010 6.286     37000 6   32  176   62  339 0.966 285.2 326.4  16.3  76.2
188010 6.286     37300 7   13   45    8   27 0.536 192.9 257.8 -25.3   7.6
188010 6.286     37400 4   10   39    6   23 0.544 132.0 225.4 -15.7 -24.8
188010 6.286     37500 1    7   30    8   35 0.905  69.2 184.8  21.5 -65.4
188010 7.575     37200 0    0   11    0   10 0.835 242.8 284.7 -18.7  51.6
188010 7.575     37300 7   23  133   15   86 0.632 213.9 256.2 -26.0  23.1
188010 7.575     37400 4   17   73    9   40 0.402 159.3 224.6 -16.0  -8.5
188010 7.575     37500 1   21   40   13   24 0.764  66.6 184.1  21.8 -49.0
188010 7.575   3610200 0    0   48    0   59 0.872  74.1 171.9  16.9 -61.2
188010 8.551     37200 0    0    6    0    8 0.934 246.5 285.6 -19.4  65.3
188010 8.551     37300 7    0   22    0   17 0.766 227.1 259.2 -26.7  38.9
188010 8.551     37400 4    0   26    0   14 0.377 192.6 225.2 -15.5   4.9
188010 8.551     37500 1    5   66    3   42 0.615  60.4 184.9  22.7 -35.4
188010 8.551   3610300 0    0    8    0   10 0.915  62.0 154.1  28.0 -66.2
188010 9.332     37400 4    7   21    4   12 0.436 216.1 225.3 -14.8  15.4
188010 9.332     37500 1   44  157   25   91 0.490  51.9 185.1  23.1 -24.8
18801010.284     37300 0    0    9    0   10 0.897 236.4 254.0 -26.6  56.6
18801010.284     37310 0    4   15    3   12 0.760 226.1 235.4 -27.2  38.0
18801010.284     37500 4   40  142   21   77 0.362  34.9 184.4  23.1 -13.0
18801010.284     37800 1    7   56    4   31 0.441 213.4 212.0 -15.8  14.6
18801011.486     37310 0    0    4    0    5 0.906 237.2 239.9 -26.4  58.3
18801011.486     37400 4    0   18    0   15 0.787 245.3 229.4 -15.3  47.8
18801011.486     37500 4    9   97    5   51 0.302 358.2 182.2  23.5   0.6
18801011.486     37800 1    9   71    6   45 0.608 234.4 212.5 -15.7  30.9
18801012.431     37400 4    1   24    1   26 0.890 249.6 228.9 -15.2  59.8
18801012.431     37500 4    4   29    2   16 0.401 315.8 186.7  22.3  17.6
18801012.431     37800 0    0    6    0    5 0.764 243.8 214.5 -15.7  45.4
18801012.431     38000 1   16  104   31  196 0.965  67.6  93.1  23.1 -76.0
18801012.431   3610400 2    0   13    0    9 0.716 307.5 210.2  30.3  41.1
18801013.556     37400 4    0   37    0   90 0.979 252.0 230.0 -16.3  75.8
18801013.556     37800 2    0   48    0   51 0.883 250.2 213.3 -14.5  59.1
18801013.556     38000 1   44  172   46  179 0.879  66.7  92.8  23.2 -61.4
18801013.556     38010 7    0   28    0   52 0.965  67.7  78.3  23.0 -75.9
18801014.212     37400 4    4   14   19   69 0.995 251.6 227.8 -17.6  82.2
18801014.212     37800 2   13   39   21   60 0.945 251.8 214.0 -15.1  68.4
18801014.212     38000 1   63  300   53  254 0.809  65.2  92.5  23.3 -53.1
18801014.212     38010 7    4   38    5   49 0.921  67.4  78.2  23.0 -67.4
18801014.212     38100 1    9   44   26  128 0.985  69.4  64.1  21.2 -81.5
18801015.197     38000 1   65  303   44  205 0.672  60.9  92.7  23.4 -39.8
18801015.197     38020 7    0   10    0    7 0.700  67.6  89.1  19.6 -43.4
18801015.197     38100 1    9   59   12   86 0.940  69.6  61.7  21.1 -70.8
18801016.249     38000 1   63  302   37  177 0.519  51.6  92.3  23.8 -26.4
18801016.249     38020 7    0   12    0    7 0.535  60.1  89.1  20.3 -29.6
18801016.249     38100 1   22   98   20   90 0.837  68.0  62.3  21.4 -56.4
18801016.249   3610500 4    6   35    3   19 0.360  26.1 108.7  24.3 -10.0
18801017.288     38000 1   63  311   34  168 0.381  32.3  92.1  24.1 -12.9
18801017.288     38100 1   31  119   21   81 0.679  64.1  64.0  21.4 -41.0
18801018.556     38000 1   51  257   27  136 0.331 350.3  91.8  24.4   3.5
18801018.556     38100 1   32  126   18   72 0.479  53.4  63.9  21.5 -24.4
18801018.556   3610600 0    0   15    0   11 0.720  61.5  44.5  24.0 -43.8
18801019.284     38000 1   79  267   43  145 0.387 327.5  91.9  24.2  13.2
18801019.284     38020 4   97  315   50  165 0.296 319.7  90.3  18.2  11.6
18801019.284     38100 1   50  139   27   75 0.363  40.3  64.1  21.2 -14.6
18801019.284     38210 5    4  103   19  463 0.994 111.2 357.5 -20.3 -81.2
18801020.000     38000 1   61  225   37  135 0.522 309.8  91.6  24.2  26.1
18801020.000     38020 4  122  537   71  312 0.476 300.1  91.2  18.5  25.7
18801020.000     38100 1   50  154   26   80 0.276   5.8  63.8  21.1  -1.7
18801020.000     38210 5   29  314   40  429 0.947 113.8 357.8 -20.6 -67.7
18801021.284     38000 1   46  186   31  125 0.669 301.1  91.2  24.2  38.9
18801021.284     38020 4  140  691   93  459 0.658 293.1  92.1  18.9  39.8
18801021.284     38100 1   49  161   26   85 0.330 326.7  63.5  21.0  11.2
18801021.284     38210 5   64  407   62  396 0.859 118.1 358.1 -20.9 -54.2
18801021.284     38220 4   35  161   19   87 0.369 310.3  69.6  18.7  17.3
18801022.290     38000 1   24   79   20   66 0.803 296.6  90.9  24.2  51.9
18801022.290     38020 4   76  346   66  300 0.816 289.2  93.4  18.5  54.4
18801022.290     38100 1   30  102   17   58 0.479 305.7  63.6  20.8  24.6
18801022.290     38210 5   93  396   69  297 0.745 124.9 358.0 -21.5 -41.0
18801022.290     38220 4   79  376   47  224 0.550 296.7  70.2  18.6  31.2
18801022.290     38230 0    0   26    0   40 0.946  74.7 327.3  16.1 -71.7
18801023.179     38000 1    4   26    5   30 0.899 294.9  91.0  24.5  63.7
18801023.179     38020 4   40  245   52  315 0.922 287.5  95.0  18.0  67.7
18801023.179     38100 1   27   73   17   46 0.617 298.6  62.8  21.2  35.5
18801023.179     38210 5  139  696   90  449 0.632 134.2 358.1 -21.9 -29.2
18801023.179     38220 4  109  504   77  355 0.702 291.8  70.8  18.7  43.5
18801023.179     38230 0    4   17    4   17 0.863  74.5 327.5  15.8 -59.8
18801024.283     38020 4   12   42   43  151 0.991 287.1  96.1  17.6  83.3
18801024.283     38100 1   12   25   10   20 0.785 293.3  63.4  21.2  50.6
18801024.283     38210 5  165  729   95  423 0.505 152.2 358.1 -21.9 -14.7
18801024.283     38220 4   96  449   92  432 0.855 288.4  71.5  18.2  58.7
18801024.283     38230 0    8   24    6   17 0.715  72.3 327.7  16.0 -45.1
18801025.386     38100 1    0   12    0   14 0.905 291.6  63.0  21.5  64.8
18801025.386     38210 5  108  530   61  297 0.447 179.4 357.9 -21.8  -0.3
18801025.386     38220 4   45  153   78  263 0.958 287.1  72.1  17.7  73.9
18801026.284     38210 5   72  273   41  156 0.479 203.8 358.4 -21.5  12.0
18801026.284     38220 4   10   42   47  199 0.994 287.8  71.4  18.2  85.0
18801027.305     38210 5   78  322   48  199 0.586 223.9 358.7 -20.9  25.8
18801027.305     38250 4    3   19    2   11 0.513  74.9 302.5  11.6 -30.4
18801027.305   3620100 2   29   90   16   50 0.422 225.5 350.9 -12.9  18.0
18801028.285     38210 5   63  195   45  141 0.723 236.1 359.8 -20.4  39.8
18801028.285     38250 4    9   47    5   25 0.321  66.5 302.5  11.6 -17.5
18801029.285     38210 5   16   44   15   42 0.855 243.8   1.4 -19.7  54.6
18801029.285     38250 4   36  111   18   56 0.128  20.4 304.2  11.2  -2.6
18801029.285   3620200 2   10   49    6   29 0.516 298.5 335.3  18.1  28.5
18801030.563     38300 7    0   41    0   40 0.860 119.5 235.8 -22.6 -54.2
18801031.293     38300 7   29   59   23   47 0.780 123.6 235.5 -22.7 -44.8
18801031.293     38500 0   12   28    9   21 0.750 117.0 236.0 -17.0 -44.3
188011 1.283     38300 7   15   60   10   40 0.663 131.7 234.8 -22.8 -32.5
188011 1.283     38400 4   48  155   30   96 0.587 292.5 301.7  16.3  34.4
188011 1.283     38500 5    3   26    2   16 0.600 125.8 236.7 -17.1 -30.6
188011 1.283     38600 0    9   35   13   49 0.934 112.2 201.0 -19.1 -66.3
188011 1.283   3620300 0    0   32    0   31 0.862 292.7 326.1  21.6  58.8
188011 1.283   3620400 0    3    9    2    7 0.754 105.8 220.0  -9.1 -47.3
188011 2.478     38300 7    0   24    0   14 0.515 148.8 234.7 -22.4 -16.8
188011 2.478     38400 4   44  218   35  179 0.791 287.6 303.3  16.3  51.8
188011 2.478     38500 5   20  190   11  105 0.425 143.9 236.4 -16.3 -15.1
188011 2.478     38600 0    5   24    4   21 0.816 115.9 200.8 -18.4 -50.7
188011 2.478     38700 0    0    7    0    9 0.928 107.7 185.4 -14.8 -66.1
188011 3.469     38400 4    9   59   12   68 0.900 285.1 302.8  15.2  64.3
188011 3.469     38500 5   43  179   23   97 0.363 169.7 234.6 -17.1  -3.9
188011 3.469     38600 0    7   34    5   24 0.696 122.0 200.0 -18.7 -38.5
188011 3.469     38700 0    3   11    3   10 0.833 111.7 185.0 -15.7 -53.5
188011 4.575     38500 5   36  119   20   65 0.396 205.5 234.2 -17.3  10.3
188011 4.575     38600 0   12   35    7   21 0.538 134.3 199.9 -18.7 -24.0
188011 4.575     38700 0    0    7    0    5 0.684 117.9 185.0 -15.8 -38.9
188011 4.575   3620500 0    4   14    2    8 0.423  40.2 206.7  22.4 -17.2
188011 5.250     38500 5   33  110   19   62 0.468 221.3 233.8 -17.2  18.9
188011 5.250     38600 0   12   34    7   19 0.447 147.5 200.2 -18.7 -14.7
188011 8.404   3620600 2    0   15    0   30 0.953 299.5 245.0  29.1  71.7
188011 9.404   3620700 0    0   19    0   11 0.480 124.0 136.1 -12.7 -24.1
188011 9.404   3620800 7    3   16    2   11 0.691  80.1 116.6   9.1 -43.6
18801113.283     39200 2   17   71   15   64 0.831  66.1  54.5  21.2 -54.6
18801114.344     39200 2  103  324   69  220 0.674  59.6  56.2  21.9 -38.8
18801114.344   3620900 0    0    6    0    7 0.906 108.8  32.0 -15.8 -63.0
18801115.300     39200 0  291  934  171  548 0.527  50.6  56.5  21.7 -26.0
18801116.448     39200 0  126  775   68  419 0.377  26.4  57.0  22.0 -10.4
18801117.295     39200 0  164  662   88  356 0.337 358.3  56.8  21.9   0.6
18801117.295     39400 4   60  157   33   86 0.393 132.2  38.8 -13.2 -17.4
18801118.760     39200 0   40  520   22  283 0.385 335.1  56.0  22.5  10.1
18801118.760     39300 2    0  127    0   66 0.230 210.1  52.6  -9.4   6.7
18801118.760     39400 4   30  238   16  125 0.306 152.4  37.5 -13.7  -8.4
18801119.545     39200 0   64  375   39  230 0.578 307.3  56.3  22.2  29.8
18801119.545     39300 3   81  540   48  315 0.511 246.8  55.0  -9.9  28.5
18801119.545     39400 4   43  287   23  153 0.339 219.8  39.4 -13.2  12.9
18801119.545     39500 0    0    8    0    6 0.727  62.8 342.7  20.8 -43.8
18801120.558     39200 7   32  328   23  238 0.721 299.3  55.9  22.0  42.7
18801120.558     39300 3  103  592   72  411 0.691 253.9  55.5  -9.7  42.3
18801120.558     39400 4   78  230   45  133 0.496 239.4  39.2 -13.0  26.0
18801121.000     39200 7   45  257   42  240 0.835 295.4  55.6  22.0  54.4
18801121.000     39300 3   90  387   80  342 0.823 257.1  55.6  -9.6  54.5
18801122.384     39200 7   47  186   61  242 0.923 293.2  55.2  22.0  66.1
18801122.384     39300 3   68  212   87  274 0.922 259.1  55.7  -9.4  66.6
18801123.309     39200 7   22   41   60  111 0.983 292.0  56.2  21.9  79.3
18801123.309     39300 3   25  101   65  278 0.984 260.2  56.2  -9.4  79.3
18801124.302     39600 4    9   44   10   46 0.878 110.2 264.3 -17.0 -59.5
18801124.302     39700 6  149  653  247 1074 0.953  67.3 252.4  22.0 -71.4
18801125.515     39500 0    9   42    6   27 0.622 303.0 341.7  20.8  33.9
18801125.515     39600 4   48  154   35  112 0.723 115.7 264.7 -17.4 -43.1
18801125.515     39700 6  216 1334  198 1238 0.843  64.8 252.6  21.7 -55.2
18801125.515     39800 0    0   10    0   20 0.969 115.6 234.2 -24.4 -73.6
18801126.182     39600 4   52  174   33  113 0.633 120.7 264.1 -18.0 -34.9
18801126.182     39700 6  343 1871  269 1449 0.763  62.6 252.4  21.3 -46.6
18801126.182     39800 0    3   31    4   40 0.920 117.3 235.0 -24.5 -64.0
18801127.552     39500 0    0   14    0   15 0.890 293.7 342.1  21.4  61.1
18801127.552     39600 4    6   37    3   20 0.388 144.1 267.2 -17.4 -13.8
18801127.552     39700 5  300 2015  182 1215 0.555  52.0 253.1  20.8 -27.9
18801127.552     39800 0    9   20    7   16 0.782 123.1 234.9 -24.6 -46.1
18801127.552   3630100 2    0   15    0   15 0.862 243.7 337.4 -21.9  56.4
18801128.284     39700 5  521 2123  293 1191 0.442  39.2 253.9  20.8 -17.4
18801128.284     39800 1    3   31    2   21 0.675 128.5 235.9 -24.2 -35.4
18801129.403     39700 5  436 1854  233  989 0.343   7.4 253.9  20.6  -2.7
18801129.403     39800 0    8   14    5    8 0.529 143.1 236.2 -24.4 -20.4
18801130.488     39700 5  236 1347  129  738 0.395 329.7 254.6  20.5  12.3
188012 1.185     39700 5  201 1232  115  704 0.484 313.6 255.0  19.9  21.9
188012 2.000     39700 5  140  834   97  575 0.643 301.7 255.6  20.0  35.6
188012 3.185     39700 5   96  544   79  446 0.790 295.6 256.1  20.1  49.3
188012 3.185     40000 1   56  326   82  571 0.952 105.2 135.2 -14.4 -71.6
188012 4.288     39700 5   71  433   83  504 0.903 292.0 255.1  19.8  62.9
188012 4.288     40000 1  102  675  109  675 0.864 106.3 133.5 -14.0 -58.7
188012 4.288   3630200 0    0    9    0   15 0.971 293.9 267.2  23.2  75.0
188012 5.000     40000 1  162  894  114  627 0.744 108.9 133.3 -14.0 -46.5
188012 6.187     40000 1  190  929  120  579 0.595 113.5 133.0 -13.9 -34.2
188012 6.187     40020 4   44  256   24  138 0.372  31.5 155.4  18.3 -11.8
188012 7.186     40000 1  194 1113  107  606 0.393 126.8 135.1 -13.9 -18.9
188012 7.186     40020 4   61  252   32  133 0.317 353.4 156.2  18.0   2.2
188012 7.186   3630300 2   21   74   20   70 0.849 292.9 209.9  19.1  55.9
188012 7.186   3630400 0    3   24    2   17 0.698 114.1 112.3 -16.8 -41.7
188012 8.000     40000 1  188 1166   97  600 0.246 162.4 135.8 -14.0  -4.4
188012 9.284     40000 1  166 1136   87  595 0.288 216.2 136.5 -14.0  10.1
18801210.479     40000 1  155  926   89  531 0.483 241.9 136.7 -13.8  26.0
18801211.465     40000 1  182  807  120  532 0.651 250.7 136.8 -13.1  39.1
18801212.275     40000 1  110  566   88  447 0.774 253.0 136.5 -13.7  49.6
18801213.324     40000 1   99  430  111  481 0.895 255.1 136.1 -13.8  62.9
18801216.234     40200 0   19   55   29   86 0.948  74.9 324.4  13.8 -70.4
18801217.274     40100 4   21   90   26  110 0.914  64.2 317.9  22.7 -63.2
18801217.274     40200 0   25   71   24   68 0.855  73.0 323.8  13.6 -57.3
18801218.279     40100 4   28  110   24   94 0.813  58.9 318.4  23.7 -49.5
18801218.279     40200 0   31   62   22   44 0.713  68.6 324.8  13.8 -43.1
18801219.182     40100 4   31  124   21   84 0.678  50.9 320.9  23.8 -35.1
18801219.182     40200 0   31  124   19   75 0.562  61.8 325.3  13.8 -30.7
18801220.187     40100 4   30  148   18   88 0.541  36.9 321.9  23.8 -20.8
18801220.187     40200 0   33  147   18   80 0.391  47.3 325.5  13.5 -17.2
18801221.391     40100 4   28   50   16   28 0.448   8.4 322.7  24.2  -4.1
18801221.391     40200 0   46  146   24   76 0.271 358.9 327.1  13.6   0.3
18801221.391     40300 0   31  133   64  277 0.972  68.2 252.2  20.6 -74.6
18801222.284     40100 4   16   42    9   24 0.458 346.2 322.0  24.2   6.9
18801222.284     40200 0   30   64   16   34 0.337 323.8 326.9  13.6  11.8
18801222.284     40300 0   59  294   75  377 0.922  66.3 250.5  20.8 -64.6
18801223.411     40100 4   12   57    7   34 0.549 326.0 320.1  24.9  19.8
18801223.411     40200 1   23   81   13   47 0.481 305.8 324.0  14.2  23.7
18801223.411     40300 0   82  406   69  341 0.805  61.9 250.9  20.8 -49.4
18801224.439     40100 0    6   31    4   21 0.677 311.3 320.8  24.5  34.0
18801224.439     40200 1   58  185   38  119 0.619 295.8 321.8  13.6  35.0
18801224.439     40300 0  117  496   79  335 0.672  55.1 250.7  20.6 -36.1
18801225.000     40300 0  102  477   60  280 0.556  45.3 250.5  20.7 -25.0
18801226.164     40300 0   74  398   42  225 0.456  29.3 250.2  20.8 -13.8
18801227.279     40300 0  113  617   62  337 0.401 357.7 250.3  20.8   1.0
18801227.279     40600 1   59  294   61  316 0.884 122.8 190.1 -30.1 -59.2
18801228.272     40300 0   75  363   42  204 0.454 332.9 249.0  21.0  12.8
18801228.272     40600 1   31  118   24   92 0.767 129.1 192.2 -31.1 -44.0
18801229.243     40300 0   92  434   56  263 0.568 313.1 249.7  20.1  26.2
18801229.243     40600 1   59  155   39  103 0.661 135.5 190.9 -30.7 -32.6
18801230.289     40300 0   59  355   42  252 0.711 302.3 249.4  19.9  39.7
18801230.289     40500 7   21  110   11   57 0.269 167.6 206.2 -18.4  -3.5
18801230.289     40600 1   77  309   46  185 0.547 149.4 190.7 -31.1 -19.0
18801231.578     40300 0   44  277   38  233 0.865 295.9 248.8  20.4  56.1
18801231.578     40400 0   87  274   47  148 0.376 228.5 209.9 -17.6  17.2
18801231.578     40500 7   86  246   46  131 0.340 214.9 204.6 -19.4  11.9
18801231.578     40600 1   53  289   30  165 0.481 175.2 190.0 -31.9  -2.7
