1886 1 1.210    181900 8   14  142   10   98 0.685 284.4 245.5   7.3  42.0
1886 1 1.210    182000 1    9  152   10  168 0.891  78.2 141.5   8.9 -62.0
1886 1 2.424    181900 7   13   68   13   70 0.871 280.7 247.2   7.6  59.7
1886 1 2.424    182000 0   10   86    8   64 0.739  74.5 141.4   9.0 -46.1
1886 1 2.424    182100 0    4  133   12  403 0.986 102.6 106.4 -13.0 -81.1
1886 1 3.000         0 0    0    0    0    0 0.000   0.0   0.0   0.0   0.0
1886 1 4.240    182000 0   12   58    7   32 0.429  58.6 141.6   9.5 -21.8
1886 1 4.240    182100 2   92  629   89  617 0.855 103.3 104.6 -13.3 -58.8
1886 1 4.240   4310300 7    2   27    1   22 0.784  96.1 111.6  -7.1 -51.8
1886 1 5.492    182000 0    7   32    4   17 0.249  22.3 141.6   9.5  -5.5
1886 1 5.492    182100 3  112  832   76  565 0.680 106.4 104.9 -13.9 -42.2
1886 1 6.216    182000 0   10   20    5   10 0.242 344.8 141.2   9.6   3.7
1886 1 6.216    182100 3  123  809   74  491 0.561 109.0 104.4 -13.8 -33.1
1886 1 7.148    182000 0    2   13    1    7 0.361 309.5 141.7   9.4  16.4
1886 1 7.148    182100 3  202 1020  110  556 0.397 117.1 103.9 -14.2 -21.4
1886 1 7.148    182300 7   13   59    6   30 0.038 161.4 124.6  -6.1  -0.7
1886 1 7.148    182400 2    0   11    0    7 0.555  60.0  95.8  12.6 -29.5
1886 1 8.216    182100 7  124  957   57  490 0.210 147.4 104.5 -14.3  -6.7
1886 1 8.216    182300 7    5   53    3   28 0.265 262.0 126.5  -6.1  15.3
1886 1 8.216    182400 0    0   17    0   10 0.410  43.3  94.4  13.4 -16.8
1886 1 8.216    182600 7   10  157   25  406 0.981  93.4  32.1  -4.1 -79.1
1886 1 8.216   4310400 0    0    4    0    4 0.834  98.9  54.5  -9.7 -56.7
1886 1 9.196    182100 7  118  868   61  445 0.200 212.8 104.7 -13.9   6.4
1886 1 9.196    182300 0    0   13    0    7 0.478 265.0 126.9  -6.1  28.6
1886 1 9.196    182400 0    0    6    0    3 0.278   0.4  98.2  11.9  -0.1
1886 1 9.196    182600 7   59  366   70  453 0.915  92.5  31.9  -4.0 -66.4
1886 110.155    182100 3  147  848   79  453 0.338 239.6 103.2 -14.0  17.5
1886 110.155    182300 2    0    7    0    4 0.645 264.9 126.0  -6.6  40.3
1886 110.155    182400 0    0    7    0    4 0.341 323.7  97.6  11.7  11.9
1886 110.155    182600 7  114  532   95  448 0.799  91.6  32.5  -3.9 -53.2
1886 111.210    182100 3  123  680   75  410 0.560 251.1 104.8 -14.2  33.1
1886 111.210    182600 7  112  737   72  480 0.632  90.9  32.4  -4.0 -39.3
1886 111.210    182700 1    3  118    2   80 0.684 258.4 114.8 -11.2  43.1
1886 112.231    182100 3   87  481   64  353 0.734 255.8 105.3 -13.5  47.0
1886 112.231    182600 7  104  714   58  395 0.425  88.8  33.1  -3.6 -25.2
1886 112.231    182700 1   20  151   19  138 0.837 260.7 115.4 -10.3  57.1
1886 112.231    182800 8   28  181   17  107 0.531 101.0  26.4  -9.7 -31.9
1886 113.266    182100 3   62  350   64  361 0.874 256.1 105.9 -14.4  61.2
1886 113.266    182600 7   88  747   46  382 0.204  86.3  32.9  -3.8 -11.8
1886 113.266    182700 0   10   76   17  122 0.951 259.1 117.2 -11.8  72.5
1886 113.266    182800 5  106  668   55  350 0.293 110.6  28.5 -10.4 -16.2
1886 113.266    182900 7    0   44    0   90 0.970  79.1 329.9   9.4 -74.8
1886 114.524    182100 3    8   80   18  170 0.972 256.6 105.2 -14.1  77.1
1886 114.524    182600 7   35  415   18  208 0.096 285.1  33.4  -3.3   5.3
1886 114.524    182800 3  153 1242   77  625 0.105 205.1  30.7 -10.2   2.6
1886 114.524    182900 8    6  233   10  224 0.855  76.8 330.7   8.7 -57.4
1886 115.257    182100 3    0   17    0  100 0.997 256.0 105.1 -14.3  86.5
1886 115.257    182600 7   55  431   28  222 0.256 275.0  33.4  -3.4  14.8
1886 115.257    182800 3  173 1407   89  722 0.231 246.1  31.0 -10.1  12.4
1886 115.257    182900 7   43  254   32  189 0.740  73.1 332.8   9.1 -45.8
1886 116.451    182600 7   50  311   28  181 0.508 271.1  33.4  -3.7  30.6
1886 116.451    182800 2  174 1299  100  741 0.478 257.7  31.1 -10.2  28.3
1886 116.451    182900 7   42  326   24  195 0.537  65.5 333.2   8.6 -29.6
1886 116.451    183000 2    0   21    0   43 0.971  91.6 286.4  -2.7 -76.4
1886 117.541    182600 7    5  137    3   95 0.691 270.2  32.1  -3.5  43.8
1886 117.541    182800 2  111 1428   77  956 0.665 260.8  30.1  -9.9  41.8
1886 117.541    182900 7   26  207   15  111 0.346  46.9 333.5   8.8 -14.8
1886 117.541    183000 0    0    5    0    5 0.869  89.7 287.9  -2.2 -60.4
1886 117.541   4320100 0    0   10    0   14 0.931  94.3 279.3  -5.8 -69.0
1886 118.000         0 0    0    0    0    0 0.000   0.0   0.0   0.0   0.0
1886 119.508    182800 1   27  517   34  650 0.918 261.3  29.7 -10.0  67.2
1886 119.508    182900 7    0   47    0   24 0.349 314.5 337.1   9.1  14.6
1886 120.514    182800 1   14  175   39  530 0.986 260.9  30.6  -9.8  81.1
1886 120.514    182900 7    4   38    2   22 0.526 298.4 337.5   9.8  28.0
1886 121.142    182800 1    0   27    0  161 0.997 259.9  27.2 -10.5  86.2
1886 121.142    182900 7    5   64    4   42 0.640 291.7 338.1   9.4  37.1
1886 122.213    182900 7    2    8    2    7 0.813 285.9 339.4   9.6  52.5
1886 123.239   4320200 2    0   20    0   11 0.156 251.7 281.9  -8.3   8.6
1886 130.263    183300 0    0  110    0  196 0.960 103.6 106.3 -14.7 -74.7
1886 131.231    183300 1   20  159   21  167 0.878 103.5 106.1 -14.8 -62.0
1886 2 1.480    183300 1   32  254   23  182 0.714 104.9 106.1 -15.0 -45.6
1886 2 2.289    183300 5   67  403   41  246 0.568 108.5 107.1 -15.6 -34.0
1886 2 3.280    183300 5   81  403   44  219 0.374 114.8 107.4 -15.0 -20.6
1886 2 4.567    183300 5   45  419   24  213 0.163 163.8 108.4 -15.4  -2.7
1886 2 4.567    183500 0   23  229   45  441 0.966  98.7  35.3 -10.0 -75.8
1886 2 4.567   4320300 0    0   26    0   13 0.075 262.0 115.4  -7.0   4.3
1886 2 5.148    183300 5   39  360   23  209 0.184 213.2 109.4 -15.3   6.0
1886 2 5.148    183500 0   55  348   75  476 0.930  97.6  34.2  -9.4 -69.2
1886 2 6.479    183300 5   30  201   16  109 0.398 248.0 108.3 -14.6  22.4
1886 2 6.479    183500 0   66  567   52  449 0.775  97.3  34.6  -9.8 -51.3
1886 2 7.239    183300 5   15  172    9  102 0.533 252.0 107.5 -15.1  31.7
1886 2 7.239    183500 0  182  757  120  498 0.656  96.9  34.5  -9.5 -41.3
1886 2 7.239    183600 0   12   75    6   41 0.401  55.3  56.4   7.0 -19.4
1886 2 8.459    183300 5   22  101   16   78 0.761 256.1 109.7 -14.9  49.8
1886 2 8.459    183500 1  128  820   71  453 0.420  98.3  35.0  -9.5 -24.9
1886 2 8.459    183600 0   18   89    9   46 0.237   4.6  58.8   7.0  -1.1
1886 2 8.459    183700 2    0   12    0   10 0.829 266.5 116.3  -6.6  56.4
1886 2 8.459    183800 3   14   57    8   31 0.454  67.2  35.1   4.1 -24.8
1886 2 9.449    183300 5    9   54   10   68 0.916 258.2 113.8 -13.5  67.2
1886 2 9.449    183500 1  134  861   69  441 0.203 104.6  35.3  -9.5 -11.5
1886 2 9.449    183600 0   12   29    6   16 0.320 316.5  59.6   6.9  12.8
1886 2 9.449    183700 2    7   72   11   99 0.933 265.6 116.2  -6.5  69.4
1886 2 9.449    183800 3    0   26    0   13 0.273  46.3  35.4   4.3 -11.4
1886 210.150    183300 0    0   10    0   13 0.924 256.5 106.2 -15.0  68.5
1886 210.150    183500 1  167  892   83  446 0.058 145.9  35.8  -9.5  -1.9
1886 210.150    183600 0    4   20    2   11 0.447 299.7  60.7   6.6  23.0
1886 210.150    183700 3    0   21    0   50 0.977 263.8 116.1  -7.5  78.4
1886 210.150    183800 3    0   60    0   30 0.193   2.6  37.2   4.4  -0.5
1886 211.151    183300 0    0    7    0   18 0.980 256.1 104.5 -14.9  80.0
1886 211.151    183500 1  152  957   77  486 0.191 256.0  35.3  -9.3  10.8
1886 211.151    183600 0    0    9    0    6 0.627 289.9  60.9   6.9  36.4
1886 211.151    184000 0    0    8    0    4 0.223   7.2  22.6   6.0  -1.6
1886 211.151    184100 2    0   10    0   12 0.915  99.3 317.5 -11.2 -67.0
1886 211.151   4320400 0    5   15    3   10 0.680 263.8  67.7  -9.2  43.2
1886 212.180    183500 1  160  817   89  454 0.414 262.3  35.5  -9.4  24.6
1886 212.180    184000 4    0   49    0   25 0.327 312.3  25.0   6.1  14.1
1886 212.180    184100 3    0   36    0   29 0.793  97.1 317.9  -9.8 -53.0
1886 213.170    183500 1  136  684   87  438 0.615 263.5  36.1  -9.4  38.3
1886 213.170    184000 4   26  182   14  103 0.513 292.5  26.2   5.3  28.4
1886 213.170    184100 0    0    5    0    3 0.621  97.0 319.1  -9.7 -38.7
1886 214.186    183500 1   67  425   52  333 0.772 263.4  35.4  -9.5  51.0
1886 214.186    184000 4   18  115   12   75 0.668 286.4  24.5   5.6  40.1
1886 215.250    183500 0   56  262   66  311 0.906 262.9  36.1  -9.3  65.7
1886 215.250    184000 4    0   59    0   55 0.853 280.2  27.8   5.0  57.4
1886 216.186    183500 0   24  115   53  259 0.975 261.9  36.3  -9.4  78.1
1886 216.186    184000 4    8   71   10   90 0.930 279.8  25.5   6.5  67.3
1886 217.251    184000 4    3   37   10  126 0.993 276.5  26.4   5.6  82.3
1886 217.251    184200 0    2   19    4   45 0.977 104.6 225.1 -15.7 -79.0
1886 218.181    184200 0    3   38    4   47 0.914 104.7 224.8 -16.3 -67.0
1886 219.277    184200 0    8   39    7   32 0.793 106.2 224.6 -17.1 -52.8
1886 220.162    184200 0    4   45    3   30 0.663 108.3 224.4 -17.4 -41.3
1886 220.162    184300 9   14  193    7  100 0.276 118.3 251.2 -14.4 -14.5
1886 221.112    184200 0    3   12    2    7 0.499 113.2 224.3 -17.6 -28.8
1886 221.112    184300 4   23  104   12   54 0.129 174.0 252.3 -14.5  -0.8
1886 222.525    184200 0    0   17    0    9 0.248 138.7 224.7 -17.8  -9.9
1886 222.525    184300 4    0   86    0   46 0.325 247.1 252.6 -14.1  18.0
1886 223.157    184200 0    0   15    0    8 0.186 172.3 224.9 -17.8  -1.5
1886 223.157    184300 4    0   15    0    9 0.504 256.5 256.6 -13.0  30.2
1886 225.200    184300 0    0    3    0    3 0.832 260.0 256.4 -12.3  57.0
1886 225.200    184400 2    0   32    0   35 0.891  96.6 135.7  -9.1 -63.7
1886 226.428    184400 5   11   81    7   57 0.700  95.9 138.2  -9.3 -44.9
1886 226.428   4330100 0    1   15    1    8 0.235 340.2 187.7   5.6   4.6
1886 227.472    184400 5    0   44    0   25 0.486  96.2 140.1  -9.3 -29.3
1886 228.196    184400 5    7   84    4   44 0.330  96.0 140.5  -8.8 -19.4
1886 228.196    184700 2    8  138   15  283 0.970 105.5  82.5 -16.7 -77.4
1886 228.196    184800 0    0   22    0   80 0.990  94.3  77.3  -5.2 -82.6
1886 3 1.207    184400 5    5   64    2   32 0.155 108.0 138.1  -9.9  -8.6
1886 3 1.207    184600 4   16   44   10   26 0.468 253.2 174.2 -14.2  27.5
1886 3 1.207    184700 3   66  770   72  876 0.898 105.2  81.9 -16.8 -64.8
1886 3 1.207    184800 0   19   87   27  120 0.931  93.0  77.6  -5.4 -69.1
1886 3 2.454    184400 5    2    8    1    4 0.209 258.9 142.3  -9.4  12.0
1886 3 2.454    184600 0    0   16    0   12 0.740 257.8 178.5 -13.9  48.2
1886 3 2.454    184700 7   95 1280   71  961 0.742 106.7  82.2 -17.2 -48.1
1886 3 2.454    184800 2   21  106   17   86 0.791  92.0  77.7  -6.0 -52.6
1886 3 2.454    184900 2   16   75    8   38 0.188  36.4 123.9   1.5  -6.4
1886 3 3.435    184400 5    0   11    0    6 0.421 263.0 142.3  -9.5  25.1
1886 3 3.435    184600 0    0   17    0   17 0.874 258.7 179.0 -13.4  61.8
1886 3 3.435    184700 7   95 1317   57  808 0.575 109.9  82.7 -17.3 -34.5
1886 3 3.435    184800 2   22  110   14   72 0.638  90.7  77.3  -6.0 -39.9
1886 3 3.435    184900 3   17  195    8   99 0.196 318.9 124.6   1.3   7.4
1886 3 3.435    185000 2    3   24    2   14 0.370 323.3 130.2  10.2  13.0
1886 3 3.435    185100 0    9   58   20  127 0.974  91.8  39.9  -3.4 -77.3
1886 3 3.435    185200 0    8   62   24  194 0.987  97.8  35.4  -8.8 -81.8
1886 3 4.473    184400 5    0   13    0    9 0.628 263.7 142.7  -9.6  39.3
1886 3 4.473    184700 7  120 1285   64  703 0.393 118.3  82.3 -17.5 -21.3
1886 3 4.473    184800 2    6   78    3   44 0.447  88.7  76.9  -5.9 -26.7
1886 3 4.473    184900 2   11  382    6  205 0.378 292.7 124.0   1.6  20.4
1886 3 4.473    185000 2    0   27    0   16 0.522 301.8 130.3   9.5  26.7
1886 3 4.473    185100 0   16   96   18  108 0.905  83.1  39.5   3.1 -64.1
1886 3 4.473    185200 0   24  164   32  220 0.928  96.6  34.7  -8.8 -68.9
1886 3 4.473    185300 5   12   74   32  196 0.983  93.7  23.8  -5.0 -79.8
1886 3 5.217    184700 7  139 1165   79  603 0.244 136.8  83.6 -17.4 -10.1
1886 3 5.217    184800 2   27   71   14   37 0.275  85.7  77.7  -5.8 -16.0
1886 3 5.217    184900 3   61  479   36  284 0.546 283.5 125.8   1.2  32.1
1886 3 5.217    185000 2    6   27    4   17 0.662 293.3 131.8   9.5  38.1
1886 3 5.217    185100 1   25  149   21  126 0.811  81.4  40.3   2.7 -53.4
1886 3 5.217    185200 0   31  228   29  214 0.845  95.4  35.4  -8.4 -58.3
1886 3 5.217    185300 5   45  473   62  701 0.939  92.5  23.4  -4.8 -70.3
1886 3 6.226    184700 7   92  959   47  489 0.185 199.4  84.2 -17.3   3.7
1886 3 6.226    184800 2    5   22    3   11 0.049  61.7  78.0  -5.9  -2.5
1886 3 6.226    184900 2   99  822   75  602 0.737 278.4 127.3   1.2  46.8
1886 3 6.226    185000 0    1   13    1   12 0.838 285.7 135.3   9.0  54.8
1886 3 6.226    185100 1   38  194   24  126 0.655  78.1  40.6   2.2 -39.9
1886 3 6.226    185200 0   50  316   35  220 0.699  94.2  35.7  -8.1 -44.8
1886 3 6.226    185300 5  123  819  112  762 0.844  90.9  22.7  -4.6 -57.8
1886 3 7.507    184700 7   67  705   36  384 0.376 241.3  83.8 -17.2  20.2
1886 3 7.507    184800 2    0   14    0    7 0.253 274.7  78.3  -5.8  14.7
1886 3 7.507    184900 2   88  541   99  618 0.900 274.3 127.5   0.7  63.9
1886 3 7.507    185100 0   30  213   16  117 0.417  67.0  41.0   2.7 -22.6
1886 3 7.507    185200 0   52  338   29  192 0.464  94.7  35.7  -8.6 -27.9
1886 3 7.507    185300 5  168 1143  110  763 0.657  89.6  22.3  -5.2 -41.3
1886 3 8.430    184700 2   71  654   43  396 0.555 249.5  84.4 -17.3  33.0
1886 3 8.430    184900 2   44  449   85  890 0.969 273.4 126.7   1.5  75.3
1886 3 8.430    185100 1   28  279   14  144 0.248  46.1  41.1   2.8 -10.3
1886 3 8.430    185200 0   52  378   27  196 0.266  96.2  35.9  -8.6 -15.5
1886 3 8.430    185300 5  197 1397  112  799 0.480  88.3  22.6  -5.5 -28.8
1886 3 9.448    184700 2   51  436   37  318 0.724 253.4  84.4 -17.0  46.5
1886 3 9.448    185100 0   20  231   10  116 0.181 340.3  41.4   2.6   3.5
1886 3 9.448    185200 0   46  374   23  187 0.040 121.0  35.9  -8.4  -2.0
1886 3 9.448    185300 5  129 1469   67  765 0.271  83.5  22.2  -5.2 -15.7
1886 310.419    184700 2   18  288   17  276 0.854 254.5  84.6 -17.0  59.4
1886 310.419    185100 0   18  227    9  118 0.333 300.0  42.0   2.7  16.8
1886 310.419    185200 0   50  368   26  188 0.187 263.4  36.0  -8.3  10.8
1886 310.419    185300 5  178 1329   88  665 0.057  54.8  22.5  -5.3  -2.7
1886 311.405    185200 5   37  576   20  317 0.403 263.2  35.9  -9.3  23.9
1886 311.465    184700 2    5  136    5  210 0.947 254.2  83.9 -17.2  72.5
1886 311.465    185100 0   24  157   14   91 0.533 286.8  42.1   2.7  30.7
1886 311.465    185300 5  153 1383   78  705 0.196 279.0  22.6  -5.3  11.2
1886 312.207    185100 0   17  132   12   93 0.668 281.9  42.4   2.5  40.9
1886 312.207    185200 5   75  480   48  307 0.563 264.2  36.1  -9.2  34.6
1886 312.207    185300 5  178 1175   99  653 0.361 273.8  22.7  -5.3  21.2
1886 313.569    185100 0    6   44    5   43 0.863 276.8  42.7   2.2  59.0
1886 313.569    185200 5   38  341   31  274 0.780 264.2  35.5  -9.0  51.8
1886 313.569    185300 5  142  969   92  629 0.631 270.9  23.0  -5.0  39.3
1886 314.219    185100 0    2   34    3   44 0.929 275.4  42.8   2.3  67.7
1886 314.219    185200 5   44  246   45  244 0.864 263.7  35.5  -9.0  60.4
1886 314.219    185300 0  201  798  149  592 0.739 269.7  23.0  -5.0  47.9
1886 315.229    185200 5   12  101   21  182 0.960 262.8  36.2  -8.9  74.5
1886 315.229    185300 0  104  601  109  632 0.878 268.0  23.5  -5.1  61.8
1886 316.327    185300 0   56  296  113  603 0.969 267.3  23.4  -4.3  76.1
1886 316.327    185400 4    5   32    3   17 0.404 261.0 331.2 -10.1  23.9
1886 317.440    185400 6   18  103   11   68 0.652 263.9 333.7  -9.3  41.1
1886 318.202    185400 2   19  179   15  142 0.777 263.4 334.0  -9.5  51.5
1886 318.202    185500 2    0    6    0    9 0.942 100.6 211.1 -12.3 -71.4
1886 318.202    185600 5    8   65   35  268 0.993  84.1 200.2   5.0 -82.3
1886 319.465    185400 1    5   45    8   60 0.927 263.3 334.7  -8.8  68.7
1886 319.465    185500 0    0   11    0    9 0.791 100.3 213.2 -12.4 -52.8
1886 319.465    185600 5   30  215   39  275 0.919  81.6 200.1   4.9 -65.9
1886 319.465    185700 2    0   52    0   36 0.708 258.6 311.4 -13.0  45.4
1886 320.159    185400 1    8   74   21  171 0.975 262.4 334.8  -8.9  78.0
1886 320.159    185500 0    4   15    2   11 0.729  99.7 209.6 -11.8 -47.2
1886 320.159    185600 5   46  335   46  329 0.861  79.7 198.5   5.2 -58.3
1886 320.159    185700 2    0   14    0   12 0.824 259.2 312.9 -12.8  56.1
1886 320.159    185800 7    4   97    2   51 0.270  53.3 244.3   2.5 -12.5
1886 321.196    185500 8    2   27    1   16 0.522 102.9 211.7 -12.6 -31.4
1886 321.196    185600 5   62  390   45  280 0.713  75.5 199.2   5.3 -43.9
1886 321.196    185800 5   50  210   24  106 0.160 352.5 244.3   2.2   1.2
1886 322.205    185500 8    0    4    0    2 0.335 107.5 210.7 -12.3 -19.1
1886 322.205    185600 5   97  592   57  354 0.543  68.4 199.3   5.6 -30.5
1886 322.205    185800 5   45  184   24   98 0.325 296.6 246.7   1.8  16.9
1886 323.141    185600 5  164  594   88  319 0.375  56.4 199.1   5.5 -18.3
1886 323.141    185800 5   36  187   21  110 0.518 284.8 247.5   1.7  30.1
1886 323.141    185900 3    0   70    0  203 0.986  87.8 137.2   1.0 -80.2
1886 324.466    185600 5   97  633   50  325 0.211   3.3 199.3   5.4  -0.7
1886 324.466    185800 0    8   54    6   42 0.761 277.3 249.0   1.1  49.0
1886 324.466    185900 3   32  415   38  505 0.914  85.2 134.4   1.6 -65.6
1886 325.594    185600 5   62  557   33  294 0.323 309.4 199.7   5.3  14.5
1886 325.594    185800 0    2   26    3   30 0.898 273.4 248.9   0.1  63.7
1886 325.594    185900 3   79  559   64  441 0.773  83.0 135.1   1.1 -50.1
1886 326.426    185600 5   70  516   40  295 0.474 294.9 199.8   5.5  25.6
1886 326.426    185900 3   63  733   41  481 0.652  80.1 134.2   1.3 -40.0
1886 326.426    186000 7    0   22    0   22 0.869 104.4 113.2 -15.8 -61.0
1886 327.116    185600 5   78  428   48  262 0.600 288.4 200.0   5.5  34.9
1886 327.116    185900 3  113  741   64  420 0.519  76.5 134.8   1.2 -30.3
1886 327.116    186000 7   23  118   19   95 0.788 105.9 112.8 -16.6 -52.3
1886 328.188    185600 5   42  281   33  221 0.769 282.7 199.8   5.4  48.9
1886 328.188    185900 3   80  668   41  348 0.299  64.2 135.3   1.1 -15.6
1886 328.188    186000 3   81  483   52  303 0.607 109.1 114.1 -16.8 -36.8
1886 329.421    185600 5   22  143   27  176 0.914 279.1 199.6   5.6  65.0
1886 329.421    185900 3   94  488   47  244 0.133 350.9 135.8   1.0   1.2
1886 329.421    186000 3   51  929   27  499 0.371 119.5 114.9 -16.7 -19.7
1886 329.421    186100 0    0   13    0   27 0.971 100.6  57.3 -11.8 -77.3
1886 330.232    185600 5    9   57   28  172 0.975 277.2 200.2   5.5  76.3
1886 330.232    185900 2   73  525   38  273 0.254 301.0 136.5   1.2  12.6
1886 330.232    186000 3  127 1008   65  518 0.230 141.5 115.3 -16.8  -8.6
1886 330.232    186100 1    8   34   12   47 0.936 100.3  53.7 -11.9 -70.2
1886 330.232    186200 2    0   14    0   18 0.922  96.7  56.1  -8.7 -67.8
1886 331.418    185900 3   60  438   35  264 0.495 283.9 137.1   1.2  28.7
1886 331.418    186000 3  113  939   58  487 0.228 216.1 116.5 -17.0   8.1
1886 331.418    186100 1    0   61    0   48 0.775  99.5  57.2 -11.4 -51.2
1886 331.418    186200 0    0    5    0    4 0.769  96.4  57.7  -9.0 -50.7
1886 331.418    186300 0    0   13    0   19 0.939  99.1  37.8 -10.7 -70.6
1886 331.418    186400 0    0   57    0  217 0.991  93.8  25.5  -4.6 -82.9
1886 4 1.386    185900 3   37  331   25  225 0.677 278.8 137.6   1.2  42.0
1886 4 1.386    186000 3  132 1027   73  566 0.402 241.2 117.2 -17.1  21.6
1886 4 1.386    186100 5   12  218    4  143 0.638 101.0  55.8 -11.9 -39.8
1886 4 1.386    186200 0    0    9    0    6 0.648  96.1  54.9  -8.8 -40.7
1886 4 1.386    186300 0    0   15    0   14 0.843  99.0  37.6 -11.0 -58.0
1886 4 1.386    186400 0   44  170   65  248 0.939  92.9  25.4  -4.9 -70.2
1886 4 2.432    185900 3   36  234   32  205 0.823 276.1 136.7   1.4  54.9
1886 4 2.432    186000 0  123 1352   78  849 0.594 249.4 117.4 -17.2  35.6
1886 4 2.432    186100 5   10  119    6   66 0.425 103.7  56.9 -11.5 -24.9
1886 4 2.432    186300 1    0   30    0   21 0.692 100.6  37.8 -11.9 -44.0
1886 4 2.432    186400 0   44  286   40  256 0.828  92.1  25.6  -5.3 -56.2
1886 4 2.432    186500 2    0   20    0   10 0.275 329.9  89.8   7.5   8.0
1886 4 3.567    185900 3   15  178   22  249 0.936 274.0 135.7   1.5  69.0
1886 4 3.567    186000 0  123 1027   99  808 0.770 252.5 117.0 -17.4  50.3
1886 4 3.567    186100 5   44  360   23  185 0.226 115.9  54.7 -11.8 -12.0
1886 4 3.567    186300 1    0   48    0   28 0.479 102.8  38.2 -11.6 -28.5
1886 4 3.567    186400 1   79  430   52  283 0.652  90.9  25.8  -5.3 -40.9
1886 4 3.567    186500 3    0   28    0   16 0.463 299.0  90.8   7.3  24.1
1886 4 4.102    185900 3   23  158   49  341 0.974 273.3 136.3   1.8  76.6
1886 4 4.102    186000 1  129  796  126  755 0.847 253.8 118.0 -17.0  58.3
1886 4 4.102    186100 5   43  373   22  190 0.121 142.7  55.4 -11.7  -4.3
1886 4 4.102    186300 1   19   86   10   46 0.373 106.7  38.3 -11.9 -21.4
1886 4 4.102    186400 1  101  476   61  288 0.555  90.5  25.8  -5.4 -33.9
1886 4 4.102    186500 5    9   71    5   43 0.568 292.7  91.6   7.4  31.9
1886 4 5.446    186000 1   13  205   30  453 0.974 254.6 120.0 -16.3  78.1
1886 4 5.446    186100 5   22  368   13  210 0.256 246.9  55.8 -11.7  13.9
1886 4 5.446    186300 4    0   16    0    8 0.109 141.2  37.9 -11.0  -4.0
1886 4 5.446    186400 1  112  511   58  260 0.266  88.5  26.4  -5.5 -15.5
1886 4 5.446    186500 5    0   24    0   20 0.795 284.4  92.9   7.6  51.0
1886 4 6.419    186100 5   29  409   17  234 0.469 257.1  56.9 -11.4  27.8
1886 4 6.419    186300 0    0    8    0    4 0.159 239.0  37.1 -10.7   8.0
1886 4 6.419    186400 1  118  538   59  270 0.050  76.9  26.3  -5.4  -2.8
1886 4 6.419    186500 0    0   14    0   18 0.919 281.4  94.5   8.0  65.4
1886 4 7.286    186100 5   63  474   40  303 0.618 258.5  55.9 -11.8  38.2
1886 4 7.286    186300 0    0    7    0    4 0.344 251.6  37.2 -11.9  19.5
1886 4 7.286    186400 1  119  518   60  263 0.161 271.9  27.0  -5.6   9.3
1886 4 7.286    186500 0    0    3    0    8 0.983 279.4  96.2   8.1  78.5
1886 4 7.286    186600 2    0   17    0    9 0.379 344.0  23.9  15.4   6.2
1886 4 8.544    186100 5    8  154    7  135 0.816 259.7  56.2 -11.8  55.1
1886 4 8.544    186400 0  105  481   58  268 0.435 268.7  27.0  -5.9  25.9
1886 4 8.544    186600 7    1   20    1   11 0.516 311.3  24.7  14.5  23.6
1886 4 9.417    186100 5   10   89   12  101 0.899 259.1  54.3 -12.3  64.7
1886 4 9.417    186400 0   93  420   59  267 0.614 268.1  27.7  -5.8  38.1
1886 410.479    186400 0   73  341   60  279 0.789 267.5  28.0  -5.5  52.4
1886 410.479    186700 4    0   26    0   19 0.703 119.1 293.2 -24.3 -42.4
1886 411.627    186400 0   37  195   48  253 0.923 266.4  28.0  -5.5  67.7
1886 411.627    186700 4    0   47    0   26 0.524 130.4 294.2 -25.0 -26.1
1886 412.437    186400 0    6   73   15  176 0.978 265.3  28.1  -5.7  78.5
1886 415.557    186800 2    0   15    0    8 0.429  99.0 243.2  -8.7 -25.4
1886 415.557    186900 0   20  106   26  141 0.926  82.7 201.4   4.7 -67.2
1886 416.389    186800 0    0    8    0    4 0.234 105.8 244.3  -8.8 -13.2
1886 416.389    186900 0   19  146   17  134 0.837  81.5 201.4   4.2 -56.1
1886 416.389    187000 2    7   33    4   17 0.314 338.3 264.3  11.7   6.8
1886 417.102    186900 0   36  162   27  121 0.741  79.3 201.2   4.4 -46.9
1886 417.102    187000 7    5   52    3   28 0.409 315.9 265.0  12.1  16.9
1886 418.103    186900 0   29  222   18  136 0.572  74.8 201.2   4.4 -33.6
1886 419.391    186900 0   19  213   10  112 0.323  60.6 201.4   4.3 -16.4
1886 419.391    187100 0    4   34    6   52 0.946  78.8 147.8   8.9 -70.0
1886 419.391    187200 0    4   58   12  165 0.984  90.7 137.9  -1.6 -79.9
1886 420.578    186900 0   23  187   12   95 0.155   1.9 201.9   4.0  -0.3
1886 420.578    187100 1   18   92   16   81 0.821  75.3 148.7   9.1 -53.5
1886 420.578    187200 1   21  214   24  247 0.899  89.0 138.1  -1.3 -64.1
1886 420.578    187300 0    0   11    0   25 0.974  78.4 126.4  10.1 -75.8
1886 420.578    187400 1   18  128   67  463 0.991 107.1 118.9 -17.6 -83.3
1886 421.159    186900 0   33  220   17  113 0.206 320.2 202.1   4.3   7.6
1886 421.159    187100 0   23  122   17   91 0.738  72.7 148.9   9.3 -45.6
1886 421.159    187200 1   38  151   35  137 0.831  87.8 138.4  -0.9 -56.1
1886 421.159    187300 2    2   26    4   42 0.949  75.5 124.5  12.1 -70.0
1886 421.159    187400 1   71  249  137  480 0.966 107.5 118.7 -18.1 -75.8
1886 422.430    186900 0   18  111   10   62 0.441 289.6 202.3   4.2  24.6
1886 422.430    187100 0   14   56    8   33 0.508  65.0 150.0   8.2 -27.7
1886 422.430    187200 1   25  214   16  136 0.626  86.2 139.2  -1.3 -38.7
1886 422.430    187300 2    3   67    3   60 0.828  72.0 124.1  12.0 -53.6
1886 422.430    187400 1   64  503   62  495 0.862 108.6 118.3 -18.4 -59.4
1886 423.451    186900 0   19  121   13   78 0.626 282.6 202.1   4.2  37.8
1886 423.451    187100 0    0   12    0    6 0.321  47.9 150.4   7.9 -13.9
1886 423.451    187200 0   15  171    9   95 0.428  83.9 139.1  -1.6 -25.2
1886 423.451    187300 2    0   38    0   25 0.658  69.2 125.7   9.9 -38.6
1886 423.451    187400 1   98  691   72  508 0.735 111.4 118.0 -18.8 -46.3
1886 423.451   4350100 0    0   13    0    7 0.039 145.0 163.0  -6.5  -1.3
1886 424.499    186900 1   21   78   17   66 0.805 278.1 203.3   3.8  53.0
1886 424.499    187200 0   35  172   18   89 0.196  77.2 139.3  -2.0 -11.0
1886 424.499    187300 2    1   25    1   14 0.482  59.6 125.3  10.0 -25.0
1886 424.499    187400 1   96  653   59  398 0.568 116.2 117.8 -18.4 -32.5
1886 425.582    186900 0    0   27    0   34 0.914 276.6 201.6   4.2  65.6
1886 425.582    187200 0   20  171   10   86 0.076 309.1 139.4  -1.7   3.4
1886 425.582    187400 1  101  783   54  425 0.392 129.9 117.5 -18.8 -18.5
1886 426.564    186900 0    0   25    0   62 0.980 275.3 201.3   4.3  78.1
1886 426.564    187200 0   13  150    7   77 0.288 279.4 139.7  -1.5  16.5
1886 426.564    187400 1   98  794   51  397 0.257 160.0 117.9 -18.3  -5.3
1886 427.388    187200 0   12   47    7   26 0.467 275.3 139.9  -1.3  27.7
1886 427.388    187400 1  130  774   67  399 0.264 200.9 117.9 -18.5   5.7
1886 427.388    187600 0    0   47    0  143 0.986  96.0  31.3  -6.6 -80.9
1886 428.524    187200 7    5  325    3  220 0.676 272.0 139.7  -1.7  42.5
1886 428.524    187400 1  134  677   74  373 0.412 232.6 117.4 -18.4  20.2
1886 428.524    187600 0   17  136   21  164 0.909  95.2  31.5  -6.5 -65.7
1886 428.524    187700 2    0   29    0   19 0.659  90.2  55.9  -3.3 -41.3
1886 429.511    187200 7   18  413   17  370 0.831 270.9 140.3  -1.5  56.2
1886 429.511    187400 1   99  634   61  388 0.574 243.8 116.9 -18.1  32.8
1886 429.511    187600 0   28  228   23  185 0.788  95.2  31.9  -6.6 -52.2
1886 429.511    187700 2    0   10    0    6 0.482  91.3  55.2  -4.2 -28.9
1886 429.511    187800 2   12   96    6   50 0.287 116.5  68.9 -11.3 -15.2
1886 430.389    187200 7   15  291   20  413 0.935 270.3 141.8  -1.1  69.3
1886 430.389    187400 1   60  548   43  393 0.719 248.5 117.2 -18.1  44.7
1886 430.389    187600 0   29  285   19  188 0.652  95.5  31.7  -6.6 -40.8
1886 430.389    187700 2    0   25    0   13 0.313  65.7  55.9   3.6 -16.6
1886 430.389    187800 4    8  145    4   73 0.146 152.2  68.5 -11.4  -4.0
1886 5 1.433    187400 1   72  333   69  320 0.853 251.2 116.8 -18.0  58.1
1886 5 1.433    187600 0   52  350   29  196 0.447  97.5  32.2  -6.8 -26.5
1886 5 1.433    187800 5   51  463   26  238 0.226 234.2  69.5 -11.4  10.8
1886 5 1.433   4350200 2    0   23    0   21 0.847 101.2   0.7 -11.5 -58.0
1886 5 2.406    187400 1   26  257   40  385 0.942 252.1 116.4 -18.1  70.6
1886 5 2.406    187600 0   51  357   26  186 0.238 102.5  32.3  -6.6 -13.5
1886 5 2.406    187800 5  135 1473   75  819 0.421 250.3  69.7 -11.6  23.9
1886 5 2.406    188000 9   13  344   31  809 0.977  80.2 328.9   8.7 -76.9
1886 5 3.418    187400 1   10   95   38  365 0.992 252.3 115.9 -18.0  83.6
1886 5 3.418    187600 0   45  341   23  172 0.050 180.0  32.6  -6.5   0.0
1886 5 3.418    187800 5  159 1417  104  910 0.618 256.0  70.3 -11.5  37.7
1886 5 3.418    188000 9   71  746   87  942 0.916  79.2 327.1   8.4 -65.5
1886 5 4.432    187600 0   52  329   27  171 0.239 256.3  32.7  -6.7  13.5
1886 5 4.432    187800 5  136 1099  112  888 0.778 257.9  70.2 -11.6  51.0
1886 5 4.432    188000 9   93 1111   80  944 0.804  76.6 326.9   8.6 -52.3
1886 5 5.553    187600 0   45  309   26  179 0.477 262.5  32.7  -6.6  28.4
1886 5 5.553    187800 5   58  841   73  983 0.902 259.2  68.9 -11.2  64.6
1886 5 5.553    188000 9   83 1600   54 1048 0.637  72.1 326.5   8.6 -37.8
1886 5 6.454    187600 0   48  224   32  149 0.642 264.0  32.4  -6.4  40.0
1886 5 6.454    187800 5   56  456  116  884 0.966 258.9  67.7 -11.6  75.3
1886 5 6.454    188000 9  287 1987  163 1125 0.455  63.4 328.1   8.7 -24.3
1886 5 7.462    187600 0   17  179   14  151 0.803 264.7  32.5  -6.2  53.5
1886 5 7.462    188000 9  151 2027   79 1054 0.269  41.7 328.6   8.4 -10.4
1886 5 8.185    187600 0   26  146   29  162 0.892 264.3  32.8  -6.5  63.3
1886 5 8.185    188000 9  193 1794  100  925 0.202   3.4 328.8   8.5  -0.7
1886 5 9.524    187600 0    0   47    0  131 0.983 264.4  31.6  -6.0  79.8
1886 5 9.524    188000 9   73 1435   40  778 0.372 301.6 330.5   8.4  18.7
1886 510.460    188000 9   91 1066   57  651 0.565 290.5 331.9   9.0  32.4
1886 511.265    188000 9  104  674   77  495 0.730 284.8 334.4   8.8  45.6
1886 512.160    188000 9   37  254   38  258 0.876 281.4 337.2   8.7  60.3
1886 512.160    188100 2    0   33    0   18 0.344 180.0 276.9 -22.8   0.0
1886 513.145    188000 9    3   72    5  131 0.962 279.4 337.4   8.3  73.6
1886 513.145    188100 2    8   60    4   33 0.411 211.5 277.3 -23.0  13.5
1886 513.145    188200 3    0   95    0   72 0.759 264.5 313.2  -5.8  49.4
1886 514.910    188200 3   12   73   12   80 0.889 265.0 314.3  -5.6  62.9
1886 520.970   4360100 2   11   24    7   15 0.564 254.4 205.3 -10.2  33.5
1886 521.403    188400 0   22   99   64  287 0.985 100.9  74.3 -11.0 -80.3
1886 522.194    188400 0   37  267   53  286 0.938 101.1  74.6 -10.9 -69.6
1886 522.194    188500 2    0   10    0    7 0.658 288.3 183.7  10.8  39.5
1886 523.678    188400 0   92  478   73  380 0.777 102.3  74.1 -10.4 -50.5
1886 523.678    188500 2   16   58   16   57 0.858 283.2 182.8  10.6  58.2
1886 524.980    188400 0  124  529   89  377 0.715 103.6  74.0 -10.6 -45.0
1886 524.980    188500 2   18  115   23  138 0.909 282.3 183.7  10.6  64.7
1886 524.980    188600 0    0   11    0   56 0.996  95.8  34.2  -5.9 -84.8
1886 525.573    188400 0  144  577   81  327 0.456 111.4  73.9 -10.6 -25.6
1886 525.573    188600 0    9   51   11   60 0.904  95.9  34.8  -5.8 -64.7
1886 526.449    188400 0  121  611   63  320 0.286 126.1  74.2 -10.7 -13.6
1886 526.449    188600 0    6   52    5   44 0.801  97.2  34.7  -6.4 -53.1
1886 527.526    188400 0  173  708   88  360 0.170 182.9  74.0 -10.7   0.5
1886 527.526    188600 0    9   70    6   45 0.629  98.8  34.8  -6.2 -38.7
1886 528.393    188400 0  135  618   70  321 0.269 230.1  74.3 -10.7  12.1
1886 528.393    188600 0   13   64    7   36 0.465 101.5  34.9  -6.0 -27.3
1886 529.529    188400 0  117  560   67  323 0.482 248.9  74.3 -10.6  27.2
1886 529.529    188600 0   16   56    8   29 0.227 113.3  35.0  -5.8 -12.1
1886 529.529    188700 7    0   27    0   18 0.683  72.4   5.5  11.4 -41.6
1886 530.483    188400 0   98  502   65  333 0.655 254.3  74.4 -10.6  39.9
1886 530.483    188600 0    8   32    4   16 0.085 187.0  35.1  -5.4   0.6
1886 530.483    188700 2    4  128    2   76 0.524  67.3   5.0  11.2 -29.5
1886 530.483    188800 2   12   75   11   70 0.839 255.4  90.8 -12.5  56.3
1886 531.544    188400 0   77  389   67  337 0.815 257.3  74.4 -10.6  54.0
1886 531.544    188600 0    4   22    2   11 0.270 251.6  35.3  -5.3  14.9
1886 531.544    188800 2   46  206   67  319 0.947 256.8  91.2 -12.6  70.8
1886 531.544    188900 0    0   36    1   20 0.415 306.8  40.4  14.0  20.0
1886 6 1.524    188400 0   51  217   66  282 0.923 258.7  74.5 -10.5  67.0
1886 6 1.524    188800 2   14   73   45  241 0.988 257.1  88.6 -12.8  81.1
1886 6 1.524    188900 0    8   24    5   15 0.600 294.8  41.7  14.3  34.2
1886 6 2.417    188400 0   25   93   63  235 0.980 259.4  74.0 -10.4  78.4
1886 6 2.417    188900 0    0   13    0   10 0.746 289.1  42.2  14.0  46.6
1886 6 2.417    189000 4    3   74    2   40 0.341  58.5 338.4  10.1 -17.2
1886 6 3.890    189000 4   20  176   10   91 0.232  40.5 337.9  10.1  -8.8
1886 6 3.890    189100 7    6   45    4   35 0.771 108.8 297.8 -14.4 -48.9
1886 6 4.382    189000 4    4  128    2   67 0.249 312.8 340.4   9.8  10.7
1886 6 4.382    189100 5   98  541   59  325 0.545 117.8 299.8 -14.7 -29.9
1886 6 4.382    189200 0    0    8    0    5 0.643 249.0   7.8 -13.3  38.1
1886 6 5.473    189000 4    9  119    5   65 0.422 296.0 338.0  10.8  22.7
1886 6 5.473    189100 5  197 1048  105  558 0.343 139.3 301.9 -14.9 -13.4
1886 6 5.473    189200 2    0   58    0   51 0.829 254.4  10.3 -12.8  55.0
1886 6 6.572    189000 6   40  206   27  134 0.638 286.4 339.2  10.6  38.5
1886 6 6.572    189100 5  179 1232   94  641 0.268 185.0 302.1 -15.2   1.4
1886 6 6.572    189200 0    0   12    0   18 0.952 257.0  12.3 -12.3  71.6
1886 6 6.572    189300 2    0   24    0   15 0.601 261.3 337.3  -5.0  36.6
1886 6 6.572   4370100 0    0    8    0    5 0.539 279.0 333.0   5.1  32.3
1886 6 7.429    189000 2   12   96   10   79 0.785 282.8 340.4  10.3  51.1
1886 6 7.429    189100 5  207 1440  111  770 0.348 218.5 302.3 -15.4  13.0
1886 6 7.429    189300 2    0   28    0   22 0.765 263.2 339.0  -4.9  49.7
1886 6 8.402    189000 2    0   79    0   93 0.903 280.9 340.6  10.1  64.2
1886 6 8.402    189100 5  177 1259  104  742 0.515 238.6 303.5 -15.1  27.1
1886 6 8.402    189300 2    0   23    0   24 0.881 264.4 338.0  -4.7  61.6
1886 6 9.420    189100 5   63  914  113  630 0.689 247.6 304.1 -14.7  41.2
1886 6 9.420    189500 0    0   11    0   16 0.929  84.8 194.6   5.1 -68.3
1886 610.301    189100 5  119  613  105  534 0.817 251.7 304.5 -14.4  53.2
1886 610.301    189500 0    0    8    0    7 0.840  84.4 194.2   5.1 -57.1
1886 611.402    189100 0   54  339   76  475 0.934 254.5 304.9 -14.1  68.1
1886 612.383    189100 0   18  110   61  377 0.990 255.4 305.0 -14.3  81.2
1886 616.460    189600 0   11   68   18  113 0.954 105.8  98.2 -14.6 -71.6
1886 617.500    189600 0   19   84   19   82 0.862 108.4  98.3 -14.9 -57.8
1886 617.500    189700 0    0   82    0  296 0.991 101.9  74.5 -11.6 -81.6
1886 618.164    189600 0   27  127   22  102 0.782 110.8  98.1 -15.0 -49.2
1886 618.164    189700 0   27  136   51  253 0.963 102.6  73.7 -11.6 -73.6
1886 619.429    189600 0   17  190   11  118 0.589 118.4  98.1 -14.7 -32.4
1886 619.429    189700 0   45  257   42  240 0.843 104.7  74.2 -11.3 -56.3
1886 620.366    189600 0   20  188   11  105 0.439 130.4  97.9 -14.7 -20.2
1886 620.366    189700 0   30  278   22  201 0.717 108.4  74.1 -11.7 -44.0
1886 620.366    189900 0    0   17    0   34 0.969  94.1  42.5  -3.5 -75.6
1886 621.196    189600 0   29  173   15   91 0.325 151.9  98.0 -14.6  -9.1
1886 621.196    189700 0   35  276   21  168 0.572 112.7  74.6 -11.0 -32.5
1886 622.549    189600 0   28  161   15   85 0.329 206.3  97.8 -15.0   8.7
1886 622.549    189700 0   37  270   19  143 0.346 133.3  74.2 -11.6 -14.9
1886 622.549    189800 8    9  124    6   78 0.611 281.4 126.4   8.7  37.3
1886 622.549    189900 0    0   10    0    7 0.728  96.3  42.7  -3.1 -46.4
1886 623.385    189600 1   18  145   10   82 0.445 228.5  98.4 -15.0  20.2
1886 623.385    189700 0   19  250   10  129 0.250 165.4  74.5 -11.7  -3.7
1886 623.385    189800 7   31  177   25  138 0.763 279.6 127.8   8.8  49.6
1886 623.385    189900 1    2   27    1   17 0.580  99.0  43.2  -3.3 -35.0
1886 624.393    189600 0   22   76   14   48 0.606 240.6  98.0 -15.3  33.2
1886 624.393    189700 0   13  197    7  102 0.291 213.3  74.2 -11.7   9.4
1886 624.393    189800 2    8   93   10  111 0.908 278.4 130.1   8.6  65.3
1886 625.391    189600 0   13   56   10   43 0.760 247.1  98.1 -15.5  46.6
1886 625.391    189700 0   17  203    9  113 0.447 236.9  74.0 -11.8  22.5
1886 626.417    189600 0    5   16    5   17 0.884 250.7  98.1 -15.7  60.1
1886 626.417    189700 0   20  144   13   92 0.623 246.9  73.9 -12.0  35.9
1886 627.484    189700 0    8   97    7   79 0.785 252.5  73.7 -11.9  49.9
1886 627.484    190000 2    2   92    1   61 0.651  76.3 343.7  11.0 -40.1
1886 627.484    190100 0    0   71    0  244 0.989 105.7 303.3 -15.1 -80.5
1886 628.398    189700 0    0   19    0   21 0.894 254.6  73.6 -12.4  61.9
1886 628.398    190000 2    2  110    1   62 0.465  71.4 345.0  11.1 -26.7
1886 628.398    190100 0   35  245   52  364 0.942 106.9 302.9 -14.9 -68.8
1886 628.398    190200 0    5   52    7   83 0.948  71.4 300.3  18.5 -71.4
1886 629.406    190100 1   54  446   51  417 0.844 109.9 303.2 -15.0 -55.2
1886 629.406    190200 0   18   77   18   77 0.863  70.1 299.5  18.6 -58.9
1886 629.406    190300 0    5  100    7  144 0.936 112.5 291.5 -19.9 -66.9
1886 630.393    190100 1   81  811   58  581 0.713 115.3 303.4 -15.5 -42.0
1886 630.393    190200 0   23   93   17   69 0.735  67.4 299.7  18.6 -45.7
1886 630.393    190300 0   14  137   13  130 0.847 116.0 291.3 -20.0 -54.1
1886 7 1.413    190100 1  129 1000   79  614 0.570 124.4 302.5 -16.0 -29.3
1886 7 1.413    190200 0   13   84    8   52 0.580  61.6 299.2  18.7 -32.6
1886 7 1.413    190300 0    3  104    2   76 0.728 122.3 290.7 -20.5 -41.1
1886 7 2.391    190100 1  123  918   69  510 0.427 139.9 302.3 -15.9 -16.6
1886 7 2.391    190200 0   11   95    6   52 0.417  50.8 299.0  18.4 -19.9
1886 7 2.391    190300 1    0   86    0   53 0.593 132.5 291.0 -20.7 -27.9
1886 7 3.399    190100 1  145  883   77  468 0.334 169.9 302.0 -15.8  -3.5
1886 7 3.399    190200 1   15   40    8   21 0.278  23.1 298.9  18.2  -6.6
1886 7 3.399    190300 4    6  100    4   56 0.473 150.6 291.1 -21.0 -14.4
1886 7 4.404    190100 1  131  792   70  426 0.366 205.5 301.7 -15.8   9.4
1886 7 4.404    190200 1    0   25    0   13 0.283 338.8 298.5  18.8   6.2
1886 7 4.404    190300 4   13   85    7   47 0.417 178.0 291.4 -21.1  -0.9
1886 7 5.407    190100 1  117  600   67  344 0.486 228.6 301.1 -15.4  22.2
1886 7 5.407    190300 0   23  121   13   66 0.405 197.7 286.4 -19.1   7.5
1886 7 6.402    190100 1   69  512   45  332 0.643 240.4 301.4 -15.5  35.5
1886 7 6.402    190300 0   11  162    7   95 0.518 221.9 287.4 -19.2  21.5
1886 7 7.500    190100 1   79  442   65  366 0.797 248.0 301.2 -14.9  49.9
1886 7 7.500    190300 0    0  165    0  112 0.682 235.9 288.1 -19.4  36.8
1886 7 8.518    190100 0   42  275   51  331 0.911 251.7 301.3 -14.9  63.5
1886 7 8.518    190300 0    0   61    0   50 0.790 241.7 285.3 -19.4  47.5
1886 7 9.420    190100 0   22  133   47  288 0.973 253.9 300.9 -14.7  75.1
1886 7 9.420    190300 0    0    5    0    6 0.882 245.6 284.1 -19.3  58.3
1886 713.472    190400 2    0   12    0    8 0.668 249.6 211.8 -10.1  39.5
1886 714.389    190400 2    0   66    0   55 0.802 253.8 211.7 -10.1  51.5
1886 714.389   4380100 0    4   15    2    9 0.513 236.5 186.2 -12.4  26.0
1886 715.466    190600 0    0   20    0   42 0.971 101.7  70.9 -10.2 -75.1
1886 716.387    190600 5    8  105    9  121 0.904 103.3  70.5  -9.9 -63.2
1886 716.387    190700 0    0    7    0   13 0.962 111.2  62.2 -18.9 -71.5
1886 717.128    190600 5   36  225   30  194 0.814 105.1  71.1  -9.4 -52.8
1886 717.128    190700 0    0   12    0   16 0.908 113.3  62.1 -18.8 -61.8
1886 718.557    190600 5  114  713   72  443 0.588 113.2  71.9  -9.3 -33.2
1886 719.200    190600 5  117  682   65  386 0.464 120.3  72.7  -9.0 -23.9
1886 720.403    190600 5  205  911  107  474 0.276 153.0  73.3  -9.2  -7.3
1886 721.421    190600 5  162  950   85  495 0.273 206.1  74.1  -9.1   7.0
1886 721.421    190800 0    8   62   13   99 0.951  94.4 355.5  -2.6 -71.6
1886 722.408    190600 5  185 1016  103  564 0.422 234.2  74.3  -9.4  20.3
1886 722.408    190800 0   15  102   14   98 0.849  96.5 356.4  -2.7 -57.6
1886 723.217    190600 5  114  738   70  449 0.573 246.4  75.4  -8.8  32.1
1886 723.217    190800 0    8  103    6   76 0.739  98.7 356.3  -2.8 -47.0
1886 724.404    190600 5   81  624   64  486 0.764 253.0  75.4  -9.3  47.8
1886 724.404    190800 0   19  141   11   83 0.533 104.4 356.5  -3.0 -31.1
1886 724.404    190900 8    0   66    0   39 0.513  84.6 356.6   7.4 -31.0
1886 725.198    190600 5   36  325   37  325 0.866 256.1  75.6  -9.2  58.4
1886 725.198    190800 0   29  153   16   83 0.381 112.3 356.5  -3.2 -20.7
1886 725.198    190900 7    0   22    0   12 0.324  83.1 358.3   7.4 -18.9
1886 725.198    191000 0    7   67   16  160 0.978 104.7 300.9 -13.1 -76.3
1886 726.388    190600 5    7   85   15  177 0.971 258.7  76.4  -9.6  75.0
1886 726.388    190800 0   36  204   18  103 0.173 151.7 356.7  -3.2  -4.7
1886 726.388    191000 0   24  161   27  182 0.896 107.6 300.1 -13.1 -61.3
1886 726.388    191100 4    2   83    1   48 0.491 101.4 332.6  -0.7 -28.8
1886 726.388    191200 7    7   65    8   73 0.894  73.9 297.6  16.9 -63.8
1886 727.492    190800 0   31  220   16  112 0.234 227.8 356.8  -3.5  10.0
1886 727.492    191000 0   59  249   46  196 0.772 112.7 299.7 -13.5 -47.1
1886 727.492    191100 2   18  112    9   58 0.215 116.6 335.7   0.0 -11.1
1886 727.492    191200 7   21  230   15  176 0.756  71.9 298.0  17.3 -48.8
1886 728.433    190800 0   39  205   21  113 0.411 249.0 357.0  -3.2  22.6
1886 728.433    191000 0   43  292   28  188 0.631 119.1 299.9 -13.2 -34.5
1886 728.433    191100 2    8   45    4   23 0.126 199.5 336.8  -1.1   2.4
1886 728.433    191200 7   52  376   33  236 0.593  69.1 299.0  16.9 -35.4
1886 729.448    190800 0   20  170   13  108 0.608 257.0 357.3  -3.2  36.4
1886 729.448    191000 0   30  274   17  156 0.467 132.8 300.3 -13.1 -20.6
1886 729.448    191100 0    7   28    4   15 0.320 246.8 338.0  -1.7  17.1
1886 729.448    191200 6   48  489   26  268 0.404  60.7 299.3  16.8 -21.6
1886 730.508    190800 0   15  117   12   94 0.778 261.2 357.3  -3.1  50.4
1886 730.508    191000 0   48  261   26  139 0.343 161.8 300.6 -13.2  -6.3
1886 730.508    191100 0    0   13    0    8 0.537 256.7 338.4  -2.1  31.5
1886 730.508    191200 6   34  501   17  258 0.223  33.0 299.6  16.6  -7.3
1886 731.505    190800 0   13   78   14   90 0.900 263.2 357.3  -3.5  63.6
1886 731.505    191000 1   43  248   23  132 0.349 200.5 300.9 -13.2   7.2
1886 731.505    191200 6   66  381   33  196 0.218 328.6 300.5  16.6   6.8
1886 8 1.496    191000 0   27  199   15  113 0.468 225.3 300.7 -13.6  20.0
1886 8 1.496    191200 7   33  349   18  189 0.367 300.8 299.9  16.5  19.2
1886 8 2.232    191000 0   23  185   14  114 0.581 236.9 300.9 -13.3  30.0
1886 8 2.232    191200 7   74  378   44  221 0.509 292.9 300.2  16.7  29.3
1886 8 2.232    191300 7    0   30    0   30 0.860 100.3 212.6  -5.7 -58.3
1886 8 3.584    191000 0   25  100   20   81 0.780 247.3 300.7 -13.4  47.7
1886 8 3.584    191200 0   17  109   13   83 0.747 286.7 301.3  16.5  48.3
1886 8 3.584    191300 9    0   36    0   24 0.690 104.9 210.9  -5.7 -42.1
1886 8 3.584    191400 0    4   27    3   22 0.794  83.8 200.0   8.6 -53.0
1886 8 4.305    191000 0   18  117   18  118 0.869 250.8 301.0 -13.3  57.5
1886 8 4.305    191200 0    9   43   10   44 0.855 286.1 302.7  17.0  59.2
1886 8 4.305    191300 8   17  112   10   66 0.533 110.5 213.4  -5.4 -30.1
1886 8 4.305    191400 1   17   43   12   30 0.678  84.3 200.5   8.4 -43.0
1886 8 5.426    191000 0    7   53   13   97 0.962 254.1 300.7 -13.4  72.0
1886 8 5.426    191200 0    0   31    0   52 0.953 285.7 302.1  16.8  73.4
1886 8 5.426    191300 5   20  169   10   88 0.299 129.5 215.3  -4.9 -13.4
1886 8 5.426    191400 1    4   25    2   14 0.466  83.8 200.8   8.4 -27.9
1886 8 6.589    191300 5   52  285   26  146 0.208 190.1 215.3  -5.5   2.1
1886 8 7.408    191300 5   37  323   19  168 0.299 227.6 215.3  -5.4  12.8
1886 8 8.414    191300 0   29  166   17   96 0.503 249.0 217.2  -4.7  28.1
1886 8 9.576    191300 2   11  104    8   74 0.708 256.6 217.5  -4.8  43.7
1886 810.364    191300 2   15   91   13   81 0.822 259.3 217.6  -5.0  54.2
1886 811.400    191300 0   10   54   14   72 0.927 261.6 216.7  -5.3  67.1
1886 811.400    191500 0   14   69   25  128 0.959 101.0  77.5  -8.6 -72.1
1886 812.407    191300 0    0   28    0   93 0.988 263.5 216.8  -5.4  80.5
1886 812.407    191500 1   29  146   28  143 0.859 104.3  78.9  -8.7 -57.4
1886 813.445    191500 1   35  167   25  121 0.722 109.0  79.0  -8.8 -43.7
1886 814.228    191500 0   18  177   12  111 0.604 115.3  78.7  -9.4 -33.6
1886 815.335    191500 0   22  152   12   83 0.420 130.8  78.8  -9.5 -18.8
1886 816.393    191500 0   26  152   13   79 0.297 163.9  78.8  -9.8  -4.8
1886 816.393   4390100 2    0   10    0   10 0.853 283.9 142.8  15.4  59.2
1886 817.466    191500 0   23  131   12   69 0.327 210.5  79.2  -9.6   9.7
1886 818.411    191500 0   23   98   13   55 0.471 234.3  79.8  -9.6  22.8
1886 819.240    191500 0   12   60    8   38 0.611 244.2  79.9  -9.7  33.9
1886 820.406    191500 0    2   21    2   17 0.786 252.0  79.9  -9.6  49.3
1886 820.406   4390200 0    0    8    0    6 0.730  98.1 344.3  -1.1 -46.3
1886 823.502    191800 0    0    4    0    6 0.933 108.0 283.5 -14.0 -66.2
1886 824.494    191800 0    0    7    0    6 0.839 111.9 283.2 -14.1 -53.4
1886 825.228    191800 2    0    6    0    4 0.760 116.6 282.2 -14.9 -44.7
1886 826.389    191900 3   37  233   26  165 0.707 125.8 274.3 -18.8 -37.3
1886 827.575    191900 7    2  187    1  113 0.554 141.7 274.6 -19.1 -21.3
1886 828.414    191900 7    4   91    2   52 0.467 160.1 275.1 -19.0  -9.7
1886 829.641    191900 3    0   22    0   12 0.458 196.9 276.7 -18.9   8.1
1886 830.466    192000 2   12   59   19   93 0.948  79.9 185.3  11.8 -72.4
1886 831.405    192000 2   24  155   23  150 0.855  80.5 185.7  11.8 -59.5
1886 9 1.441    192000 2   52  419   39  304 0.719  80.6 185.2  11.8 -46.4
1886 9 2.431    192000 2   48  408   29  245 0.547  79.5 185.3  11.8 -33.3
1886 9 3.337    192000 2   56  433   30  234 0.358  74.7 185.8  12.2 -20.7
1886 9 3.337    192100 0    0   17    0   19 0.895 103.3 144.8  -8.5 -61.7
1886 9 4.465    192000 2   60  476   30  239 0.114  42.1 187.2  12.1  -4.5
1886 9 4.465    192100 0    0   19    0   13 0.753 109.0 145.5  -9.2 -46.2
1886 9 5.507    192000 2   36  378   19  194 0.219 296.4 189.6  12.7  11.6
1886 9 6.440    192000 2   44  343   25  192 0.441 285.3 191.5  13.2  25.9
1886 9 7.496    192000 1   35  349   23  229 0.654 282.1 192.8  13.4  41.1
1886 9 7.496    192200 2    5   31    3   17 0.487 231.0 174.4 -11.2  22.7
1886 9 8.398    192000 1   36  230   30  188 0.795 280.3 193.1  12.6  53.3
1886 9 8.398    192200 2    0   53    0   34 0.627 241.4 174.0 -11.5  34.2
1886 9 9.468    192000 1   23  111   29  143 0.920 280.3 193.5  12.3  67.8
1886 9 9.468    192200 0    0   10    0    8 0.770 248.6 172.7 -11.4  47.0
1886 9 9.468    192300 0    0    9    0   32 0.990  78.5  42.3  12.3 -83.4
1886 910.398    192000 0    5   53   13  145 0.983 281.7 194.0  12.8  80.7
1886 910.398    192300 0   24  190   32  255 0.928  79.2  44.2  12.7 -69.1
1886 910.398    192400 8    0   27    0   18 0.701 113.9  72.5 -11.1 -40.8
1886 910.398    192500 0    0   24    0   17 0.714  97.7  68.3  -0.4 -45.0
1886 911.503    192300 0   41  287   34  239 0.801  79.1  45.0  13.0 -53.8
1886 911.503    192400 7    7   68    4   39 0.435 128.7  78.7  -9.0 -20.1
1886 911.503    192500 0    0    6    0    4 0.526 102.4  67.9  -0.3 -30.9
1886 912.339    192300 0   49  337   33  228 0.674  78.9  45.0  12.8 -42.7
1886 912.339    192400 7    5  128    3   69 0.340 148.1  77.2  -9.7 -10.5
1886 913.396    192300 0   39  322   22  184 0.480  76.8  45.2  12.6 -28.6
1886 913.396    192400 7   13  187    7   98 0.335 170.3  70.5 -12.1  -3.3
1886 913.396    192500 8    0   60    0   30 0.170 144.3  68.1  -0.8  -5.7
1886 913.396    192600 5    9   69    6   46 0.679 103.1  32.3  -3.5 -41.5
1886 914.127    192300 0   44  329   23  172 0.336  73.1  45.0  12.4 -19.2
1886 914.127    192400 8   25  140   13   75 0.352 203.7  72.5 -11.7   8.3
1886 914.127    192500 8    2   33    1   17 0.153 205.0  67.9  -0.8   3.7
1886 914.127    192600 5   33  108   19   63 0.536 109.0  33.7  -3.9 -30.5
1886 914.127   4400100 0    0    5    0    3 0.380 121.3  45.2  -4.6 -19.0
1886 915.293    192300 0   49  337   24  170 0.122  35.9  44.5  12.8  -4.2
1886 915.293    192400 8    7   63    4   36 0.513 233.7  73.6 -11.2  24.9
1886 915.293    192500 4   16  109    8   61 0.410 253.8  71.9   0.0  23.2
1886 915.293    192600 5   37  148   19   78 0.306 131.4  35.4  -4.7 -13.3
1886 916.585    192300 0   46  326   24  168 0.239 296.5  44.4  13.1  12.7
1886 916.585    192600 5   12  103    6   54 0.229 201.4  36.5  -5.2   4.8
1886 917.420    192300 0   35  257   19  142 0.417 284.8  45.0  12.6  24.4
1886 917.420    192600 5   33  358   18  190 0.336 227.7  35.1  -6.2  14.5
1886 918.478    192300 2   48  232   30  146 0.611 282.1  44.5  13.0  37.8
1886 918.478    192600 5   18  204   11  122 0.537 247.1  36.5  -5.9  29.8
1886 919.117    192300 2   47  242   34  176 0.719 281.8  44.5  13.4  46.3
1886 919.117    192600 5   39  209   26  136 0.636 252.8  35.8  -5.3  37.6
1886 920.315    192300 2   35  188   36  192 0.875 281.3  44.1  13.3  61.8
1886 920.315    192600 5   13  103   12   92 0.825 258.6  36.6  -5.3  54.3
1886 921.442    192300 2    3   45    6   90 0.968 280.9  44.1  12.3  76.6
1886 922.509    192800 2    0   64    0   32 0.122  70.1 306.8   9.3  -6.7
1886 923.328    192800 2    0   35    0   18 0.089 297.8 307.2   9.3   4.6
1886 925.123    192800 0    0    8    0    5 0.520 278.0 310.5  10.0  31.5
1886 926.106    192800 3    6   36    4   23 0.641 276.7 306.2   9.5  40.2
1886 926.106   4410100 0    5   18    3   13 0.715 103.0 221.7  -4.4 -44.3
1886 927.104    192800 2    0    8    0    7 0.809 276.6 307.3   9.3  54.5
1886 930.170    193000 2    7   32   13   64 0.969 109.3 139.6 -16.8 -72.8
188610 1.453    193000 2    5   41    4   37 0.833 113.2 143.0 -15.2 -52.5
188610 2.415    193000 1    9   68    6   45 0.670 120.5 146.1 -14.7 -36.6
188610 3.191    193000 1   28  150   17   91 0.552 130.7 146.8 -15.3 -25.7
188610 4.541    193000 1   24  163   13   88 0.390 161.9 147.5 -15.4  -7.2
188610 5.481    193000 1   28  177   16   97 0.388 195.0 148.4 -15.7   6.0
188610 6.273    193000 1   39  149   22   84 0.466 216.9 148.8 -15.9  16.9
188610 6.273    193200 1    5   24    3   18 0.739 106.2  86.2  -7.5 -45.7
188610 6.273   4410200 0    3   10    2    6 0.492 237.1 156.7  -9.8  24.8
188610 7.357    193000 0   38  127   24   79 0.608 234.2 148.4 -15.5  30.8
188610 7.357    193200 0   20   75   12   45 0.549 113.1  87.0  -7.1 -30.6
188610 8.290    193000 0   22   88   16   65 0.737 242.8 148.0 -15.2  42.8
188610 8.290    193200 1    6   76    3   41 0.392 126.7  86.7  -7.7 -18.5
188610 9.143    193000 0   13   75   12   69 0.840 247.6 147.5 -15.1  53.6
188610 9.143    193200 0    0    9    0    5 0.257 152.3  87.0  -7.1  -6.9
18861010.456    193000 0    0   38    0   69 0.961 252.2 148.2 -15.3  71.5
18861011.500   4410300 7    0   53    0   27 0.300 163.4  57.9 -10.8  -5.0
18861012.158   4410400 0    0    9    0    5 0.209 137.8  46.2  -3.1  -8.1
18861015.149    193500 4   15   67   10   42 0.604 117.0 341.4 -11.2 -33.3
18861016.230    193500 4   41  287   21  159 0.423 133.0 342.1 -11.5 -18.4
18861017.130    193500 4   37  290   19  154 0.315 162.4 343.1 -12.0  -5.6
18861018.286    193500 4   15   96    8   51 0.339 210.8 343.6 -11.6  10.2
18861019.253    193500 4    0   26    0   15 0.455 231.8 342.1 -11.4  21.4
18861020.376    193500 4    0   17    0   11 0.640 245.8 342.4 -11.0  36.5
18861022.492    193500 0    0   14    0   19 0.932 255.7 345.0 -11.4  67.1
18861023.121    193600 2    0   15    0   62 0.993  73.9 185.4  16.5 -84.2
18861024.507    193600 2    7   74    8   88 0.915  74.9 184.8  15.8 -66.6
18861025.130    193600 1   10   95    9   94 0.852  74.1 184.7  16.0 -58.5
18861026.146    193600 1   10   66    7   47 0.710  72.6 185.0  15.6 -44.7
18861027.135    193600 1   19   69   11   42 0.540  68.0 185.3  15.6 -31.3
18861028.145    193600 1   13   69    7   37 0.367  56.7 184.6  15.9 -18.6
18861029.469    193600 0    8   61    4   31 0.190   4.1 185.1  15.3  -0.8
18861029.469    193700 2    0    8    0   11 0.932 261.5 254.0  -6.3  68.1
18861030.105    193700 0    0   24    0   47 0.967 262.3 252.1  -6.3  74.6
18861112.332    193800 0    1   11    1    7 0.582 120.0 331.7 -14.5 -31.4
18861113.148    193800 0    4   17    2    9 0.445 131.9 332.3 -14.7 -20.0
18861114.205    193800 1    0   16    0    8 0.324 159.0 331.5 -15.0  -6.9
18861115.280    193900 0    0    1    0    1 0.880  97.0 262.9  -5.0 -61.3
18861116.191    193900 2    0    7    0    5 0.747  99.5 264.5  -5.5 -47.7
18861117.462    193900 2    0   20    0   12 0.533 101.5 263.9  -4.2 -31.6
18861126.348   4430100 0    2   12    1    6 0.302 246.6 194.6  -5.8  16.2
18861210.502    194100 2    0   27    0   30 0.895  68.6 290.2  18.8 -61.7
18861211.399    194100 3    4  104    3   86 0.798  65.8 289.8  18.6 -50.2
18861212.485    194100 3   21  128   13   84 0.647  59.2 289.8  18.6 -35.9
18861212.485    194200 0    2   33    1   20 0.559  64.0 294.6  13.4 -31.1
18861213.212    194100 3   27  115   16   70 0.546  51.0 289.5  19.2 -26.7
18861213.212    194200 0    5   28    3   15 0.421  53.9 295.7  13.4 -20.5
18861214.296    194100 3   37  162   21   89 0.404  30.3 289.4  19.3 -12.5
18861215.362    194100 6   75  372   40  199 0.348 355.4 289.7  19.0   1.7
18861216.282    194100 6   63  411   34  227 0.420 324.0 290.8  18.5  15.1
18861217.334    194100 6   77  412   47  253 0.578 305.3 291.7  18.2  29.8
18861218.552    194100 6   57  295   45  231 0.771 294.9 293.2  17.8  47.3
18861219.250    194100 6   59  178   57  172 0.856 291.8 293.2  17.6  56.5
18861220.182    194100 6    3  132    5  193 0.942 289.1 293.1  17.3  68.7
18861221.198    194100 6    1   45    2   87 0.968 290.3 284.8  19.1  73.8
18861222.238    194300 0    0    5    0    7 0.920 100.1 130.2 -10.1 -67.0
18861223.514    194300 4   22  144   19  126 0.822 101.8 125.4 -11.0 -55.0
18861223.514    194400 5   21  200   31  326 0.951  98.4 108.2  -8.7 -72.2
18861224.548    194300 8   16  234   11  159 0.666 104.0 125.5 -11.1 -41.2
18861224.548    194400 5   27  388   25  377 0.854  98.7 108.1  -8.7 -58.6
18861224.548    194500 7    0   22    0   11 0.270 343.5 171.2  12.6   4.5
18861225.502    194300 8    7  133    4   77 0.506 108.6 124.9 -11.5 -29.3
18861225.502    194400 5   71  620   49  447 0.712  99.2 108.9  -8.3 -45.3
18861225.502    194500 7    0   27    0   14 0.373 311.9 170.7  12.0  16.5
18861226.180    194300 8   21  102   12   56 0.374 115.1 125.2 -11.6 -20.2
18861226.180    194400 5   89  786   54  487 0.586 100.4 109.8  -8.2 -35.6
18861226.180    194500 7    5   50    3   29 0.504 299.7 172.0  12.1  26.6
18861227.156    194300 8   17  128    9   66 0.208 140.9 124.9 -12.0  -7.7
18861227.156    194400 5  185  939  100  511 0.394 104.5 109.9  -8.2 -22.7
18861228.229    194300 8    3   42    2   22 0.195 211.6 124.2 -12.4   6.0
18861228.229    194400 4   74  795   38  407 0.170 124.8 110.2  -8.4  -8.1
18861228.229    194600 0    0   21    0   50 0.978 106.7  40.0 -16.9 -78.3
18861229.477    194300 8    3   17    2   29 0.418 245.1 124.8 -12.9  22.9
18861229.477    194400 4   59  527   30  269 0.189 241.0 111.5  -8.2   9.6
18861229.477    194600 0   10   86   12  102 0.906 106.8  37.2 -16.5 -64.7
18861230.159    194400 2   76  439   41  232 0.337 254.8 112.2  -8.0  19.2
18861230.159    194600 0   17  119   15  108 0.833 107.8  37.2 -16.5 -55.8
18861231.522    194400 2   20  177   18  132 0.614 261.1 112.7  -8.0  37.8
18861231.522    194600 0   27  157   12   81 0.633 112.7  37.3 -16.7 -37.6
