1889 116.382    208000 3    6   70    4   41 0.498  60.5 271.7   9.8 -26.1
1889 117.366    208000 3   16   60    9   32 0.335  39.1 272.5  10.2 -12.4
1889 2 1.341    208100 2    7   36    7   33 0.830  88.6  31.7  -2.3 -56.1
1889 2 2.447    208100 8   28  166   19  111 0.651  87.1  32.6  -2.9 -40.6
1889 2 3.542    208100 8   26  201   15  113 0.449  86.5  32.1  -4.1 -26.7
1889 2 4.204    208100 8   15  137    8   73 0.319  82.6  31.6  -3.7 -18.5
1889 2 5.307    208100 8    3   43    2   22 0.077  54.7  31.9  -3.9  -3.6
1889 2 6.196    208100 8    0   11    0    6 0.143 288.2  31.6  -3.9   7.8
1889 222.490    208200 2    6   32    6   32 0.856  94.4 109.8  -7.4 -59.4
1889 223.415    208200 8   13   65   10   47 0.712  92.9 111.3  -7.1 -45.8
1889 224.000         0 0    0    0    0    0 0.000   0.0   0.0   0.0   0.0
1889 225.264    208200 9    3   61    2   33 0.352  88.2 112.0  -6.1 -20.7
1889 226.430    208200 9    0   81    0   41 0.107  93.1 111.1  -7.5  -6.2
1889 227.437    208200 9   71  291   36  147 0.123 267.3 111.3  -7.5   7.1
1889 228.581    208200 9   35  174   19   94 0.376 267.9 111.3  -7.5  22.3
1889 3 1.471    208200 9   16  100   10   61 0.572 267.6 112.5  -7.3  35.2
1889 3 2.239    208200 9    4   39    3   28 0.703 266.6 112.2  -7.5  45.1
1889 3 5.498    208300 0    0    5    0    9 0.944  95.6 312.8  -7.6 -71.4
1889 3 6.492    208300 0    2   25    2   24 0.837  93.5 313.8  -6.9 -57.3
1889 3 7.217    208300 7    4   31    3   23 0.732  91.6 314.2  -6.1 -47.4
1889 3 8.164    208300 0    3   39    2   24 0.557  90.4 315.0  -6.2 -34.1
1889 3 9.462    208300 0   13   53    7   28 0.269  89.8 316.3  -6.9 -15.7
1889 310.393    208300 0   11   53    6   27 0.042  87.6 317.3  -7.1  -2.4
1889 311.487    208300 1    3   35    2   18 0.211 268.2 317.6  -7.4  12.3
1889 312.392    208300 1   14   47    8   26 0.413 266.9 318.0  -7.8  24.6
1889 312.392   4740100 0    0    7    0   13 0.964 267.1   8.4  -4.7  75.0
1889 313.256    208300 1    4   20    3   13 0.612 265.5 320.1  -8.4  38.1
1889 313.256    208500 3   24   99   14   56 0.465 297.5 306.5   5.9  24.5
1889 314.517    208300 0    0   12    0   11 0.825 265.0 321.5  -8.1  56.1
1889 314.517    208500 2   10  159    7  110 0.702 287.1 307.9   6.7  42.5
1889 315.282    208300 0    0    5    0    7 0.920 263.0 322.9  -9.2  67.6
1889 315.282    208500 2   40  161   36  145 0.831 282.3 310.0   6.1  54.7
1889 316.555    208500 3   15  115   27  203 0.963 278.8 311.7   6.5  73.2
1889 317.391    208500 0    0   15    0   36 0.979 277.7 304.9   6.0  77.4
1889 4 1.659    208600 0   10   53   18   89 0.951  82.7 314.8   4.9 -71.2
1889 4 2.465    208600 0   17   96   18  101 0.878  80.8 315.1   5.0 -60.4
1889 4 3.292    208600 0   26  144   21  114 0.772  77.6 315.3   5.5 -49.2
1889 4 4.416    208600 0   25  156   16   97 0.592  72.8 315.1   5.0 -34.6
1889 4 5.518    208600 0   22  167   12   91 0.389  61.0 315.2   5.1 -20.0
1889 4 6.523    208600 0   17  161    9   83 0.231  30.2 315.3   5.5  -6.7
1889 4 7.532    208600 0   25  160   13   82 0.228 330.5 315.2   5.5   6.5
1889 4 8.186    208600 0   20  100   11   53 0.323 306.0 315.2   5.2  15.2
1889 4 9.330    208600 0   15   66    9   39 0.536 290.0 315.2   5.5  30.4
1889 410.203    208600 0    2   32    2   22 0.681 285.0 314.7   5.8  41.4
1889 411.246    208600 0    0    7    0    7 0.837 280.0 315.4   5.2  55.9
1889 411.246    208700 2    0   25    0   23 0.832  87.8 203.2  -1.3 -56.3
1889 412.307    208700 0    1   10    1    7 0.680  85.4 202.8  -1.0 -42.7
1889 5 5.644    208800 0    0   42    0  126 0.984  91.3 217.4  -1.9 -79.9
1889 5 6.461    208800 0   14   85   20  121 0.932  90.3 217.6  -1.5 -68.8
1889 5 7.526    208800 0   34  113   30  100 0.822  89.7 217.1  -1.6 -55.3
1889 5 8.471    208800 4   11   76    8   53 0.683  89.0 216.8  -1.6 -43.1
1889 5 9.201    208800 4    5   30    3   18 0.545  87.7 217.2  -1.3 -33.0
1889 510.495    208800 4    0   23    0   12 0.251  82.3 218.7  -0.9 -14.4
1889 527.218   4760100 7    8   34    4   17 0.200 237.5  21.6  -7.1   9.8
1889 616.471    209000 0   47  231   91  447 0.964  96.4  29.6  -5.8 -74.3
1889 617.398    209000 7   78  463   92  545 0.899  97.0  27.8  -5.6 -63.7
1889 618.625    209000 7  128  722   96  538 0.740  99.4  28.2  -5.8 -47.2
1889 619.407    209000 7  144  857   91  539 0.600 102.2  28.6  -5.8 -36.1
1889 620.397    209000 7  169  943   93  519 0.407 108.9  28.9  -5.8 -22.8
1889 621.525    209000 1  181 1087   92  552 0.179 139.6  30.3  -5.8  -6.7
1889 622.458    209000 1  246 1250  125  633 0.175 218.6  30.8  -5.7   6.3
1889 623.521    209000 1  191 1016  103  547 0.377 248.8  31.2  -5.7  20.7
1889 624.589    209000 1  162  830  100  510 0.592 257.9  31.8  -5.2  35.5
1889 625.420    209000 0  138  662  102  487 0.735 261.0  32.1  -4.9  46.8
1889 626.386    209000 1   92  505   92  502 0.870 263.0  32.7  -4.8  60.1
1889 627.443    209000 0   45  224   81  400 0.964 264.3  32.8  -4.8  74.2
1889 628.388    209000 0    0   25    0  287 0.999 264.4  33.0  -5.4  86.9
1889 629.506    209100 0    0    1    0    1 0.845 143.1 249.6 -40.3 -41.7
1889 630.360    209100 0    0   10    0    8 0.767 152.8 252.5 -40.3 -27.4
1889 712.514    209200 0    9   61   45  280 0.992  98.0  36.8  -7.4 -82.3
1889 713.447    209200 0   34  209   55  332 0.946  98.9  36.5  -7.0 -70.3
1889 714.291    209200 0   65  313   66  317 0.868 101.1  36.2  -7.3 -59.2
1889 714.291    209300 3    3    9    2    5 0.311 128.0  81.1  -6.7 -14.3
1889 715.428    209200 3   64  440   47  322 0.719 104.3  35.9  -7.0 -44.6
1889 715.428    209300 3   17  101    9   52 0.205 185.8  81.7  -7.2   1.2
1889 716.437    209200 3   82  529   50  320 0.551 110.6  35.9  -7.2 -31.3
1889 716.437    209300 3   24  120   13   64 0.346 229.8  82.7  -8.4  15.5
1889 717.242    209200 0   96  593   53  325 0.408 122.2  36.1  -8.1 -20.4
1889 717.242    209300 3   33   96   19   55 0.497 245.2  83.6  -7.8  27.1
1889 718.204    209200 7   98  625   51  324 0.263 149.7  36.1  -8.3  -7.7
1889 718.204    209300 3    7   65    5   44 0.676 252.4  84.4  -8.1  40.6
1889 719.471    209200 7  154  804   80  416 0.273 216.4  36.5  -7.8   9.4
1889 719.471    209300 0    0    5    0    6 0.889 259.1  88.8  -7.4  61.7
1889 720.241    209200 7  117  735   64  400 0.402 236.1  36.5  -8.2  19.7
1889 720.241    209300 0    1    4    2    7 0.955 259.7  88.6  -8.3  71.8
1889 721.282    209200 7  105  529   64  321 0.578 247.5  35.8  -8.5  32.7
1889 722.342    209200 0   67  339   51  257 0.755 253.9  36.3  -8.6  47.2
1889 723.210    209200 0   44  284   44  283 0.872 256.7  36.8  -8.9  59.2
1889 724.367    209200 0   18  123   36  235 0.968 259.3  36.5  -8.9  74.3
1889 726.398    209400 4   15   75   13   63 0.806 233.9 341.1 -24.5  45.7
1889 727.354    209400 2   15   57   19   69 0.911 240.7 343.1 -23.8  60.3
1889 729.454    209500 4   24   96   16   62 0.638 270.7 294.8   4.9  39.8
1889 729.454    209600 9    5   41    5   36 0.815  95.6 200.8  -1.2 -54.2
1889 730.397    209500 4    4   44    4   36 0.787 270.6 294.6   4.1  52.1
1889 730.397    209600 9   13   44    9   30 0.658  97.9 201.8  -0.8 -40.7
1889 731.390    209500 0    0    5    0    6 0.907 272.2 294.8   4.5  65.4
1889 731.390    209600 9   25  157   15   91 0.500 100.7 200.0  -0.2 -29.4
1889 8 1.412    209600 9   36  266   19  140 0.302 114.3 199.8  -1.4 -16.0
1889 8 2.399    209600 9   21  194   11   98 0.121 166.6 201.2  -0.7  -1.6
1889 8 2.399    209700 2    2   14    2   12 0.790 123.0 157.5 -21.3 -45.3
1889 8 3.263    209600 9   11   84    6   43 0.206 230.0 200.3  -1.6   9.1
1889 8 3.263    209700 3   19   50   13   34 0.655 131.8 159.7 -20.7 -31.5
1889 8 4.440    209600 9    0   23    0   13 0.418 254.9 199.7  -0.6  23.8
1889 8 4.440    209700 6   75  450   45  267 0.531 148.7 158.7 -21.1 -17.2
1889 8 5.418    209700 6  139  741   78  414 0.457 176.3 161.2 -20.9  -1.8
1889 8 6.398    209700 5  159  854   91  488 0.496 203.6 162.2 -20.9  12.3
1889 8 7.230    209700 5  103  776   63  473 0.582 219.9 162.4 -20.7  23.5
1889 8 8.412    209700 5  123  610   89  441 0.732 234.4 162.8 -20.3  39.4
1889 8 9.184    209700 5   79  521   69  453 0.826 239.9 162.8 -20.4  49.7
1889 8 9.184    209800 3    6   18    4   12 0.635 110.8  76.3  -7.9 -36.8
1889 8 9.184    209900 0    5   51   13  116 0.973  99.7  37.6  -7.9 -75.5
1889 810.360    209700 5   49  305   71  437 0.939 245.6 163.3 -20.3  65.8
1889 810.360    209800 1   60  382   33  209 0.405 126.0  78.2  -7.6 -19.3
1889 810.360    209900 0   25  125   27  133 0.882 102.6  37.1  -7.9 -60.4
1889 811.189    209700 0    0  114    0  342 0.986 248.5 164.0 -19.9  77.4
1889 811.189    209800 1   59  526   31  273 0.275 152.4  79.2  -7.6  -7.4
1889 811.189    209900 0   28  143   23  115 0.783 106.0  37.1  -8.2 -49.5
1889 812.205    209800 1   57  405   30  210 0.274 205.8  80.1  -7.7   6.9
1889 812.205    209900 0   33  125   22   82 0.636 111.9  36.6  -8.4 -36.6
1889 813.232    209800 1   97  470   53  257 0.417 234.7  79.7  -7.7  20.1
1889 813.232    209900 3   30  157   17   89 0.458 122.7  36.7  -8.2 -22.9
1889 814.485    209800 3  105  735   68  473 0.637 250.8  80.4  -6.8  37.3
1889 814.485    209900 0   23  146   12   76 0.283 158.9  37.2  -8.6  -5.9
1889 815.388    209800 3  108  813   85  639 0.775 255.9  80.3  -6.5  49.2
1889 815.388    209900 0   30  151   16   79 0.281 201.6  37.1  -8.4   6.0
1889 816.404    209800 3   72  557   81  625 0.903 259.4  80.9  -6.5  63.3
1889 816.404    209900 0   25  120   14   66 0.415 232.3  37.0  -8.3  19.4
1889 817.501    209800 2   24  136   58  320 0.979 261.8  80.5  -6.6  77.3
1889 817.501    209900 0   22   50   14   31 0.596 246.4  36.7  -8.1  33.5
1889 818.349    209900 0   16   55   12   40 0.732 252.3  36.8  -8.0  44.8
1889 819.435    209900 0    8   27    8   27 0.869 257.1  36.4  -7.6  58.7
1889 820.382    209900 0    0   16    0   27 0.956 259.3  36.6  -8.1  71.5
1889 827.388    210000 0   23  134   44  250 0.962 112.1 162.2 -19.0 -70.4
1889 828.392    210000 0   36  237   40  263 0.889 115.7 161.4 -19.0 -57.9
1889 829.392    210000 0   62  333   50  266 0.780 121.2 161.3 -18.8 -44.8
1889 830.410    210000 0   53  305   36  204 0.655 130.5 160.9 -19.1 -31.8
1889 831.405    210000 0   69  359   41  213 0.535 145.0 160.5 -19.2 -19.0
1889 9 1.506    210000 0   73  382   41  214 0.456 170.4 160.3 -19.5  -4.6
1889 9 2.440    210000 0   67  378   38  213 0.465 195.1 160.0 -19.5   7.4
1889 9 3.326    210000 0   56  285   33  168 0.538 214.4 159.7 -19.5  18.8
1889 9 3.326    210100 0    0    8    0    8 0.861 105.3  83.6  -9.3 -57.3
1889 9 4.305    210000 0   47  262   31  172 0.657 228.7 159.6 -19.6  31.6
1889 9 4.305    210100 0    0    8    0    6 0.736 110.1  83.5  -9.5 -44.5
1889 9 5.212    210000 0   55  206   44  163 0.778 237.2 160.0 -19.8  44.0
1889 9 6.431    210000 0   17  120   20  137 0.900 244.3 159.2 -19.4  59.3
1889 9 7.163    210000 0   14   69   25  117 0.957 246.7 159.4 -19.8  69.2
1889 9 7.163    210200 2    3   29    4   31 0.890 240.4 146.9 -22.2  56.7
1889 9 8.182    210200 2    6   81   15  195 0.980 245.1 150.6 -22.6  74.4
1889 924.215    210300 1   12  100   26  204 0.968 113.1 153.5 -20.3 -71.6
1889 925.395    210300 1   27  168   30  186 0.891 118.2 152.2 -21.3 -57.4
1889 926.413    210300 1   57  295   45  233 0.769 125.6 153.8 -21.6 -42.3
1889 927.341    210300 1   49  235   33  157 0.661 132.5 152.5 -20.8 -31.4
1889 928.405    210300 1   62  295   37  176 0.540 149.7 152.9 -21.4 -17.0
1889 929.388    210300 1   72  308   41  175 0.470 171.2 152.5 -21.0  -4.4
1889 930.339    210300 1   50  251   29  143 0.478 194.2 151.5 -21.0   7.2
188910 1.486    210300 1   37  223   23  136 0.583 219.2 152.4 -20.8  23.2
188910 2.404    210300 1   11  116    8   80 0.693 230.6 152.0 -20.8  34.9
188910 3.562    210300 1   10   47    9   42 0.831 239.8 151.9 -20.6  50.1
188910 4.495    210300 0    0   14    0   19 0.924 244.8 152.6 -20.4  63.1
188910 8.393   4810100 2    0   18    0   12 0.681 145.8  12.1 -28.8 -25.9
188910 9.400    210500 0    0   15    0    9 0.515 180.4  25.0 -24.9   0.2
18891010.386    210500 2    0   16    0   10 0.541 199.4  23.2 -24.8  11.4
18891011.298    210500 0    0    9    0    6 0.624 212.9  21.9 -26.1  22.2
18891016.290    210600 3    4   25    3   16 0.609 300.4 328.5  22.6  34.7
18891017.399    210600 3    0   34    0   26 0.755 296.0 326.7  23.1  47.5
18891018.149    210600 0    0    1    0    2 0.884 291.1 331.5  21.2  62.2
18891023.314   4820100 0    0    3    0    2 0.805 122.8 154.1 -22.5 -47.1
18891212.458    210800 0    3   40    7   73 0.963 262.9 334.5  -7.1  74.3
18891213.293    210800 0    0   12    0   71 0.997 262.3 334.5  -7.8  85.3
18891218.236    210900 8    3   20    2   12 0.495  28.7 169.1  24.2 -15.1
18891218.236    211000 0    1    7    6   31 0.992 116.7 101.7 -26.7 -82.5
18891219.495    210900 8    1   50    1   28 0.438 358.1 168.5  24.2   0.9
18891219.495    211000 0    3   13    4   18 0.922 117.8 102.3 -26.2 -65.3
18891220.247    210900 8   12   79    7   45 0.469 340.9 167.3  24.5   9.7
18891220.247    211000 0    5   19    5   19 0.855 120.0 101.9 -26.4 -55.7
18891221.205    210900 8   18   77   11   46 0.559 321.0 167.7  23.9  22.6
18891221.205    211000 0    1    3    1    3 0.744 124.4 101.9 -26.3 -43.2
18891222.216    210900 8    0   54    0   37 0.690 308.6 167.8  23.8  36.1
18891222.216    211000 0    0   22    0   14 0.610 132.7 101.7 -26.3 -30.0
18891223.486    211000 0    0   12    0    7 0.504 146.0  96.6 -26.8 -18.4
18891224.245    211000 1    3   36    2   20 0.426 160.0  95.6 -25.9  -9.3
18891225.176    211000 1   25   87   14   48 0.416 188.2  96.5 -26.8   3.8
18891226.247    211000 5   41  268   24  155 0.503 216.2  98.0 -26.4  19.4
18891227.266    211000 5   72  351   47  227 0.638 230.0  98.2 -26.5  33.1
18891227.266    211100 0    6   32   28  150 0.994  98.7 341.2  -8.9 -83.9
18891228.213    211000 5   37  294   29  229 0.769 237.1  99.1 -26.7  46.3
18891228.213    211100 0   12   60   18   86 0.936  98.1 343.2  -8.6 -69.6
18891229.187    211000 5   42  213   44  221 0.880 241.0  99.5 -26.8  59.6
18891229.187    211100 0   35   89   32   82 0.832  98.6 343.6  -8.8 -56.3
18891230.263    211000 5   17  150   35  299 0.971 243.6 101.9 -26.4  76.2
18891230.263    211100 0   20  104   14   71 0.674 100.3 343.5  -9.2 -42.2
18891231.458    211100 0   21  118   12   67 0.448 104.0 343.9  -9.1 -26.1
