1887 1 1.000         0 0    0    0    0    0 0.000   0.0   0.0   0.0   0.0
1887 1 2.193    194400 0   13   89   13   90 0.870 262.2 113.6  -8.5  60.6
1887 1 2.193    194600 0   36  157   19   84 0.343 132.2  37.6 -16.7 -15.4
1887 1 3.244    194400 0    5   31    8   52 0.954 262.5 111.9  -8.2  72.8
1887 1 3.244    194600 0   19  121   10   63 0.225 172.7  37.5 -16.5  -1.7
1887 1 4.226    194600 0   19   94   10   49 0.295 222.1  38.1 -16.3  11.9
1887 1 5.471    194600 0   19   51   11   30 0.504 243.9  37.9 -16.2  28.1
1887 1 6.186    194600 0   13   58    8   38 0.623 248.8  37.6 -16.2  37.2
1887 1 7.182    194600 0    8   22    7   17 0.771 252.5  37.1 -16.0  49.9
1887 1 8.161    194600 0    6   15    6   16 0.892 253.3  37.6 -16.8  63.2
1887 119.326    194700 0    4   10    2    6 0.477 240.3 213.2 -18.4  25.9
1887 120.463    194700 0    0    5    0    3 0.679 249.4 214.3 -17.8  41.9
1887 120.463    194800 2    0   54    0   31 0.457 117.0 147.2 -16.8 -25.2
1887 121.519    194800 2   12   65    6   34 0.248 143.3 149.6 -16.8  -8.9
1887 122.151    194800 0   13   67    6   34 0.191 182.5 150.8 -16.5   0.5
1887 123.302    194800 0   10   34    5   18 0.329 235.1 151.3 -16.2  16.3
1887 124.467    194900 0    0   75    0  169 0.975  91.8  42.3  -3.0 -77.4
1887 125.456    194900 0   17  205   18  239 0.904  90.8  41.8  -3.2 -64.8
1887 125.456    195000 0    3   31    3   28 0.839  88.4  49.6  -1.8 -57.0
1887 125.456    195100 2    6   43   11   83 0.965  91.5  31.6  -2.9 -75.0
1887 126.462    194900 0   24  211   16  167 0.783  89.5  41.8  -3.2 -51.6
1887 126.462    195000 0    0    5    0    3 0.684  86.3  50.3  -1.7 -43.1
1887 126.462    195100 2    8   46    9   48 0.878  90.6  31.8  -3.3 -61.6
1887 127.177    194900 1   48  241   32  163 0.671  88.0  41.9  -3.0 -42.2
1887 127.177    195000 0    0    4    0    3 0.554  83.6  50.7  -1.4 -33.4
1887 127.177    195100 2   13   82   11   66 0.785  89.3  32.3  -3.1 -51.8
1887 128.279    194900 2   36  226   20  127 0.457  84.7  42.4  -2.9 -27.1
1887 128.279    195100 0   16   37   10   24 0.620  89.2  31.1  -4.2 -38.4
1887 129.302    194900 3   33  326   17  170 0.257  78.8  41.4  -3.0 -14.6
1887 129.302    195100 1    7   30    4   16 0.413  86.1  31.6  -3.9 -24.4
1887 130.493    194900 3   33  396   16  199 0.062 312.8  42.9  -3.7   2.6
1887 130.493    195100 3    3   58    2   30 0.157  79.5  31.4  -4.4  -8.9
1887 131.209    194900 3   85  524   44  270 0.205 278.6  42.5  -4.3  11.7
1887 131.209    195100 2    0   43    0   22 0.030 336.1  31.5  -4.6   0.7
1887 2 1.328    194900 3   50  332   28  187 0.460 273.8  43.5  -3.8  27.4
1887 2 1.328   4450100 0    0    5    0    5 0.862 251.5  76.0 -19.1  59.9
1887 2 2.432    194900 3   22  197   15  134 0.673 271.6  44.1  -3.6  42.4
1887 2 2.432    195300 0    0   14    0   18 0.920 101.0 294.0 -12.6 -67.7
1887 2 3.350    194900 0   23  117   21  105 0.828 270.2  45.6  -3.4  56.0
1887 2 3.350    195300 0    4   15    4   13 0.822 100.2 293.8 -12.0 -55.8
1887 2 3.350    195400 2   10   55    7   41 0.727  65.7 306.8  12.8 -42.8
1887 2 4.203    194900 0   13   65   17   85 0.924 268.9  46.1  -3.5  67.8
1887 2 4.203    195300 0    1   16    1   11 0.695 100.9 294.0 -12.2 -44.3
1887 2 4.203    195400 2   21   87   13   55 0.589  57.6 307.6  12.9 -30.7
1887 2 5.419    195400 2    9   42    5   23 0.398  34.3 309.0  12.9 -13.3
1887 2 6.547    195400 0    6   35    3   19 0.333 349.7 310.9  12.6   3.5
1887 217.224    195500 2    7   25    4   13 0.257 249.8 181.0 -11.9  14.3
1887 218.330    195500 8   13  112    7   65 0.483 260.6 181.2 -10.7  29.0
1887 218.330    195600 0    3   28    5   46 0.953  77.5  81.5   9.6 -70.7
1887 219.207    195500 8   23  120   16   78 0.646 262.4 181.4 -10.3  40.6
1887 219.207    195600 0    2   26    2   26 0.872  75.1  82.2   9.3 -58.6
1887 219.207   4460100 2    0   14    0   14 0.865  89.5  80.8  -3.1 -60.0
1887 219.207    195800 0   17   68   30  119 0.957  75.6  69.6  11.6 -71.2
1887 220.480    195500 8    0   74    0   72 0.848 262.9 182.6  -9.8  58.6
1887 220.480    195600 0    9   21    7   15 0.703  68.9  82.3   9.4 -41.7
1887 220.480    195800 0   14   78   13   72 0.840  71.5  69.7  11.4 -54.3
1887 221.459    195600 0    5   33    3   19 0.540  60.0  82.8   9.4 -28.3
1887 221.459    195800 0   13  101    9   71 0.706  66.1  69.9  11.3 -41.2
1887 221.459    195900 7    0   47    0   79 0.957  96.9  37.2  -8.6 -73.9
1887 222.166    195600 0    3   11    2    6 0.420  47.8  83.4   9.6 -18.4
1887 222.166    195800 0   26  118   16   73 0.600  59.6  69.9  11.6 -31.9
1887 222.166    195900 7   13   73   15   81 0.894  95.3  37.8  -7.9 -64.0
1887 223.149    195800 0   26  138   15   78 0.449  44.9  69.9  11.8 -18.9
1887 223.149    195900 7   16   69   12   52 0.731  95.2  41.4  -8.7 -47.4
1887 223.149   4460200 8    3   21    2   11 0.338  37.8  76.7   8.5 -12.1
1887 224.274    195800 0   28  110   15   59 0.329  10.5  70.5  11.7  -3.5
1887 224.274    195900 7    0   71    0   43 0.578  94.7  38.4  -8.6 -35.6
1887 225.458    195800 0    8   61    5   33 0.381 328.4  70.2  11.9  11.8
1887 225.458    195900 7    0   73    0   39 0.319  97.4  39.7  -9.2 -18.7
1887 226.429    195800 0    9   42    5   25 0.525 307.5  70.7  12.1  25.2
1887 227.586    195800 1    0   52    0   38 0.714 293.5  72.3  11.2  41.9
1887 228.447    195800 3   26  221   23  193 0.821 287.8  71.6  10.2  52.6
1887 3 1.190    195800 3   16  143   18  170 0.907 284.7  72.3  10.1  63.0
1887 3 2.230    195800 7    0   57    0  134 0.977 281.8  71.7   9.9  76.2
1887 310.172    196100 7    0   24    0   15 0.538 261.4 283.8 -10.7  32.8
1887 311.474    196100 0    1   12    1    9 0.779 264.2 285.5  -9.0  51.7
1887 317.291    196200 2    7   29   15   72 0.980  75.6  80.7  12.5 -76.4
1887 318.418    196200 0    9   55    9   59 0.883  71.9  83.0  12.4 -59.2
1887 319.430    196200 0   12   82    9   62 0.748  66.5  84.3  12.4 -44.6
1887 319.430    196300 0    0   13    0   32 0.979  86.2  51.0   2.3 -77.9
1887 320.164    196200 1   26  108   18   71 0.651  60.5  83.7  13.1 -35.6
1887 320.164    196300 0   12   23   16   32 0.932  84.6  51.0   2.5 -68.3
1887 321.552    196200 1   10   64    6   35 0.428  38.9  85.0  12.8 -16.0
1887 321.552    196300 0    0   23    0   18 0.759  80.7  52.4   2.5 -48.6
1887 321.552    196400 0    0   13    0   24 0.962  77.5  28.5  10.0 -72.5
1887 322.512    196200 1   10  122    5   66 0.357  13.4  83.4  13.5  -4.9
1887 322.512    196300 0    0   21    0   13 0.592  76.4  53.1   2.4 -35.2
1887 322.512    196400 0    0    9    0   10 0.880  74.5  28.8  10.2 -59.5
1887 323.346    196400 0    0   12    0   10 0.780  70.4  28.8  10.7 -48.4
1887 324.165    196400 0    0    7    0    5 0.715  65.7  24.7  12.1 -41.8
1887 325.444    196500 2    0   28    0   18 0.629 103.3  10.5 -13.6 -39.0
1887 326.444    196500 7   10   80    6   45 0.432 108.4  11.4 -13.9 -25.0
1887 327.506    196500 0    8   29    4   15 0.240 121.1  10.2 -13.6 -12.2
1887 330.338   4480100 8    0   18    0    9 0.168 348.0 347.0   3.0   2.0
1887 331.186    196700 2   11   43    6   23 0.342   8.3 331.0  13.4  -2.9
1887 4 1.500    196700 2   14   49    8   27 0.416 323.1 331.4  13.3  14.9
1887 4 2.434    196700 0    3   13    2    8 0.529 307.2 329.7  13.0  25.6
1887 4 3.196    196700 0    3   14    2   10 0.664 297.8 331.2  13.1  37.1
1887 4 4.432    196700 0    0    4    0    4 0.850 290.3 332.9  13.7  55.1
1887 412.414    196800 0    0   13    0   40 0.986  72.5  94.0  16.2 -78.4
1887 413.288    196800 0    0   16    0   23 0.938  70.4  93.9  16.3 -67.0
1887 415.514    196900 2    0    5    0   13 0.983  93.7  51.8  -4.6 -79.7
1887 416.394    196900 3    0   27    0   34 0.917  92.0  53.2  -3.9 -66.7
1887 418.546    197000 2    1   25    1   20 0.789  69.1  42.2  13.1 -49.2
1887 419.514    196900 2    1   24    0   14 0.426  86.9  53.4  -3.2 -25.2
1887 419.514    197000 2   18  221   12  144 0.632  61.4  43.8  13.5 -34.8
1887 420.495    197000 2   21  278   12  158 0.474  49.7  44.0  13.3 -21.8
1887 421.469    197000 3   28  225   15  119 0.341  23.1  45.0  13.5  -7.9
1887 422.417    197000 1   31  198   16  105 0.325 344.9  45.4  13.6   5.0
1887 423.432    197000 0   32  121   18   67 0.427 314.8  45.0  13.1  18.1
1887 424.551    197000 0   15  114   10   72 0.605 298.3  45.3  12.9  33.1
1887 425.125    197000 0   21   70   14   49 0.691 293.1  45.1  12.4  40.6
1887 426.417    197000 0    6   24    6   24 0.865 287.4  45.2  12.7  57.8
1887 427.415    197000 0    0   10    0   16 0.951 284.7  44.7  12.6  70.4
1887 427.415    197100 2    6   68    9  113 0.953  76.2 263.3  11.8 -71.0
1887 428.429    197100 2   12   97   12   97 0.864  73.6 262.9  11.9 -57.9
1887 429.285    197100 2   39  155   30  119 0.755  69.7 263.1  12.4 -46.5
1887 430.471    197100 3   14  111    9   68 0.576  62.2 262.5  12.2 -31.4
1887 5 1.546    197100 1    0   52    0   29 0.448  53.2 258.1  12.0 -21.5
1887 5 2.126    197100 1    0   13    0    7 0.353  39.9 258.6  12.1 -13.4
1887 5 2.126    197200 7    2   29    2   19 0.648  94.7 231.5  -5.9 -40.5
1887 5 2.126    197300 3    0  103    0  370 0.991  76.7 190.9  12.6 -81.1
1887 5 3.577    197300 3   49  451   57  521 0.902  74.9 190.0  12.0 -62.9
1887 5 4.292    197200 2    3   25    1   13 0.179 102.6 233.4  -5.7 -10.1
1887 5 4.292    197300 3   87  461   77  413 0.830  72.5 189.3  12.4 -54.2
1887 5 5.555    197200 2   16  104    8   53 0.125 265.1 234.0  -4.0   7.2
1887 5 5.555    197300 3   97  453   62  289 0.627  64.5 191.3  12.9 -35.5
1887 5 6.101    197200 3   24   74   12   38 0.264 265.4 234.8  -4.4  15.3
1887 5 6.101    197300 3   99  487   59  289 0.542  59.4 190.9  13.1 -28.6
1887 5 7.554    197200 3    0   97    0   60 0.580 265.7 235.8  -5.1  35.5
1887 5 7.554    197300 3  102  524   54  277 0.320  29.1 191.1  13.1  -9.2
1887 5 8.207    197200 7   13   58   10   41 0.704 265.6 236.4  -5.3  44.8
1887 5 8.207    197300 3  109  564   57  292 0.277   2.5 190.9  13.0  -0.7
1887 5 8.207    197400 5   22   91   11   46 0.139 180.7 191.7 -11.1   0.1
1887 5 9.450    197200 7    0   20    0   21 0.879 265.5 236.9  -5.4  61.7
1887 5 9.450    197300 3   64  503   35  271 0.381 314.8 191.3  12.7  16.1
1887 5 9.450    197400 5   21  158   11   84 0.320 244.7 192.3 -10.7  17.1
1887 5 9.450    197500 0    0   24    0   17 0.690  91.5 131.5  -3.2 -43.7
1887 5 9.450    197600 0    0   12    0   22 0.960  81.2 102.1   7.6 -73.1
1887 510.548    197200 7    0   19    0   39 0.972 265.7 237.2  -4.9  76.5
1887 510.548    197300 3   58  433   35  263 0.563 297.3 191.5  12.5  30.8
1887 510.548    197400 5   15   64   10   39 0.540 255.5 192.8 -10.2  32.1
1887 510.548    197500 4    0   63    0   36 0.483  91.4 131.8  -3.2 -28.9
1887 510.548    197600 1    0   18    0   18 0.864  79.3 101.7   7.8 -59.0
1887 511.246    197300 3   53  320   36  220 0.679 292.4 191.6  12.9  40.1
1887 511.246    197400 5    1   51    0   34 0.667 257.9 193.0 -10.1  41.5
1887 511.246    197500 4    5   56    3   30 0.329  90.0 132.3  -2.6 -19.2
1887 511.246    197600 0    6   16    5   13 0.767  76.9 102.5   8.2 -49.0
1887 511.246    197700 0    0    8    0   29 0.991  91.9  68.9  -2.2 -82.6
1887 512.260    197300 3   40  242   36  217 0.827 287.4 192.1  12.8  54.0
1887 512.260    197700 0    1    8    1   11 0.931  90.9  69.4  -1.8 -68.7
1887 513.575    197300 3    6   99   10  159 0.950 283.7 191.3  12.2  70.7
1887 513.575    197700 1    0   27    0   21 0.773  88.4  70.0  -0.4 -50.6
1887 514.499    197300 1    0   35    0  154 0.993 282.7 191.1  12.3  82.7
1887 514.499    197700 0    0   16    0   10 0.624  84.6  70.0   1.5 -38.4
1887 514.499    197800 2    0   61    0   36 0.527 102.9  77.1  -8.8 -31.3
1887 515.548    197800 3    5  147    2   77 0.302 114.5  78.3  -9.4 -16.2
1887 516.526    197800 8   67  473   35  241 0.135 158.3  78.7  -9.4  -2.9
1887 516.526    197900 1    3   24    3   25 0.878  97.7  20.2  -7.8 -61.4
1887 517.118    197800 8  123  653   62  331 0.159 218.7  79.6  -9.2   5.8
1887 517.118    197900 1   15   29   12   25 0.804  98.4  20.4  -8.0 -53.4
1887 517.118   4490100 2    0   30    0   15 0.101  45.3  69.7   2.0  -4.1
1887 518.148    197800 6  191  905  104  490 0.367 248.9  80.5  -9.4  20.3
1887 519.274    197800 7  203 1116  128  701 0.601 257.1  81.7  -9.2  36.4
1887 520.524    197800 8   71  679   61  588 0.815 260.0  83.1  -9.1  54.4
1887 521.432    197800 8   41  464   54  599 0.921 260.9  83.8  -9.0  67.1
1887 526.406   4500100 0    0    9    0   11 0.920 271.1  17.8   0.6  66.9
1887 528.161    198200 2   10   41    5   21 0.249 299.5 300.3   6.3  12.6
1887 528.161    198300 2   26   43   14   23 0.369  15.4 281.7  20.1  -6.0
1887 529.123    198200 3   22  113   12   63 0.438 285.6 300.1   6.2  25.1
1887 529.123    198300 2   18   54   10   30 0.368 340.8 282.4  19.7   7.4
1887 530.265    198200 3   19   65   12   43 0.661 280.1 300.8   6.3  40.9
1887 530.265    198300 2    6   16    3   10 0.506 312.8 283.1  19.6  23.2
1887 530.265   4500200 0    0    7    0   10 0.921  77.4 193.4  11.4 -66.5
1887 531.407    198200 0    0   21    0   19 0.833 278.8 300.8   7.1  56.1
1887 531.407   4500300 2    0   19    0   10 0.139 192.9 246.5  -8.2   1.8
1887 6 1.571    198600 2    0   53    0   55 0.878 102.5 168.5 -11.1 -60.9
1887 6 2.373    198600 3   25  142   20  115 0.788 103.8 167.5 -10.9 -51.2
1887 6 3.214    198600 3   37  336   24  219 0.644 106.4 168.7 -10.5 -38.9
1887 6 4.404    198600 7   10   99    5   54 0.400 116.5 170.5 -10.2 -21.3
1887 6 5.204    198600 7    4   38    2   20 0.248 132.9 170.7  -9.5 -10.6
1887 6 6.487    198700 1   14  561   18  787 0.935 100.8  95.5 -10.0 -68.8
1887 6 7.321    198700 2  178  641  171  614 0.855 101.3  95.0  -9.4 -58.2
1887 6 8.502    198700 2  169  840  115  583 0.689 104.0  95.0  -9.2 -42.6
1887 6 9.438    198700 2  189  989  112  589 0.525 108.5  94.8  -9.0 -30.3
1887 6 9.438    198800 2    2   47    4   91 0.967  89.5  49.8   0.7 -75.3
1887 610.417    198700 2  201 1119  107  596 0.337 119.9  95.0  -8.9 -17.2
1887 610.417    198800 2    7   40    7   44 0.888  89.1  49.6   1.2 -62.6
1887 611.434    198700 2  216 1077  109  548 0.178 158.4  94.9  -8.6  -3.8
1887 611.434    198800 1   12   63    9   48 0.759  88.8  49.3   1.5 -49.4
1887 612.517    198700 2  227 1076  117  557 0.246 228.3  95.2  -8.4  10.7
1887 612.517    198800 1   13   57    8   35 0.562  90.1  50.3   0.8 -34.2
1887 613.440    198700 2  194  932  107  513 0.415 247.1  94.9  -8.2  22.7
1887 613.440    198800 0    7   25    4   13 0.368  90.5  50.6   0.9 -21.6
1887 614.425    198700 2  188  809  118  507 0.599 254.6  94.9  -8.1  35.7
1887 614.425    198800 0    0    7    0    4 0.129  92.2  51.8   1.0  -7.4
1887 615.447    198700 2  130  623  100  483 0.767 258.3  95.0  -8.0  49.3
1887 616.412    198700 2   87  400   95  437 0.889 260.5  95.0  -7.7  62.2
1887 617.417    198700 2   32  143   67  296 0.970 261.7  95.1  -7.6  75.6
1887 617.417    198900 4    9   62    5   31 0.110 257.9  25.7   0.3   6.2
1887 618.106    198700 2    0   59    0  311 0.996 262.3  94.9  -7.5  84.4
1887 618.106    198900 4   20   85   11   44 0.275 264.9  26.4   0.3  15.9
1887 618.106    199000 0    0    7    0   16 0.976  96.3 293.3  -5.8 -77.2
1887 619.501    198900 5   31  298   19  183 0.562 267.8  26.2   0.3  34.2
1887 619.501    199000 0    0   13    0   12 0.853  97.5 293.8  -5.4 -58.2
1887 620.420    198900 5    8  112    6   82 0.727 268.9  26.4   0.6  46.6
1887 620.420    199000 2    7   86    6   64 0.742  99.1 292.4  -5.4 -47.4
1887 621.263    198900 5    4   45    4   40 0.824 270.0  24.2   1.2  55.5
1887 621.263    199000 2   10   89    6   57 0.613 102.3 291.7  -5.8 -37.0
1887 622.416    199000 3    3   66    2   36 0.389 109.8 291.8  -5.5 -21.6
1887 623.476    199000 3    0   69    0   35 0.210 132.9 290.4  -5.9  -8.9
1887 624.143    199000 7    3   32    2   17 0.154 178.7 290.3  -6.4  -0.2
1887 625.196    199000 0    1    8    0    4 0.272 239.3 290.2  -5.5  13.6
1887 627.449    199100 1   29  197   42  292 0.942 102.5 177.3 -10.8 -69.4
1887 628.513    199100 1   42  266   38  240 0.834 105.7 177.7 -11.4 -55.0
1887 629.492    199100 1   54  319   38  220 0.695 110.3 178.0 -11.7 -41.7
1887 630.273    199100 1   64  281   39  171 0.561 116.0 178.5 -11.6 -31.0
1887 7 1.413    199100 1   61  348   33  187 0.367 134.1 178.7 -11.7 -15.6
1887 7 2.528    199100 1   67  411   35  211 0.255 176.2 178.6 -11.4  -1.0
1887 7 2.528    199200 0    8   49   31  200 0.992  98.0  97.2  -7.5 -82.4
1887 7 3.551    199100 1   67  368   36  194 0.342 220.1 179.1 -11.8  13.0
1887 7 3.551    199200 0   21  137   30  196 0.937  99.3  97.2  -7.5 -68.9
1887 7 4.434    199100 0   57  276   33  159 0.494 238.6 179.8 -11.7  25.5
1887 7 4.434    199200 1   43  252   41  241 0.853 100.8  96.6  -7.3 -57.7
1887 7 5.577    199100 0   42  227   29  157 0.691 248.9 180.4 -11.7  41.2
1887 7 5.577    199200 1   59  344   40  235 0.691 104.4  96.8  -7.2 -42.4
1887 7 5.577    199300 8    8  124    4   68 0.385 182.2 140.1 -19.0   0.9
1887 7 5.577    199400 2    0   42    0  138 0.989  83.6  57.5   6.9 -81.7
1887 7 6.558    199100 0   34  175   30  158 0.831 253.2 180.7 -11.7  54.4
1887 7 6.558    199200 1   61  367   36  217 0.526 110.4  96.5  -7.3 -29.8
1887 7 6.558    199300 8   77  384   44  217 0.467 211.7 141.4 -19.8  15.1
1887 7 6.558    199400 2   19  193   33  338 0.956  83.7  52.6   7.1 -73.3
1887 7 7.404    199100 0   16   98   20  126 0.923 255.5 181.0 -11.8  65.9
1887 7 7.404    199200 1   79  391   42  209 0.362 121.1  96.9  -7.1 -18.2
1887 7 7.404    199300 8   75  449   46  276 0.578 227.6 142.0 -19.5  26.9
1887 7 7.404    199400 2   40  379   43  415 0.890  83.9  52.2   7.2 -63.1
1887 7 8.458    199100 0    0   35    0  105 0.987 257.2 180.7 -11.9  79.5
1887 7 8.458    199200 1   58  403   30  206 0.209 158.7  96.8  -7.3  -4.4
1887 7 8.458    199300 8   48  281   35  206 0.730 239.1 142.7 -19.1  41.5
1887 7 8.458    199400 2   76  489   57  372 0.754  83.4  52.1   7.6 -49.1
1887 7 9.471    199200 1   64  364   33  187 0.251 219.2  96.9  -7.2   9.2
1887 7 9.471    199300 8   32  163   31  160 0.860 245.8 143.5 -18.4  55.8
1887 7 9.471    199400 2   99  532   60  329 0.585  82.8  51.9   7.5 -35.8
1887 710.492    199200 1   65  334   36  184 0.430 243.3  96.9  -7.3  22.8
1887 710.492    199300 8   13   86   20  135 0.949 249.1 143.2 -18.4  69.1
1887 710.492    199400 2  109  475   59  255 0.379  79.8  52.0   7.7 -22.1
1887 711.582    199200 1   46  267   29  172 0.634 253.2  97.4  -7.2  37.7
1887 711.582    199300 8    0   13    0   77 0.996 251.1 143.2 -18.4  83.5
1887 711.582    199400 2  106  556   53  280 0.129  63.7  53.0   7.5  -6.7
1887 712.492    199200 1   39  235   31  188 0.781 257.0  97.8  -7.3  50.1
1887 712.492    199400 2  101  491   51  249 0.121 295.5  54.0   7.3   6.3
1887 713.429    199200 1   25  158   28  176 0.894 259.9  97.8  -7.0  62.5
1887 713.429    199400 2   85  480   45  255 0.334 279.0  54.7   7.2  19.4
1887 714.418    199200 1   14   84   30  186 0.974 261.3  98.5  -7.4  76.2
1887 714.418    199400 2   87  403   52  241 0.536 275.9  54.8   7.0  32.5
1887 715.459    199400 2   62  296   45  215 0.724 275.1  55.0   6.9  46.6
1887 716.460    199400 2   37  200   35  193 0.855 275.3  54.4   7.0  59.1
1887 717.458    199400 2   16   74   26  120 0.952 275.4  54.5   6.6  72.5
1887 718.465    199400 2    0   15    0   50 0.989 277.8  50.9   8.4  82.2
1887 723.418    199500 4   23   96   12   50 0.282 152.4 255.5  -9.2  -7.6
1887 724.455    199500 4   10   87    5   45 0.280 199.7 254.9  -9.9   5.5
1887 724.455    199600 0    0   13    0   18 0.937 106.5 182.0 -13.4 -67.4
1887 725.890    199500 4   36  140   20   75 0.352 222.2 255.0  -9.8  13.9
1887 725.890    199600 0    4   18    4   19 0.879 108.0 182.0 -13.0 -59.1
1887 726.531    199500 4   51  381   34  254 0.659 247.9 260.3 -10.0  38.3
1887 726.531    199600 0    4   20    3   14 0.689 115.8 182.4 -13.2 -39.6
1887 727.403    199500 4   70  636   62  531 0.800 252.7 261.4 -10.2  50.9
1887 727.403    199600 0    4   18    2   11 0.554 124.5 182.5 -13.3 -28.0
1887 728.437    199500 4   70  513   92  640 0.915 256.2 261.3 -10.2  64.6
1887 728.437    199600 1    0   14    0    8 0.401 141.6 181.9 -12.8 -14.8
1887 729.206    199500 4   21  364   58  813 0.975 258.0 262.4 -10.3  75.8
1887 730.544    199700 0    0   23    0   30 0.926 104.7 102.9 -11.2 -65.9
1887 730.544    199800 0    0   39    0   64 0.953 100.2  97.6  -7.9 -71.2
1887 731.458    199700 0    3   40    3   35 0.820 107.5 104.0 -10.7 -52.8
1887 731.458    199900 4   13  161   19  247 0.946  97.8  86.5  -5.4 -70.3
1887 731.458    200000 0    3   49    5   70 0.936  80.1  86.6  11.3 -70.2
1887 731.548    199800 0    8   77    9   79 0.860 102.6  97.5  -7.7 -57.9
1887 8 1.530    199700 1    5   39    3   26 0.664 113.9 104.4 -10.9 -38.2
1887 8 1.530    199800 0   15  105   11   76 0.735 106.3  97.2  -7.7 -45.4
1887 8 1.530    199900 4   31  295   28  272 0.839  99.8  86.5  -4.9 -56.1
1887 8 1.530    200000 0    6  130    5  115 0.824  80.6  86.6  11.1 -56.0
1887 8 2.588    199700 0    6   38    3   21 0.469 126.7 106.2 -10.7 -22.5
1887 8 2.588    199800 0   19  130   11   79 0.560 113.5  97.5  -7.7 -31.2
1887 8 2.588    199900 4   43  423   29  288 0.684 103.4  86.8  -4.6 -41.9
1887 8 2.588    200000 0   10   90    6   61 0.665  79.7  86.8  11.4 -41.9
1887 8 3.406    199700 0    4   48    2   26 0.345 146.0 106.5 -10.6 -11.3
1887 8 3.406    199800 0   21  138   12   76 0.410 123.4  97.6  -7.3 -20.2
1887 8 3.406    199900 4   36  412   22  245 0.534 108.7  87.3  -4.6 -30.5
1887 8 3.406    200000 0   13   65    7   38 0.518  77.7  86.7  11.6 -31.1
1887 8 4.402    199700 0   11   26    6   14 0.288 186.5 106.5 -10.4   1.9
1887 8 4.402    199800 0   15  144    8   75 0.262 152.6  97.6  -7.3  -7.0
1887 8 4.402    199900 4   27  385   16  203 0.339 123.0  88.0  -4.7 -16.6
1887 8 4.402    200000 2    2   23    1   12 0.313  71.2  87.0  11.7 -17.6
1887 8 5.406    199700 1    3   20    1   11 0.391 221.8 106.7 -10.9  15.4
1887 8 5.406    199800 0   26  153   14   79 0.263 204.5  97.6  -7.6   6.3
1887 8 5.406    199900 4   54  575   28  295 0.193 174.8  90.3  -4.8  -1.0
1887 8 5.406    200000 2    1   14    1    7 0.120  34.7  87.3  11.9  -4.0
1887 8 6.487    199700 0    0   15    0    9 0.554 240.6 106.5 -10.3  29.4
1887 8 6.487    199800 0   17  131   10   72 0.419 236.7  97.8  -7.4  20.7
1887 8 6.487    199900 4   73  630   39  332 0.305 231.1  90.9  -4.9  13.8
1887 8 7.206    199700 0    0    6    0    4 0.667 246.6 106.0 -10.4  38.5
1887 8 7.206    199800 0   18  119   11   71 0.544 245.6  97.5  -7.5  30.0
1887 8 7.206    199900 4   89  636   49  354 0.440 243.9  90.9  -5.3  23.4
1887 8 8.538    199800 0    6   33    5   26 0.759 254.9  97.6  -7.1  47.6
1887 8 8.538    199900 4   53  433   37  297 0.683 255.6  91.6  -5.0  41.6
1887 8 9.573    199800 0    5   24    6   26 0.885 258.3  97.3  -7.2  60.9
1887 8 9.573    199900 4   17  263   16  243 0.840 260.1  92.5  -4.7  56.1
1887 810.512    199900 4    0  115    0  167 0.938 262.8  92.8  -4.4  69.0
1887 813.573    200100 1    4  109    6  193 0.959 102.0 271.6  -9.5 -71.9
1887 813.573    200200 0    0   25    0   81 0.988  81.6 261.4   9.3 -82.1
1887 814.536    200100 1   12  121   12  123 0.870 105.1 272.3  -9.6 -58.4
1887 814.536    200200 0    9   50   13   69 0.930  82.6 261.5   9.3 -69.2
1887 815.535    200100 1   16  135   11  100 0.732 109.9 273.1  -9.6 -44.3
1887 815.535    200200 0   15   89   13   80 0.824  83.2 261.4   9.4 -56.0
1887 816.338    200100 1   29  142   18   88 0.590 117.1 274.6  -9.8 -32.2
1887 816.338    200200 0   20  125   14   87 0.702  83.5 261.8   9.4 -45.0
1887 816.338   4530100 0    0   10    0    7 0.763 119.0 262.6 -16.9 -44.2
1887 817.243    200100 0   25  144   14   80 0.431 131.2 275.6 -10.0 -19.2
1887 817.243    200200 0   29  135   17   80 0.538  82.5 262.0   9.8 -32.8
1887 818.661    200100 1   18  107    9   56 0.281 183.5 277.1  -9.4   1.0
1887 818.661    200200 1   31  166   16   85 0.246  76.9 262.0   9.9 -14.1
1887 819.586    200100 1    7   53    4   28 0.371 220.3 278.0  -9.7  14.1
1887 819.586    200200 0   11   80    6   40 0.061  28.7 262.2  10.0  -1.7
1887 820.554    200100 1    7   29    4   17 0.536 238.3 278.8 -10.2  27.6
1887 820.554    200200 1   10   41    5   21 0.189 286.8 261.8  10.0  10.6
1887 820.554    200400 0    0   12    0   24 0.967 107.6 178.5 -15.0 -72.7
1887 821.183    200100 1    0   13    0    8 0.645 244.4 279.2 -10.6  36.3
1887 821.183    200200 0    7   24    4   13 0.328 280.3 262.0  10.0  19.1
1887 821.183    200400 0    0   19    0   24 0.922 109.4 178.7 -14.9 -64.2
1887 822.452    200200 0    7   25    4   15 0.575 278.1 261.5  10.4  35.4
1887 822.452    200400 0    0   15    0   12 0.795 115.0 177.9 -15.0 -48.2
1887 827.569    200500 2    0   25    0   32 0.921 271.8 225.9   4.4  67.4
1887 828.231    200500 2    0   30    0   66 0.975 273.1 227.2   4.6  77.5
1887 9 3.451    200600 2    6   97    3   52 0.381 234.6  85.8  -5.9  18.2
1887 9 4.464    200600 0    0   37    0   22 0.542 246.0  84.1  -6.5  29.9
1887 913.459    200700 0    0   12    0   10 0.780 104.9 246.0  -6.9 -49.4
1887 914.436    200700 0    3   23    2   15 0.630 109.8 245.8  -6.6 -36.6
1887 914.436    200800 3    1   38    1   31 0.786  88.8 230.3   5.4 -52.1
1887 915.481    200700 0    0   12    0    6 0.437 120.7 246.4  -6.3 -22.2
1887 915.481    200800 2   60  402   38  250 0.590  92.0 232.3   4.6 -36.3
1887 916.538    200800 3  107  582   58  316 0.372  95.4 233.0   4.6 -21.8
1887 917.185    200800 3  110  822   56  425 0.242  98.3 232.3   4.9 -13.9
1887 918.193    200800 3  159  942   80  508 0.042 184.8 233.1   4.7   0.2
1887 919.275    200800 3  129  844   67  437 0.235 262.5 232.1   5.1  13.5
1887 920.453    200800 3   96  685   56  397 0.497 268.2 233.0   5.2  29.9
1887 921.290    200800 3   85  532   59  360 0.666 269.2 234.0   4.7  41.9
1887 922.491    200800 3   42  312   41  296 0.852 271.4 234.9   4.8  58.7
1887 923.304    200800 3   33  235   47  341 0.939 272.4 235.8   4.6  70.3
1887 924.850    200800 1    7   85   13  173 0.969 273.9 231.4   5.4  76.3
1887 924.850   4540100 2    8   22    6   14 0.656 237.4 190.0 -15.1  34.9
188710 2.237    201000 7   17   82   12   54 0.647 254.3  86.2  -5.0  38.7
188710 3.163    201000 7   21  103   17   86 0.797 258.7  87.0  -5.0  51.7
188710 4.140    201000 2   11   53   14   64 0.908 261.4  86.7  -5.1  64.3
188710 4.140    201100 8    8   43    5   25 0.476 232.4  45.0 -11.0  22.6
188710 5.143    201100 2    0    7    0    5 0.641 244.7  45.4 -10.8  36.2
188710 6.276    201100 1    2   15    1   13 0.816 250.0  46.0 -12.4  51.7
18871018.147    201200 2    4   29    4   32 0.894  94.8 134.5  -1.9 -63.1
18871019.175    201200 1   22  203   17  156 0.761  96.7 135.0  -1.6 -49.1
18871019.175    201300 0    0    4    0    2 0.608 112.3 149.4  -9.0 -34.7
18871020.200    201200 2   39  295   24  185 0.603  98.8 134.0  -1.1 -36.6
18871020.200    201300 7    0   36    2   21 0.460 123.7 147.7 -10.0 -22.9
18871020.200    201400 0    0    6    0    8 0.907  95.9 106.0  -3.1 -64.6
18871021.466    201200 0   51  578   28  311 0.350 105.4 134.2  -0.5 -19.7
18871021.466    201400 0    2   10    2    7 0.739  98.8 106.9  -3.0 -47.0
18871022.427    201200 0   24  524   12  267 0.138 132.0 135.2  -0.3  -5.9
18871022.427    201400 0    0   12    0    7 0.566 102.4 107.5  -2.8 -33.6
18871023.532    201200 2   28  265   14  136 0.187 241.1 136.0  -0.3   9.4
18871023.532    201400 2    0    7    0    4 0.330 112.0 108.8  -2.4 -17.8
18871024.463    201200 4   14  183    8  101 0.394 257.5 137.0  -0.4  22.6
18871024.463    201400 2    0   18    0    9 0.195 129.2 105.7  -2.3  -8.7
18871024.463    201500 0    0    9    0    5 0.381 219.9 128.9 -12.3  14.5
18871025.435    201200 4   12   68    7   42 0.592 262.8 137.5  -0.4  36.0
18871025.435    201400 2    0   12    0    6 0.175 226.5 108.8  -2.2   7.3
18871025.435    201500 1    0   22    0   13 0.543 238.5 129.8 -12.3  28.3
18871026.428    201200 4   10   30    7   24 0.767 265.8 138.6  -0.2  49.9
18871026.428    201400 2    0    5    0    3 0.397 252.9 111.0  -2.4  22.3
18871026.428    201500 0    8   24    6   17 0.698 248.0 130.1 -11.7  41.4
18871027.283    201200 4    2   13    2   13 0.869 267.3 137.4  -0.1  60.2
18871027.283    201400 2    0   18    0   11 0.523 257.3 107.9  -2.7  30.7
18871027.283    201500 0    2   11    2   10 0.824 252.9 130.6 -11.3  53.4
18871028.210    201400 2    0   20    0   14 0.695 262.5 108.5  -2.0  43.6
18871029.428    201400 2    0    2    0    2 0.880 265.2 110.3  -2.1  61.4
18871031.449    201600 0    3   32    2   22 0.684 268.5  65.5   2.0  43.2
188711 1.157    201600 7    0    4    0    3 0.808 269.0  66.9   1.6  53.9
188711 5.409    201700 0    3   40   11  130 0.988  98.1 236.2  -7.4 -80.6
188711 6.475    201700 0   16  107   21  143 0.927 100.0 235.8  -7.9 -67.1
188711 7.191    201700 0   23  140   22  134 0.852 101.7 236.0  -8.1 -57.4
188711 7.191    201800 3    1   12    0    7 0.401  84.0 269.8   5.5 -23.6
188711 8.162    201700 0   30  159   22  116 0.721 104.7 235.8  -8.2 -44.8
188711 8.162    201800 0    0    3    0    2 0.169  67.9 271.5   6.9  -9.1
188711 9.304    201700 0   34  190   20  112 0.525 111.0 235.8  -8.1 -29.7
18871110.296    201700 1   34   81   18   96 0.335 124.5 236.2  -8.0 -16.2
18871111.572    201700 0   24  141   13   72 0.190 182.1 236.1  -8.0   0.4
18871111.572    201900 0    0    4    0    9 0.975 108.9 160.2 -17.7 -75.5
18871111.572    202000 0    0   21    0   80 0.992 108.3 154.5 -17.7 -81.2
18871112.227    201700 1   24  125   12   65 0.248 221.7 236.6  -7.9   9.6
18871112.227    201900 2    0   12    0   16 0.929 110.8 160.9 -18.1 -66.1
18871112.227    202000 0    7   47   14   90 0.965 109.6 154.0 -18.1 -73.0
18871113.172    201700 0   17   79    9   44 0.421 244.3 237.1  -8.0  22.5
18871113.172    201900 2    3   27    3   25 0.835 113.7 161.1 -18.0 -53.5
18871113.172    202000 0   16  101   18  111 0.892 112.1 154.1 -18.3 -60.5
18871114.186    201700 0   10   48    6   30 0.611 253.5 237.5  -7.9  36.3
18871114.186    201900 2    6   40    4   27 0.693 119.7 161.9 -18.1 -39.3
18871114.186    202000 0   28  105   22   83 0.775 116.2 154.1 -18.3 -47.1
18871115.168    201700 0    2   16    2   13 0.773 257.3 237.8  -8.2  49.6
18871115.168    201900 2    0   43    0   26 0.542 129.8 162.2 -18.1 -26.0
18871115.168    202000 2    5   66    3   43 0.641 123.6 153.9 -18.7 -34.3
18871116.186    201700 0    0    7    0    8 0.897 259.7 237.9  -8.2  63.1
18871116.186    201900 2    3   28    2   15 0.401 150.5 162.8 -18.1 -12.0
18871116.186    202000 2    3   26    2   15 0.496 136.6 153.7 -18.9 -21.1
18871117.449    201900 7   21   54   12   29 0.349 196.0 163.8 -17.4   5.8
18871118.318    201900 0    5   20    3   11 0.437 219.4 163.6 -17.7  16.9
18871119.448    201900 0    0   13    0    8 0.596 235.4 162.8 -18.1  31.1
18871120.214    201900 0    1    6    1    5 0.714 242.6 163.4 -17.8  41.7
188712 3.518    202100 4   15  150   48  489 0.988  98.1 225.3  -8.0 -81.0
188712 4.189    202100 4   66  414  136  850 0.971  98.2 221.7  -7.9 -75.9
188712 5.436    202100 4   96  842   89  808 0.853  98.9 222.8  -7.6 -58.2
188712 6.198    202100 4  141 1084  107  833 0.758  99.9 222.1  -7.6 -48.9
188712 7.503    202100 4  116 1285   70  763 0.527 103.3 222.8  -7.2 -31.1
188712 8.211    202100 4  178 1225   97  670 0.398 108.2 222.1  -7.5 -22.4
188712 9.427    202100 4   49 1091   25  557 0.146 139.3 222.9  -6.9  -5.5
188712 9.427    202200 5   10  100    6   57 0.472 120.6 203.6 -14.4 -24.8
18871210.181    202100 4  158 1152   79  581 0.148 217.5 223.7  -7.4   5.2
18871210.181    202200 5   55  244   30  129 0.336 135.4 204.4 -14.5 -14.1
18871211.189    202100 4   95  896   51  476 0.344 248.8 224.2  -7.9  18.9
18871211.189    202200 5   45  203   24  104 0.239 180.0 205.3 -14.6   0.0
18871212.207    202100 4   71  677   43  412 0.554 256.9 224.9  -8.0  33.0
18871212.207    202200 5   20  161   11   86 0.319 223.0 204.9 -14.4  13.0
18871212.207   4570100 2    3   12    2    9 0.737 261.5 239.1  -6.9  47.2
18871213.177    202100 4   68  504   50  369 0.726 259.7 225.4  -8.2  46.2
18871213.177    202200 0    2   32    1   18 0.509 242.5 207.0 -14.5  27.8
18871214.427    202100 0   43  294   48  324 0.890 261.6 225.4  -8.0  62.8
18871214.427    202400 5   15  112   40  307 0.983  97.4  83.1  -7.5 -79.5
18871215.191    202100 0   28  175   47  295 0.955 262.1 225.3  -7.9  72.7
18871215.191    202400 5  113  575  202 1030 0.960  97.3  78.8  -7.4 -73.8
18871216.551    202400 5  126 1036  108  919 0.823  98.2  79.4  -7.6 -55.3
18871217.474    202400 5  164 1275  113  876 0.679  99.8  80.0  -7.8 -42.5
18871218.473    202400 5  162 1209   94  701 0.487 103.3  80.7  -7.9 -28.6
18871219.288    202400 5  256 1458  135  773 0.325 109.7  80.5  -8.0 -18.0
18871220.207    202400 5  242 1418  123  722 0.148 134.7  80.3  -7.9  -6.1
18871221.282    202400 5  241 1553  123  797 0.196 237.3  82.0  -8.1   9.6
18871221.282    202500 5   21   87   11   47 0.373 120.3  53.1 -12.8 -19.3
18871222.214    202400 5  191 1336  104  726 0.385 254.3  82.1  -8.0  22.0
18871222.214    202500 5   14  138    7   70 0.216 148.7  53.5 -12.8  -6.6
18871223.301    202400 7  122 1133   78  716 0.602 259.4  82.4  -8.2  36.7
18871223.301    202500 5   26  134   14   69 0.235 215.6  53.8 -13.3   8.1
18871224.210    202400 7  123  852   94  651 0.754 260.8  82.5  -8.5  48.8
18871224.210    202500 5   17  120    9   65 0.382 240.0  53.6 -13.3  19.9
18871225.214    202400 7   76  608   83  666 0.889 261.6  83.3  -8.6  62.8
18871225.214    202500 5   12   46    7   29 0.564 250.7  53.6 -12.9  33.1
18871226.483    202400 7   10  135   27  368 0.983 262.1  83.6  -8.2  79.8
18871226.483    202500 5    2   24    1   19 0.782 254.7  54.7 -13.6  50.9
18871227.262    202500 5    2   10    2   24 0.881 255.9  55.2 -13.7  61.6
18871231.000         0 0    0    0    0    0 0.000   0.0   0.0   0.0   0.0
