1888 1 1.484    202600 0   34  199   32  183 0.838  96.7 227.6  -7.4 -57.1
1888 1 2.450    202600 0   35  254   25  178 0.699  96.9 227.7  -7.3 -44.4
1888 1 3.451    202600 0   47  301   28  176 0.517  98.7 227.8  -7.5 -31.0
1888 1 4.241    202600 0   56  311   30  167 0.359 101.5 227.6  -7.5 -20.8
1888 1 4.241    202700 3    5   66    4   48 0.722  72.6 204.0   9.9 -44.4
1888 1 5.468    202600 0   31  244   16  123 0.098 134.9 228.3  -7.7  -4.0
1888 1 5.468    202700 0    0   14    0    8 0.484  63.3 206.3   9.2 -26.0
1888 1 6.271    202600 0   39  263   20  133 0.134 234.4 228.0  -8.3   6.3
1888 1 7.183    202600 1   28  208   15  110 0.320 255.1 227.9  -8.5  18.2
1888 1 8.218    202600 0   27  148   16   88 0.534 260.7 228.2  -8.4  32.2
1888 1 9.196    202600 0   14   99   10   70 0.706 261.7 228.2  -8.8  45.0
1888 110.321    202600 0    8   49    8   49 0.861 262.4 228.1  -8.7  59.7
1888 110.321    202800 3    5   60   10  115 0.965  87.9  93.8   0.9 -74.6
1888 110.321    202900 0    6   40   28  186 0.994  97.5  84.4  -7.9 -84.0
1888 111.283    202800 2   13   87   14   88 0.869  86.5  95.5   0.9 -60.2
1888 111.283    202900 0   18   89   28  134 0.943  97.0  84.8  -8.1 -70.9
1888 112.185    202800 4   12   52    9   39 0.743  84.7  96.2   0.9 -47.7
1888 112.185    202900 0   23  156   23  151 0.855  96.9  84.9  -8.2 -59.0
1888 112.185    203000 0    7   17    4    9 0.171 194.4 146.4 -14.0   2.5
1888 113.307    202900 0   37  197   26  138 0.699  97.5  84.5  -8.5 -44.5
1888 113.307    203000 1   13   33    7   18 0.357 243.5 148.2 -13.5  19.2
1888 114.283    202900 1   39  227   23  134 0.527  98.4  84.4  -8.4 -31.8
1888 114.283    203000 1    3   32    2   19 0.539 252.6 148.1 -13.3  31.9
1888 115.476    202900 1   55  268   29  140 0.286 105.5  84.3  -9.0 -16.2
1888 115.476    203000 1    5   43    4   34 0.764 257.1 150.3 -12.9  49.8
1888 116.216    202900 1   33  283   17  143 0.132 126.0  84.5  -9.3  -6.2
1888 116.216    203000 1    6   41    6   40 0.856 257.9 149.9 -12.9  59.2
1888 117.172    202900 1   53  293   27  148 0.135 234.8  84.5  -9.4   6.4
1888 118.271    202900 1   33  243   18  131 0.367 257.5  85.0  -9.3  21.3
1888 118.271    203100 3    1   17    2   19 0.890  97.1   0.4  -8.6 -63.3
1888 119.193    202900 0   26  161   16   97 0.551 261.7  85.1  -8.9  33.5
1888 119.193    203100 0   31  137   24  106 0.760  97.4   1.9  -9.0 -49.7
1888 120.476    202900 0   12  103   10   81 0.768 263.4  85.2  -8.4  50.5
1888 120.476    203100 1   28  188   17  112 0.542  99.6   1.9  -9.6 -32.8
1888 121.228    202900 0   10   62   11   63 0.867 263.3  85.3  -8.5  60.5
1888 121.228    203100 1   22  121   12   66 0.390 101.8   2.0  -9.5 -22.8
1888 123.503    203100 1    3   19    2   10 0.165 239.3   3.2 -10.3   8.3
1888 124.389    203100 1    3   11    2    6 0.336 255.5   2.5 -10.1  19.3
1888 124.389    203200 0    1   14    1   10 0.677  88.5 300.5  -3.1 -42.7
1888 125.450    203200 0    0   15    0    9 0.462  85.8 301.1  -3.1 -27.5
1888 130.494    203300 0    0    7    0    4 0.481 268.4 291.7  -6.1  28.9
1888 131.391    203300 2   35   85   23   56 0.644 268.0 291.2  -6.0  40.3
1888 2 1.445    203300 3    5   92    5   80 0.818 267.7 292.3  -5.4  55.2
1888 2 2.216    203300 3    5   43    7   51 0.905 266.2 292.2  -6.1  65.3
1888 2 3.184   4590100 2    0   27    0   14 0.185  99.7 203.6  -8.0 -10.6
1888 218.168    203500 0   11   68   29  177 0.981  92.6 297.6  -3.9 -79.3
1888 219.000         0 0    0    0    0    0 0.000   0.0   0.0   0.0   0.0
1888 220.485    203500 4   46  420   39  352 0.802  90.6 292.8  -4.7 -53.6
1888 221.323    203500 4   87  502   59  340 0.673  89.3 292.8  -4.8 -42.5
1888 222.177    203500 4   72  576   42  332 0.497  87.2 294.2  -4.8 -29.9
1888 223.166    203500 4   80  495   42  257 0.269  82.5 295.6  -4.9 -15.5
1888 224.519    203500 4   33  382   17  192 0.074 310.9 296.4  -4.4   3.2
1888 225.208    203500 4   54  281   28  145 0.244 280.7 298.1  -4.4  13.9
1888 226.218    203500 4   19  213   11  123 0.498 273.9 300.7  -4.3  29.9
1888 227.193    203500 4   53  314   38  225 0.716 271.2 303.9  -4.2  45.9
1888 228.179    203500 4   37  235   31  194 0.795 268.6 298.0  -5.5  53.0
1888 229.212    203500 5    3   58    5   78 0.926 267.1 299.6  -5.4  68.2
1888 3 1.405   4600100 2    0   15    0    9 0.562 263.4 250.2  -9.7  34.5
1888 3 9.276    203700 0   12   24   25   50 0.969  86.0  36.7   2.1 -75.3
1888 310.565    203700 4   26  234   26  230 0.860  83.5  36.3   1.9 -58.7
1888 310.565    203800 1    1   26    1   16 0.579  58.0  64.9  11.7 -30.1
1888 311.221    203700 4   65  345   51  270 0.769  81.2  36.9   2.1 -49.5
1888 311.221    203800 1   42  124   24   71 0.483  48.2  64.8  12.1 -21.6
1888 312.000         0 0    0    0    0    0 0.000   0.0   0.0   0.0   0.0
1888 313.156    203700 4   60  419   33  230 0.411  67.4  38.5   2.5 -22.3
1888 313.156    203800 2    0   18    0   10 0.322 334.4  68.9   9.8   8.1
1888 314.400    203700 4   70  443   36  226 0.192  31.1  38.7   2.4  -5.7
1888 315.466    203700 4   67  423   35  218 0.240 315.0  40.2   2.8   9.8
1888 316.175    203700 4   62  331   34  179 0.377 295.5  41.0   2.7  19.9
1888 316.175    203900 3    2   39    5   72 0.962  92.7 306.6  -4.5 -74.5
1888 317.150    203700 4   62  344   38  208 0.560 285.3  40.9   2.6  32.7
1888 317.150    203900 3    3   56    4   57 0.869  90.7 307.6  -4.1 -60.6
1888 318.188    203700 4   49  248   37  185 0.742 280.1  41.5   2.7  47.0
1888 318.188    203900 3    4   44    3   33 0.733  89.4 307.2  -4.3 -47.3
1888 319.256    203700 4   32  154   35  168 0.888 277.2  42.3   3.1  61.9
1888 319.256    203900 2    5   36    3   22 0.546  87.6 307.2  -4.5 -33.2
1888 319.256   4610100 0    0    4    0    3 0.689  86.3 296.9  -2.5 -43.5
1888 320.173    203700 4   15   80   29  154 0.965 275.1  42.6   3.1  74.3
1888 321.465    204100 8    0   39    0   65 0.953  98.4 238.2 -10.1 -73.2
1888 322.150    204100 8    8   71   10   82 0.899  97.8 237.5 -10.0 -64.8
1888 323.175    204100 8    8   99    7   79 0.776  97.2 237.4  -9.9 -51.4
1888 325.229   4610200 0    0    5    0    3 0.604 271.2 299.0  -4.6  37.3
1888 331.161   4610300 0    0   11    0    7 0.663  84.2 142.2  -1.0 -41.3
1888 4 1.414    204400 2    0   41    0   23 0.428  57.7 145.5   7.3 -21.4
1888 4 2.156    204400 2    0   32    0   17 0.304  40.1 145.7   7.3 -11.4
1888 4 3.438    204500 2   15   91    8   48 0.308  60.2 124.7   2.8 -15.5
1888 4 4.617    204500 2    0   35    0   18 0.156 358.7 124.9   2.8   0.2
1888 4 5.453    204500 0    1   15    1    8 0.254 308.9 125.0   3.2  11.4
1888 416.406    204600 0    0   10    0   20 0.964  94.3 254.1  -5.5 -74.9
1888 417.477    204600 0    2   12    2   12 0.857  93.6 255.6  -5.7 -59.3
1888 418.444   4620100 0    0   16    0   15 0.851  94.8 243.5  -6.7 -58.6
1888 421.478    204800 0    4   28    9   62 0.973  92.0 185.1  -3.0 -76.9
1888 422.158    204800 0    9   52   13   72 0.931  91.2 184.2  -2.8 -68.8
1888 423.293    204800 0   11   57   10   49 0.807  89.7 184.1  -2.5 -53.9
1888 424.305    204800 0   15   56   10   37 0.650  88.6 184.1  -2.5 -40.6
1888 424.305    204900 3    9   75   15  124 0.952 102.5 151.9 -13.3 -72.8
1888 425.626    204800 0    9   27    5   15 0.392  87.5 184.1  -3.1 -23.1
1888 425.626    204900 2   13   66   11   56 0.804 103.5 153.7 -13.5 -53.5
1888 425.626    205000 0    3   24    4   27 0.893  90.5 143.8  -2.4 -63.4
1888 426.532    204800 0    7   17    4    9 0.195  84.1 184.1  -3.1 -11.2
1888 426.532    204900 3   10   71    7   48 0.666 105.6 154.0 -13.6 -41.3
1888 426.532    205000 2    0   14    0   12 0.781  89.4 143.9  -2.2 -51.4
1888 427.709    204800 0    3   19    2   10 0.083 285.9 184.2  -2.9   4.6
1888 427.709    204900 1    8   74    5   42 0.460 111.0 153.4 -13.3 -26.2
1888 427.709    205000 0    6   21    4   13 0.569  85.6 145.0  -1.0 -34.6
1888 428.115    204900 1    0   16    0    9 0.375 115.9 154.0 -13.3 -20.3
1888 428.115    205000 0    0   21    0   12 0.484  84.6 145.5  -1.0 -28.8
1888 428.115   4620200 0    0    3    0    5 0.955 263.4 247.4  -7.5  73.1
1888 429.168    204900 1    1    9    1    5 0.191 142.3 153.4 -12.7  -6.9
1888 429.168    205000 0    0   23    0   12 0.257  78.7 145.7  -1.0 -14.6
1888 511.575    205200 5   26  112   89  380 0.989  97.2 274.4  -7.5 -81.9
1888 512.446    205200 5   64  292  103  464 0.950  97.4 272.9  -7.8 -71.9
1888 513.490    205200 5  131  764  129  752 0.861  98.2 271.5  -8.3 -59.5
1888 514.438    205200 5  156 1062  116  786 0.738  99.1 271.1  -8.3 -47.4
1888 515.602    205200 5  164 1076   97  635 0.532 102.0 271.4  -8.3 -31.7
1888 516.296    205200 5  218 1114  119  606 0.394 105.7 271.4  -8.1 -22.5
1888 517.300    205200 5  177  866   90  440 0.179 127.0 272.3  -8.2  -8.3
1888 518.509    205200 4  137  688   70  350 0.183 235.1 273.4  -7.9   8.7
1888 519.221    205200 4  132  687   70  364 0.328 251.5 273.5  -7.7  18.3
1888 520.556    205200 4   95  525   61  334 0.618 260.6 275.5  -7.1  37.9
1888 521.556    205200 4   50  337   40  270 0.780 261.9 275.5  -7.3  51.1
1888 522.150    205200 4   41  222   41  222 0.865 261.8 276.3  -7.8  59.8
1888 523.402    205200 4    6   69   15  151 0.973 262.7 276.7  -7.4  76.8
1888 6 9.169    205300 5   22  125   15   83 0.655  97.9 297.3  -4.6 -40.6
1888 610.565    205300 5    7  145    4   78 0.365 104.3 298.8  -4.4 -20.8
1888 611.447    205300 5    9  116    5   59 0.164 126.3 300.2  -4.6  -7.6
1888 612.434    205300 5   11  156    6   79 0.146 228.4 301.1  -4.5   6.3
1888 613.450    205300 5    0   50    0   27 0.344 253.4 300.7  -4.5  19.3
1888 614.657    205300 5   12   78    8   51 0.637 260.8 304.4  -4.8  39.1
1888 615.144    205300 5   12   50    9   37 0.728 262.7 305.3  -4.3  46.4
1888 615.144    205400 3   17   80    9   41 0.210 170.1 256.8 -10.5  -2.1
1888 616.491    205300 5    0    3    0    5 0.919 264.2 307.7  -4.7  66.6
1888 616.491    205400 3   13   92    7   49 0.335 231.7 256.6 -10.5  15.5
1888 617.330    205400 0    3   19    2   11 0.471 241.7 254.9 -11.4  25.0
1888 618.212    205400 2    8   29    6   20 0.675 255.2 259.6  -8.6  41.3
1888 619.356    205400 3    4   31    4   30 0.853 258.0 260.9  -9.2  57.7
1888 619.356    205500 0    4   16    2   11 0.667 111.5 163.4 -12.7 -39.5
1888 624.644    205600 4    9   51    5   26 0.065 294.3 136.6   4.0   3.4
1888 625.452    205600 4   11  141    6   73 0.253 275.9 137.0   4.0  14.6
1888 626.201    205600 4   16  135    9   76 0.454 275.5 139.5   4.9  27.0
1888 627.311    205600 4   20  103   14   70 0.672 273.9 140.2   4.7  42.3
1888 628.211    205600 4    6  124    6  109 0.821 273.7 141.2   4.7  55.3
1888 629.381    205600 4    4   24    8   40 0.953 274.8 143.0   5.5  72.5
1888 7 6.216    205700 3    6   40    4   26 0.622 245.4  15.3 -11.9  35.3
1888 7 6.216    205800 0    0   10    0   15 0.932  99.1 271.9  -7.1 -68.1
1888 7 7.332    205700 2   13   54   11   45 0.797 252.4  16.0 -11.5  50.8
1888 7 7.332    205800 0    0    6    0    5 0.798 101.3 273.2  -6.6 -52.0
1888 710.661    205900 2    0   20    0   11 0.334 135.7 267.5  -9.8 -13.7
1888 711.505    205900 0    0    3    0    2 0.284 159.9 264.3 -11.2  -5.7
1888 713.458    205900 1   16   93    9   52 0.443 236.3 266.1 -10.1  22.0
1888 714.200    205900 1    6   85    4   52 0.571 245.9 266.3  -9.6  31.9
1888 715.230    205900 1   28  207   21  155 0.742 252.0 266.5 -10.0  45.8
1888 715.230    206000 0    0   11    0   17 0.941  85.7 150.2   5.6 -70.5
1888 716.193    205900 1   15  156   15  156 0.866 255.6 266.4 -10.0  58.4
1888 716.193    206000 0    0   12    0   12 0.843  86.1 150.3   5.8 -57.7
1888 717.359    205900 1    4   49    9   95 0.965 258.0 266.2 -10.2  73.6
1888 717.359    206000 0    5   22    4   15 0.664  86.1 150.8   6.2 -41.8
1888 719.496    206000 0    0   11    0    6 0.248  84.2 149.9   6.3 -14.4
1888 729.534    206100 0    0    7    0   12 0.955  96.6 319.4  -4.5 -72.1
1888 730.477    206100 0    0   11    0   12 0.867  99.1 319.8  -4.9 -59.2
1888 8 1.179    206200 3    7   21    6   18 0.794 101.1 305.0  -5.1 -51.5
1888 8 2.465    206200 0    0   25    0   16 0.600 109.4 304.8  -6.5 -34.7
1888 8 8.397    206300 2    5   90    3   48 0.338 221.9 274.2  -8.3  13.2
1888 8 9.417    206300 2   10   57    6   34 0.524 243.3 275.8  -7.9  28.2
1888 810.409    206300 0    0    2    0    2 0.663 250.0 273.5  -8.0  39.0
1888 812.625    206400 8    5   50    6   58 0.901  96.6 141.5  -3.0 -63.7
1888 813.402    206400 8    9   58    8   49 0.802  98.6 142.3  -2.8 -52.6
1888 814.638    206400 0    6   36    4   22 0.573 103.9 144.8  -2.3 -33.8
1888 815.629    206400 0    9   27    5   15 0.374 113.8 145.5  -2.3 -20.0
1888 816.406    206400 1    0   40    0   21 0.252 131.5 144.3  -2.9 -10.9
1888 818.553    206400 0    0   13    0    7 0.347 244.6 145.1  -2.0  18.3
1888 821.605    206400 2   24   96   22   87 0.833 262.0 142.2  -2.7  55.7
1888 822.439    206400 3    8   49   11   64 0.923 263.8 142.3  -3.0  66.8
1888 825.487    206500 2    0   23    0   12 0.039  80.1  33.0   7.5  -2.2
1888 826.303    206500 2    0   73    0   37 0.136 273.1  32.3   7.5   7.9
1888 827.271    206500 2   22   89   12   48 0.360 272.5  32.9   7.6  21.3
1888 828.161    206500 2    1   52    1   31 0.536 272.5  32.6   7.4  32.7
1888 828.161    206600 3    0   57    0  229 0.992  96.5 277.8  -5.5 -82.1
1888 829.480    206600 3   47  260   59  325 0.916  99.0 277.2  -5.3 -65.3
1888 830.437    206600 3   66  476   58  416 0.820 101.6 276.0  -5.3 -53.8
1888 830.437    206700 3   16   73   13   59 0.782 250.3  18.3 -10.6  48.5
1888 831.423    206600 3   84  622   55  403 0.671 106.8 276.4  -5.7 -40.2
1888 831.423    206700 2    0    8    0   12 0.912 256.9  20.6  -8.8  64.0
1888 831.423   4670100 2    4   19    2   10 0.314 124.6 301.7  -3.3 -15.0
1888 9 1.504    206600 1   80  651   46  373 0.486 115.3 276.4  -5.5 -26.2
1888 9 2.201    206600 1   57  535   31  287 0.361 127.2 276.5  -5.7 -16.8
1888 9 3.593    206600 1   66  533   34  274 0.225 186.2 276.3  -5.7   1.4
1888 9 4.426    206600 1   60  419   32  221 0.315 223.1 276.4  -6.2  12.5
1888 9 5.381    206600 1   49  316   28  180 0.475 242.3 276.3  -6.2  25.0
1888 9 6.627    206600 1   30  178   21  124 0.696 252.4 276.7  -6.8  41.9
1888 9 6.627    206900 2    8   40    6   30 0.744  97.9 187.3  -1.0 -47.5
1888 9 6.627    207000 3   13   64   25  117 0.961 107.3 163.4 -14.4 -71.4
1888 9 7.498    206600 0   17  119   15  105 0.822 256.1 276.8  -7.1  53.5
1888 9 7.498    206900 3   12   42    8   27 0.609  99.9 186.4  -0.2 -36.9
1888 9 7.498    207000 3   15   79   18   91 0.899 110.2 162.6 -14.6 -60.7
1888 9 8.203    206600 0   23  111   27  130 0.903 258.4 277.1  -7.2  63.1
1888 9 8.203    206900 3   17   33   10   19 0.471 103.1 186.7   0.3 -27.3
1888 9 8.203    207000 3   16   85   15   77 0.830 113.2 161.9 -14.7 -52.1
1888 9 9.635    206600 0    5   38   20  153 0.992 262.0 276.7  -6.9  81.6
1888 9 9.635    207000 2   15   60   10   39 0.636 124.5 162.2 -15.1 -32.9
1888 910.593    206900 0    0    5    0    3 0.133 180.8 182.6  -0.4   0.1
1888 910.593    207000 2   12   63    7   36 0.464 142.2 165.4 -14.6 -17.1
1888 911.493    207000 7   18   69   10   38 0.415 157.7 161.2 -15.5  -9.4
1888 912.391    207000 7   46  193   25  105 0.387 187.0 161.5 -15.4   2.8
1888 913.443    207000 7   14  118    8   67 0.463 217.1 161.7 -14.8  16.8
1888 914.416    207000 7   12   68    8   44 0.630 236.1 164.7 -14.6  32.7
1888 915.527    207000 0    0   12    0   11 0.824 245.9 168.5 -15.3  51.2
1888 916.201    207000 0    0    1    0    2 0.896 249.1 168.5 -15.2  60.1
1888 921.466    207100 2    0   43    0   30 0.680 106.2 357.9  -5.7 -41.0
1888 922.483    207100 2   19   95   11   54 0.459 115.0   0.8  -4.9 -24.7
1888 923.687    207100 2   19  137   10   71 0.238 148.9   2.5  -4.9  -7.1
1888 924.340    207100 0   33  130   17   67 0.212 192.3   3.6  -5.1   2.6
1888 925.332    207100 0   18  122   10   65 0.345 235.2   4.4  -4.8  16.5
1888 926.130    207100 0   17   71   10   41 0.498 247.9   5.0  -4.8  27.6
1888 927.421    207100 0   16   51   12   37 0.723 257.6   5.4  -4.2  45.1
1888 928.298    207100 1    0   23    0   21 0.835 260.3   4.4  -4.3  55.6
1888 929.137    207100 0    3   16    5   22 0.931 263.5   5.7  -3.6  68.0
188810 3.430    207200 0    0   10    0   22 0.972 106.7 166.8 -14.5 -74.1
18881025.475    207300 3   18   89   13   64 0.715 255.8 354.6  -6.7  44.3
18881026.303    207300 3   15   83   14   74 0.827 258.7 354.1  -6.7  54.7
18881027.533    207300 3   21  108   33  166 0.945 261.4 353.4  -6.6  70.2
188811 6.194    207400 5   65  375   65  373 0.864  79.4  95.8  10.9 -59.9
188811 7.483    207400 5  103  695   71  477 0.685  78.1  95.8  10.6 -43.0
188811 8.502    207400 3  139  737   81  429 0.511  75.5  95.2  10.2 -30.2
188811 9.231    207400 3  135  824   73  444 0.372  69.0  95.0  10.6 -20.7
18881110.202    207400 3  100  687   51  350 0.185  45.3  95.2  10.5  -7.7
18881111.448    207400 1  131  651   67  332 0.193 311.9  94.9  10.3   8.4
18881111.448    207500 0   21  122   36  209 0.956  94.4  13.8  -3.3 -72.7
18881112.168    207400 1  107  665   57  353 0.336 292.3  95.4  10.0  18.4
18881112.168    207500 1   33  181   37  203 0.894  94.3  13.8  -2.6 -63.2
18881113.216    207400 1   92  559   55  334 0.547 284.1  95.8   9.9  32.6
18881113.216    207500 1   57  330   44  255 0.761  96.5  14.0  -3.2 -49.2
18881114.182    207400 1   58  398   42  287 0.719 281.2  96.2   9.8  45.7
18881114.182    207500 1   53  356   33  221 0.592  99.5  14.7  -3.5 -35.8
18881115.246    207400 0   33  220   33  220 0.865 279.5  96.3   9.4  59.9
18881115.246    207500 1   55  346   30  187 0.379 106.0  15.0  -3.7 -21.4
18881116.220    207400 0    5  125   10  209 0.954 279.2  96.3   9.5  72.7
18881116.220    207500 1   82  370   42  188 0.173 126.5  15.6  -3.6  -8.0
18881117.486    207500 0   66  344   34  176 0.198 234.6  16.2  -4.4   9.3
18881118.174    207500 0   79  378   42  201 0.336 250.1  16.3  -4.6  18.5
18881119.204    207500 0   61  286   37  171 0.546 258.9  16.8  -4.4  32.5
18881120.474    207500 0   45  235   35  183 0.765 262.4  17.0  -4.6  49.5
18881121.214    207500 0   32  163   32  162 0.863 263.7  17.2  -4.6  59.4
18881122.210    207500 0   11   97   20  167 0.956 264.2  17.3  -5.1  72.7
18881127.488    207600 2    0   23    0   44 0.965 102.9 160.9 -12.2 -74.2
18881128.185    207600 7   19  202   24  249 0.914 102.0 160.5 -10.6 -65.4
18881129.287    207600 7   57  457   48  379 0.796 103.5 159.5 -10.3 -51.9
18881130.182    207600 2  103  616   68  405 0.648 107.2 160.6 -10.6 -39.0
188812 1.431    207600 3   96  587   53  322 0.410 119.7 161.8 -11.3 -21.3
188812 2.512    207600 3  118  610   61  314 0.235 153.3 162.6 -11.8  -6.2
188812 3.513    207600 3  102  476   53  247 0.260 214.3 164.3 -12.2   8.6
188812 4.180    207600 3   81  484   44  260 0.363 233.5 164.3 -12.4  17.4
188812 5.238    207600 1   59  289   36  175 0.560 247.2 164.8 -12.6  31.9
188812 6.238    207600 1   35  217   26  161 0.738 252.4 165.9 -13.0  46.2
188812 7.496    207600 0   17   81   20   95 0.903 255.6 167.1 -13.1  63.9
188812 8.200    207600 0   10   66   19  120 0.960 256.8 167.4 -12.8  73.5
188812 9.193    207600 0    0   12    0   51 0.992 259.8 163.7 -10.2  82.9
188812 9.193   4700100 0    0    9    0    9 0.876  93.9  19.7  -3.7 -61.1
18881215.272    207800 4    1   24    1   13 0.288 109.1 344.8  -6.7 -15.9
18881216.242    207800 4   15  107    8   54 0.108 145.9 344.5  -6.6  -3.5
18881217.318    207800 5   19  137   10   70 0.201 246.8 344.5  -6.1  10.7
18881218.196    207800 5   16  100    9   55 0.413 257.0 346.1  -6.9  23.9
18881219.496    207800 3   16  185   11  124 0.663 261.8 346.5  -6.8  41.4
18881220.496    207800 3   20  126   19  115 0.836 263.6 348.7  -6.4  56.7
18881221.197    207800 1   14  123   18  151 0.913 265.0 348.7  -5.4  66.0
18881222.528    207800 0    0   11    0   44 0.992 263.7 347.9  -6.5  82.8
18881230.545   4710100 0    0    9    0    7 0.730 221.9 196.4 -35.5  36.8
