1896 1 1.269    425500 0    0   97    0  366 0.992 259.9 323.8 -10.4  83.4
1896 1 1.269    425600 6   46  243   52  273 0.898 256.9 304.3 -13.2  63.9
1896 1 1.269    426200 5   99  429   53  229 0.339  38.9 227.8  12.1 -12.6
1896 1 1.269    426300 4    9   54    5   28 0.226  18.2 236.3   9.1  -4.1
1896 1 1.269    426400 9    1    9    1    6 0.616 107.0 203.2 -13.0 -37.2
1896 1 2.217    425600 6   17   69   37  150 0.975 256.8 305.5 -13.6  77.5
1896 1 2.217    426200 5   81  414   42  214 0.262 359.6 228.1  11.8   0.1
1896 1 2.217    426300 4    7   54    4   28 0.279 318.9 238.7   8.8  10.7
1896 1 2.217    426400 9    7   40    4   23 0.456 112.7 202.4 -13.2 -25.6
1896 1 3.270    426200 5   69  364   37  194 0.357 317.7 228.3  11.9  14.2
1896 1 3.270    426400 9    3   15    2    8 0.234 136.1 204.5 -13.2  -9.6
1896 1 3.270    426500 9   20   79   14   53 0.667  56.5 178.1  18.8 -36.0
1896 1 4.313    426200 5   56  272   33  159 0.530 298.4 228.8  11.4  28.4
1896 1 4.313    426400 9    0    5    0    3 0.173 190.8 202.3 -13.4   1.9
1896 1 4.313    426500 9   58  233   34  136 0.515  43.4 178.5  18.6 -21.9
1896 1 4.313   5650100 7    2   27    2   20 0.720 110.6 155.5 -17.3 -44.9
1896 1 5.182    426200 5   54  200   37  136 0.677 291.6 229.0  11.6  40.0
1896 1 5.182    426400 9    0    5    0    3 0.289 234.0 202.9 -13.4  13.9
1896 1 5.182    426500 1   65  317   36  174 0.411  23.9 178.9  18.4 -10.1
1896 1 5.182    426700 0    0    6    0    4 0.557 251.2 221.8 -13.5  32.8
1896 1 6.214    426200 0   27  120   24  106 0.824 287.0 229.0  11.7  53.6
1896 1 6.214    426500 1   50  287   27  155 0.376 352.1 178.5  18.0   3.1
1896 1 6.214    426700 2    2   30    2   23 0.760 256.7 224.7 -12.6  49.3
1896 1 6.214    426800 5   40  128   21   67 0.297 197.3 180.8 -20.3   5.4
1896 1 6.214    427000 0    5   23    5   22 0.840  65.3 121.9  18.3 -53.5
1896 1 6.214    427100 2    1   67    2   83 0.908  80.6 110.9   6.9 -64.5
1896 1 6.214   5650200 0    0    4    0    2 0.364 117.4 156.0 -13.3 -19.4
1896 1 7.196    426200 0    7   33   10   44 0.930 283.9 229.4  11.4  67.0
1896 1 7.196    426500 0   46  199   26  112 0.463 321.5 180.0  17.5  17.6
1896 1 7.196    426700 0    1    6    2    7 0.880 258.2 224.2 -12.3  61.8
1896 1 7.196    426800 5   14   57    8   32 0.443 229.3 183.4 -20.5  21.0
1896 1 7.196    427000 2    2   14    2   10 0.697  60.5 123.0  17.0 -39.4
1896 1 7.196    427100 9    0   14    0   12 0.787  79.3 111.4   5.9 -51.0
1896 1 7.196    427200 2   12   33    9   24 0.724 247.9 207.5 -18.6  45.1
1896 1 8.190    426500 0   41  188   26  118 0.609 305.6 180.5  17.3  31.2
1896 1 8.190    426800 0   10   32    7   21 0.629 241.3 185.5 -20.9  36.2
1896 1 8.190    427200 2   43  237   44  238 0.869 250.1 209.3 -19.3  60.0
1896 1 8.190   5650300 0    0    7    0    4 0.457 113.1 123.6 -14.0 -25.7
1896 1 9.451    426500 0   27  152   22  122 0.784 295.7 180.3  17.1  47.6
1896 1 9.451    426800 0    3   15    3   13 0.810 248.0 185.9 -20.2  53.2
1896 1 9.451    427200 2   27  151   52  289 0.968 252.0 208.8 -18.5  76.1
1896 110.214    426500 0   14   92   15   93 0.875 291.6 180.7  16.6  58.1
1896 110.214    426800 0    0    5    0    6 0.902 249.1 186.9 -20.7  64.3
1896 110.214    427200 2    0   41    0  463 0.999 250.9 211.0 -19.2  88.4
1896 111.193    426500 0   11   37   19   62 0.956 289.1 180.4  16.8  70.7
1896 112.403    427400 9    0   25    0   30 0.899  92.5  29.7  -4.2 -64.2
1896 113.200    427400 0    2   12    2   11 0.807  92.1  29.3  -4.4 -54.0
1896 113.200    427500 2    1   19    1   12 0.610 305.0 114.7  16.6  31.4
1896 113.200    427600 5   13  117    7   60 0.213 127.7  73.4 -12.0  -9.9
1896 114.184    427400 0    1   12    1    8 0.653  90.5  29.5  -3.9 -40.9
1896 114.184    427500 2    2   21    2   16 0.747 296.5 114.5  16.1  44.1
1896 114.184    427600 5    7   41    4   21 0.184 221.1  77.5 -12.6   7.1
1896 115.531    427600 0    5   28    3   16 0.451 251.6  78.7 -12.5  26.0
1896 116.187    427600 0    4   19    3   12 0.576 254.3  78.7 -13.0  34.7
1896 116.187    427700 9    0   34    0  103 0.985  99.3 323.3 -10.0 -80.7
1896 117.198    427700 9   15   95   20  123 0.919  98.5 323.5  -9.8 -67.2
1896 118.402    427700 9   31  151   25  122 0.776  99.0 323.8 -10.2 -51.1
1896 118.402    427800 9    9   55   15   86 0.945 102.6 303.3 -13.5 -71.6
1896 119.252    427700 9   48  201   32  133 0.643  99.6 323.6 -10.1 -40.1
1896 119.252    427800 9   17   73   18   76 0.871 102.4 302.8 -13.3 -60.9
1896 120.490    427700 9   41  240   23  132 0.403 104.5 323.9 -10.6 -23.4
1896 120.490    427800 9   25  107   18   75 0.693 104.6 303.6 -13.9 -43.7
1896 121.203    427700 9   40  258   21  134 0.264 111.0 323.5 -10.6 -14.5
1896 121.203    427800 9   32  123   20   76 0.575 106.7 303.4 -13.9 -34.6
1896 122.309    427700 9   49  239   25  120 0.094 179.0 323.3 -10.8  -0.1
1896 122.309    427800 9   37  137   20   74 0.365 115.1 303.5 -14.0 -19.9
1896 123.187    427700 9   46  236   24  121 0.218 244.9 323.4 -10.7  11.6
1896 123.187    427800 9   25  117   13   60 0.202 138.1 303.8 -14.1  -8.0
1896 124.426    427700 9   39  191   22  108 0.472 257.7 323.6 -10.7  28.0
1896 124.426    427800 9   17   70    9   36 0.207 224.6 304.2 -14.0   8.6
1896 124.426    427900 0    5   28   31  157 0.996 108.6 209.4 -19.0 -86.2
1896 125.239    427700 9   33  173   21  110 0.627 259.8 323.7 -10.8  38.9
1896 125.239    427800 9   16   74    9   40 0.356 245.0 304.2 -14.0  19.4
1896 125.239    427900 0   27  117   56  238 0.967 107.6 208.5 -18.4 -76.3
1896 126.179    427700 9   26  136   21  109 0.780 260.4 324.0 -11.1  51.6
1896 126.179    427800 9    8   38    5   23 0.539 252.5 304.4 -14.2  32.0
1896 126.179    427900 0   43  176   50  201 0.894 107.9 208.6 -18.6 -63.8
1896 126.179    428100 0    0    6    0    4 0.593  67.0 238.9   8.6 -33.5
1896 126.179   5660100 2    0    9    0    5 0.403 121.1 251.2 -17.4 -21.2
1896 127.261    427700 9   18   91   22  109 0.911 260.2 324.5 -11.3  66.3
1896 127.261    427800 9    2   19    2   14 0.726 255.7 304.8 -14.4  46.6
1896 127.261    427900 0   38  212   30  167 0.767 109.8 208.5 -18.9 -49.7
1896 127.261    428100 4    3   31    2   17 0.398  53.2 239.4   8.3 -18.8
1896 127.261    428200 6   16   71   11   49 0.680 103.7 215.4 -13.6 -42.8
1896 128.527    427700 9    0   31    0  108 0.989 259.8 324.0 -10.9  82.5
1896 128.527    427800 9    0   15    0   16 0.886 257.2 304.5 -14.1  63.0
1896 128.527    427900 0   47  276   29  169 0.578 115.8 208.0 -19.5 -33.5
1896 128.527    428100 4    0   13    0    7 0.218 359.5 241.6   6.7   0.1
1896 128.527    428200 6   39  215   22  120 0.427 107.4 216.8 -12.7 -24.7
1896 128.527    428300 9    6   53    7   56 0.871 110.4 180.8 -20.6 -60.7
1896 129.208    427800 9    1    5    3    9 0.948 257.0 304.9 -14.2  72.3
1896 129.208    427900 0   52  301   30  171 0.463 121.2 207.8 -19.3 -24.8
1896 129.208    428100 4   11   85    6   44 0.263 334.7 239.1   7.8   6.5
1896 129.208    428200 6   57  247   30  129 0.283 114.5 217.3 -12.5 -15.3
1896 129.208    428300 9   10   84    9   70 0.797 110.4 180.0 -19.8 -52.6
1896 130.515    427900 0   55  306   29  159 0.261 151.8 207.9 -19.3  -7.5
1896 130.515    428100 4    0   35    0   20 0.455 299.7 238.9   7.5  23.5
1896 130.515    428200 2   31  151   16   76 0.120 200.7 217.9 -12.5   2.5
1896 130.515    428300 0    0   17    0   11 0.609 113.9 179.3 -19.2 -36.1
1896 131.476    427900 0   52  312   27  161 0.245 200.0 207.8 -19.4   5.1
1896 131.476    428100 4    1   25    1   17 0.668 288.0 242.5   7.2  39.8
1896 131.476    428200 2   15  105    8   55 0.279 243.0 217.5 -13.2  14.8
1896 131.476    428400 0   11   55   20   95 0.957  72.8 132.0  14.5 -70.7
1896 2 1.323    427900 2   67  306   36  163 0.352 228.3 207.8 -19.5  16.2
1896 2 1.323    428100 4   21  119   17   95 0.787 284.6 241.8   7.5  50.2
1896 2 1.323    428200 9    7   73    4   42 0.483 253.0 220.0 -13.6  28.4
1896 2 1.323    428400 0   22  112   25  126 0.892  70.1 131.5  14.7 -60.1
1896 2 2.505    427900 0   25  195   15  116 0.554 244.2 207.9 -19.3  31.9
1896 2 2.505    428100 4    7  100   10  131 0.929 281.4 242.9   8.2  66.9
1896 2 2.505    428200 9    1   13    1   10 0.734 260.4 223.6 -11.3  47.6
1896 2 2.505    428400 0   34  175   26  134 0.752  64.3 131.5  14.6 -44.5
1896 2 2.505    428500 4   69  159   53  121 0.755 255.5 225.2 -15.0  49.2
1896 2 3.465    427900 0   22  167   16  117 0.707 249.1 207.8 -19.2  44.4
1896 2 3.465    428400 0   44  226   28  144 0.614  55.7 131.7  14.9 -31.7
1896 2 3.465    428500 4   71  570   74  587 0.874 256.6 225.0 -14.8  61.6
1896 2 4.208    427900 0   22  142   19  122 0.816 250.2 208.3 -19.8  54.7
1896 2 4.208    428400 0   46  255   27  148 0.503  44.8 132.1  15.0 -21.5
1896 2 4.208    428500 4  115  801  182 1259 0.950 256.0 226.4 -15.3  72.8
1896 2 4.208    428600 5   15   65    8   35 0.342 345.6 158.6  13.0   5.0
1896 2 5.188    427900 0   14   78   18   99 0.921 251.0 208.6 -20.0  67.9
1896 2 5.188    428400 1   44  252   24  137 0.391  22.5 131.8  14.8  -8.9
1896 2 5.188    428500 4   33  172  110  558 0.988 254.9 223.1 -15.9  82.4
1896 2 5.188    428600 5   25  126   14   71 0.452 316.3 159.4  13.0  18.7
1896 2 5.188    428700 6    1   25    4   59 0.974 100.9  62.7 -12.0 -78.0
1896 2 6.476    427900 2    2   18    9   64 0.990 250.8 207.5 -19.8  83.8
1896 2 6.476    428400 0   25  176   14   96 0.392 338.6 132.2  15.0   8.5
1896 2 6.476    428600 0   10   46    7   31 0.675 297.9 161.5  13.3  37.8
1896 2 6.476    428700 6   11   73   11   72 0.857 100.2  64.1 -12.1 -59.6
1896 2 7.230    428400 0   17  104   10   59 0.474 319.1 132.5  14.8  18.7
1896 2 7.230    428600 9    8   40    7   32 0.783 293.3 161.5  13.7  47.7
1896 2 7.230    428700 6   16  125   13   98 0.769 100.4  63.1 -12.2 -50.7
1896 2 7.230    428800 9    1   30    1   23 0.758 247.2 162.5 -21.5  48.7
1896 2 7.230   5660200 0    0    6    0    4 0.526 326.5 131.8  19.8  18.0
1896 2 8.134    428400 1    9   88    6   55 0.594 304.7 132.1  14.1  30.2
1896 2 8.134    428600 0    0   11    0   13 0.893 288.5 162.3  13.3  60.4
1896 2 8.134    428700 6   12  149    8   96 0.626 101.1  63.0 -12.1 -38.9
1896 2 8.134    428800 0    4   24    5   27 0.891 249.5 165.5 -21.2  63.6
1896 2 9.217    428700 6   12   98    7   54 0.405 103.4  63.9 -11.5 -23.7
1896 2 9.217    429000 0    2   19    4   34 0.955  68.4  18.2  18.4 -69.4
1896 210.506    428700 6   13   59    7   30 0.128 131.9  65.2 -11.6  -5.6
1896 210.506    429000 0    5   22    5   20 0.836  63.5  19.0  17.8 -51.8
1896 210.506    429100 6    0   12    1   18 0.934  77.9   3.3   8.8 -67.5
1896 211.614    428700 9    5   19    3   10 0.229 250.8  68.8 -10.9  12.7
1896 211.614    429000 0    7   24    5   17 0.696  55.8  18.9  17.7 -37.2
1896 211.614    429100 6   18   81   17   73 0.832  73.9   2.0   9.4 -54.1
1896 212.387    428700 9    0   26    0   14 0.363 253.7  66.8 -12.2  20.9
1896 212.387    429000 1    3   40    2   25 0.592  47.2  18.8  17.7 -27.1
1896 212.387    429100 6   28  200   21  146 0.718  70.3   2.7   9.1 -43.2
1896 213.402    429100 6   63  375   38  225 0.551  61.7   3.1   9.2 -29.4
1896 213.402   5660300 2    7   43    3   22 0.126 180.8  32.6 -14.1   0.1
1896 214.000         0 0    0    0    0    0 0.000   0.0   0.0   0.0   0.0
1896 215.229    429100 6  112  633   59  331 0.293  16.4   3.7   9.4  -4.8
1896 215.229    429300 9   24  119   36  172 0.942 285.6  76.7  12.2  68.2
1896 215.229   5660400 2    4   16    2    9 0.506 290.9  36.8   4.3  28.3
1896 216.184    429100 6  100  542   53  285 0.311 333.1   4.1   9.2   8.2
1896 216.184    429300 2   12   64   35  182 0.986 282.5  74.5  11.0  78.6
1896 217.486    429100 6   41  316   24  183 0.517 299.7   5.8   8.6  27.0
1896 218.200    429100 1   38  191   25  126 0.651 291.7   7.1   8.4  37.7
1896 218.200    429500 4   15   65   36  157 0.978  71.2 254.4  16.7 -75.0
1896 219.620    429100 0   12  111   12  106 0.851 284.4   7.0   8.4  56.4
1896 219.620    429500 4   26  311   30  348 0.890  67.0 251.8  16.8 -58.8
1896 219.620    429600 6   22  220   56  542 0.977 103.3 231.6 -14.4 -79.0
1896 220.282    429100 0   16  105   21  137 0.925 281.3   8.3   7.7  66.3
1896 220.282    429500 4  105  525   92  458 0.818  63.0 252.2  17.3 -49.8
1896 220.282    429600 6   98  485  160  785 0.947 102.2 229.7 -13.8 -72.3
1896 220.282   5670100 7    0   30    0   16 0.314  25.9 294.0   9.4  -8.0
1896 221.218    429100 0   13   81   38  221 0.985 279.0   8.6   7.6  79.0
1896 221.218    429500 4  188  972  127  656 0.668  55.1 254.7  16.7 -34.9
1896 221.218    429600 6  132  880  132  877 0.865 102.1 229.0 -14.0 -60.6
1896 222.414    429500 4  238 1413  136  807 0.490  38.5 255.3  15.8 -18.5
1896 222.414    429600 6  175 1198  121  827 0.690 104.1 230.0 -14.9 -43.8
1896 222.414    429800 5   27  105   14   54 0.223 266.7 286.8  -7.7  13.0
1896 222.414    429900 9    7   26    4   15 0.478  92.0 245.0  -7.2 -28.8
1896 222.414    430000 0    2   19    8   56 0.982 109.8 192.7 -20.7 -81.1
1896 223.431    429500 4  252 1952  137 1058 0.393  10.1 256.3  15.6  -4.1
1896 223.431    429600 6  142 1297   83  755 0.509 108.1 230.3 -15.3 -30.1
1896 223.431    429800 5   48  198   27  111 0.446 267.5 287.1  -7.5  26.7
1896 223.431    429900 9    3   34    2   18 0.249  89.9 245.9  -6.9 -14.5
1896 223.431    430000 0   13  106   18  139 0.919 109.8 192.5 -21.0 -67.9
1896 224.430    429500 4  256 1686  140  922 0.414 337.4 256.8  15.4   9.5
1896 224.430    429600 6  153 1216   81  642 0.313 116.8 230.5 -15.0 -16.8
1896 224.430    429800 5   26  150   17   96 0.630 266.6 286.7  -7.7  39.4
1896 224.430    429900 0    1    9    1    5 0.034 247.8 249.1  -7.9   1.8
1896 224.430    430000 0   22  122   20  107 0.818 110.4 192.2 -20.8 -55.1
1896 225.608    429500 4  223 1542  134  924 0.565 311.9 257.7  15.7  25.9
1896 225.608    429600 6  150 1237   76  623 0.129 174.8 231.1 -14.6  -0.7
1896 225.608    429800 0    0   18    0   15 0.789 265.3 284.4  -8.1  52.6
1896 225.608    430000 0   33  178   22  118 0.651 114.2 192.3 -21.1 -39.5
1896 226.250    429500 4  229 1438  152  952 0.660 303.7 258.1  15.6  34.8
1896 226.250    429600 6  142 1254   72  636 0.180 223.1 230.6 -14.7   7.3
1896 226.250    429800 2    0   28    0   30 0.880 263.7 285.6  -8.9  62.3
1896 226.250    430000 0   29  200   18  121 0.550 117.9 191.9 -21.1 -31.4
1896 226.250    430100 4    2   28    2   26 0.830  68.9 170.7  13.1 -52.6
1896 227.417    429500 4  151  974  130  835 0.823 294.8 258.9  15.7  50.9
1896 227.417    429600 6  119  895   65  485 0.392 250.3 230.4 -14.3  22.4
1896 227.417    430000 0   46  189   25  102 0.361 133.7 191.7 -21.4 -16.3
1896 227.417    430100 4   19  105   13   70 0.657  60.0 172.2  13.4 -35.8
1896 227.417    430200 4    9   97   21  224 0.972 108.7 129.8 -19.8 -78.2
1896 228.130    429500 4  110  631  130  742 0.905 290.8 260.0  15.4  61.4
1896 228.130    429600 6   87  868   52  515 0.539 254.5 231.0 -14.4  32.4
1896 228.130    430000 0   36  233   19  121 0.274 155.5 191.6 -21.6  -7.0
1896 228.130    430100 4   16  143   10   86 0.543  51.0 172.9  13.5 -25.7
1896 228.130    430200 4   26  208   36  283 0.926 108.2 129.7 -19.5 -68.9
1896 229.217    429500 4   31  228   72  525 0.979 287.0 259.9  15.0  75.7
1896 229.217    429600 6   80  488   59  360 0.744 258.5 232.7 -13.4  48.5
1896 229.217    430000 0   46  227   24  118 0.271 205.9 191.5 -21.3   7.3
1896 229.217    430100 4   14  117    8   64 0.393  26.5 173.8  13.5 -10.4
1896 229.217    430200 8   48  428   44  390 0.828 108.7 127.9 -19.5 -56.3
1896 3 1.236    429600 6   52  267   53  270 0.877 258.1 232.9 -13.9  62.1
1896 3 1.236    430000 1   47  249   26  137 0.425 232.4 192.1 -21.8  21.3
1896 3 1.236    430100 4   20  138   11   74 0.353 350.0 174.4  13.1   3.6
1896 3 1.236    430200 8  154  939  109  664 0.701 110.5 126.7 -19.5 -44.1
1896 3 1.236    430300 5   10   81   25  192 0.976  99.7  92.3 -11.0 -78.5
1896 3 2.409    429600 6    9   72   18  145 0.968 258.1 232.2 -13.3  76.8
1896 3 2.409    430000 1   37  246   24  156 0.621 245.1 192.5 -21.0  37.1
1896 3 2.409    430100 4    1   38    1   22 0.479 317.9 174.7  14.0  19.3
1896 3 2.409    430200 8  124 1039   72  600 0.497 117.1 127.4 -19.5 -28.0
1896 3 2.409    430300 5   31  265   33  278 0.875  99.7  93.5 -12.0 -61.9
1896 3 2.409    430400 1    0   22    0   49 0.972  74.2  81.3  13.5 -74.1
1896 3 3.503    430000 1   18  205   15  167 0.791 248.4 193.2 -21.5  52.2
1896 3 3.503    430200 8  131  920   69  482 0.296 136.0 128.4 -19.4 -12.6
1896 3 3.503    430300 5   41  230   30  167 0.722  99.3  94.3 -11.7 -46.7
1896 3 3.503    430400 1    0   31    0   36 0.897  71.0  80.3  13.5 -60.7
1896 3 3.503    430500 5   25  105   13   54 0.235 223.9 150.8 -16.9   9.8
1896 3 3.503    430600 2    0    8    0   13 0.944  77.4  72.0   9.4 -69.0
1896 3 4.527    430000 1   15  109   17  124 0.899 249.4 192.3 -21.7  64.9
1896 3 4.527    430200 8   88  838   45  428 0.212 182.7 128.0 -19.5   0.6
1896 3 4.527    430300 5   71  508   43  307 0.555  99.7  93.5 -11.4 -33.9
1896 3 4.527    430400 1    6   42    5   34 0.781  66.2  80.1  13.5 -47.3
1896 3 4.527    430500 5   53  260   30  145 0.446 246.1 152.6 -17.0  25.2
1896 3 4.527    430600 2    0   15    0   14 0.843  73.5  72.3   9.8 -55.1
1896 3 5.488    430000 1   10   52   20  104 0.970 249.6 192.5 -21.5  77.7
1896 3 5.488    430200 8   97  945   51  495 0.308 225.6 128.3 -19.5  13.5
1896 3 5.488    430300 5   84  583   45  312 0.350 103.5  94.5 -11.5 -20.3
1896 3 5.488    430400 1    1   26    1   17 0.642  58.6  80.5  13.6 -34.3
1896 3 5.488    430500 5   47  281   31  182 0.639 253.0 154.4 -16.4  39.6
1896 3 6.176    430200 8   92  582   51  321 0.431 237.7 128.6 -20.0  22.8
1896 3 6.176    430300 5   95  570   49  292 0.203 111.6  94.7 -11.4 -11.1
1896 3 6.176    430400 1    0   15    0    9 0.540  50.6  80.4  13.5 -25.4
1896 3 6.176    430500 5   29  234   23  182 0.767 254.5 156.2 -16.5  50.4
1896 3 6.176   5670200 2    0   28    0   14 0.246 188.4 108.0 -21.3   2.2
1896 3 7.200    430200 8   55  498   35  314 0.613 246.7 129.1 -19.9  36.8
1896 3 7.200    430300 5   99  532   50  267 0.084 210.4  94.8 -11.4   2.5
1896 3 7.200    430400 1    1   23    1   13 0.406  30.7  80.0  13.4 -12.3
1896 3 7.200    430500 5   23  167   27  190 0.900 255.6 157.4 -16.1  65.1
1896 3 8.223    430200 0   34  310   28  253 0.789 251.1 131.0 -19.3  52.3
1896 3 8.223    430300 0   57  439   30  229 0.291 255.5  95.4 -11.1  16.7
1896 3 8.223    430500 0   14  144   33  338 0.980 255.0 158.9 -16.1  80.2
1896 3 8.223   5670300 0    0   21    0   24 0.902  79.1  15.6   6.6 -63.1
1896 3 9.311    430200 0   22  228   27  275 0.914 251.8 131.6 -19.5  67.1
1896 3 9.311    430300 2   50  331   29  192 0.514 259.8  95.6 -11.4  31.1
1896 3 9.311   5670400 2    1   25    1   14 0.438 318.2  81.9  12.2  17.4
1896 310.184    430200 1   16  156   35  334 0.973 251.0 131.4 -20.1  78.4
1896 310.184    430300 2   34  234   23  157 0.670 260.2  95.4 -11.9  42.4
1896 310.184    431000 9    0    7    0    4 0.095 205.6  55.4 -12.1   2.4
1896 311.367    430300 2   21  134   20  123 0.842 260.6  95.4 -11.8  58.0
1896 311.367    431000 9    0   54    0   29 0.348 255.3  57.5 -11.8  20.1
1896 312.208    430300 0   15   71   21   95 0.929 259.8  95.6 -12.1  69.3
1896 312.208    431000 9    5   30    3   18 0.542 259.9  59.3 -11.5  33.0
1896 313.205    430300 0    5   23   18   72 0.988 258.2  95.7 -12.7  82.6
1896 313.205    431000 4   38  144   27  101 0.709 260.6  58.7 -11.7  45.6
1896 314.145    431000 4    9   46    9   45 0.858 260.4  60.6 -11.9  59.8
1896 314.145    431100 2    6   23    7   24 0.876 252.0  62.7 -19.2  61.9
1896 315.502    431100 2    3   68    7  136 0.971 251.9  60.6 -19.2  77.7
1896 315.502    431300 0    1   13    1    8 0.516  26.6 328.6  20.6 -14.3
1896 315.502   5680100 1    0   34    0   18 0.271 231.6 355.7 -16.6  12.8
1896 316.610    431300 0    0   17    0   10 0.475 358.8 328.9  21.3   0.6
1896 316.610    431400 0    5   21    7   29 0.926  72.1 263.2  13.7 -65.1
1896 317.474    431300 9    0   16    0    9 0.448 345.3 323.7  18.7   6.9
1896 317.474    431400 0    7   26    7   25 0.845  68.9 262.6  13.7 -54.2
1896 318.245    431300 9   22  118   13   69 0.521 326.1 324.6  19.0  17.9
1896 318.245    431400 0   17   47   13   36 0.751  64.6 262.4  13.8 -44.3
1896 318.245    431500 7    4   44    4   36 0.795 266.0 359.8  -7.4  53.1
1896 319.481    431300 9   10   58    7   40 0.691 308.5 325.4  19.8  35.1
1896 319.481    431400 0   11   36    7   22 0.564  53.8 262.4  13.3 -27.9
1896 319.481    431500 7    0   31    0   44 0.938 266.0   0.6  -6.1  70.3
1896 319.481    431600 0    9   22    6   14 0.593 109.5 254.5 -17.1 -35.8
1896 320.273    431300 9    5   40    5   34 0.805 301.3 327.1  20.1  47.1
1896 320.273    431400 0    5   39    3   22 0.448  40.2 262.7  13.4 -17.3
1896 320.273    431600 0    3   35    2   20 0.451 113.4 254.4 -16.6 -25.6
1896 320.273    431700 0    2   17    8   52 0.985 108.1 198.3 -19.0 -81.7
1896 321.387    431300 9    5   16    7   22 0.930 295.4 329.0  20.6  63.8
1896 321.387    431400 0    0   13    0    7 0.340   7.8 262.5  12.8  -2.7
1896 321.387    431600 7    1   21    1   11 0.257 139.6 255.1 -18.1 -10.1
1896 321.387    431700 0    5   31    7   37 0.906 108.7 199.4 -19.8 -65.8
1896 322.496    431600 7   27  157   14   80 0.196 203.5 255.4 -17.2   4.7
1896 322.496    431700 0    8   32    7   26 0.775 109.9 200.0 -19.7 -50.7
1896 322.496    431800 9    0   42    0   23 0.374 112.9 229.8 -14.8 -20.9
1896 322.496    431900 2    0   13    0    8 0.564 103.4 216.4 -13.2 -34.3
1896 323.629    431600 7   20  155   11   83 0.362 239.9 254.8 -16.9  19.1
1896 323.629    431700 0    6   27    4   17 0.596 114.1 200.4 -19.7 -35.3
1896 323.629    431800 9    0   21    0   11 0.176 143.5 229.5 -14.9  -6.2
1896 323.629    431900 5   29  279   16  151 0.369 106.6 214.5 -12.4 -21.2
1896 323.629    432000 0    2   19    5   36 0.961 104.4 160.6 -15.7 -75.1
1896 324.411    431600 7   17  146   10   86 0.526 248.2 256.1 -17.1  30.7
1896 324.411    431700 0    0   24    0   14 0.455 120.9 200.9 -19.7 -24.5
1896 324.411    431900 5   23  288   12  147 0.193 122.4 215.8 -12.6  -9.6
1896 324.411    432000 0    5   22    6   26 0.897 104.1 160.8 -15.6 -64.6
1896 325.457    431600 7   17  137   12   95 0.694 251.7 255.3 -17.5  43.7
1896 325.457    431900 5   15  230    8  116 0.119 213.8 215.5 -12.4   3.9
1896 325.457    432000 0    8   26    7   21 0.778 104.8 160.2 -15.7 -51.4
1896 325.457    432100 6    4   42   13  136 0.987  71.8 133.3  16.7 -78.3
1896 326.401    431600 7    0   17    0   15 0.821 252.9 254.6 -17.8  55.5
1896 326.401    431900 5   11  138    6   72 0.286 247.5 214.8 -12.7  15.7
1896 326.401    432000 0    9   22    6   15 0.638 106.9 159.7 -15.9 -39.4
1896 326.401    432100 6   66  338  121  620 0.960  69.3 128.5  17.7 -70.6
1896 327.407    431900 2    1   19    1   11 0.454 255.0 212.5 -12.7  26.7
1896 327.407    432000 2    3   24    2   14 0.456 110.4 159.5 -15.1 -26.3
1896 327.407    432100 6  145  834  154  885 0.878  65.6 128.7  17.8 -57.1
1896 328.204    431900 2    0    6    0    4 0.606 257.2 212.6 -13.0  37.3
1896 328.204    432000 0    5   20    3   11 0.305 121.8 159.7 -15.6 -15.6
1896 328.204    432100 6  194 1116  156  896 0.785  61.3 129.0  17.7 -46.3
1896 328.204   5680200 7    4   27    2   14 0.269 109.8 160.3 -11.6 -15.0
1896 328.204   5680300 0    2   11    2    9 0.811  84.7 121.4   0.4 -53.9
1896 329.173    432000 0    3   17    2    9 0.168 163.8 159.7 -15.8  -2.8
1896 329.173    432100 6  234 1247  158  839 0.664  53.4 128.4  18.0 -34.1
1896 330.502    432100 6  181 1386  103  788 0.477  33.5 129.0  17.2 -16.0
1896 330.502    432500 2    0   12    0   15 0.902  77.5  82.1   8.4 -62.9
1896 330.502    432600 7    6   57   17  147 0.981 101.2  65.1 -12.2 -79.9
1896 330.502    432700 0    8   41   25  125 0.984 107.4  63.8 -18.2 -81.2
1896 330.502   5680400 2    0   11    0    6 0.207 149.5 138.7 -16.7  -6.3
1896 331.644    432100 6  168 1209   92  659 0.398   1.9 129.2  17.0  -0.8
1896 331.644    432600 7   17  110   20  127 0.899 100.7  65.3 -12.4 -64.7
1896 331.644    432700 0   24  109   29  131 0.908 106.9  64.0 -18.0 -66.0
1896 331.644    432800 4   11   60    6   31 0.252   7.1 128.2   8.1  -1.8
1896 331.644    432900 9    0   22    0   35 0.944 103.2  58.3 -14.5 -71.7
1896 4 1.222    432100 6  167 1067   92  587 0.421 341.1 130.6  17.2   8.2
1896 4 1.222    432600 7   24  132   22  121 0.837 100.1  65.0 -11.9 -57.4
1896 4 1.222    432700 0   37  169   36  164 0.852 106.7  63.6 -17.5 -58.8
1896 4 1.222    432800 4    9   75    5   39 0.274 337.9 128.4   8.4   6.0
1896 4 1.222    432900 9    0   19    0   23 0.900 101.8  57.5 -13.4 -64.9
1896 4 1.222    433000 9    0   29    0   15 0.244   9.0 120.2   7.6  -2.2
1896 4 1.222    433100 0    7   32    4   17 0.253  20.0 117.4   7.4  -5.0
1896 4 1.222    433200 0    3   31    7   68 0.970  72.9  48.8  14.9 -73.6
1896 4 2.402    432100 6   75  588   45  350 0.546 313.8 131.1  16.5  24.3
1896 4 2.402    432500 0    3   23    2   13 0.453  56.7  84.3   8.6 -22.5
1896 4 2.402    432600 2   25  110   17   74 0.663 100.9  65.1 -11.9 -41.7
1896 4 2.402    432700 0   30  196   21  135 0.682 109.4  64.3 -17.8 -42.5
1896 4 2.402    432800 4    0   21    0   12 0.474 296.9 132.0   6.7  25.2
1896 4 2.402    433000 1    9   88    5   47 0.339 312.4 121.4   7.1  14.6
1896 4 2.402    433100 9    1   74    1   39 0.292 321.3 117.4   7.0  10.6
1896 4 2.402    433200 0    4   20    4   20 0.859  69.8  50.7  13.8 -56.1
1896 4 3.187    432100 6   83  425   55  281 0.664 303.2 131.8  16.3  35.4
1896 4 3.187    432500 2    7   26    4   14 0.324  34.4  85.7   9.4 -10.7
1896 4 3.187    432600 2   27  119   16   71 0.526 101.8  64.7 -11.5 -31.7
1896 4 3.187    432700 0   37  239   23  145 0.557 112.4  63.7 -17.5 -32.7
1896 4 3.187    432800 4   21   93   13   58 0.603 291.4 130.9   7.6  34.5
1896 4 3.187    432900 9   10   37    7   24 0.614 102.2  58.5 -12.4 -37.9
1896 4 3.187    433000 0   15   49    9   28 0.485 296.1 122.4   6.7  26.0
1896 4 3.187    433100 9   18   65   10   36 0.418 301.7 117.4   6.9  21.0
1896 4 3.187    433200 0   12   45   10   36 0.769  65.3  50.2  14.5 -46.2
1896 4 3.187    433300 6    3   21    5   28 0.921  71.5  32.0  14.4 -64.4
1896 4 4.153    432100 6   27  183   24  160 0.820 293.4 135.0  15.2  51.3
1896 4 4.153    432500 4   11   94    6   49 0.263 354.0  85.3   9.0   1.6
1896 4 4.153    432600 2   18  134   10   71 0.331 108.6  65.0 -11.9 -18.7
1896 4 4.153    432700 0   42  272   23  148 0.384 122.4  63.8 -17.7 -19.9
1896 4 4.153    432800 4   17   88   14   69 0.775 285.1 132.7   7.6  49.0
1896 4 4.153    432900 9    3   23    2   13 0.444 106.5  57.8 -12.8 -25.9
1896 4 4.153    433000 0    6   22    4   15 0.660 287.8 123.0   6.9  39.3
1896 4 4.153    433100 0    0   21    0   13 0.592 290.7 117.6   7.0  33.9
1896 4 4.153    433200 0   10   29    7   19 0.630  58.0  50.2  14.4 -33.5
1896 4 4.153    433300 6   10   66    9   56 0.806  65.8  34.0  15.4 -49.7
1896 4 5.149    432100 0   22   99   29  128 0.927 288.5 135.8  14.6  65.3
1896 4 5.149    432500 4    0  102    0   55 0.379 314.6  86.4   9.6  15.9
1896 4 5.149    432600 2   21  138   11   70 0.137 141.4  65.5 -12.2  -5.0
1896 4 5.149    432700 0   42  258   22  133 0.235 151.8  63.8 -18.0  -6.7
1896 4 5.149    432800 4   25  149   29  169 0.898 281.4 133.1   7.5  62.6
1896 4 5.149    433000 0    0   14    0   12 0.817 282.6 123.9   6.7  53.4
1896 4 5.149    433200 0    5   15    3    9 0.474  44.1  50.6  14.2 -19.9
1896 4 5.149    433300 6   30  205   21  140 0.678  58.5  33.5  15.9 -37.0
1896 4 5.149    433500 0    2   18    3   26 0.932  94.9   1.3  -6.8 -69.2
1896 4 5.149   5680500 2    2   24    2   19 0.773  86.5  20.0  -1.2 -50.5
1896 4 6.189    432100 0    0   40    0  130 0.988 285.9 136.0  14.7  79.2
1896 4 6.189    432500 4   18  123   11   72 0.524 298.6  84.6   9.2  27.8
1896 4 6.189    432600 2   23  108   12   55 0.187 235.0  65.8 -12.1   9.0
1896 4 6.189    432700 0   35  297   18  153 0.241 209.2  63.9 -18.1   7.1
1896 4 6.189    432800 4   10   57   27  151 0.984 279.0 135.5   7.7  78.7
1896 4 6.189    433300 6  142  783   85  467 0.539  46.4  32.8  16.3 -24.0
1896 4 6.189    433500 2    1   13    1   12 0.831  95.0   0.2  -7.5 -56.6
1896 4 7.438    432500 4   23  177   17  127 0.724 288.3  84.4   8.9  44.1
1896 4 7.438    432600 0    7   23    4   13 0.448 255.3  66.6 -11.9  26.3
1896 4 7.438    432700 0   36  247   20  137 0.437 240.0  63.8 -18.1  23.5
1896 4 7.438    432900 9    1   26    1   14 0.353 249.5  60.1 -12.7  19.8
1896 4 7.438    433300 6  187 1134  102  617 0.392  16.1  33.8  16.2  -6.5
1896 4 7.438   5680600 0    0    7    0    4 0.594 304.0  70.8  14.3  30.5
1896 4 8.617    432500 4   30  149   31  153 0.877 283.9  84.4   9.2  59.6
1896 4 8.617    432600 0    4   16    3   11 0.672 259.1  67.2 -11.7  42.4
1896 4 8.617    432700 0   27  187   18  121 0.641 248.8  63.7 -18.0  38.9
1896 4 8.617    433300 8  256 1551  140  847 0.402 337.5  34.0  16.0   9.2
1896 4 9.538    432500 4    9   59   14   90 0.944 281.2  82.1   8.6  69.5
1896 4 9.538    432600 0    5   21    5   18 0.818 260.0  67.9 -11.5  55.3
1896 4 9.538    432700 0   24  154   19  122 0.777 251.5  63.4 -18.0  50.8
1896 4 9.538    433300 8  212 1370  123  795 0.509 316.0  34.2  16.1  21.6
1896 410.637    432600 0    1   10    2   15 0.940 260.0  68.8 -11.3  70.7
1896 410.637    432700 0   18  112   21  126 0.900 253.1  62.8 -17.7  64.7
1896 410.637    433300 8  140 1178   94  789 0.671 302.2  34.4  16.4  36.3
1896 411.532    432700 0    7   54   14  103 0.967 253.2  62.6 -17.7  76.3
1896 411.532    433300 8  150  890  125  737 0.799 295.4  35.1  16.4  48.8
1896 412.578    433300 8   71  455   89  571 0.917 290.3  36.1  16.1  63.6
1896 413.404    433300 8   17  213   45  536 0.980 287.6  38.1  16.0  76.5
1896 414.197   5690100 2    0   19    0   19 0.869  59.1 256.8  23.4 -54.3
1896 418.387    433900 0    0    8    0    6 0.727 110.9 209.9 -18.6 -45.8
1896 418.387   5690200 0    0    8    0    4 0.236 204.1 261.5 -17.5   5.8
1896 419.512    433900 5   27  226   16  131 0.497 118.4 213.4 -18.1 -27.4
1896 419.512    434000 2    0   13    0    7 0.149 202.8 244.2 -12.9   3.4
1896 420.187    433900 5   29  161   16   87 0.371 128.4 214.1 -18.0 -17.8
1896 420.187    434000 4    1   25    1   13 0.251 228.5 243.1 -14.4  11.2
1896 420.187    434100 2    5   16    3    9 0.452 247.2 257.4 -14.5  25.5
1896 421.397    433900 0   15   60    8   31 0.220 179.6 215.9 -17.5  -0.1
1896 421.397    434000 4   41  150   24   86 0.489 249.1 244.1 -14.3  28.1
1896 421.397    434100 4   24   81   17   56 0.694 254.5 259.6 -14.2  43.6
1896 421.397    434200 2    0    7    1   12 0.943  76.1 146.9  11.4 -69.1
1896 422.516    433900 0   13   41    7   22 0.327 226.0 215.5 -17.7  14.3
1896 422.516    434000 4   15   57   11   40 0.699 255.2 245.3 -13.7  44.1
1896 422.516    434100 4    6   24    7   26 0.886 256.9 263.9 -13.8  62.7
1896 422.516    434200 9   10   27    9   24 0.823  71.9 148.1  12.0 -53.1
1896 423.624    433900 2    8   38    5   22 0.501 240.7 214.0 -18.3  27.4
1896 423.624    434100 4    7   39   18   93 0.980 257.5 265.9 -13.1  79.3
1896 423.624    434200 4   21  122   15   84 0.686  68.1 146.1  11.3 -40.5
1896 423.624    434300 0    5   23   14   57 0.978  97.3 108.0  -8.1 -78.6
1896 424.409    434200 4   41  146   25   88 0.553  61.4 146.5  11.4 -29.7
1896 424.409    434300 0    9   34   12   46 0.925  97.0 108.2  -8.2 -68.0
1896 425.409    434200 4   49  359   27  194 0.374  43.4 147.8  11.5 -15.2
1896 425.409    434300 0   10   34    9   31 0.820  97.3 107.7  -8.5 -55.3
1896 425.409    434400 4    6   49    6   46 0.836  66.8 109.7  16.6 -53.3
1896 426.518    434200 4   34  337   18  176 0.283   1.0 148.0  12.1  -0.3
1896 426.518    434300 1   11   48    8   33 0.684  96.3 105.0  -7.5 -43.3
1896 426.518    434400 4   13   73   10   53 0.725  60.0 107.0  18.0 -41.3
1896 427.606    434200 4   44  217   24  117 0.376 318.7 148.6  12.3  14.7
1896 427.606    434300 1    3   22    2   13 0.468  99.5 106.1  -8.2 -27.8
1896 427.606    434400 4   16   54   10   33 0.568  49.2 107.0  18.0 -26.9
1896 427.606    434500 4   12   62    7   36 0.489 243.4 161.0 -16.4  27.1
1896 428.527    434200 4   20  132   12   77 0.514 302.0 148.2  12.1  26.5
1896 428.527    434300 0    3   11    2    6 0.237 107.9 108.5  -8.2 -13.2
1896 428.527    434400 4    3    9    2    5 0.423  27.6 109.8  18.0 -11.9
1896 428.527    434500 4    6   33    4   22 0.664 250.1 162.3 -16.2  40.6
1896 428.527   5690300 0    0   12    0    6 0.142 341.4 124.3   3.6   2.6
1896 429.397    434200 4    0   17    0   12 0.704 290.9 152.5  11.6  42.2
1896 429.397    434500 4    0    8    0    7 0.813 252.4 164.3 -16.6  54.0
1896 429.397   5690400 0    1    8    1    5 0.493 336.8 122.5  23.0  12.2
1896 430.500    434200 4    1   31    1   27 0.821 287.4 148.9  11.9  53.2
1896 430.500    434500 4    0    9    0   11 0.906 253.5 160.7 -16.6  65.0
1896 430.500    434800 5   11   53    6   27 0.157 148.5  90.9 -11.6  -4.8
1896 5 1.604    434800 5    5   56    3   29 0.214 231.1  90.9 -11.5   9.8
1896 5 2.259    434800 5   31  125   17   68 0.385 249.8  94.0 -11.1  21.6
1896 5 3.300    434800 5   27  204   17  126 0.595 256.7  94.7 -10.8  36.1
1896 5 4.397    434800 5   22  157   19  133 0.815 260.3  98.7  -9.9  54.6
1896 5 4.397    434900 0    0   11    0   14 0.914 111.7 338.5 -21.2 -65.6
1896 5 5.413    434800 5   11  179   15  239 0.930 260.3  99.4 -10.3  68.7
1896 5 5.413    435000 2    2   38    2   28 0.719  93.8 344.6  -5.1 -46.1
1896 5 6.193    434800 5    0   46    0  174 0.993 260.5 103.8  -9.8  83.5
1896 5 6.193    434900 0    0    9    0    7 0.694 116.8 338.8 -20.7 -41.5
1896 5 6.193    435000 9    3   27    2   17 0.598  93.4 343.5  -4.7 -36.8
1896 5 7.503    434900 1   23  188   14  113 0.545 126.4 334.9 -21.7 -28.2
1896 5 7.503    435000 0    7   21    4   11 0.250  94.1 348.6  -4.1 -14.5
1896 5 8.446    434900 9    5   76    3   42 0.409 142.1 334.9 -21.8 -15.7
1896 5 8.446    435000 2    3   35    2   18 0.036 104.8 348.6  -3.6  -2.0
1896 5 8.446   5700100 0    9   27    6   18 0.666 270.3  32.4  -2.1  41.8
1896 5 9.479    434900 9    0   47    0   25 0.316 180.3 337.1 -21.4   0.1
1896 510.495    434900 9   11   54    6   29 0.377 214.4 336.8 -20.9  13.2
1896 510.495    435200 0    0   16    0   38 0.972 107.3 246.9 -17.5 -76.7
1896 511.419    434900 9    1   41    1   24 0.513 231.8 336.9 -21.0  25.6
1896 511.419    435200 0    4   16    5   19 0.901 108.0 247.4 -17.4 -63.9
1896 511.419   5700200 2    0   22    0   19 0.826  67.1 258.5  17.1 -52.8
1896 512.419    434900 9    1    8    1    6 0.711 243.8 340.9 -20.2  42.8
1896 512.419    435200 0    7   15    6   13 0.786 110.3 247.5 -17.5 -50.6
1896 513.421    435200 2    1   15    1   10 0.640 114.5 247.2 -17.4 -37.6
1896 514.434    435200 2    5   26    3   15 0.494 124.2 246.0 -18.3 -25.5
1896 514.434   5700300 2    0    7    0    4 0.248 150.3 264.2 -14.8  -7.3
1896 515.430    435200 0    0    3    0    2 0.310 145.4 247.6 -17.0 -10.6
1896 518.236    435500 4   10   36    6   22 0.548  99.1 188.2  -6.6 -33.0
1896 518.236   5700400 7    0   15    0   19 0.912 103.9 155.7 -13.5 -65.5
1896 519.496    435500 4   13   67    7   35 0.272 106.6 189.2  -6.2 -15.2
1896 520.482    435500 4   15  111    8   56 0.076 170.8 190.7  -6.0  -0.7
1896 520.482    435700 0    1   18    1   10 0.385 216.0 205.3 -19.8  13.9
1896 520.482   5700500 0    0    6    0   12 0.967  68.9 117.8  19.9 -73.6
1896 521.408    435500 4    5   74    3   38 0.210 248.3 190.5  -6.0  11.3
1896 521.408    435900 1    3   31    6   55 0.955  99.5 106.4  -9.5 -72.8
1896 522.150    435500 4    9  108    5   58 0.372 256.9 190.7  -6.2  21.4
1896 522.150    435700 4    7   55    5   36 0.642 242.2 206.1 -18.6  36.8
1896 522.150    435900 1    8  113   10  132 0.896  99.4 105.8  -9.1 -63.5
1896 523.215    435700 4   18   82   15   68 0.802 247.4 206.6 -18.8  51.4
1896 523.215    435900 1   25  112   20   87 0.760 100.8 106.1  -9.1 -49.1
1896 524.480    435900 1   15   93    9   56 0.539 105.8 106.9  -9.5 -31.7
1896 525.405    435900 1   12   59    7   32 0.367 115.1 106.5 -10.0 -19.7
1896 525.405    436000 9    4   18    3   11 0.560  56.8  96.9  16.9 -29.3
1896 526.466    435900 1   11   37    6   19 0.175 148.7 106.9  -9.6  -5.3
1896 526.466    436000 9    7   34    4   19 0.408  38.7  96.7  17.6 -15.5
1896 526.466    436100 4   24  167   17  114 0.674 103.5  70.5  -9.8 -41.7
1896 527.397    435900 1   11   35    6   18 0.196 218.4 107.0  -9.7   7.1
1896 527.397    436000 9    1   17    1    9 0.310 359.7 100.0  17.2   0.1
1896 527.397    436100 4   32  163   19   94 0.496 107.8  71.3  -9.5 -28.6
1896 527.397    436200 5    4   19    4   17 0.820  92.6  44.8  -2.6 -55.1
1896 528.394    435900 1    9   40    5   22 0.377 244.9 107.1  -9.9  20.3
1896 528.394    436100 6   95  664   50  349 0.297 120.6  71.8  -9.4 -15.0
1896 528.394    436200 5   13   92    9   61 0.648  94.4  46.5  -3.4 -40.3
1896 528.394    436300 2    0   10    0   20 0.961 107.6  13.4 -17.1 -73.4
1896 529.634    435900 1    0    6    0    4 0.614 254.1 107.2 -10.2  36.9
1896 529.634    436100 6  231 1475  117  746 0.163 192.2  72.3  -9.8   2.0
1896 529.634    436200 5   12   96    7   53 0.400  97.6  46.9  -3.6 -23.4
1896 529.634    436300 2    6   17    6   17 0.853 110.0  13.2 -17.3 -57.1
1896 530.173    436100 6  343 1703  175  869 0.216 222.3  71.7  -9.7   8.5
1896 530.173    436200 5    3   42    2   22 0.262 100.0  48.2  -3.1 -15.0
1896 530.173    436300 2    3   14    3   12 0.791 111.0  12.7 -16.8 -50.5
1896 531.445    436100 6  254 1621  142  905 0.450 247.4  71.3 -10.3  25.0
1896 531.445    436400 0   20   98   57  277 0.983 110.9 327.3 -20.6 -79.0
1896 6 1.427    436100 6  189 1289  121  825 0.628 253.9  71.2 -10.2  37.8
1896 6 1.427    436400 0   38  208   53  287 0.928 112.4 326.8 -20.8 -66.6
1896 6 2.475    436100 6  143  774  117  632 0.795 257.0  71.5 -10.4  52.0
1896 6 2.475    436400 0   67  337   61  303 0.828 115.6 326.4 -21.0 -53.1
1896 6 2.475    436500 9    4   48   14  136 0.983 100.1 300.2 -10.0 -79.3
1896 6 3.190    436100 6   95  626  103  678 0.889 258.1  72.2 -10.6  62.2
1896 6 3.190    436400 1  119  531   90  400 0.742 118.7 325.8 -20.9 -44.2
1896 6 3.190    436500 9   32  134   50  209 0.942 100.3 299.9  -9.7 -70.1
1896 6 4.416    436100 6    6  137   18  374 0.984 259.6  73.5 -10.2  79.7
1896 6 4.416    436400 0   95  606   58  367 0.559 130.9 326.8 -21.4 -27.0
1896 6 4.416    436500 9   42  173   36  149 0.810 102.3 300.4  -9.9 -53.4
1896 6 4.416    436600 0    1   16    1    9 0.449 227.1  14.0 -17.7  20.2
1896 6 5.468    436400 1  110  640   61  354 0.425 149.7 326.6 -21.3 -13.3
1896 6 5.468    436500 9   31  249   21  165 0.651 105.3 300.3  -9.7 -39.6
1896 6 5.468    436600 0    1   17    1   11 0.624 241.0  14.8 -17.4  34.9
1896 6 5.468    436700 2    0   11    0    6 0.169  14.8 337.4   9.6  -2.5
1896 6 6.465    436400 0  113  646   61  347 0.367 180.5 326.9 -21.2   0.2
1896 6 6.465    436500 9   33  252   19  143 0.470 111.5 300.4  -9.6 -26.3
1896 6 6.465    436700 0    3   13    2    7 0.269 297.6 340.6   7.5  13.9
1896 6 7.649    436400 1  107  592   60  331 0.448 215.0 327.1 -21.1  16.0
1896 6 7.649    436500 9   34  243   18  126 0.259 134.0 300.2  -9.9 -10.9
1896 6 7.649    436700 0    0    8    0    5 0.515 284.7 341.3   7.9  30.2
1896 6 8.464    436400 1  122  593   73  355 0.561 229.6 327.4 -20.8  27.2
1896 6 8.464    436500 9   49  275   25  140 0.185 178.9 300.0 -10.1  -0.2
1896 6 9.248    436400 0  106  494   72  334 0.682 236.9 327.6 -21.3  37.8
1896 6 9.248    436500 9   58  267   30  138 0.265 220.6 299.9 -10.9  10.1
1896 6 9.248    436800 0    2   19    2   14 0.718 114.6 246.8 -16.9 -43.0
1896 6 9.248    436900 6    0  111    0  238 0.971 106.0 214.3 -15.4 -75.5
1896 610.218    436400 0   85  357   72  300 0.812 242.9 327.8 -21.2  50.8
1896 610.218    436500 9   37  233   21  129 0.436 242.6 300.2 -10.8  23.2
1896 610.218    436800 5   36  164   22  100 0.568 121.6 246.7 -16.6 -30.3
1896 610.218    436900 6   87  365  118  490 0.923 107.9 210.9 -16.1 -66.1
1896 611.208    436400 0   41  234   51  290 0.917 246.9 328.1 -20.7  64.3
1896 611.208    436500 9   29  156   19   99 0.620 250.5 300.4 -11.2  36.6
1896 611.208    436800 5   68  320   37  174 0.389 140.7 248.9 -16.6 -14.9
1896 611.208    436900 6  104  508   85  413 0.780 111.5 214.8 -16.0 -49.0
1896 612.468    436400 0   11   70   42  250 0.991 249.5 328.4 -20.1  81.2
1896 612.468    436500 9   15  101   13   85 0.810 256.9 300.4  -9.9  53.2
1896 612.468    436800 5  126  838   66  439 0.304 189.5 250.2 -16.4   3.0
1896 612.468    436900 6  114  649   70  397 0.573 121.7 216.6 -16.6 -30.6
1896 613.473    436500 9    5   59    7   74 0.918 258.8 300.0  -9.8  66.0
1896 613.473    436800 5  157  877   86  480 0.420 223.6 251.6 -16.6  17.6
1896 613.473    436900 6  218 1217  120  670 0.412 135.7 216.6 -16.0 -17.4
1896 613.473   5710100 2    4   24    2   12 0.270  33.3 225.2  14.2  -8.8
1896 614.511    436800 5   79  595   49  367 0.589 239.1 252.0 -16.5  31.8
1896 614.511    436900 6  260 1443  136  753 0.294 170.8 217.4 -15.6  -2.8
1896 615.433    436800 5   56  455   41  333 0.731 246.1 252.1 -16.2  44.1
1896 615.433    436900 6  213 1401  113  742 0.330 210.6 218.0 -15.1  10.0
1896 615.433    437100 4   34  123   18   64 0.272  47.9 196.1  11.9 -11.9
1896 616.459    436800 5   52  259   50  249 0.858 249.8 251.5 -16.4  57.1
1896 616.459    436900 6  242 1279  138  729 0.480 233.7 218.0 -15.1  23.6
1896 616.459    437100 4   15   70    8   36 0.175 344.1 197.2  11.2   2.8
1896 616.459   5710200 0    0    6    0    3 0.404 301.7 215.1  13.7  20.7
1896 616.459   5710300 7    0   28    0   15 0.322 154.7 186.2 -15.4  -8.2
1896 616.459   5710400 0    0    6    0    4 0.490 109.4 166.6  -8.0 -27.8
1896 617.402    436800 0   19  138   29  207 0.947 252.5 251.8 -16.0  69.9
1896 617.402    436900 6  130  818   85  534 0.651 244.8 219.4 -14.8  37.5
1896 617.402    437100 4    1   22    1   12 0.364 294.4 201.6  10.2  19.7
1896 618.451    436800 0    7   38   28  151 0.994 253.8 250.7 -15.9  82.7
1896 618.451    436900 5  101  538   84  447 0.808 250.4 219.9 -14.6  51.9
1896 618.451    437100 4    5   25    3   15 0.513 291.3 197.3  12.3  29.3
1896 619.395    436900 5   67  294   89  387 0.929 253.6 222.6 -14.5  67.0
1896 619.395    437500 4    3   18    4   23 0.911  69.6  90.8  19.3 -64.8
1896 620.480    436900 0   23  102   89  384 0.992 254.7 223.1 -14.9  81.9
1896 620.480    437500 4    6   68    6   61 0.823  67.7  87.4  19.4 -53.8
1896 621.440    437500 8   52  298   36  204 0.680  63.0  88.5  19.6 -40.0
1896 622.418    437500 8  122  777   72  457 0.525  54.8  88.4  19.6 -27.1
1896 622.418    437600 8   96  379   52  205 0.384 175.4 113.6 -20.3  -1.9
1896 623.608    437500 8  149 1070   80  573 0.360  32.9  87.8  19.9 -12.0
1896 623.608    437600 8  131  944   74  532 0.464 214.9 116.2 -20.1  16.4
1896 623.608   5710500 2    0    9    0    7 0.817  96.2  45.3  -3.7 -54.5
1896 624.679    437500 8  113 1090   59  569 0.299 352.7  87.9  19.7   2.3
1896 624.679    437600 8  169 1069  107  675 0.623 233.1 117.6 -19.9  32.0
1896 625.621    437500 8  215 1130  116  607 0.376 322.2  87.3  19.8  14.2
1896 625.621    437600 8  138  924  106  706 0.763 241.2 118.4 -19.8  45.3
1896 625.621   5710600 7    2   49    1   26 0.239 185.3  74.4 -11.2   1.3
1896 626.453    437500 9  130  893   75  515 0.498 307.5  87.0  20.1  24.9
1896 626.453    437600 8  131  785  126  750 0.859 244.6 117.9 -20.1  55.8
1896 626.453    437900 6    0    7    0   12 0.950 105.8 351.6 -14.1 -70.5
1896 627.218    437500 9   70  430   44  270 0.615 299.2  86.7  19.8  34.8
1896 627.218    437600 8   58  367   88  552 0.943 247.3 120.0 -20.3  68.1
1896 627.218    437900 6    4   34    5   40 0.900 106.8 349.4 -13.8 -62.5
1896 628.202    437500 9   48  278   36  208 0.750 294.0  85.6  19.8  46.7
1896 628.202    437600 8   37  155   74  310 0.972 246.4 112.9 -22.1  74.0
1896 628.202    437900 6   22   97   19   81 0.795 110.1 348.6 -14.0 -50.3
1896 629.494    437500 9    9   54   10   60 0.890 291.1  84.0  20.1  62.1
1896 629.494    437900 6   35  148   22   91 0.584 118.5 350.0 -13.6 -31.9
1896 629.494    438000 6   26  132   15   75 0.457 118.2 357.8  -9.7 -24.1
1896 630.490    437900 6   16   47    9   26 0.405 136.5 351.9 -14.1 -16.7
1896 630.490    438000 6   17   97    9   51 0.290 138.6 357.4  -9.5 -11.2
1896 630.490    438100 0    2   20    2   15 0.729 123.1 327.7 -21.1 -40.9
1896 7 1.191    437900 6   18   62   10   33 0.327 158.5 352.2 -14.5  -7.1
1896 7 1.191    438000 6   31  185   16   95 0.230 168.8 356.7  -9.8  -2.6
1896 7 1.191    438100 0    3   21    2   14 0.629 129.8 328.1 -21.0 -31.2
1896 7 1.191    438200 0    0   10    0   15 0.940  76.4 289.0  13.9 -70.3
1896 7 1.191    438300 0    0    7    0   22 0.985  76.2 278.9  14.1 -80.4
1896 7 2.673    437900 6    3   61    2   33 0.378 216.7 353.3 -14.4  13.5
1896 7 2.673    438000 6   48  294   26  158 0.370 233.6 357.4  -9.5  17.6
1896 7 2.673    438200 0    0    4    0    4 0.780  75.2 288.9  13.6 -50.9
1896 7 2.673    438300 0    1   10    1   10 0.865  75.0 280.1  14.6 -59.7
1896 7 3.469    437900 6    3   24    2   14 0.524 233.9 355.3 -14.9  26.0
1896 7 3.469    438000 6   41  319   24  187 0.525 246.2 358.4  -9.2  29.1
1896 7 3.469    438200 2    6   21    4   14 0.651  72.6 289.5  13.9 -39.8
1896 7 3.469    438300 0    0   10    0    8 0.749  73.5 281.4  14.6 -47.9
1896 7 4.435    438000 6   56  241   39  166 0.688 252.2 358.0  -9.5  41.6
1896 7 4.435    438200 2    0   15    0    9 0.480  67.6 289.2  13.7 -27.2
1896 7 4.435    438400 0    5   28    7   36 0.920 107.8 251.4 -14.9 -65.0
1896 7 5.605    438000 6    7  104    7   97 0.850 256.5 357.9  -9.5  56.9
1896 7 5.605    438400 0    2   23    2   19 0.794 111.2 251.2 -14.3 -49.8
1896 7 5.605    438500 0    1   11    1    7 0.508  70.4 271.6  13.0 -29.4
1896 7 6.412    438000 6    7   82    9  104 0.925 258.3 356.9  -9.3  66.6
1896 7 6.412    438400 0    7   23    5   16 0.684 116.5 251.0 -14.9 -39.3
1896 7 6.412    438500 0    5   13    3    7 0.333  61.3 272.9  12.8 -17.4
1896 7 6.412    438600 2    8   50   19  119 0.976 106.3 214.5 -15.0 -75.8
1896 7 6.412    438700 0    0   34    0   98 0.982  97.5 211.6  -6.6 -78.7
1896 7 7.425    438400 2    5   43    3   26 0.533 126.9 250.7 -15.2 -26.2
1896 7 7.425    438500 5   17  124    9   63 0.176  26.4 272.3  12.9  -4.6
1896 7 7.425    438600 2   13  107   15  122 0.897 108.4 215.3 -14.6 -61.6
1896 7 7.425    438700 0   10   68   13   86 0.911  98.9 211.9  -6.5 -65.0
1896 7 7.425    438800 9    0   66    0   64 0.848 111.9 221.9 -16.2 -55.0
1896 7 8.426    438500 2    0   52    0   27 0.215 314.7 272.7  12.6   9.0
1896 7 8.426    438600 2   28  136   23  110 0.778 112.4 215.7 -14.6 -48.0
1896 7 8.426    438700 0   18   89   15   74 0.794 101.7 212.2  -6.8 -51.5
1896 7 8.426    438800 2    0   26    0   19 0.711 118.0 222.8 -16.5 -40.9
1896 7 8.426    438900 0    9   44   11   53 0.907 110.6 201.2 -16.8 -62.5
1896 7 9.400    438500 0    0   18    0   10 0.422 291.9 274.4  12.8  23.7
1896 7 9.400    438600 2   28  151   18   97 0.628 119.5 216.3 -14.7 -34.4
1896 7 9.400    438700 0   18   79   12   52 0.635 105.7 212.7  -6.7 -38.0
1896 7 9.400    438800 0    4   14    3    9 0.551 128.2 223.9 -16.3 -26.8
1896 7 9.400    438900 0    9   30    8   25 0.799 114.5 201.3 -16.7 -49.4
1896 710.669    438600 2   19  167   11   93 0.438 136.0 215.7 -14.4 -18.3
1896 710.669    438700 0   16   78    9   43 0.405 117.5 212.8  -6.9 -21.2
1896 710.669    438900 2    4   29    3   19 0.619 124.1 201.6 -16.8 -32.4
1896 710.669    439000 0    0    9    0   31 0.988 107.3 154.4 -16.4 -79.6
1896 711.414    438600 2   24  100   13   53 0.333 159.2 217.1 -13.9  -7.0
1896 711.414    438700 0   13   26    7   14 0.269 134.1 212.9  -6.6 -11.2
1896 711.414    438900 2    0    6    0    4 0.505 133.3 201.6 -16.3 -22.5
1896 711.414    439000 4    0    5    0    8 0.948 109.4 155.0 -16.9 -69.1
1896 711.414    439100 0    0    4    0    4 0.841 108.3 169.1 -12.9 -55.0
1896 712.506    438600 2   18   65   10   35 0.351 202.6 217.6 -14.6   8.0
1896 712.506    438700 0    7   31    4   16 0.205 199.7 213.6  -6.8   4.0
1896 712.506    438900 0    1    9    1    5 0.372 161.1 202.4 -16.3  -7.2
1896 712.506    439000 4    0   18    0   17 0.827 112.0 156.9 -15.4 -52.7
1896 712.506    439100 4    0    2    0    2 0.713 114.1 167.5 -13.7 -42.1
1896 712.506   5720100 2    0    8    0    7 0.816 275.9 264.5   7.3  54.9
1896 712.506   5720200 0    0   13    0    7 0.229  98.1 196.5   2.4 -13.1
1896 713.407    438600 2    7   33    4   19 0.462 225.8 217.7 -14.6  20.0
1896 713.407    438700 0    5   20    3   11 0.337 234.8 213.8  -6.9  16.1
1896 713.407    439000 4   12   67    9   47 0.699 116.2 157.3 -14.6 -40.4
1896 713.407    439100 4    6   57    4   34 0.529 122.2 170.4 -12.4 -27.3
1896 713.407    439500 1   40  235   86  501 0.971 112.7 124.2 -20.8 -73.5
1896 713.407   5720300 0    0    3    0    2 0.283 209.0 205.7  -9.9   8.0
1896 714.421    438600 2    4   20    3   13 0.627 239.9 218.4 -14.6  34.1
1896 714.421    439000 4    0   61    0   36 0.518 127.4 159.2 -14.2 -25.1
1896 714.421    439100 4   13  123    7   66 0.369 142.5 171.0 -12.6 -13.3
1896 714.421    439500 1   82  520   93  589 0.897 114.4 124.2 -19.5 -60.1
1896 714.421    439900 7   22  110   44  216 0.965 113.6 112.6 -21.4 -71.7
1896 714.421   5720400 0    0   11    0    6 0.570 233.1 212.6 -16.0  28.3
1896 714.421   5720500 0    0    8    0    5 0.483 221.6 203.9 -16.9  19.6
1896 714.421   5720600 0    0   18    0   16 0.824  80.9 128.6  10.1 -55.7
1896 715.513    439000 4    7   48    4   26 0.368 153.7 160.1 -14.7  -9.7
1896 715.513    439100 4    0   11    0    6 0.298 185.9 171.6 -12.6   1.8
1896 715.513    439500 1  125  731  102  595 0.786 121.2 123.8 -20.8 -46.0
1896 715.513    439900 7   34  240   39  268 0.890 118.4 111.8 -22.6 -58.0
1896 715.513    440000 7   16  131   25  205 0.944  70.8  98.6  19.6 -71.2
1896 716.227    439000 4   22  128   12   68 0.333 182.0 161.1 -14.7   0.7
1896 716.227    439500 1  114  720   80  503 0.695 126.6 123.8 -20.7 -36.6
1896 716.227    439900 7   58  352   51  309 0.818 122.3 111.8 -22.8 -48.6
1896 716.227    440000 7   42  322   45  338 0.874  69.7  99.6  20.0 -60.8
1896 717.469    439000 4    7   57    4   32 0.457 221.2 162.2 -15.5  18.2
1896 717.469    439100 4    0    5    0    3 0.499 233.2 168.2 -13.0  24.2
1896 717.469    439500 1  141  789   83  464 0.535 143.3 124.0 -20.9 -20.0
1896 717.469    439900 7   50  392   34  264 0.674 132.2 111.2 -22.9 -32.8
1896 717.469    440000 7   84  617   61  445 0.719  66.8  99.3  19.9 -44.7
1896 718.458    439000 4   24  130   15   79 0.576 233.6 159.6 -15.7  28.8
1896 718.458    439500 1  169  851   94  473 0.445 165.8 124.1 -20.7  -6.7
1896 718.458    439900 7  120  607   72  363 0.546 145.7 111.4 -22.2 -19.4
1896 718.458    440000 7  127  757   77  459 0.562  60.5  99.4  20.3 -31.4
1896 718.458   5720700 0    1    5    1    3 0.421 283.0 155.4   9.9  24.6
1896 719.677    439000 4   26   98   21   78 0.778 245.2 162.0 -15.7  47.2
1896 719.677    439500 1  159  803   89  449 0.459 199.0 124.0 -20.8   9.2
1896 719.677    439900 5   80  564   45  317 0.461 172.8 111.2 -22.2  -3.6
1896 719.677    440000 7   89  648   48  347 0.361  45.0  99.1  19.6 -15.7
1896 719.677    440200 2    6   25    4   16 0.605  79.9  77.6  10.1 -37.2
1896 720.411    439000 4    9   48   10   50 0.875 249.3 163.2 -15.4  58.1
1896 720.411    439500 1  152  733   89  429 0.524 215.4 124.0 -20.5  18.9
1896 720.411    439900 5   72  541   41  306 0.465 192.0 111.1 -22.0   6.0
1896 720.411    440000 5   76  557   40  290 0.274  19.9  99.4  20.0  -5.7
1896 720.411    440200 0    3   15    2    9 0.450  76.3  78.7  10.7 -26.4
1896 720.411    440300 2    1   16    1   14 0.801 107.0  54.0 -10.4 -51.1
1896 721.404    439000 4    0    6    0   12 0.966 252.6 164.9 -15.3  72.9
1896 721.404    439500 1  137  641   90  420 0.651 229.6 124.0 -20.6  32.0
1896 721.404    439900 5   55  474   33  280 0.547 214.6 111.6 -21.9  19.6
1896 721.404    440000 5   71  454   37  236 0.280 332.4  99.9  19.5   7.9
1896 721.404    440200 0    0    5    0    3 0.232  65.4  79.6  10.6 -12.4
1896 721.404    440300 5   10   42    7   28 0.652 112.7  54.3 -10.5 -37.7
1896 722.510    439500 1  108  598   87  481 0.791 238.9 123.6 -20.5  46.3
1896 722.510    439900 5   51  327   35  221 0.677 229.6 111.0 -21.7  33.7
1896 722.510    440000 5   43  242   24  135 0.447 303.2 100.6  19.0  23.3
1896 722.510    440300 5    5   47    3   27 0.464 126.3  54.9 -11.1 -22.4
1896 722.510   5720800 0    2    5    1    3 0.454 189.0  81.7 -21.4   4.4
1896 723.393    439500 1   72  401   79  438 0.890 243.8 124.0 -20.4  58.4
1896 723.393    439900 5   42  239   34  193 0.789 237.4 111.2 -21.5  45.6
1896 723.393    440000 5   13   71    8   44 0.585 296.2  99.4  19.4  33.8
1896 723.393    440300 5   11   43    6   23 0.313 153.5  57.4 -11.0  -8.2
1896 724.412    439500 1   39  233   76  452 0.967 247.2 124.2 -20.4  72.0
1896 724.412    439900 5   34  197   39  220 0.896 243.0 111.2 -21.3  59.0
1896 724.412    440300 5   45  328   24  172 0.297 198.1  57.6 -11.0   5.4
1896 725.479    439900 5   11  149   25  312 0.973 246.4 111.3 -21.4  73.3
1896 725.479    440300 8   79  458   44  255 0.446 232.9  59.2 -10.5  21.2
1896 726.575    440300 8   49  313   32  203 0.640 246.9  60.2 -10.1  36.7
1896 727.428    440300 8   20  147   16  117 0.783 252.6  61.5  -9.9  49.3
1896 727.428    440500 7    1   12    3   21 0.954 101.2 300.9  -8.9 -71.3
1896 728.429    440300 8    8   54    9   61 0.899 256.1  61.4  -9.9  62.4
1896 728.429    440500 7    7   93    7   92 0.859 103.2 301.3  -8.3 -57.7
1896 729.450    440300 8    0    6    0   17 0.983 258.6  63.7 -10.1  78.2
1896 729.450    440500 7   17   89   12   63 0.704 108.7 303.1  -8.8 -42.4
1896 730.658    440500 7   29  106   17   61 0.487 119.1 304.0  -8.4 -25.5
1896 731.620    440500 7   15  146    8   77 0.319 141.8 305.3  -8.7 -11.5
1896 8 1.428    440500 7   31  219   16  113 0.246 179.6 306.0  -8.2  -0.1
1896 8 2.268    440500 7   26  199   14  105 0.310 217.9 306.1  -8.2  11.1
1896 8 3.520    440500 7   37  193   22  112 0.514 243.3 306.0  -7.9  27.6
1896 8 4.404    440500 3   30   90   20   60 0.668 250.9 306.4  -7.9  39.6
1896 8 4.404   5730100 2    4   17    3   14 0.791 115.5 218.9 -15.8 -47.9
1896 8 5.406    440500 3   17   88   15   75 0.816 255.8 306.5  -7.8  53.0
1896 8 6.396    440500 3    0    9    0   12 0.927 258.8 307.1  -7.9  66.7
1896 8 9.236    440700 0    9   63   43  292 0.994 110.2 122.1 -19.2 -80.8
1896 810.000         0 0    0    0    0    0 0.000   0.0   0.0   0.0   0.0
1896 811.468    440700 0   39  287   36  262 0.837 118.1 122.0 -19.2 -51.4
1896 812.268    440700 0   79  369   60  278 0.748 123.4 121.3 -19.4 -41.4
1896 813.533    440700 0   71  401   44  247 0.584 138.1 121.6 -19.7 -24.5
1896 813.533    440800 9    3   19    3   19 0.864 117.6  91.6 -19.8 -54.5
1896 813.533    440900 2    7   64   11   94 0.938  71.0  75.2  20.1 -70.9
1896 814.314    440700 0   91  396   53  229 0.503 151.4 120.9 -19.7 -14.8
1896 814.314    440800 9   21   55   17   44 0.775 121.2  91.2 -18.9 -44.5
1896 814.314    440900 0   31  106   33  110 0.870  70.5  74.7  20.3 -61.0
1896 815.488    440700 1   83  449   47  252 0.452 181.5 121.0 -20.1   0.7
1896 815.488    440800 9   46  215   30  138 0.628 133.3  91.3 -19.6 -29.0
1896 815.488    440900 2   19  111   14   81 0.722  69.0  74.5  19.8 -45.8
1896 816.487    440700 0   53  401   31  231 0.506 206.0 120.8 -20.4  13.7
1896 816.487    440800 9   56  261   33  153 0.518 150.0  91.1 -20.1 -16.0
1896 816.487    440900 2   28  136   17   83 0.566  64.5  74.2  19.9 -32.9
1896 816.487    441000 9    0   14    0   18 0.909 107.5  44.4 -12.8 -62.7
1896 817.394    440700 2   74  390   46  243 0.602 222.1 120.5 -20.4  25.5
1896 817.394    440800 9   40  231   23  130 0.457 173.0  91.6 -20.1  -3.4
1896 817.394    440900 0   21  115   12   63 0.406  56.2  74.0  19.5 -21.0
1896 817.394    441000 9    6   42    6   38 0.830 111.8  42.5 -13.8 -52.5
1896 817.394    441200 0    0    3    0    6 0.947  87.9  23.4   4.2 -71.6
1896 817.394   5730200 2    0   10    0    5 0.496 195.9 103.4 -21.7   8.4
1896 818.224    440700 0   49  313   34  217 0.700 231.5 119.7 -20.3  35.7
1896 818.224    440800 8   23  210   13  118 0.461 195.0  91.3 -19.6   7.3
1896 818.224    440900 0   26   98   14   51 0.277  36.2  74.0  19.7 -10.0
1896 818.224    441000 9    4   61    3   44 0.711 116.5  43.2 -13.3 -40.8
1896 818.224    441200 0    3   19    4   20 0.868  90.8  23.7   2.7 -60.3
1896 819.252    440700 0   32  226   29  200 0.829 239.1 120.0 -20.8  49.5
1896 819.252    440800 8    9   50    6   31 0.591 219.7  94.3 -20.7  23.8
1896 819.252    440900 9   11   44    6   23 0.222 342.8  74.5  19.2   4.0
1896 819.252    441000 9    1   34    1   21 0.559 127.0  43.2 -13.5 -27.3
1896 819.252    441200 0    2    6    2    5 0.715  91.2  24.7   4.0 -45.8
1896 820.408    440700 0   15  149   21  202 0.933 244.4 119.5 -20.9  64.3
1896 820.408   5730300 0    0    7    0    8 0.894 284.4 119.4  16.0  64.2
1896 821.399    440700 0    7   57   23  172 0.987 247.2 119.5 -21.1  77.4
1896 821.399    440800 9    2   10    2    9 0.806 237.5  88.8 -20.9  46.7
1896 821.399    440900 8    6   61    4   36 0.526 293.5  72.6  18.2  30.5
1896 821.399    441400 9    0   14    0    8 0.411 228.3  60.2  -9.2  18.1
1896 821.399    441500 9    0   26    0   14 0.277 110.9  27.1   1.1 -15.0
1896 822.397    440900 8   27  144   19   99 0.696 288.4  72.8  17.8  43.9
1896 822.397    441400 9    9   26    6   16 0.582 242.9  60.6  -9.4  31.7
1896 822.397    441500 9   23  123   12   62 0.095 157.4  26.8   2.0  -2.1
1896 823.193    440900 8   12   75   11   64 0.817 286.6  73.6  17.6  55.2
1896 823.193    441500 9   37  184   19   94 0.184 241.3  27.7   1.9   9.3
1896 824.477    440900 0    0    9    0   12 0.919 286.9  69.3  18.3  67.9
1896 824.477    441500 8  107  437   60  243 0.437 262.2  27.1   3.0  25.7
1896 825.236    441500 8   40  417   25  261 0.600 265.2  28.2   2.8  36.8
1896 826.417    441500 8   25  141   22  121 0.812 267.9  30.1   2.5  54.3
1896 826.417    441600 6    5   27    4   20 0.725 111.7 292.6 -10.4 -43.2
1896 827.429    441500 8    9   85   13  112 0.928 269.8  30.7   2.5  68.3
1896 827.429    441600 6   73  341   45  210 0.577 119.5 291.7 -10.4 -30.7
1896 828.537    441600 6  115  584   63  318 0.404 138.5 292.0 -10.7 -15.8
1896 829.479    441600 6  152  808   80  424 0.310 172.1 292.9 -10.7  -2.5
1896 830.234    441600 6  203 1100  107  580 0.331 202.2 292.7 -10.7   7.3
1896 830.234    441700 2   10   70   26  176 0.978 111.2 210.9 -18.9 -74.5
1896 831.259    441600 6  175  899   98  502 0.457 230.2 292.8 -10.3  20.9
1896 831.259    441700 2   34  176   41  207 0.906 113.2 211.0 -17.5 -60.9
1896 9 1.204    441600 6  125  786   79  496 0.620 243.0 293.6 -10.4  34.2
1896 9 1.204    441700 2   30  252   26  213 0.806 118.0 211.1 -17.5 -48.3
1896 9 1.204   5740100 0    0   11    0    6 0.334 178.2 258.8 -12.3  -0.6
1896 9 2.488    441600 6   82  431   72  377 0.827 251.8 295.5 -10.7  53.1
1896 9 2.488    441700 2   35  221   23  143 0.634 129.5 211.5 -17.6 -30.9
1896 9 2.488   5740200 7    4   43    2   24 0.486 153.8 229.3 -18.8 -13.1
1896 9 3.501    441600 5   32  269   45  375 0.934 255.5 296.0 -10.8  67.0
1896 9 3.501    441700 2   44  321   26  186 0.508 145.0 211.2 -17.7 -17.8
1896 9 4.178    441600 5   28  201   67  472 0.978 256.8 296.2 -11.3  76.2
1896 9 4.178    441700 2   48  278   27  155 0.447 160.1 210.8 -17.7  -9.2
1896 9 5.407    441700 2   43  182   24  101 0.439 196.5 211.3 -17.7   7.5
1896 9 5.407    442000 9    3   26    2   17 0.657 252.9 242.9  -5.5  39.1
1896 9 5.407   5740300 0    2    8    2    9 0.884  89.2 141.4   4.1 -62.4
1896 9 6.230    441700 2   36  128   21   74 0.510 214.8 210.8 -17.9  17.8
1896 9 6.230    442000 9    0   19    0   15 0.776 256.8 242.4  -5.5  49.4
1896 9 7.198    441700 2   33  114   21   73 0.632 229.8 210.7 -17.9  30.5
1896 9 7.198    442200 4   14   69   14   67 0.852 112.5 125.7 -14.9 -54.5
1896 9 7.198   5740400 0    1    7    2   10 0.941 115.4 114.7 -20.9 -65.5
1896 9 8.248    441700 2   12   51   10   40 0.773 240.5 211.2 -17.3  44.8
1896 9 8.248    442200 4    9   53    7   38 0.696 119.6 127.7 -14.5 -38.7
1896 9 8.248    442400 5   48  288   26  155 0.373 171.7 163.2 -14.4  -3.2
1896 9 9.606    441700 0    0   11    0   14 0.916 247.3 210.8 -17.5  62.4
1896 9 9.606    442200 6  113  381   67  225 0.529 135.0 125.6 -15.3 -22.8
1896 9 9.606    442400 5  100  540   56  300 0.440 214.0 163.1 -14.4  14.7
1896 9 9.606    442500 8   10   75    8   58 0.763 242.8 193.1 -15.3  44.7
1896 9 9.606    442600 1    4   29   11   67 0.975  80.9  70.2  10.4 -78.2
1896 910.362    442200 6  115  514   64  285 0.432 152.1 126.3 -15.4 -12.1
1896 910.362    442400 5  187  890  113  535 0.561 229.3 164.5 -15.0  26.1
1896 910.362    442500 8   21  181   21  174 0.856 247.0 193.2 -15.5  54.8
1896 910.362    442600 1   11   73   16  100 0.926  81.5  69.7  10.6 -68.7
1896 910.362    442800 4   10  173   30  502 0.984  78.7  57.5  12.3 -80.9
1896 910.362   5740500 2    0    8    0    8 0.864  94.4  78.9  -0.1 -59.5
1896 911.258    442200 6   72  314   39  170 0.388 177.5 125.6 -15.6  -1.0
1896 911.258    442400 5  148  670  103  466 0.706 239.3 165.7 -15.6  39.1
1896 911.258    442500 2   43  182   63  263 0.941 250.0 193.5 -16.1  66.9
1896 911.258    442600 1   22   82   21   76 0.832  81.7  69.6  10.9 -57.0
1896 911.258    442800 4   93 1252  184 2458 0.966  77.0  50.2  14.4 -76.4
1896 912.212    442200 6   73  295   41  164 0.444 211.4 127.9 -15.3  13.9
1896 912.212    442400 5   62  351   57  323 0.843 246.0 167.2 -15.8  53.2
1896 912.212    442500 0    0   44    0  138 0.987 252.3 192.0 -16.1  78.0
1896 912.212    442600 1   18   68   13   47 0.689  81.4  70.0  11.1 -44.0
1896 912.212    442800 4  357 2193  382 2346 0.884  77.6  51.0  14.3 -63.0
1896 912.212    442900 1    8   56    7   46 0.800 282.4 167.7  14.2  53.7
1896 912.212   5740600 2    2   19    1   12 0.586  69.8  78.8  17.6 -35.2
1896 913.677    442200 2   13   44    9   29 0.653 237.3 129.3 -14.8  34.6
1896 913.677    442400 0    5   26    9   43 0.955 250.7 164.3 -16.0  69.6
1896 913.677    442600 1   16   50    9   28 0.410  78.9  70.5  11.1 -24.2
1896 913.677    442800 4  370 2803  255 1929 0.679  77.3  51.7  13.9 -43.0
1896 913.677    442900 1    7   47   11   74 0.950 283.0 167.6  14.5  72.9
1896 913.677    443100 9    0    8    0    8 0.855  92.5  36.0   1.6 -58.7
1896 914.215    442200 2    9   39    7   28 0.714 239.5 127.2 -15.8  39.7
1896 914.215    442400 0    6   32   18   85 0.983 251.6 164.2 -16.6  76.7
1896 914.215    442600 1   19   74   10   39 0.302  76.1  70.1  11.0 -17.4
1896 914.215    442800 4  649 3240  409 2041 0.596  76.1  50.9  14.0 -36.6
1896 914.215    442900 0    0   11    0   28 0.980 283.5 167.5  14.6  80.0
1896 914.215    443100 9    0    3    0    3 0.792  93.5  35.2   1.6 -52.3
1896 915.433    442600 1   13   37    7   19 0.073  14.9  70.4  11.2  -1.1
1896 915.433    442800 4  503 3469  268 1847 0.346  68.9  52.1  13.9 -19.4
1896 915.433    443100 9    3    9    2    6 0.586  97.0  35.9   1.7 -35.6
1896 916.447    442600 1    7   29    4   15 0.220 289.2  70.3  11.1  12.2
1896 916.447    442800 4  575 4090  290 2061 0.124  29.5  54.5  13.3  -3.6
1896 916.447   5740700 7    0   27    0   25 0.837 285.3 115.5  16.7  57.4
1896 917.212    442600 1    9   25    5   14 0.380 280.9  70.3  10.7  22.3
1896 917.212    442800 4  619 4324  313 2186 0.166 307.2  55.8  12.8   7.8
1896 917.212    443100 9    0   13    0    7 0.221 108.6  35.9   2.9 -12.1
1896 917.212    443400 1    0   10    0   34 0.986  78.2 326.2  12.7 -81.8
1896 917.212   5740800 0    0    4    0    3 0.518 257.5  78.4  -0.3  30.4
1896 918.278    442600 1    4   22    3   14 0.588 278.8  70.2  10.9  36.3
1896 918.278    442800 4  744 4192  405 2282 0.398 286.2  57.0  12.9  23.1
1896 918.278    443100 9    3   29    2   15 0.089 197.1  35.4   2.2   1.5
1896 918.278    443400 1   14  101   19  130 0.917  78.5 326.4  13.3 -67.5
1896 919.397    442800 4  473 2952  307 1913 0.638 280.9  59.1  12.4  39.9
1896 919.397    443400 1   22  151   18  120 0.771  78.4 328.3  13.4 -50.9
1896 919.397    443500 6    7   95   22  298 0.986 103.3 300.5 -11.8 -78.7
1896 920.422    442800 4  236 1696  205 1471 0.822 279.3  61.5  11.6  55.9
1896 920.422    443400 1   24  133   15   83 0.585  76.8 329.8  13.4 -35.8
1896 920.422    443500 6   64  411   97  623 0.945 105.6 297.0 -12.2 -68.6
1896 921.493    442800 4  105  698  145  957 0.935 279.9  61.7  11.7  70.2
1896 921.493    443400 1   28   93   15   50 0.358  70.6 331.2  13.4 -20.3
1896 921.493    443500 6  108  847  103  807 0.852 109.0 296.0 -12.2 -55.5
1896 921.493    443600 5   11   40    7   24 0.543 123.6 324.0 -11.3 -27.5
1896 922.603    442800 4   19  142   70  504 0.991 281.6  60.5  12.3  83.7
1896 922.603    443400 1   17   71    9   36 0.144  38.5 331.5  13.4  -5.3
1896 922.603    443500 6  152  939  109  673 0.708 115.1 295.8 -12.3 -41.0
1896 922.603    443600 5   18   72   10   39 0.366 150.8 326.3 -11.8 -10.5
1896 923.472    443400 1   13   63    7   32 0.151 317.7 331.4  13.3   6.0
1896 923.472    443500 6  212 1062  131  654 0.580 123.9 295.8 -12.9 -29.6
1896 923.472    443600 5   24   68   13   36 0.329 189.6 328.6 -12.0   3.2
1896 923.472    443800 4    3   34    2   18 0.236  65.8 312.7  12.3 -12.7
1896 923.472   5750100 2    2   13    1    7 0.125   2.3 325.1  14.1  -0.3
1896 924.494    443500 6  183  954  101  525 0.422 141.6 296.3 -12.7 -15.6
1896 924.494    443600 2    3   25    2   14 0.432 222.6 329.3 -12.0  17.4
1896 924.494    443800 4    7   47    4   24 0.090 353.5 312.5  12.0   0.6
1896 924.494   5750200 7    0   13    0    7 0.250 355.1 313.2  21.3   1.3
1896 925.232    443500 6  160  810   85  430 0.336 165.9 297.3 -12.2  -4.8
1896 925.232    443800 4    0   19    0   10 0.237 294.9 314.8  12.4  12.7
1896 926.168    443500 6  142  672   76  358 0.350 201.4 297.3 -12.3   7.5
1896 927.282    443500 6   95  541   55  311 0.500 231.2 298.6 -12.1  23.5
1896 928.396    443500 3   65  339   45  233 0.692 245.0 300.3 -11.9  39.9
1896 929.509    443500 3   43  223   41  210 0.852 252.0 301.5 -11.6  55.8
1896 929.509    444000 4    0   20    0   17 0.791 114.0 197.5 -14.4 -48.2
1896 930.419    443500 3   21  107   31  152 0.938 255.5 301.4 -11.1  67.7
1896 930.419    444000 4    1   35    1   26 0.722 119.4 192.9 -15.8 -40.8
189610 1.239    444000 4    6   45    4   29 0.617 125.5 191.5 -15.4 -31.4
189610 2.265    444000 4    5   51    3   29 0.476 142.1 191.7 -15.9 -17.7
189610 3.344    444000 4    3   42    2   23 0.375 173.0 192.4 -15.4  -2.7
189610 4.351    444000 4    0   32    0   18 0.413 208.1 193.5 -15.1  11.6
189610 6.302    444100 1    0   43    0  185 0.991  80.3  72.6  10.4 -83.5
189610 7.219    444100 1   17   86   26  128 0.938  81.2  73.5  10.4 -70.5
189610 8.285    444100 1   22   84   21   78 0.834  81.3  72.9  10.6 -57.0
189610 9.434    444100 1   28  142   19   95 0.657  81.9  73.5   9.9 -41.3
18961010.428    444100 1   36  138   21   79 0.477  80.5  73.1   9.8 -28.5
18961010.428    444200 2    2   21    2   16 0.741 282.5 149.6  13.3  48.0
18961011.198    444100 1   28  128   15   68 0.316  77.3  73.3   9.6 -18.2
18961011.198    444200 0    3   16    3   14 0.825 281.7 147.5  13.0  56.0
18961012.234    444100 1   15  101    8   51 0.111  47.9  73.0  10.1  -4.8
18961013.318    444100 1    7   55    4   28 0.179 294.8  73.0  10.0   9.5
18961014.388    444300 4    8   78    5   44 0.451 218.5  66.3 -15.2  16.9
18961014.388    444400 2    7   34    4   19 0.416  40.5  32.2  23.9 -17.2
18961015.505    444300 4   28  157   18   98 0.604 235.1  65.5 -15.4  30.9
18961015.505    444400 0    1    5    1    3 0.315   7.9  31.9  23.8  -2.7
18961016.213    444300 4   28  201   20  142 0.709 240.4  65.4 -16.3  40.0
18961017.423    444300 4    6   57    6   55 0.860 248.0  65.4 -15.8  56.0
18961017.423    444500 9   15   59   13   50 0.807 103.2 317.0  -7.3 -52.4
18961017.423    444600 0    5   13    7   18 0.924 104.6 303.7 -11.3 -65.7
18961017.423    444700 1   20  156   31  231 0.937  99.0 300.7  -6.5 -68.7
18961017.423    444800 2    2   52   10  187 0.989  97.1 288.7  -6.2 -80.7
18961018.446    444500 8   56  301   38  202 0.654 107.2 316.9  -7.0 -39.0
18961018.446    444600 0    5   25    5   22 0.814 108.1 303.8 -11.4 -52.1
18961018.446    444700 1   45  274   41  245 0.829 102.1 301.2  -6.9 -54.7
18961018.446    444800 3   10   60   14   84 0.928 100.4 288.9  -7.6 -67.0
18961018.446    444900 1   12  152   20  239 0.948  84.9 284.0   6.5 -71.9
18961019.239    444500 1   68  423   40  246 0.506 112.7 317.5  -6.6 -28.0
18961019.239    444600 0    7   30    5   22 0.707 111.6 303.4 -11.2 -42.1
18961019.239    444700 1   69  387   50  279 0.719 105.2 301.1  -7.1 -44.4
18961019.239    444800 3   13  144   13  138 0.846 101.2 288.9  -6.6 -56.6
18961019.239    444900 1   43  227   47  243 0.879  85.9 283.7   6.1 -61.8
18961020.223    444500 1   71  459   38  243 0.318 127.4 317.8  -6.1 -14.7
18961020.223    444600 1   11   35    7   21 0.538 119.5 304.0 -10.8 -28.5
18961020.223    444700 1   93  467   56  280 0.549 111.0 301.4  -6.9 -31.1
18961020.223    444800 3   37  171   26  119 0.694 105.4 290.1  -6.8 -42.4
18961020.223    444900 1   67  372   51  280 0.739  86.5 284.6   6.1 -47.9
18961021.451    444500 1   41  293   21  150 0.205 197.2 319.7  -6.2   3.5
18961021.451    444600 1    9   24    5   13 0.343 145.3 304.7 -11.4 -11.5
18961021.451    444700 1   81  452   43  240 0.333 129.1 301.1  -7.2 -15.1
18961021.451    444800 2   22   82   13   48 0.499 115.8 289.2  -8.0 -27.0
18961021.451    444900 1   69  372   41  220 0.519  87.4 284.8   5.7 -31.4
18961022.571    444500 1   33  245   18  132 0.377 238.6 320.4  -6.6  18.9
18961022.571    444600 1    1   26    1   14 0.297 193.3 305.5 -11.8   4.0
18961022.571    444700 1   80  482   41  247 0.219 179.1 301.3  -7.6  -0.2
18961022.571    444800 2   19   53   10   28 0.302 136.2 289.3  -7.7 -12.2
18961022.571    444900 1   65  389   34  203 0.276  88.3 285.4   5.3 -16.1
18961023.449    444500 0   30  146   18   87 0.553 250.8 321.6  -6.3  31.7
18961023.449    444600 2    0   12    0    7 0.391 222.9 305.7 -11.9  15.8
18961023.449    444700 5  138  555   73  293 0.315 225.4 303.0  -8.0  13.1
18961023.449    444800 2    7   41    4   21 0.207 181.9 290.3  -7.0   0.4
18961023.449    444900 1   63  404   32  203 0.070  91.7 285.9   4.8  -4.0
18961023.449   5760100 2    0    6    0    3 0.246 272.1 304.2   5.3  14.3
18961024.225    444500 0   38   97   26   66 0.689 255.0 321.8  -6.7  42.1
18961024.225    444700 5  118  567   66  315 0.444 240.5 302.7  -8.2  23.0
18961024.225    444800 2    7   25    4   13 0.287 216.3 289.6  -8.6   9.9
18961024.225    444900 1   67  345   34  174 0.120 268.3 286.6   4.6   6.9
18961024.225    445100 1   37  156   91  385 0.979 105.6 203.2 -14.2 -76.5
18961025.442    444500 0    5   25    5   25 0.865 259.9 322.6  -6.3  58.9
18961025.442    444700 5   68  332   45  217 0.652 252.6 302.6  -7.6  38.9
18961025.442    444900 1   42  275   23  150 0.397 270.6 287.2   4.6  23.5
18961025.442    445100 1   37  265   42  294 0.891 108.6 203.1 -14.2 -60.6
18961025.442   5760200 0    0   13    0    8 0.566 240.7 294.0 -12.0  30.3
18961025.442   5760300 2    0    9    0    5 0.357 154.3 254.5 -14.1  -9.2
18961026.416    444500 0    0    5    0    9 0.958 262.2 323.4  -6.1  72.6
18961026.416    444700 5   37  204   31  168 0.796 257.1 302.3  -7.4  51.5
18961026.416    444900 1   33  143   21   89 0.596 271.6 287.5   4.7  36.7
18961026.416    445100 1   59  355   48  288 0.781 112.5 202.7 -14.3 -48.1
18961027.526    444700 0   15  116   19  141 0.916 259.8 301.6  -7.5  65.4
18961027.526    444900 1   16   58   13   45 0.770 272.5 286.7   4.8  50.5
18961027.526    445100 1   67  380   43  241 0.614 120.6 203.1 -14.4 -33.1
18961028.627    445100 9   46  292   26  164 0.454 135.5 202.4 -14.7 -19.2
18961029.499    445100 9   50  246   27  131 0.354 157.7 202.1 -14.8  -8.0
18961030.427    445100 9   47  187   25   99 0.333 192.0 202.0 -14.8   4.1
18961030.427    445400 9   18   61   14   48 0.757 101.8 149.7  -6.1 -48.2
18961031.419    445100 9   34  118   19   66 0.439 222.0 202.5 -15.1  17.7
18961031.419    445400 2    3   19    2   12 0.570 105.5 151.3  -5.3 -33.5
189611 1.566    445100 9   11   39    7   25 0.614 238.6 202.5 -15.3  32.9
189611 1.566   5760400 2    0   14    0   11 0.786 240.0 216.2 -20.4  46.6
189611 2.233    445100 9    1   21    1   15 0.707 243.7 202.0 -15.3  41.1
189611 3.498    445600 1   78  520  120  795 0.944 107.1  75.3 -14.8 -68.9
189611 3.498    445700 1    9   63   31  216 0.988 105.9  64.3 -15.1 -79.9
189611 4.472    445600 1  133  742  128  714 0.853 110.0  75.4 -14.9 -56.0
189611 4.472    445700 1   14  117   22  174 0.936 107.9  63.9 -15.3 -67.5
189611 4.472    445800 1   10   59   25  143 0.975 107.0  55.8 -15.7 -75.6
189611 5.428    445600 1  164  872  120  637 0.726 114.3  75.5 -14.8 -43.2
189611 5.428    445700 1   20  141   19  134 0.843 110.7  63.9 -15.3 -54.8
189611 5.428    445800 1   12  115   14  131 0.897 109.6  57.3 -15.8 -61.4
189611 6.440    445600 1  224 1041  136  632 0.566 123.1  76.0 -15.0 -29.4
189611 6.440    445700 1   29  193   21  137 0.709 115.9  64.0 -15.4 -41.4
189611 6.440    445800 1   24  166   20  136 0.789 112.8  56.4 -15.5 -49.0
189611 6.440   5760500 0    2    8    2    6 0.782 284.6 156.5  13.6  51.1
189611 7.258    445600 1  319 1127  178  628 0.438 135.6  76.2 -15.0 -18.5
189611 7.258    445700 1   34  214   21  132 0.581 122.9  64.3 -15.5 -30.4
189611 7.258    445800 1   42  204   29  141 0.681 116.6  55.6 -15.1 -39.1
189611 7.258    446000 0    0    3    0    4 0.883  99.0  33.4  -6.3 -61.3
189611 7.258    446100 6    7   46   20  131 0.981 103.1  16.9 -12.2 -77.8
189611 8.191    445600 1  324 1287  172  682 0.334 162.1  76.2 -15.3  -6.1
189611 8.191    445700 1   23  135   13   75 0.438 137.8  64.5 -15.8 -17.8
189611 8.191    445800 1   62  254   37  150 0.529 124.4  55.5 -14.5 -26.8
189611 8.191    446100 6   27  106   34  133 0.917 104.2  17.1 -11.6 -65.2
189611 9.536    445600 1  243 1299  131  698 0.373 211.6  76.3 -15.4  11.7
189611 9.536    445700 1   22   41   12   22 0.317 181.2  65.0 -15.3   0.4
189611 9.536    445800 3   30  143   16   76 0.330 154.6  56.2 -14.2  -8.4
189611 9.536    446000 4   58  239   34  138 0.492 109.2  36.7  -6.5 -27.9
189611 9.536    446100 6   30  214   24  168 0.765 108.3  16.7 -11.8 -47.9
18961110.499    445600 1  291 1386  168  800 0.513 231.9  76.7 -15.7  24.8
18961110.499    445700 1   16   49    9   27 0.384 215.3  65.2 -15.3  13.3
18961110.499    445800 3   24   97   13   51 0.300 195.1  56.5 -13.8   4.6
18961110.499    446000 4  122  692   64  363 0.296 124.5  37.7  -6.7 -14.2
18961110.499    446100 6   37  236   24  151 0.616 113.6  16.7 -11.8 -35.2
18961110.499    446300 4    1   10    4   22 0.969  96.2 336.5  -5.2 -75.4
18961110.499   5760600 0    0    4    0    4 0.857 102.6 354.0  -9.2 -57.9
18961111.278    445600 1  309 1236  199  795 0.636 240.1  76.6 -16.1  35.0
18961111.278    445700 1   12   50    7   29 0.499 230.8  65.3 -15.7  23.7
18961111.278    445800 9   12   51    7   28 0.390 217.7  55.9 -15.1  14.3
18961111.278    446000 8  102  774   52  393 0.173 163.1  38.7  -6.6  -2.9
18961111.278    446100 6   50  313   29  181 0.493 120.6  15.9 -11.9 -25.7
18961111.278    446300 4   39  183   65  299 0.947  98.4 330.8  -7.0 -70.8
18961112.234    445600 1  232  892  180  692 0.770 246.6  76.3 -15.9  47.3
18961112.234    445700 1   15   33   10   22 0.646 241.5  65.1 -15.7  36.1
18961112.234    445800 9   17   88   10   51 0.514 236.9  55.3 -13.8  26.3
18961112.234    446000 8  136  630   70  324 0.242 227.2  39.3  -6.7  10.3
18961112.234    446100 6   49  274   26  145 0.331 139.8  16.4 -11.9 -12.6
18961112.234    446300 4   59  230   57  222 0.851 100.0 331.4  -7.0 -57.6
18961113.286    445600 1  165  665  182  733 0.895 250.4  76.5 -16.2  61.4
18961113.286    445800 9   19   97   13   66 0.686 247.8  55.8 -13.0  40.7
18961113.286    446000 8   82  483   46  270 0.461 249.4  40.9  -6.9  25.8
18961113.286    446100 6   15  121    8   63 0.256 187.3  17.0 -12.0   1.9
18961113.286    446300 4   59  295   42  209 0.699 103.2 331.8  -7.2 -43.3
18961114.358    445600 1    0  318    0  717 0.975 253.0  77.0 -16.0  75.9
18961114.358    446000 2   74  362   50  243 0.676 257.2  42.7  -6.7  41.6
18961114.358    446100 2   11   57    6   31 0.374 228.4  17.7 -11.9  16.6
18961114.358    446300 4   89  395   52  230 0.504 108.8 332.4  -7.1 -28.7
18961114.358    446500 0    5   18    3   10 0.320 133.8 347.5 -10.3 -13.6
18961114.358   5760700 2    6   84   15  247 0.985 279.5  81.5   9.8  80.4
18961115.507    446000 2   44  286   40  260 0.844 260.5  42.8  -6.7  56.9
18961115.507    446100 2    3   18    2   11 0.572 245.0  17.9 -11.9  32.0
18961115.507    446300 4   48  230   25  120 0.281 128.1 333.0  -7.6 -12.9
18961115.507    446500 5   39  122   20   63 0.226 191.9 348.6 -10.3   2.7
18961116.426    446000 2   25  164   35  225 0.934 262.1  42.5  -6.5  68.7
18961116.426    446300 4   21  189   11   96 0.167 187.7 335.1  -7.2   1.3
18961116.426    446500 5   15  132    8   70 0.330 228.3 348.3 -10.4  14.5
18961116.426    446600 2    2   17    3   19 0.880 105.8 273.6 -12.7 -60.2
18961117.207    446000 2    8  107   24  302 0.984 262.7  43.0  -6.8  79.5
18961117.207    446300 4    9   65    5   34 0.253 225.6 334.0  -8.0  10.5
18961117.207    446500 5    1   53    1   30 0.465 243.4 348.5 -10.0  25.0
18961117.207    446600 2   20   88   16   71 0.770 107.7 274.9 -12.1 -48.6
18961118.207    446600 0   12   67    8   42 0.601 113.5 276.0 -12.1 -34.3
18961119.452    446600 0    7   18    4   10 0.373 131.1 277.1 -12.3 -16.7
18961119.452   5770100 0    0    8    0    4 0.420 234.7 314.3 -12.2  20.5
18961120.472    446600 4    1   53    1   28 0.272 162.6 275.7 -13.2  -4.8
18961121.533    446600 4   11   50    6   26 0.283 201.0 272.5 -13.6   6.0
18961121.533    446800 9    0   12    0    9 0.726 272.8 313.1   3.2  46.6
18961121.533    447000 2   11   65   17   97 0.941  83.9 196.2   6.3 -70.3
18961121.533   5770200 0    0    8    0    8 0.857 111.9 209.9 -17.7 -56.6
18961122.165    446600 4   52  339   28  181 0.357 223.0 272.6 -13.6  14.5
18961122.165    446800 0    5   22    5   19 0.810 272.4 312.2   2.9  54.1
18961122.165    447000 2   12   74   13   77 0.872  83.8 197.4   6.2 -60.7
18961123.208    446600 4    3   14   39  163 0.512 241.1 271.9 -13.0  27.4
18961123.208    447000 2   47  113   25   60 0.719  83.2 198.6   5.9 -45.9
18961124.227    446600 4    2   52    2   36 0.684 249.0 272.0 -13.2  41.0
18961124.227    447000 4   19   87   12   53 0.554  81.4 197.6   5.9 -33.4
18961125.304    447000 4   11   53    6   28 0.300  76.1 199.8   5.3 -17.0
18961125.304    447100 9    0   26    0   15 0.460 139.1 198.2 -19.2 -18.6
18961126.204    447000 4    9   59    5   30 0.146  51.5 198.3   6.3  -6.6
18961126.204    447100 9    7   24    4   13 0.355 161.0 197.9 -18.5  -7.0
18961127.409    447000 4   15   82    8   42 0.168 303.6 197.1   6.3   8.1
18961127.409    447100 9    3   14    2    8 0.376 205.4 198.8 -18.9   9.8
18961128.148    447000 4   24  100   13   53 0.319 286.5 197.1   6.0  17.9
18961128.148    447100 9    1   13    1    8 0.511 222.1 200.8 -21.5  21.6
18961129.492    447000 4    4   47    3   30 0.617 278.5 199.3   5.8  37.8
18961129.492    447200 1   30  230   48  366 0.949  80.4  90.1   9.3 -71.4
18961129.492    447300 1    9   57   61  370 0.997 106.7  76.7 -16.6 -84.8
18961130.447    447000 4    2   12    2   10 0.782 277.7 200.2   6.4  51.2
18961130.447    447100 9    0   19    0   16 0.798 246.6 199.4 -18.1  50.4
18961130.447    447200 1   56  334   55  328 0.860  79.8  90.0   9.1 -59.0
18961130.447    447300 1   24  190   42  324 0.955 107.4  77.2 -16.4 -71.8
189612 1.428    447200 1   70  352   51  256 0.722  78.4  90.3   8.7 -45.7
189612 1.428    447300 1   44  277   45  281 0.866 109.3  77.6 -16.4 -58.4
189612 2.237    447200 1   66  294   41  183 0.592  74.5  90.1   9.4 -35.3
189612 2.237    447300 1   48  371   38  292 0.766 112.1  77.6 -16.5 -47.8
189612 2.237    447400 1   13   59   15   64 0.884  67.1  65.1  20.3 -60.3
189612 3.203    447200 1   76  405   42  222 0.400  67.5  90.6   9.0 -22.0
189612 3.203    447300 1   85  422   55  271 0.622 117.5  77.5 -16.5 -35.1
189612 3.203    447400 1   20   98   16   76 0.757  62.9  66.7  20.3 -45.9
189612 4.282    447200 5  113  506   58  258 0.197  39.6  91.2   8.8  -7.3
189612 4.282    447300 1   64  416   36  233 0.446 130.6  77.8 -16.8 -20.7
189612 4.282    447400 1   66  244   41  151 0.579  54.0  68.6  20.0 -29.9
189612 5.160    447200 5  106  477   54  242 0.179 330.1  92.1   8.9   5.2
189612 5.160    447300 1   51  313   27  165 0.323 153.1  78.1 -16.8  -8.8
189612 5.160    447400 1   49  272   28  153 0.457  40.7  68.4  20.2 -18.5
189612 5.160    447500 0   19   68   31  109 0.950 108.3  16.0 -17.4 -70.9
189612 6.574    447200 5   76  460   42  254 0.430 291.5  92.1   8.9  23.9
189612 6.574    447300 4   36  161   19   85 0.331 210.2  78.2 -16.8  10.0
189612 6.574    447400 1   46  253   25  135 0.347 358.1  68.9  20.1   0.7
189612 6.574    447500 2   13   75   12   66 0.818 111.5  15.2 -17.6 -53.0
189612 6.574    447700 0    0    4    0    3 0.693 112.8  26.6 -15.7 -41.6
189612 6.574   5770300 0    0    6    0    3 0.286 237.2  82.3  -9.1  14.1
189612 7.217    447200 2   85  393   51  235 0.552 286.6  92.1   8.8  32.4
189612 7.217    447300 4   32  161   18   89 0.418 225.9  78.0 -17.2  18.3
189612 7.217    447400 1   61  312   33  168 0.378 337.1  68.7  20.1   9.0
189612 7.217    447500 9   47  160   35  117 0.725 112.5  15.4 -16.3 -44.3
189612 7.217    447700 2    0   14    0    9 0.591 116.8  26.5 -15.7 -33.2
189612 7.217    447800 0    0    3    0    2 0.403 127.8  40.5 -14.6 -19.2
189612 8.238    447200 0   42  222   30  159 0.724 283.2  91.9   9.2  45.6
189612 8.238    447300 4    8   63    5   39 0.590 241.3  79.0 -16.8  32.7
189612 8.238    447400 1   43  275   25  157 0.496 313.9  68.6  19.7  22.3
189612 8.238    447500 9   36  202   22  123 0.563 119.7  15.6 -16.6 -30.7
189612 8.238    447800 6   17  108    9   56 0.264 159.9  40.9 -14.8  -5.4
189612 9.248    447200 0   28  176   28  174 0.863 281.4  92.1   9.5  59.1
189612 9.248    447300 4    4   17    3   13 0.739 247.4  78.5 -16.9  45.5
189612 9.248    447400 1   52  272   34  178 0.645 302.8  68.2  20.0  35.2
189612 9.248    447500 9    3   66    2   36 0.382 134.7  16.6 -16.1 -16.4
189612 9.248    447800 6   53  296   28  154 0.277 210.8  41.4 -14.3   8.4
18961210.235    447200 0   24  107   41  178 0.953 279.7  92.1   9.0  72.1
18961210.235    447400 1   61  175   48  137 0.776 296.5  67.6  19.8  47.6
18961210.235    447500 9   13   80    7   42 0.273 172.3  17.8 -16.4  -2.2
18961210.235    447800 6   71  250   39  137 0.413 234.3  40.3 -14.6  20.3
18961211.212    447400 1   29  125   32  134 0.888 293.2  67.4  20.1  60.3
18961211.212    447500 9    0   38    0   20 0.318 202.4  14.4 -17.9   7.3
18961211.212    447800 6   33  317   20  192 0.576 245.0  39.8 -14.8  32.7
18961212.229    447400 1   12   51   24  103 0.969 291.1  68.3  20.2  74.5
18961212.229    447800 1   26  221   19  162 0.734 249.9  39.4 -15.3  45.6
18961212.229    447900 6    3   12    3   10 0.763 113.8 306.4 -18.6 -47.4
18961213.522    447800 2   13  104   14  108 0.882 253.1  37.8 -15.4  61.1
18961213.522    447900 6    8   95    5   57 0.545 123.2 308.0 -18.3 -28.7
18961214.237    447800 2    0   53    0   83 0.950 253.7  38.8 -15.9  71.5
18961214.237    447900 6   17  109   10   61 0.444 133.2 307.3 -18.8 -20.0
18961214.237    448000 5    9   94    6   58 0.563 105.4 293.9  -9.6 -33.4
18961215.530    447900 6   20  161   11   85 0.307 171.0 307.3 -19.0  -2.9
18961215.530    448000 5   45  378   24  198 0.292 119.0 295.2  -9.4 -15.0
18961216.300    447900 6    7   66    4   35 0.328 203.7 308.1 -18.9   8.0
18961216.300    448000 5  108  631   55  320 0.157 151.9 295.8  -9.4  -4.3
18961217.280    447900 0    7   32    4   18 0.444 221.9 305.7 -20.8  18.5
18961217.280    448000 5   84  420   43  214 0.201 227.2 295.8  -9.4   8.6
18961217.280    448100 9    1   69    1   39 0.474 252.5 314.5  -9.6  27.3
18961218.272    448000 5  126  555   68  298 0.370 248.2 294.5  -9.5  20.4
18961218.272    448100 9   34  109   23   74 0.674 257.9 316.0  -9.4  41.9
18961218.272    448200 0   12   39    8   25 0.615  67.4 238.6  12.3 -35.5
18961218.272   5780100 2    1   11    1    8 0.767  75.8 225.1   9.7 -49.0
18961219.152    448000 9  198  891  116  521 0.526 255.2 293.5  -9.3  31.0
18961219.152    448100 2    7   41    6   35 0.809 259.8 316.3  -9.3  53.8
18961219.152    448200 0    7   30    4   17 0.448  58.9 239.4  11.7 -23.1
18961219.152    448500 2    2   39    2   33 0.805  75.1 210.1  10.8 -52.4
18961219.152    448600 9   10   46   22   99 0.970 100.6 186.5 -10.7 -76.0
18961219.152   5780200 0    3   15    2    8 0.157 199.8 265.6 -10.3   3.1
18961220.173    448000 9  169  650  120  462 0.710 258.7 294.0  -9.4  44.9
18961220.173    448100 0    2    8    3   10 0.916 260.4 315.4  -9.6  66.3
18961220.173    448200 0    0   11    0    6 0.271  33.7 240.3  11.1  -8.8
18961220.173    448500 0    0   31    0   20 0.613  69.2 213.4  11.0 -35.7
18961220.173    448600 9   11   69   12   75 0.878 101.0 187.9 -10.6 -61.2
18961220.173    448800 6   14   70   18   88 0.914  82.5 183.4   6.1 -65.7
18961220.173   5780300 2    0    6    0    4 0.674 115.7 209.3 -18.5 -39.8
18961221.200    448000 9   89  417   83  388 0.849 260.1 293.6  -9.5  58.0
18961221.200    448500 2    0   34    0   19 0.416  56.9 214.8  11.2 -20.8
18961221.200    448600 9   20  120   16   92 0.753 103.1 187.2 -11.2 -48.4
18961221.200    448800 6  101  483   83  394 0.790  80.8 184.0   6.0 -51.6
18961222.193    448000 9   39  224   60  338 0.943 260.3 293.1  -9.9  70.7
18961222.193    448600 9   20  135   13   84 0.589 106.3 187.2 -11.3 -35.2
18961222.193    448800 6  165  894  108  585 0.634  77.5 183.9   6.2 -38.5
18961223.196    448600 9    1   49    1   27 0.414 113.4 186.5 -11.6 -22.8
18961223.196    448800 6  260 1177  147  664 0.455  71.5 183.6   6.2 -25.7
18961224.183    448800 6  265 1274  138  662 0.271  57.0 183.1   6.1 -13.2
18961225.270    448600 9    7   72    4   37 0.174 208.8 186.8 -11.3   4.9
18961225.270    448800 8  188 1284   95  648 0.144 347.4 183.7   5.5   1.8
18961225.270    448900 4    1   38    1   21 0.416 120.3 160.1 -14.5 -21.8
18961226.194    448600 9   15   74    8   39 0.321 241.4 186.4 -11.4  16.7
18961226.194    448800 9  193  908  101  475 0.298 297.4 185.1   5.3  15.4
18961226.194    448900 4   17  104    9   54 0.241 149.3 162.4 -14.6  -7.3
18961227.170    448600 9   12   66    7   39 0.525 252.5 187.6 -11.5  30.7
18961227.170    448800 9  134  632   77  362 0.494 285.7 185.4   5.2  28.5
18961227.170    448900 8  126  569   65  293 0.236 206.2 163.1 -15.0   6.2
18961228.208    448600 9   17   60   12   42 0.706 257.6 187.8 -10.8  44.6
18961228.208    448800 9   44  232   32  168 0.731 279.2 189.6   4.7  46.4
18961228.208    448900 8   79  515   43  279 0.399 238.6 163.8 -14.7  20.6
18961229.538    448600 9    0   14    0   16 0.899 260.1 189.8 -10.2  64.1
18961229.538    448800 9   19  104   24  127 0.913 276.4 191.2   4.6  65.5
18961229.538    448900 8   71  324   47  213 0.651 251.1 165.2 -14.5  39.5
18961229.538    449100 5   14   70   31  150 0.971 102.6  49.2 -13.0 -76.5
18961229.538   5780400 2    0   14    0    7 0.240 270.2 139.6  -2.9  13.9
18961230.224    448800 9   14   59   28  113 0.966 276.2 191.3   5.2  74.7
18961230.224    448900 8   29  240   23  187 0.766 254.2 166.1 -14.1  49.5
18961230.224    449100 5   22  102   30  140 0.924 102.8  48.9 -13.0 -67.7
18961230.224    449200 9    5   30    3   17 0.456 129.3  94.6 -19.7 -22.0
18961231.435    448900 8   19  150   23  180 0.911 255.6 166.4 -14.5  65.7
18961231.435    449100 5   38  208   32  173 0.798 104.0  48.0 -13.1 -52.7
18961231.435    449200 9    9   36    5   19 0.288 166.1  96.5 -19.5  -4.2
18961231.435    449300 0    0   32    0   89 0.980  97.3  21.8  -7.8 -78.9
