1891 1 1.560    216600 0    0   23    0   14 0.537   9.7 211.7  28.6  -5.9
1891 1 2.321   4980100 2    0   30    0   18 0.544  15.2 198.3  28.2  -9.3
1891 1 6.246   4980200 7    1   30    0   20 0.664  56.5 120.2  18.3 -35.7
1891 115.246    216900 1    0   91    0  594 0.997 116.0 310.1 -26.2 -87.4
1891 116.427    216900 1   56  241   81  349 0.935 115.6 312.6 -25.7 -69.3
1891 116.427    217000 8    0   36    0   41 0.891 124.1 320.9 -32.5 -61.0
1891 117.226    216900 1   72  289   75  300 0.874 117.5 311.4 -26.4 -59.9
1891 117.226    217000 8    2   33    2   29 0.821 127.7 320.2 -33.4 -51.1
1891 117.226    217100 3    0   23    0   13 0.401 333.6  22.0  16.1  10.7
1891 118.191    216900 1  104  425   83  337 0.770 120.1 310.6 -26.2 -48.0
1891 118.191    217000 8   27  136   20  100 0.726 132.2 318.6 -33.2 -40.0
1891 119.308    216900 1  164  524  105  335 0.622 126.9 310.2 -26.3 -33.7
1891 119.308    217000 8   12   41    8   26 0.595 144.6 319.4 -33.8 -24.5
1891 119.308    217100 8   17   69   12   48 0.699 301.1  22.7  17.1  38.8
1891 119.308    217200 0    0    4    0    7 0.939 112.7 273.6 -23.1 -70.3
1891 120.198    216900 1  143  634   83  368 0.503 137.7 309.9 -26.8 -22.3
1891 120.198    217000 0   10   19    6   11 0.509 160.5 320.4 -33.9 -11.8
1891 120.198    217100 8    8   34    7   30 0.825 294.4  23.9  16.7  51.7
1891 120.198    217200 2    0   15    0   15 0.854 112.7 273.9 -22.1 -58.3
1891 120.198    217300 0   13   32   11   27 0.795 116.9 281.0 -24.5 -51.2
1891 121.476    216900 1  119  604   64  325 0.377 166.7 309.8 -26.9  -5.6
1891 121.476    217100 8    0   14    0   21 0.943 289.8  23.3  16.7  67.9
1891 121.476    217300 3    0   25    0   16 0.595 120.9 281.9 -22.3 -33.5
1891 122.455    216900 1  112  615   61  333 0.384 197.1 309.8 -27.0   7.3
1891 122.455    217200 3    0   67    0   39 0.514 126.9 276.0 -22.9 -26.5
1891 122.455    217300 0    0   23    0   13 0.445 132.2 281.6 -22.5 -20.9
1891 123.208    216900 1   98  539   55  302 0.459 214.8 309.7 -27.5  17.2
1891 123.208    217000 0    0    9    0    6 0.601 213.2 316.3 -35.3  23.8
1891 123.208    217300 0    0   15    0    8 0.337 149.7 281.9 -22.4 -10.6
1891 124.000         0 0    0    0    0    0 0.000   0.0   0.0   0.0   0.0
1891 125.489    216900 1   68  322   52  246 0.758 238.0 309.1 -27.7  46.6
1891 125.489    217300 2    0   18    0   10 0.428 227.8 282.5 -22.1  20.0
1891 125.489    217400 9    1   99    1   53 0.355 204.7 271.9 -24.5   9.4
1891 125.489    217500 7    7  162   12  258 0.948  67.9 194.3  18.9 -68.2
1891 126.538    217400 2    1   31    1   18 0.499 226.1 272.2 -25.6  23.5
1891 126.538    217500 7   22  284   21  268 0.847  64.0 195.4  18.4 -53.3
1891 126.540    216900 1   27  228   28  236 0.879 241.4 309.5 -27.8  60.8
1891 127.000         0 0    0    0    0    0 0.000   0.0   0.0   0.0   0.0
1891 128.211    216900 1    6   86   21  294 0.989 241.9 310.1 -28.6  83.4
1891 128.211    217500 7   48  421   32  276 0.642  51.5 194.7  18.5 -32.0
1891 128.211    217600 1   21  130   22  131 0.866  52.6 175.5  28.1 -51.2
1891 129.180    217400 2    0   58    0   56 0.859 246.0 272.9 -23.7  59.0
1891 129.180    217500 7   79  462   46  268 0.506  37.1 195.2  18.1 -18.7
1891 129.180    217600 0   35  116   28   91 0.766  45.3 175.9  27.9 -38.0
1891 130.459    217500 7    0  135    0   74 0.416   3.9 195.4  18.4  -1.7
1891 130.459    217600 1   18   99   12   65 0.647  31.4 174.7  27.9 -22.4
1891 131.538    217500 0    0    5    0    3 0.470 331.4 196.6  18.4  13.7
1891 131.538    217600 0   13   79    8   48 0.571  12.3 175.0  27.8  -7.9
1891 2 1.551    217500 0   12   38    8   24 0.594 309.2 198.2  16.6  28.7
1891 2 1.551    217600 0   15   56    9   34 0.567 351.9 174.7  27.9   5.2
1891 2 2.423    217500 0    0    8    0    6 0.715 300.1 198.2  16.2  40.1
1891 2 2.423    217600 0    9   35    6   22 0.611 335.4 174.8  27.7  16.7
1891 2 3.373    217600 0    0   41    0   29 0.704 321.8 175.2  28.1  29.6
1891 2 6.175   4990100 0    4   31    3   24 0.757 236.9 155.1 -29.0  46.5
1891 2 9.195    217800 2    0   38    0   20 0.250 149.6  61.2 -19.1  -7.7
1891 210.554    217800 2    5   38    3   20 0.275 220.6  61.9 -18.7  10.9
1891 210.554    217900 4   42  290   25  170 0.522  43.0  29.2  16.2 -21.8
1891 211.428    217800 3    5   32    3   18 0.421 237.5  61.5 -19.4  22.1
1891 211.428    217900 4   60  368   33  202 0.417  22.9  29.7  15.9  -9.7
1891 211.428    218000 3   13   76    7   40 0.277 138.3  28.2 -18.6 -11.2
1891 212.428    217800 3    0   16    0   10 0.575 248.6  60.4 -17.8  34.2
1891 212.428    217900 3   71  411   39  223 0.401 343.2  33.1  15.8   6.9
1891 212.428    218000 3   23   84   12   43 0.209 186.8  27.7 -18.8   1.5
1891 213.452    217900 3   88  409   51  237 0.522 316.0  34.9  15.7  22.1
1891 213.452    218000 3   17   68    9   36 0.318 227.8  27.2 -19.0  14.4
1891 213.452    218100 4    0   36    0   26 0.698 127.7 332.9 -30.6 -39.9
1891 214.175    217900 3   91  330   59  213 0.644 304.7  36.8  15.8  33.4
1891 214.175    218000 0    5   21    3   12 0.436 236.3  26.2 -20.4  22.8
1891 214.175    218100 4   23  115   15   73 0.602 133.3 332.9 -30.4 -30.5
1891 215.509    217900 0   40  262   36  236 0.834 293.4  38.3  15.2  52.5
1891 215.509    218000 3   11   75    8   51 0.678 250.2  28.1 -18.5  42.3
1891 215.509    218100 4   17   99   10   56 0.464 152.3 331.2 -31.0 -14.6
1891 215.509    218200 4    0   92    0  172 0.959 112.0 270.7 -23.0 -75.1
1891 216.414    217900 0   27  180   36  235 0.929 289.9  38.8  15.6  65.0
1891 216.414    218000 0    7   24    6   21 0.812 253.1  28.5 -17.8  54.7
1891 216.414    218100 4    0   34    0   19 0.422 171.9 329.8 -31.7  -4.0
1891 216.414    218200 4    7   71    8   77 0.883 112.9 271.3 -23.5 -62.5
1891 216.414    218300 7    0   51    0   55 0.884  65.7 276.1  17.7 -57.7
1891 217.218    217900 0   28   86   69  213 0.979 287.0  39.1  15.0  75.8
1891 217.218    218000 0    0    6    0    8 0.930 254.0  32.9 -17.4  69.6
1891 217.218    218200 4    0   53    0   47 0.824 114.2 268.0 -23.9 -55.3
1891 217.218    218300 6   79  362   67  307 0.804  61.1 275.5  18.2 -47.8
1891 218.518    218300 6  228  898  150  590 0.647  49.6 274.7  18.8 -31.4
1891 218.518    218400 0    0   14    0   13 0.839  55.4 257.0  24.0 -49.1
1891 219.305    218200 4    3   11    2    6 0.402 132.5 277.1 -22.5 -18.7
1891 219.305    218300 6  203  968  120  570 0.535  36.2 276.3  18.9 -19.5
1891 219.305    218400 2    5   19    4   15 0.750  49.3 257.4  23.8 -38.4
1891 219.305    218500 0    2   12    4   19 0.941  68.6 229.1  17.4 -66.7
1891 220.229    218200 4    1   19    1   10 0.282 160.7 277.7 -22.5  -5.8
1891 220.229    218300 6  143  944   81  532 0.465  16.2 275.6  19.5  -7.9
1891 220.229    218400 0    6   15    4   10 0.630  37.6 258.7  23.5 -24.8
1891 220.229    218500 0    0   13    0   13 0.858  64.9 229.0  17.3 -54.5
1891 220.229    218600 9    0   12    0   23 0.965  61.6 214.0  25.0 -69.5
1891 221.237    218200 4    0   34    0   18 0.288 200.2 276.5 -22.8   6.2
1891 221.237    218300 6  166  914   93  512 0.453 346.1 276.9  19.0   6.6
1891 221.237    218500 0    5   10    4    8 0.734  58.2 229.5  17.4 -40.8
1891 221.237    218600 9    3   53    4   67 0.915  57.3 211.3  26.1 -59.0
1891 222.559    218200 4    0   30    0   16 0.333 219.8 266.2 -21.8  13.3
1891 222.559    218300 5  208  705  128  432 0.591 317.8 277.8  19.5  24.9
1891 222.559    218500 0    0   17    0   11 0.601  41.5 227.8  20.3 -25.1
1891 222.559    218600 9    0   36    0   27 0.733  46.8 217.0  24.4 -35.9
1891 223.536    218200 4   26  127   15   73 0.500 238.2 267.2 -21.7  27.2
1891 223.536    218300 1   87  410   63  297 0.726 306.5 278.4  20.0  38.4
1891 223.536    218600 9    0   24    0   16 0.629  35.7 216.3  24.2 -23.7
1891 224.237    218200 4   30   85   19   53 0.599 241.1 265.6 -22.8  34.7
1891 224.237    218300 1  103  362   90  316 0.826 300.0 280.4  19.8  49.5
1891 224.237    218600 9    3   36    2   22 0.574  25.8 215.0  24.2 -15.9
1891 225.477    218300 1   47  227   69  331 0.942 294.7 280.5  20.4  66.0
1891 225.477    218600 9   94  475   56  281 0.540  13.6 206.5  24.5  -8.0
1891 226.514    218600 9   18  220   11  131 0.540 350.6 206.5  25.0   5.6
1891 227.435    218600 9    8   78    5   48 0.582 336.1 203.8  25.2  15.1
1891 228.509    218600 9    9   43    6   29 0.669 320.0 202.8  24.5  28.2
1891 3 1.452    218600 9   27  156   21  118 0.755 309.5 201.4  23.2  39.3
1891 3 2.522    218600 9    2   49    3   51 0.879 301.8 202.6  23.5  54.6
1891 3 4.372    218700 0    0    5    0   25 0.992 109.2  38.9 -19.9 -84.8
1891 3 5.423    218700 2    3   21    5   29 0.927 108.8  40.6 -20.1 -69.2
1891 3 5.423    219000 0   18   64   33  116 0.960  70.8  39.1  16.1 -70.7
1891 3 5.423   5000100 0    0    7    0    7 0.890 302.7 165.4  24.8  55.6
1891 3 5.423   5000200 0    2   12    1    7 0.545 114.6  78.1 -19.3 -31.7
1891 3 6.410    218700 0    3   30    3   26 0.810 110.0  42.5 -20.4 -54.3
1891 3 6.410    219000 0   22  121   24  131 0.881  68.3  38.7  15.3 -58.1
1891 3 7.237    218700 0    0   10    0    7 0.696 112.7  42.4 -20.9 -43.4
1891 3 7.237    219000 1   19  145   16  117 0.785  63.1  39.1  15.9 -46.7
1891 3 7.237    219100 0    0   11    0   12 0.874 295.9 141.8  18.5  56.0
1891 3 8.173    219000 1   23  132   16   89 0.660  56.5  38.8  15.5 -34.8
1891 3 8.173    219100 0    0    4    0   11 0.982 291.4 149.2  19.3  75.6
1891 3 9.192    219000 3   42  212   25  125 0.529  40.8  38.9  16.9 -21.2
1891 310.296    219000 7   21  144   12   79 0.414  15.2  39.1  16.4  -6.5
1891 311.471    219000 7    0   77    0   42 0.415 339.7  38.7  15.8   8.6
1891 312.466    219000 7    8   23    5   14 0.530 315.5  39.7  15.6  22.7
1891 312.466   5000300 0    0   19    0   34 0.962 107.9 301.3 -19.1 -75.7
1891 313.449    219000 7    0   11    0    8 0.671 302.7  40.0  15.5  35.9
1891 313.449    219300 0   13   77   40  231 0.986  68.4 287.0  19.8 -77.1
1891 314.160    219300 0   32  143   62  269 0.960  66.4 284.8  20.3 -69.8
1891 315.192    219300 0   58  197   63  212 0.879  62.5 284.9  20.1 -56.1
1891 316.510    219300 0   57  298   42  218 0.728  53.8 285.0  20.0 -38.7
1891 316.510    219400 2    0   62    0   40 0.633 313.5 352.9  19.7  29.2
1891 317.400    219300 0   84  319   53  201 0.612  44.3 285.0  19.7 -27.0
1891 317.400    219400 3    9   38    7   29 0.755 304.5 353.5  20.1  41.5
1891 318.196    219300 0   78  304   46  178 0.519  31.4 284.8  19.6 -16.7
1891 318.196    219400 3   41  137   39  128 0.851 299.7 353.7  20.7  52.2
1891 319.295    219300 0   98  369   55  206 0.448   5.1 284.6  19.5  -2.4
1891 319.295    219400 0   27  158   38  216 0.935 295.3 351.6  20.7  64.6
1891 320.191    219300 0   76  317   43  179 0.466 341.1 284.3  19.3   9.2
1891 320.191    219400 0    7   70   19  178 0.981 292.2 350.4  20.1  75.3
1891 321.228    219300 0   72  332   44  201 0.568 319.7 284.4  19.3  22.9
1891 322.128    219300 0   35  239   26  176 0.682 308.5 284.2  19.5  34.5
1891 323.529    219300 0   16  167   16  159 0.852 297.8 284.2  19.4  53.1
1891 324.425    219300 0   20  110   28  152 0.934 293.8 284.4  19.4  65.0
1891 325.404    219300 0    0   51    0  144 0.986 290.6 283.9  19.0  77.4
1891 329.463    219500 1    9   71   28  222 0.985  68.9  75.8  19.4 -77.1
1891 330.395    219500 1   30  158   42  217 0.929  66.3  76.3  19.2 -64.3
1891 330.395    219600 0    5   19    3   11 0.439 355.7 142.6  19.5   2.0
1891 331.409    219500 1   46  284   43  264 0.843  62.2  75.0  19.3 -52.2
1891 331.409    219600 0    0   17    0   10 0.497 330.6 142.2  19.5  15.0
1891 331.409    219700 2   14   55    8   30 0.372 154.7 117.0 -26.0 -10.2
1891 4 1.433    219500 1   85  341   62  249 0.723  55.2  74.7  19.5 -39.0
1891 4 1.433    219600 2    4   38    3   25 0.658 308.0 146.9  18.6  33.2
1891 4 1.433    219700 4   15   58    8   31 0.334 191.1 117.8 -25.5   4.1
1891 4 2.176    219500 1  126  429   81  276 0.631  47.2  74.4  19.9 -29.5
1891 4 2.176    219600 3    2   16    2   13 0.769 300.5 148.2  18.5  44.3
1891 4 2.176    219700 4   23   44   13   24 0.393 214.2 118.0 -25.1  14.1
1891 4 3.341    219500 1  124  524   71  300 0.496  28.1  74.1  19.9 -14.4
1891 4 3.341    219600 7    0   12    0   14 0.902 295.0 148.6  19.4  60.1
1891 4 3.341    219700 0    0   10    0    6 0.555 236.6 118.8 -23.2  30.3
1891 4 4.133    219500 1  105  487   59  273 0.446   9.1  73.7  20.0  -4.3
1891 4 4.133    219600 7    0   13    0   24 0.961 291.2 148.7  18.4  70.7
1891 4 4.133    219700 0    0    4    0    3 0.681 241.5 118.8 -23.7  40.8
1891 4 5.510    219500 1   80  466   46  267 0.489 333.4  73.4  20.0  13.5
1891 4 6.476    219500 1   86  378   53  232 0.588 315.8  73.0  19.5  25.8
1891 4 7.395    219500 1   91  319   65  226 0.709 305.3  73.0  19.5  37.9
1891 4 8.412    219500 1   57  259   51  230 0.833 298.1  72.8  19.5  51.2
1891 4 9.191    219500 1   36  194   43  229 0.910 294.8  72.5  19.7  61.3
1891 410.205    219500 1   15   84   38  202 0.979 291.3  73.4  19.5  75.4
1891 410.205    219800 1   32  168   17   87 0.245 134.8 347.6 -15.6 -10.4
1891 411.140    219800 1   33  149   17   76 0.180 198.5 348.9 -15.5   3.4
1891 412.466    219800 1   11   77    6   42 0.405 244.6 350.4 -15.2  22.3
1891 413.293    219800 1   16   45   10   27 0.546 250.3 349.3 -15.3  32.2
1891 414.431    219800 1    0   32    0   25 0.766 253.8 352.0 -15.9  49.9
1891 414.431    219900 3   29  118   17   69 0.521 333.0 316.9  22.4  14.8
1891 414.431    220000 7    0   17    0   13 0.737 136.2 262.8 -36.4 -39.3
1891 415.491    219900 3   33  180   22  118 0.646 314.3 318.1  22.2  30.0
1891 415.491    220000 7    0   11    0    7 0.597 148.4 265.5 -35.5 -22.6
1891 416.436    219900 3   74  278   58  217 0.773 303.9 319.4  21.8  43.7
1891 416.436    220000 7    0   32    0   19 0.531 163.7 265.1 -35.8 -10.6
1891 416.436    220100 0    6   20    4   12 0.489  20.4 265.1  22.1 -10.6
1891 416.436    220200 0    0    4    0    5 0.902 112.8 211.2 -22.8 -64.5
1891 417.403    219900 3   40  200   42  209 0.877 298.6 319.1  22.0  56.2
1891 417.403    220000 7    0   10    0    6 0.493 177.3 261.3 -34.7  -1.6
1891 417.403    220100 2    1   31    1   18 0.469 356.5 264.7  22.7   1.8
1891 417.403    220200 2    0   27    0   24 0.815 114.5 209.3 -22.9 -53.6
1891 418.462    219900 0    0   55    0   78 0.939 295.9 314.8  22.2  65.9
1891 418.462    220200 4    0   74    0   50 0.667 118.3 209.5 -22.4 -39.4
1891 419.264    219900 0    7   77   21  224 0.985 295.5 315.2  24.1  76.9
1891 419.264    220000 2    0   69    0   44 0.621 215.0 264.1 -35.1  25.8
1891 419.264    220200 0    0   18    0   11 0.568 123.1 207.3 -22.4 -31.0
1891 419.264    220300 0    0    6    0    4 0.576  25.9 222.0  26.4 -16.3
1891 420.518    220200 5    7   94    4   50 0.334 152.1 212.1 -22.0  -9.7
1891 420.518    220300 2   15   57    9   33 0.504 356.9 223.5  25.3   1.7
1891 421.429    220200 5   17   90    9   47 0.298 189.4 212.7 -21.9   3.0
1891 421.429    220300 0    0   28    0   17 0.556 331.8 226.5  24.7  16.8
1891 421.429    220400 0   13  106   26  203 0.962 108.8 134.8 -19.4 -74.9
1891 422.370    220200 5    3    7    2    4 0.390 221.3 213.4 -21.6  16.1
1891 422.370    220300 4    1   22    1   15 0.655 319.2 225.6  25.6  28.3
1891 422.370    220400 3  108  529  121  588 0.887 109.3 134.8 -19.3 -62.5
1891 422.370    220500 9    1   26    1   15 0.455 324.6 213.3  17.2  16.0
1891 423.411    220300 4   11  102    9   81 0.783 308.5 226.5  25.8  42.9
1891 423.411    220400 3  149  846  117  663 0.768 111.6 134.4 -19.5 -49.2
1891 423.412    220500 4    0   59    0   37 0.604 306.3 214.2  17.0  30.6
1891 424.421    220300 4   18  106   20  116 0.894 301.5 227.8  25.5  57.6
1891 424.421    220400 3  156  848  100  541 0.615 117.1 134.6 -20.0 -35.6
1891 424.421    220500 4   30  107   24   85 0.778 295.9 217.2  16.8  47.0
1891 425.080    220300 2    4   31    7   44 0.940 298.7 226.9  25.1  65.5
1891 425.080    220400 3  139  899   80  517 0.500 123.2 135.0 -19.9 -26.4
1891 425.080    220500 5   43  261   41  245 0.852 292.2 216.7  16.3  55.3
1891 426.586    220400 3  118  796   62  416 0.293 158.3 135.1 -20.1  -6.6
1891 426.586    220500 5   25  179   58  403 0.977 287.8 217.5  16.4  75.8
1891 427.413    220400 3  140  745   73  388 0.286 195.6 135.2 -20.2   4.7
1891 427.413    220600 1   55  217   34  134 0.590 323.2 153.3  24.3  22.8
1891 427.413    220700 0    3    9    2    6 0.573  36.9 108.5  23.3 -22.0
1891 428.442    220400 3  133  661   73  361 0.413 228.2 136.2 -19.9  19.1
1891 428.442    220600 0   67  483   48  342 0.717 310.5 153.9  24.5  36.8
1891 428.442    220700 3    0   40    0   23 0.468  12.9 110.6  23.0  -6.5
1891 428.442    220800 3    4   36    4   33 0.833 314.3 162.2  32.7  45.1
1891 429.193    220400 3  101  520   60  308 0.541 237.8 136.3 -20.3  29.2
1891 429.193    220600 0   59  411   49  341 0.803 304.6 153.6  24.4  46.5
1891 429.193    220700 2    5   17    3   10 0.461 347.5 113.3  22.7   6.2
1891 429.193    220800 2    0   20    0   25 0.913 308.3 165.1  32.4  58.0
1891 430.485    220400 1   42  403   31  297 0.745 246.8 136.8 -19.8  46.7
1891 430.485    220600 0   17  175   23  227 0.926 298.8 153.5  24.8  63.4
1891 430.485    220700 0    0   11    0    7 0.576 318.3 114.5  21.9  24.4
1891 5 1.597    220400 1   49  263   51  271 0.880 249.7 136.6 -19.7  61.2
1891 5 1.597    220600 0    0   71    0  230 0.989 295.4 154.3  24.4  78.9
1891 5 1.597    220700 0    0    7    0    5 0.679 320.0 105.0  28.0  29.6
1891 5 1.597    220900 8    6   52    4   33 0.598 128.2  44.2 -25.0 -31.2
1891 5 2.415    220400 0   15  108   26  177 0.954 251.1 137.3 -19.1  72.8
1891 5 2.415    220700 0    0    6    0    5 0.793 304.3 110.3  24.0  45.8
1891 5 2.415    220900 8    7   75    4   43 0.480 141.8  45.3 -25.7 -19.2
1891 5 3.503    220700 2    0   14    0   17 0.912 297.4 111.9  23.1  61.7
1891 5 3.503    220900 7    1   20    1   11 0.401 162.5  42.5 -26.1  -7.7
1891 5 4.409    221000 9    0   17    0   58 0.988  67.9 319.0  21.2 -79.2
1891 5 4.409    221100 1    1   34    9  175 0.994 115.2 313.7 -25.4 -84.5
1891 5 4.409   5020100 0    0    9    0   15 0.960 252.6 112.3 -17.7  74.1
1891 5 5.482    221000 9    6  113   11  193 0.956  65.0 314.1  22.7 -69.9
1891 5 5.482    221100 1   16  127   24  190 0.939 116.2 314.7 -25.7 -69.3
1891 5 5.482   5020200 7    0    8    0    8 0.849  63.3 330.0  20.4 -54.0
1891 5 6.493    221000 9    9  112   11  124 0.888  61.7 312.4  23.2 -58.3
1891 5 6.493    221100 1   51  243   51  239 0.862 117.6 313.0 -25.3 -57.7
1891 5 7.421    221000 9    9  176    8  143 0.783  57.2 312.8  22.9 -45.6
1891 5 7.421    221100 1   67  411   51  312 0.749 121.4 313.4 -25.3 -45.0
1891 5 8.332    221000 9   14  135   10   93 0.676  50.0 311.8  23.2 -34.3
1891 5 8.332    221100 1   82  398   53  255 0.623 128.6 313.5 -25.5 -32.6
1891 5 8.332    221400 0    6   22   14   47 0.971  68.0 272.1  20.5 -74.0
1891 5 9.448    221000 9   11  184    7  109 0.529  36.3 311.8  22.4 -19.8
1891 5 9.448    221100 1   81  618   46  351 0.479 144.2 313.5 -25.7 -18.1
1891 5 9.448    221400 0   10   41   11   45 0.884  65.1 272.8  20.3 -58.8
1891 510.087    221000 9   31  279   18  158 0.467  23.2 311.6  22.6 -11.5
1891 510.087    221100 1  125  520   69  285 0.406 159.1 313.9 -25.1  -9.2
1891 510.087    221400 0   19   83   17   74 0.822  61.9 272.2  21.0 -50.9
1891 511.404    221000 9   46  185   26  103 0.436 345.4 312.5  22.2   6.8
1891 511.404    221100 1  106  488   58  265 0.398 201.7 315.0 -24.4   9.3
1891 511.404    221400 0   29   91   19   60 0.648  53.1 272.1  20.6 -33.6
1891 511.404    221500 2   14   37   11   29 0.762 305.5 348.6  24.3  42.9
1891 512.453    221000 8   23  236   14  139 0.531 321.8 312.6  22.2  20.8
1891 512.453    221100 1   75  542   44  316 0.520 223.8 315.1 -24.5  23.3
1891 512.453    221400 0   34  110   20   64 0.505  39.1 271.9  20.6 -19.9
1891 512.453    221500 2    0   70    0   74 0.884 299.0 349.6  24.0  57.8
1891 512.453    221600 0   13   89   26  176 0.965  72.5 218.5  16.1 -73.3
1891 512.453    221700 1    8   90   30  306 0.986 110.2 210.9 -20.4 -80.9
1891 513.454    221000 9   13  120    9   83 0.689 306.4 315.4  22.1  36.8
1891 513.454    221100 1   63  312   43  210 0.673 235.8 316.2 -24.2  37.6
1891 513.454    221400 9   21   87   12   48 0.402  16.1 271.8  20.2  -6.8
1891 513.454    221600 0   28  139   31  152 0.885  70.2 218.5  16.2 -60.1
1891 513.454    221700 1   18  197   27  289 0.936 111.6 209.8 -21.1 -68.8
1891 514.470    221100 1   27  205   23  174 0.809 242.5 317.1 -23.5  51.5
1891 514.470    221400 9    0   75    0   41 0.397 345.7 271.6  20.2   6.0
1891 514.470    221600 0   24  143   19  111 0.761  66.5 219.0  16.0 -46.6
1891 514.470    221700 1   40  264   37  242 0.836 113.4 210.5 -20.8 -55.1
1891 515.420    221000 2    0   65    0   91 0.939 294.0 319.9  21.6  67.2
1891 515.420    221100 1   16  121   19  141 0.909 245.6 316.8 -23.1  64.1
1891 515.420    221600 0   29  174   19  112 0.624  60.1 218.4  16.2 -34.3
1891 515.420    221700 1   41  307   30  222 0.714 117.0 209.9 -20.6 -42.8
1891 516.470    221100 1    7   37   18   86 0.977 247.0 316.2 -22.9  77.5
1891 516.470    221600 1   58  232   33  131 0.458  47.2 218.2  16.1 -20.5
1891 516.470    221700 1   48  320   29  193 0.557 124.9 209.5 -20.5 -29.2
1891 516.470   5030100 2    6   73    5   52 0.724  50.5 200.4  25.7 -38.3
1891 517.524    221600 0   32  173   17   92 0.334  19.3 218.4  16.3  -6.6
1891 517.524    221700 1   36  294   20  161 0.410 141.9 209.3 -20.8 -15.7
1891 517.524    221900 0    9   38   13   54 0.931  72.0 157.9  15.9 -67.1
1891 518.158    221600 0   55  171   29   90 0.315 354.5 218.1  16.3   1.8
1891 518.158    221700 1   52  185   28   98 0.344 159.8 209.0 -20.8  -7.3
1891 518.158    221900 4   47  161   51  173 0.882  70.6 156.3  16.1 -60.0
1891 518.158    222000 0    0   19    0   57 0.984 108.7 136.4 -18.7 -79.9
1891 519.523    221600 0   35  164   20   92 0.453 313.6 218.3  16.5  20.0
1891 519.523    221700 1   41  224   22  120 0.365 207.0 208.5 -20.8  10.2
1891 519.523    221900 4   82  557   57  383 0.689  64.5 158.0  15.9 -40.3
1891 519.523    222000 0    9   72   11   81 0.893 110.5 136.0 -19.1 -62.3
1891 519.523    222100 0    0   23    0   78 0.987  68.6 118.8  20.8 -79.5
1891 520.187    221600 0   23  116   14   70 0.562 304.0 218.6  16.8  29.1
1891 520.187    221700 1   25  120   14   67 0.451 223.9 209.0 -20.6  19.5
1891 520.187    221900 4  119  651   74  402 0.583  58.2 158.4  16.4 -31.1
1891 520.187    222000 0   11   73   10   66 0.824 112.2 135.6 -19.2 -53.9
1891 520.187    222100 0   10   55   19   96 0.955  67.6 118.8  20.8 -70.7
1891 521.335    221600 0    6   54    5   40 0.736 294.3 218.8  16.5  44.4
1891 521.335    221700 1   23  100   15   64 0.628 237.9 209.1 -20.8  34.7
1891 521.335    221900 4  178 1112   98  609 0.411  40.0 158.4  16.8 -16.0
1891 521.335    222000 0   19  108   13   73 0.666 117.4 135.7 -19.1 -38.7
1891 521.335    222100 0   12   64   12   62 0.849  64.7 119.4  20.4 -55.0
1891 522.522    221600 0    0   28    0   30 0.881 289.7 218.5  16.5  59.9
1891 522.522    221700 1   11   67    9   54 0.793 244.9 208.7 -20.6  50.1
1891 522.522    221900 4  211 1386  111  727 0.309 357.2 159.5  16.5   0.9
1891 522.522    222000 0   19  117   11   67 0.481 130.3 135.7 -19.5 -22.9
1891 522.522    222100 3   15   88   10   58 0.645  56.7 123.7  19.5 -34.9
1891 522.522    222200 0    0   29    0   22 0.750 307.9 199.9  26.3  41.3
1891 523.581    221700 1    0   17    0   19 0.896 247.6 206.8 -20.6  62.2
1891 523.581    221900 4  164 1048   89  568 0.398 320.9 159.8  16.7  15.2
1891 523.581    222000 0   13   97    7   52 0.348 154.7 135.5 -19.7  -9.1
1891 523.581    222100 4   37  244   21  137 0.453  37.4 127.6  19.8 -17.0
1891 524.204    221900 4  102  777   58  442 0.484 309.8 159.2  16.9  22.9
1891 524.204    222000 0   22   97   12   51 0.318 177.9 135.6 -19.8  -0.7
1891 524.204    222100 4   45  279   25  152 0.392  22.0 127.3  20.1  -9.0
1891 524.204    222400 1    5   42   17  126 0.985 107.3  56.2 -17.3 -80.1
1891 524.204   5030200 0    0    8    0   10 0.926 109.9  69.4 -18.9 -66.9
1891 525.341    221900 4  114  583   76  387 0.667 296.6 159.8  16.5  38.5
1891 525.341    222000 0   20  130   11   71 0.396 215.0 135.3 -20.0  14.0
1891 525.341    222100 4   31  102   17   55 0.378 341.0 128.8  19.8   7.5
1891 525.341    222200 2    0   21    0   39 0.964 296.1 193.7  24.8  72.4
1891 525.341    222400 1   47  271   66  375 0.932 107.1  53.1 -16.3 -68.2
1891 525.341    222500 8   11   56   11   52 0.839  64.2  67.4  20.8 -53.9
1891 526.465    221900 4   20  216   19  196 0.841 289.8 161.9  16.0  55.4
1891 526.465    222000 0   20   85   12   51 0.558 234.5 135.4 -19.8  28.9
1891 526.465    222100 4   10   95    6   55 0.505 313.7 129.3  19.5  22.8
1891 526.465    222400 1   62  406   53  344 0.808 109.4  54.0 -16.2 -52.5
1891 526.465    222500 8    4   54    3   37 0.678  57.1  69.0  20.8 -37.5
1891 527.439    221900 0   11   65   16   90 0.942 286.7 162.9  15.4  69.3
1891 527.439    222000 0   15   82   11   58 0.714 242.8 136.0 -19.7  42.4
1891 527.439    222100 4    0   29    0   20 0.689 301.2 132.5  20.2  38.9
1891 527.439    222400 1   98  504   67  342 0.661 113.5  54.5 -16.0 -39.1
1891 527.439    222500 8    0   70    0   42 0.534  46.0  69.3  21.0 -24.3
1891 527.439    222600 3   19  131   14   96 0.737 236.0 136.0 -25.0  42.4
1891 527.439   5030300 2    0   34    0   19 0.412 308.5 113.0  14.0  19.4
1891 528.454    221900 0    0   22    0   61 0.985 285.7 159.6  15.3  79.5
1891 528.454    222000 0    6   36    6   33 0.838 246.8 135.0 -19.7  54.9
1891 528.454    222100 4   12   40   10   31 0.766 297.9 126.4  20.5  46.3
1891 528.454    222400 1  104  591   60  341 0.495 122.3  54.3 -16.0 -25.8
1891 528.454    222600 0    0   38    0   34 0.830 237.4 131.8 -27.0  51.7
1891 528.454    222800 0    0   37    0   85 0.975  69.5   4.1  19.8 -76.0
1891 529.520    222000 0    0    9    0   13 0.937 249.2 134.5 -19.7  68.5
1891 529.520    222100 4    1   43    2   45 0.878 293.8 125.0  20.4  59.0
1891 529.520    222400 1   95  571   51  304 0.344 143.6  53.7 -16.7 -12.3
1891 529.520    222800 0   12   41   14   47 0.897  67.9   4.2  19.4 -61.8
1891 530.647    222400 1   70  387   37  202 0.290 191.6  54.7 -17.0   3.5
1891 530.647    222800 0    0   52    0   41 0.761  64.2   4.8  19.0 -46.4
1891 530.647    222900 8   12  174    8  113 0.629  59.5  16.4  18.2 -34.8
1891 531.502    222400 1   52  368   28  197 0.374 220.9  54.6 -16.8  14.8
1891 531.502    222800 0    0   10    0    7 0.640  58.5   4.5  19.2 -35.3
1891 531.502    222900 8   41  265   24  153 0.496  49.5  16.4  18.4 -23.4
1891 6 1.439    222400 1   49  257   29  150 0.528 236.7  54.9 -17.1  27.5
1891 6 1.439    222900 8   48  219   26  118 0.367  29.3  16.5  18.4 -10.9
1891 6 1.439    223000 0    0   26    0   21 0.787 297.6  75.8  21.2  48.4
1891 6 1.439    223100 0    0   10    0   41 0.989  66.8 306.6  22.9 -80.8
1891 6 2.342    222400 1   35  178   24  119 0.673 244.3  54.9 -17.1  39.4
1891 6 2.342    222900 8   55  223   29  118 0.328 353.9  17.6  18.9   2.1
1891 6 2.342    223000 2    0   54    0   56 0.874 294.3  74.0  21.0  58.5
1891 6 2.342    223100 0    7   62   12   97 0.946  65.0 306.2  23.5 -69.3
1891 6 2.342   5030400 0    0   13    0   15 0.926 251.1  82.3 -17.5  66.8
1891 6 2.342   5030500 0    0   10    0    7 0.631 301.8  50.1  19.3  34.6
1891 6 3.642    222400 1   10   67   10   62 0.851 250.0  54.9 -16.9  56.7
1891 6 3.642    222900 3   25  115   14   64 0.450 315.9  17.5  18.8  19.3
1891 6 3.642    223000 1    0   11    0   19 0.961 292.4  70.8  21.5  72.6
1891 6 3.642    223100 3   22  133   20  118 0.821  62.7 306.3  22.1 -51.9
1891 6 4.669    222400 1    0   14    0   22 0.946 251.3  54.8 -17.6  70.1
1891 6 4.669    222900 2    6   69    4   42 0.573 304.5  14.7  19.0  30.0
1891 6 4.669    223100 3   19  191   13  129 0.669  54.7 308.4  22.8 -36.3
1891 6 5.326    222900 2    2   22    2   15 0.683 298.4  15.5  19.1  39.5
1891 6 5.326    223100 3   39  167   24  103 0.576  46.5 308.9  23.5 -27.1
1891 6 6.326    223100 1   28  262   16  147 0.455  30.4 308.2  23.4 -14.5
1891 6 7.316    223100 1   23  184   13  100 0.388 359.5 309.8  23.3   0.2
1891 6 8.644    223100 1   54  283   31  162 0.501 319.2 312.9  22.8  20.8
1891 6 9.406    223100 2   64  331   41  210 0.623 307.4 314.4  22.8  32.5
1891 610.441    223100 2   31  252   24  195 0.768 299.8 314.7  23.0  46.4
1891 610.441    223400 2   37  202   24  129 0.618  55.4 235.2  21.2 -33.1
1891 610.441    223500 0    0   13    0   30 0.975  65.2 192.1  24.3 -76.2
1891 611.441    223100 0    0  134    0  144 0.888 295.7 315.5  23.1  60.4
1891 611.441    223400 2   96  469   55  266 0.462  41.6 235.9  21.1 -19.2
1891 611.441    223500 0    0   11    0   14 0.904  63.9 192.5  23.9 -62.6
1891 612.647    223400 2   35  341   19  182 0.345   3.5 237.8  21.2  -1.3
1891 612.647    223500 1   25  197   18  140 0.706  52.6 200.4  26.2 -38.7
1891 613.510    223400 2   59  297   32  161 0.381 333.5 238.2  21.1  10.5
1891 613.510    223500 1   41  248   26  155 0.602  43.5 200.0  26.9 -27.7
1891 613.510    223600 2    0   13    0   15 0.880  74.1 166.7  14.5 -61.0
1891 614.629    223400 0   30  192   18  113 0.534 310.4 238.8  21.4  25.9
1891 614.629    223500 1   24  261   14  148 0.468  20.7 202.2  27.2 -10.7
1891 614.629    223600 9    0   16    0   12 0.741  71.5 166.4  14.5 -46.5
1891 614.629    223700 1   13  197   28  413 0.968  71.2 137.8  18.5 -75.1
1891 615.274    223400 0   15  135   10   87 0.625 302.9 238.5  21.0  34.2
1891 615.274    223500 1   55  208   31  116 0.438   6.3 201.2  27.2  -3.1
1891 615.274    223600 9   35  237   23  152 0.620  67.9 167.9  14.6 -36.4
1891 615.274    223700 1   72  334   99  458 0.929  70.4 136.8  18.7 -67.5
1891 615.274    223800 2    0   28    0   30 0.879 292.8 264.3  20.6  60.0
1891 616.534    223400 0    3   55    3   45 0.796 296.0 237.9  21.4  50.2
1891 616.534    223500 1   27  208   16  119 0.487 333.0 202.1  27.2  14.4
1891 616.534    223600 9   48  283   27  156 0.419  57.9 166.2  14.3 -21.5
1891 616.534    223700 1   56  542   46  445 0.783  67.9 137.9  18.1 -49.8
1891 616.534    223800 2   42  297   93  645 0.975 291.0 264.4  20.8  76.7
1891 616.534    223900 2   14   77    8   43 0.443   7.2 184.1  27.6  -3.6
1891 617.430    223500 1   11   56    7   35 0.592 315.9 203.1  26.6  27.4
1891 617.430    223600 9   44  386   23  200 0.258  31.6 167.7  14.3  -8.0
1891 617.430    223700 1   82  550   55  367 0.651  63.5 137.9  18.2 -37.8
1891 617.430    223900 2    0   87    0   49 0.454 344.8 183.4  27.6   7.7
1891 617.430    224000 2    0   72    0   49 0.686 301.4 214.9  22.2  39.2
1891 618.454    223500 0    6   24    5   18 0.729 306.5 203.3  27.0  41.1
1891 618.454    223600 9   31  284   16  146 0.238 337.0 167.7  14.4   5.5
1891 618.454    223700 1   77  511   44  290 0.459  52.1 139.8  18.0 -22.4
1891 618.454    223900 0    0   37    0   22 0.533 327.0 181.4  28.2  19.2
1891 618.454    224000 3    2  120    2  101 0.811 296.8 213.8  22.5  51.6
1891 619.446    223500 9    0   38    0   33 0.810 303.0 199.0  27.4  49.9
1891 619.446    223600 9   16  182    9  100 0.409 302.4 170.0  14.4  20.9
1891 619.446    223700 1   73  451   39  239 0.322  28.9 139.7  18.2  -9.4
1891 619.446    223900 9    6   84    4   56 0.662 308.2 184.4  25.7  35.3
1891 619.446    224000 2    4   25    5   30 0.910 292.9 213.5  21.6  64.4
1891 620.090    223500 9    0    9    0   10 0.887 294.9 201.3  22.9  60.8
1891 620.090    223600 9    3   60    2   36 0.545 292.8 171.7  13.9  31.2
1891 620.090    223700 1   82  414   43  216 0.289   4.6 139.1  18.7  -1.4
1891 620.090    223900 9   18   91   14   68 0.748 302.7 184.6  25.3  44.1
1891 620.090    224000 3    0    9    0   16 0.958 292.6 213.4  22.2  72.9
1891 620.090    224100 2   25   55   15   33 0.551 242.4 170.6 -13.1  30.1
1891 620.090    224200 0    0   40    0  138 0.986  75.7  59.8  14.4 -80.7
1891 621.621    223600 9   16  116   12   85 0.738 287.8 166.8  14.5  46.5
1891 621.621    223700 1   61  380   34  209 0.423 312.2 139.6  18.5  19.3
1891 621.621    223900 9    0   26    0   31 0.905 298.6 183.0  26.6  62.7
1891 621.621    224100 2    2   35    2   29 0.796 252.0 171.3 -12.9  51.0
1891 621.621    224200 0   18  235   18  234 0.860  74.8  61.5  14.1 -58.8
1891 621.621    224300 0    0   57    0   75 0.923  74.8  53.1  14.8 -67.2
1891 621.621    224400 0    5   65   11  138 0.971  73.4  44.0  16.6 -76.3
1891 622.473    223600 2   40  197   39  189 0.861 285.0 167.9  14.0  59.0
1891 622.473    223700 1   63  360   38  214 0.554 301.2 138.9  18.6  30.0
1891 622.473    224100 0    0   14    0   17 0.911 255.4 173.4 -12.3  64.5
1891 622.473    224200 0   39  280   30  212 0.746  73.3  61.5  13.9 -47.4
1891 622.473    224300 4   19  135   18  123 0.835  73.1  53.0  15.3 -55.9
1891 622.473    224400 0   28  154   36  192 0.915  72.4  43.1  17.0 -65.8
1891 622.473    224500 2    3   29    2   18 0.567 263.2 143.2  -2.0  34.3
1891 622.473    224600 0    3   19    8   41 0.967  74.9  33.7  15.2 -75.2
1891 623.310    223600 2    8  108   14  176 0.953 283.3 170.3  13.4  72.4
1891 623.310    223700 0   52  264   36  182 0.692 294.0 139.6  18.1  41.7
1891 623.310    224200 1   73  365   46  230 0.605  69.7  62.1  14.0 -35.8
1891 623.310    224300 4   35  204   26  150 0.725  70.2  52.7  15.9 -45.2
1891 623.310    224400 0   28  158   26  144 0.830  71.1  42.7  16.9 -55.2
1891 623.310    224500 0    0   22    0   16 0.716 265.1 143.4  -1.9  45.5
1891 623.310    224600 1    0   18    0   23 0.909  73.6  32.9  15.9 -65.0
1891 624.632    223700 0   33  153   33  151 0.861 289.5 139.1  18.0  58.6
1891 624.632    224200 0   65  464   35  250 0.364  56.3  62.3  14.0 -18.2
1891 624.632    224300 4   20  127   12   74 0.503  63.1  52.8  15.3 -27.7
1891 624.632    224400 0   36  234   24  154 0.638  67.1  42.7  16.3 -37.8
1891 624.632    224500 2    2   31    3   35 0.898 267.5 144.3  -1.2  63.8
1891 624.632    224600 0    2   10    2    8 0.729  71.8  34.7  14.9 -45.8
1891 624.632    224700 0    3   12    3   10 0.771 119.9  34.8 -20.9 -45.7
1891 625.200    223700 0   33  158   42  199 0.920 287.9 139.4  17.5  66.6
1891 625.200    224200 0   48  376   25  195 0.266  42.1  62.2  13.9 -10.6
1891 625.200    224300 4    3  237    2  129 0.388  54.9  53.6  15.3 -19.2
1891 625.200    224400 1   56  266   34  159 0.544  62.2  42.6  16.9 -30.2
1891 625.200    224500 0    0   18    0   31 0.955 267.9 145.4  -1.2  72.6
1891 625.200    224600 0    0   18    0   12 0.639  69.1  34.6  15.2 -38.2
1891 625.200    224700 2   11   52    8   37 0.703 123.1  33.8 -20.6 -39.0
1891 625.200    224800 2    0   26    0   17 0.616 114.3  37.7 -12.6 -35.1
1891 625.200    224900 0    0   12    0   39 0.985 121.3 355.7 -30.3 -77.1
1891 626.468    223700 0    0   47    0  201 0.995 287.3 140.7  17.5  84.6
1891 626.468    224200 0   60  385   31  198 0.233 330.0  63.0  14.3   6.9
1891 626.468    224300 4   17  115    9   59 0.226   3.0  55.4  15.7  -0.7
1891 626.468    224400 1   50  260   27  138 0.320  43.7  42.8  16.0 -13.3
1891 626.468    224700 6  134  614   79  362 0.531 139.6  34.4 -21.4 -21.7
1891 626.468    224800 4   11   61    6   33 0.384 133.2  39.4 -12.7 -16.7
1891 626.468    224900 1    6   28    8   38 0.924 125.4 354.5 -31.1 -61.6
1891 627.430    224200 1   48  345   26  187 0.387 302.1  63.2  14.5  19.8
1891 627.430    224300 4   21   94   11   49 0.290 320.2  54.5  15.6  11.1
1891 627.430    224400 0   52  274   27  141 0.229   1.7  43.0  16.0  -0.4
1891 627.430    224700 6  173 1208   96  669 0.430 159.9  34.3 -21.1  -9.1
1891 627.430    224800 4    5   36    3   19 0.291 160.9  37.8 -13.2  -5.6
1891 627.430    224900 1    0   12    0   12 0.856 129.8 353.0 -31.5 -50.4
1891 627.430    225000 0    0    8    0   11 0.924  66.8 336.7  22.5 -66.7
1891 628.577    224200 0   45  335   28  208 0.592 290.6  63.1  14.4  34.9
1891 628.577    224300 4    8   79    5   45 0.483 297.3  54.6  15.4  26.4
1891 628.577    224400 0   49  217   26  115 0.336 311.7  43.3  15.7  15.1
1891 628.577    224700 6  137 1135   75  619 0.413 194.4  34.5 -20.7   6.3
1891 628.577    224800 4    7  179    4   95 0.340 215.2  39.8 -13.3  11.6
1891 628.577    225000 0    0    9    0    8 0.800  65.0 337.0  21.6 -51.2
1891 628.577    225100 0    0    3    0    8 0.977  60.7 310.7  29.2 -77.5
1891 629.505    224200 0   38  221   28  162 0.739 287.1  62.8  14.6  46.9
1891 629.505    224300 4    4   20    3   13 0.633 290.4  53.8  15.1  37.9
1891 629.505    224400 0   47  263   27  151 0.501 297.2  43.5  15.9  27.6
1891 629.505    224700 6  170  872   98  502 0.502 217.6  35.0 -20.6  19.1
1891 629.505    224800 4   20  175   12  101 0.499 236.2  41.1 -13.4  25.2
1891 629.505    225100 1    2   18    3   24 0.925  59.1 310.0  29.6 -65.9
1891 630.464    224200 0   21  154   21  150 0.861 285.1  62.5  14.6  59.2
1891 630.464    224400 1   38  242   26  163 0.672 289.8  44.3  15.5  41.0
1891 630.464    224700 6  131  782   84  501 0.633 231.6  35.3 -20.5  32.0
1891 630.464    224800 4    8   22    6   15 0.677 248.6  43.4 -11.9  40.1
1891 630.464    225100 0    0   10    0    9 0.819  57.0 311.9  28.5 -51.4
1891 7 1.187    224200 0   16   97   23  132 0.931 284.0  62.3  14.2  68.8
1891 7 1.187    224400 1   32  175   25  137 0.775 287.2  43.6  15.3  50.1
1891 7 1.187    224700 6  141  715  102  515 0.733 237.3  34.8 -20.9  41.3
1891 7 1.187    224800 4    5   25    4   20 0.778 250.7  42.3 -12.8  48.8
1891 7 1.187    225100 4    0   42    0   33 0.764  54.7 308.3  28.5 -45.2
1891 7 1.187    225200 1   15  111   33  233 0.970  70.7 277.3  19.5 -76.2
1891 7 2.480    224400 1   11  157   15  197 0.922 286.0  43.8  16.0  67.2
1891 7 2.480    224700 2   72  340   78  364 0.891 244.2  35.9 -21.1  59.3
1891 7 2.480    225100 4    6   96    4   60 0.598  44.5 308.2  28.2 -28.4
1891 7 2.480    225200 2   41  338   47  385 0.894  70.8 273.6  18.6 -63.0
1891 7 3.423    224400 0    9   61   25  168 0.983 285.1  44.0  15.5  80.0
1891 7 3.423    224700 2   40  173   77  327 0.966 247.0  36.4 -21.2  72.4
1891 7 3.423    225100 4   19  108   11   61 0.463  29.0 309.4  27.2 -14.6
1891 7 3.423    225200 2   75  495   61  402 0.785  68.9 273.4  18.6 -50.6
1891 7 4.581    225100 5    0   71    0   39 0.398 359.3 309.2  27.0   0.3
1891 7 4.581    225200 2   76  554   48  348 0.605  63.7 274.0  18.5 -34.9
1891 7 5.225    225100 5    7   16    4    9 0.417 333.7 312.0  25.5  11.8
1891 7 5.225    225200 2   97  515   56  296 0.494  57.2 274.2  18.8 -26.0
1891 7 6.314    225200 3  100  458   53  241 0.310  32.3 275.6  18.9 -10.1
1891 7 6.314    225400 6    1  163    3  259 0.947  67.5 214.5  22.5 -71.2
1891 7 6.314   5050100 4    8   55    5   33 0.537  48.8 259.4  24.1 -26.3
1891 7 7.450    225200 3   69  330   36  172 0.280 340.4 276.5  19.1   5.7
1891 7 7.450    225400 6   65  578   60  529 0.837  66.3 215.1  21.9 -55.7
1891 7 8.189    225200 3   65  462   35  248 0.370 316.7 276.6  19.4  15.6
1891 7 8.189    225400 6   87  788   64  578 0.733  63.5 216.0  21.9 -45.0
1891 7 8.189    225500 5    0   10    0   43 0.992  74.9 177.6  15.5 -83.4
1891 7 9.165    225200 3   83  379   49  224 0.540 300.0 277.7  19.2  29.7
1891 7 9.165    225400 6  164  857  100  521 0.572  56.7 217.0  21.8 -31.0
1891 7 9.165    225500 5    4  141    8  267 0.960  75.1 173.7  15.4 -74.3
1891 7 9.165    225600 6    0    6    0   11 0.955  65.3 175.1  24.8 -72.9
1891 710.251    225200 5  102  498   75  363 0.734 292.5 279.6  19.2  45.9
1891 710.251    225400 6  146  812   80  443 0.401  40.3 217.5  21.8 -16.2
1891 710.251    225500 5   25  203   24  191 0.843  73.0 176.5  16.5 -57.2
1891 710.251    225600 6    8   63    9   71 0.891  64.4 171.6  24.6 -62.1
1891 711.499    225200 5   40  306   43  325 0.887 289.0 279.5  18.8  62.3
1891 711.499    225400 6   80  709   42  369 0.286 354.4 218.9  20.8   1.7
1891 711.499    225500 5   35  330   23  216 0.640  70.4 178.4  15.7 -38.8
1891 711.499    225600 6   88  538   67  408 0.745  60.1 171.8  24.8 -45.4
1891 711.499    225700 0    0    6    0    4 0.605 121.8 185.0 -15.0 -32.2
1891 712.194    225200 5   15  211   25  338 0.951 289.0 280.4  19.4  72.5
1891 712.194    225400 6  119  717   63  380 0.341 325.6 219.8  20.6  11.9
1891 712.194    225500 5   63  402   37  234 0.510  65.6 179.0  16.0 -28.9
1891 712.194    225600 6  133  797   88  526 0.647  57.1 171.4  24.1 -36.5
1891 712.194    225800 3   26  214   66  527 0.977  70.0 129.5  20.4 -78.4
1891 713.481    225400 6   91  487   55  292 0.556 297.9 222.2  18.9  31.3
1891 713.481    225500 5  120  824   63  430 0.284  43.7 179.1  16.2 -11.8
1891 713.481    225600 6  137  835   78  474 0.467  42.6 170.6  24.3 -20.3
1891 713.481    225700 2    0   59    0   32 0.363 167.0 186.0 -16.3  -4.9
1891 713.481    225800 3   82  433   91  480 0.886  69.2 128.8  20.5 -62.1
1891 713.481    225900 5   14  200   28  394 0.966  68.7 115.3  21.7 -75.6
1891 714.450    225400 6   68  402   48  280 0.708 292.3 221.9  18.9  43.8
1891 714.450    225500 5  147  882   75  449 0.194 354.5 179.2  15.7   1.1
1891 714.450    225600 7   87  630   47  337 0.356  17.3 171.4  24.4  -6.7
1891 714.450    225700 3    0   46    0   25 0.369 201.3 186.1 -15.6   8.0
1891 714.450    225800 3  130  599  102  469 0.766  67.3 129.2  20.2 -48.9
1891 714.450    225900 5   46  372   52  416 0.892  67.9 115.2  21.7 -62.9
1891 714.450    226000 0   15   44    9   26 0.517 192.1 185.0 -25.9   6.9
1891 715.503    225400 5   54  275   51  260 0.855 289.2 222.7  18.8  58.5
1891 715.503    225500 5  166  740   88  391 0.334 306.1 180.5  15.8  16.3
1891 715.503    225600 7  114  589   61  315 0.361 340.8 171.7  24.5   7.5
1891 715.503    225800 3  155  778   98  491 0.602  62.1 129.7  20.2 -34.5
1891 715.503    225900 5   69  467   56  375 0.775  65.4 114.8  21.9 -49.4
1891 715.503    226000 2    6   37    4   23 0.584 211.3 183.9 -25.6  19.7
1891 716.451    225400 5   25  233   37  340 0.940 288.0 222.2  18.5  70.6
1891 716.451    225500 5   89  534   52  311 0.513 292.2 181.1  15.3  29.5
1891 716.451    225600 7   80  476   45  267 0.459 318.0 171.3  24.4  19.7
1891 716.451    225800 3  158  824   89  462 0.443  52.6 129.6  20.0 -22.0
1891 716.451    225900 5   70  536   46  350 0.641  61.0 114.4  21.9 -37.2
1891 717.434    225400 5   16  111   53  360 0.990 288.1 221.7  18.6  83.0
1891 717.434    225500 5   90  449   63  311 0.695 287.2 182.2  15.4  43.5
1891 717.434    225600 7   54  394   35  253 0.628 304.8 173.4  25.0  34.7
1891 717.434    225800 3  152  894   80  469 0.300  28.2 130.0  20.1  -8.7
1891 717.434    225900 5   74  409   43  237 0.493  52.1 113.9  22.0 -24.8
1891 717.434    226100 0    0   24    0   20 0.787 301.0 188.0  27.1  49.3
1891 718.177    225500 5   81  383   68  321 0.808 285.0 182.6  15.0  53.9
1891 718.177    225600 7   76  297   57  222 0.751 299.5 174.9  25.1  46.2
1891 718.177    225800 3  179  903   93  468 0.268 354.4 130.3  20.4   1.6
1891 718.177    225900 5   43  313   24  171 0.401  41.5 112.0  22.2 -16.7
1891 718.177    226100 0    0    3    0    4 0.885 298.1 189.9  27.1  61.2
1891 719.536    225500 5   28  228   43  344 0.945 285.4 182.4  16.2  71.6
1891 719.536    225600 7   16  142   21  178 0.916 295.3 177.0  25.1  66.2
1891 719.536    225800 3  151  993   83  544 0.410 310.9 130.1  20.3  19.3
1891 719.536    225900 5   45  187   24   98 0.293   0.3 110.7  22.0  -0.1
1891 719.536    226300 2  109  390   56  200 0.228 317.4 120.0  14.6   9.2
1891 719.536    226400 0    0    8    0    9 0.878 108.7  51.9 -13.8 -58.9
1891 719.536    226500 0    7   47    9   57 0.906  77.4  45.4  13.5 -65.4
1891 719.536   5050200 0    0    9    0    6 0.557 303.6 140.9  22.3  30.1
1891 720.428    225500 5   27  144   96  512 0.992 284.3 182.6  14.8  83.6
1891 720.428    225600 7   10  104   21  219 0.972 294.6 176.3  25.1  77.3
1891 720.428    225800 3  168 1031  101  617 0.561 298.2 130.7  19.7  31.7
1891 720.428    225900 7   41  236   22  126 0.351 323.3 112.0  21.3  13.0
1891 720.428    226300 2  112  646   61  350 0.389 295.8 120.2  14.5  21.2
1891 720.428    226400 0    0   51    0   40 0.759 111.7  52.7 -12.8 -46.3
1891 720.428    226500 0   28  124   24  106 0.803  75.3  45.5  14.8 -53.5
1891 720.428    226600 0    6   58   11  103 0.956 115.4  29.9 -22.5 -69.1
1891 721.210    225600 7    0   10    0   49 0.994 295.6 174.3  25.9  85.7
1891 721.210    225800 3  166  911  113  620 0.689 293.0 130.9  19.5  42.3
1891 721.210    225900 2   92  380   52  214 0.462 305.7 112.2  20.4  23.6
1891 721.210    226300 2   69  406   41  240 0.547 289.3 120.9  14.8  32.3
1891 721.210    226500 0   11   34    8   24 0.689  73.2  45.5  15.3 -43.1
1891 721.210    226600 1   15   57   17   64 0.894 118.0  30.1 -22.2 -58.5
1891 721.210    226700 9    0   15    0    9 0.541 211.4 106.4 -22.6  17.8
1891 722.414    225800 3  153  786  143  731 0.850 289.5 130.8  19.3  58.1
1891 722.414    225900 2   67  400   44  262 0.657 295.9 111.9  20.8  39.2
1891 722.414    226300 1   45  311   35  239 0.762 285.1 122.3  14.9  49.6
1891 722.414    226500 9   12  138    7   80 0.491  66.4  44.8  16.0 -27.9
1891 722.414    226600 1   25  123   20   96 0.766 125.0  30.0 -22.3 -42.7
1891 722.414    226700 9   10   40    7   27 0.673 226.6 104.8 -23.1  32.1
1891 723.410    225800 2   58  446   93  708 0.950 288.6 132.2  19.3  72.6
1891 723.410    225900 9   31  216   26  180 0.804 292.0 112.5  20.8  52.9
1891 723.410    226300 0   15  117   18  134 0.905 283.8 124.9  14.7  65.3
1891 723.410    226500 9    0   21    0   11 0.284  54.8  45.7  14.6 -13.9
1891 723.410    226600 0   25   97   17   64 0.651 134.7  29.5 -22.7 -30.1
1891 723.410    226700 9   21   70   17   57 0.794 235.3 104.8 -23.2  45.2
1891 724.430    225800 2   21  142   74  482 0.990 289.6 129.5  20.1  83.4
1891 724.430    225900 9   23  126   28  152 0.912 290.2 112.3  20.6  66.2
1891 724.430    226500 9    5   39    3   20 0.183   9.0  44.4  15.8  -1.7
1891 724.430    226600 0   18   61   11   36 0.534 150.8  29.7 -22.6 -16.4
1891 724.430    226700 9   31  137   36  159 0.906 243.1 106.5 -21.6  60.4
1891 724.430    226800 2    4   18    3   12 0.652 297.5  84.6  21.8  38.5
1891 725.400    225900 9    0   27    0   82 0.987 289.3 115.4  19.9  82.2
1891 725.400    226500 0    0   13    0    7 0.283 306.0  46.9  14.9  13.7
1891 725.400    226600 0    7   21    4   12 0.480 172.3  29.2 -22.9  -4.0
1891 725.400    226700 1   11   62   27  151 0.980 246.6 108.5 -21.6  75.3
1891 725.400    226800 2    8   27    7   22 0.793 293.7  84.8  22.1  51.6
1891 726.552    226500 4   24  115   14   67 0.505 297.5  46.2  18.4  28.2
1891 727.437    226500 6   26  146   17   95 0.649 292.4  45.6  18.7  39.3
1891 727.437    226900 0   13   57   27  115 0.967 107.8 293.4 -15.6 -72.9
1891 727.437    227000 7    0   31    0   90 0.983  75.0 285.8  15.7 -80.5
1891 728.390    226500 6   37  225   30  178 0.775 289.7  44.0  18.8  50.4
1891 728.390    226900 0   11   63   12   69 0.885 110.7 294.4 -15.4 -59.2
1891 728.390    227000 8   22  161   27  198 0.911  75.1 287.4  15.9 -66.2
1891 729.291    226500 6   16   92   18   98 0.886 288.3  44.4  18.9  62.7
1891 729.291    226900 0    8   59    7   49 0.787 114.5 293.8 -15.2 -47.9
1891 729.291    227000 8   21  191   19  169 0.815  74.5 286.9  16.0 -54.8
1891 730.432    226900 0   14   51    9   33 0.621 123.9 294.4 -15.3 -32.3
1891 730.432    227000 8   35  235   23  154 0.639  72.3 287.5  15.8 -39.2
1891 731.427    226900 0    0   24    0   14 0.477 138.6 294.5 -15.4 -19.1
1891 731.427    227000 9   14  223    8  124 0.428  66.4 289.6  15.3 -24.0
1891 8 1.412    226900 1    0   16    0    9 0.357 163.8 294.7 -14.1  -5.9
1891 8 1.412    227000 9    3  116    2   60 0.238  45.7 290.4  15.5 -10.2
1891 8 1.412    227100 0    0    8    0    5 0.584 131.4 273.3 -17.4 -27.3
1891 8 1.412    227200 0    3   55    8  118 0.971  73.0 223.2  17.9 -77.4
1891 8 2.556    227000 9    0    7    0    4 0.173 338.3 289.2  15.3   3.8
1891 8 2.556    227100 0    7   84    4   47 0.441 154.9 274.1 -17.6 -11.3
1891 8 2.556    227200 0    9   74   10   82 0.883  72.8 222.9  18.0 -62.5
1891 8 3.472    227100 7   18  182   10  100 0.412 185.5 275.7 -18.1   2.4
1891 8 3.472    227200 0    8  112    7   90 0.772  72.0 222.9  17.8 -50.4
1891 8 3.472    227300 0    0   15    0    8 0.353 325.0 286.0  22.8  12.7
1891 8 3.472    227500 0    1   25    9  116 0.993 109.7 192.7 -18.7 -80.6
1891 8 3.472   5060100 0    0    7    0    4 0.488 140.1 254.3 -16.2 -19.0
1891 8 4.436    227100 7   45  305   26  174 0.487 211.8 276.2 -18.5  15.7
1891 8 4.436    227200 0   18  108   12   69 0.618  69.1 223.2  17.7 -37.3
1891 8 4.436    227300 4   10   36    6   21 0.500 306.0 286.5  22.7  26.0
1891 8 4.436    227500 1   20  176   35  295 0.955 111.7 191.0 -18.6 -69.5
1891 8 4.436    227700 0   17  103   37  221 0.971  75.3 183.1  15.7 -77.4
1891 8 4.436    227800 2   21  139   67  433 0.986  67.0 178.2  23.6 -82.3
1891 8 4.436   5060200 2    0   17    0    8 0.260 313.6 271.8  16.4  11.3
1891 8 5.474    227100 7   84  608   53  380 0.606 228.3 275.3 -18.3  28.5
1891 8 5.474    227200 9   10   87    6   49 0.446  61.3 222.5  18.1 -24.3
1891 8 5.474    227300 0    1   13    1    9 0.679 296.5 287.9  22.4  41.1
1891 8 5.474    227500 1   26  245   27  246 0.865 115.2 191.4 -18.1 -55.4
1891 8 5.474    227700 0   31  192   36  221 0.894  75.1 182.7  16.1 -64.1
1891 8 5.474    227800 2   32  257   43  346 0.925  67.0 178.4  23.6 -68.4
1891 8 6.474    227100 7   56  710   43  536 0.755 238.3 276.2 -18.8  42.7
1891 8 6.474    227200 9    0   51    0   27 0.279  41.4 222.3  18.3 -11.2
1891 8 6.474    227500 1   24  341   19  262 0.751 121.1 190.9 -18.2 -42.6
1891 8 6.474    227700 0   22  247   18  198 0.774  73.8 182.7  16.5 -50.8
1891 8 6.474    227800 2   33  314   30  280 0.827  65.6 178.2  23.7 -55.3
1891 8 7.606    227100 7   86  679   88  694 0.878 244.5 275.4 -18.8  56.8
1891 8 7.606    227200 9    0   35    0   18 0.211 338.8 223.2  17.7   4.6
1891 8 7.606    227500 1   57  423   36  264 0.597 131.7 190.7 -17.8 -27.9
1891 8 7.606    227700 0   44  302   28  190 0.599  70.2 182.5  16.9 -36.1
1891 8 7.606    227800 0   60  411   41  280 0.679  61.2 178.0  24.0 -40.6
1891 8 8.461    227100 7   58  425   90  657 0.950 248.1 275.6 -18.5  68.3
1891 8 8.461    227200 9    0   13    0    7 0.329 311.4 222.4  18.8  15.1
1891 8 8.461    227500 0   80  427   46  243 0.483 146.9 191.2 -17.7 -16.1
1891 8 8.461    227700 0   66  347   37  195 0.448  63.7 182.4  17.3 -24.9
1891 8 8.461    227800 0   84  446   51  269 0.557  54.7 177.4  24.4 -29.9
1891 8 8.461   5060300 0    0    4    0    3 0.748 270.4 255.9   4.6  48.6
1891 8 8.461   5060400 2    0   24    0   13 0.192  28.7 201.8  16.1  -5.5
1891 8 8.461   5060500 0    0    5    0    5 0.862  68.8 147.6  21.5 -59.7
1891 8 9.428    227100 7    0  154    0  867 0.996 249.6 277.0 -19.6  82.5
1891 8 9.428    227500 0   82  470   45  257 0.408 172.7 191.4 -17.4  -3.1
1891 8 9.428    227700 0   59  355   31  185 0.283  45.9 182.2  17.7 -12.3
1891 8 9.428    227800 0   83  459   46  252 0.417  40.4 177.2  24.7 -17.3
1891 810.406    227200 9    0   10    0    7 0.655 292.5 221.6  19.6  40.0
1891 810.406    227500 0   90  448   50  248 0.435 202.2 191.5 -17.3   9.9
1891 810.406    227700 0   53  363   27  185 0.192 358.5 181.9  17.6   0.3
1891 810.406    227800 1   91  526   48  277 0.317  13.3 177.0  24.5  -4.6
1891 810.406    228300 9    6   41    5   33 0.774  69.7 131.1  19.8 -50.5
1891 810.406   5060600 2    0   11    0    7 0.562 278.9 216.0  10.4  34.4
1891 811.479    227500 0   55  371   33  222 0.558 224.4 191.6 -17.5  24.2
1891 811.479    227700 1   55  350   29  183 0.305 309.5 181.7  17.6  14.3
1891 811.479    227800 1   83  496   44  263 0.347 334.7 176.8  24.8   9.4
1891 811.479    228300 9    7   55    5   35 0.605  65.4 131.6  20.0 -35.8
1891 812.431    227500 0   52  313   36  214 0.688 235.4 191.3 -17.7  36.5
1891 812.431    227700 0   58  287   33  162 0.474 295.4 181.5  17.7  26.7
1891 812.431    227800 1   78  466   44  261 0.467 312.9 176.9  24.7  22.1
1891 812.431    228300 9    0   41    0   23 0.442  56.9 131.6  20.1 -23.2
1891 813.404    227500 0   21  233   18  198 0.817 242.7 191.7 -17.8  49.7
1891 813.404    227700 0   37  216   24  140 0.639 289.3 181.2  17.4  39.2
1891 813.404    227800 1   47  434   30  272 0.608 302.2 176.4  24.5  34.4
1891 813.404    228300 9    0    9    0    5 0.232  25.2 136.0  18.8  -6.0
1891 814.436    227500 0   23  139   29  174 0.920 247.6 191.5 -17.6  63.2
1891 814.436    227700 0   35  209   29  172 0.796 286.6 181.3  17.3  53.0
1891 814.436    227800 1   51  298   39  227 0.754 296.9 176.0  24.6  47.7
1891 814.436    228300 9    0   15    0    8 0.238 337.3 133.9  19.4   5.6
1891 815.546    227500 0    0   39    0  114 0.987 250.6 191.7 -17.9  78.0
1891 815.546    227700 2   12   85   15  107 0.919 285.3 181.5  16.7  67.8
1891 815.546    227800 1   42  250   44  260 0.882 294.1 175.9  24.4  62.2
1891 815.546    228300 9    5   52    3   28 0.366 306.1 131.9  18.9  18.2
1891 815.546    228400 1   19   82   13   55 0.673 300.9 153.5  25.5  39.8
1891 816.287    227700 2    0   51    0  104 0.969 285.3 181.0  16.5  77.1
1891 816.287    227800 1   15  147   22  216 0.941 293.3 175.3  24.2  71.4
1891 816.287    228400 1   30  171   24  134 0.774 297.3 153.5  25.3  49.6
1891 816.287    228500 4    6   27    6   27 0.859  77.4  44.0  14.3 -59.9
1891 816.287    228600 9    0    7    0    9 0.919  75.7  36.1  15.8 -67.8
1891 817.463    228400 6   32  357   38  425 0.913 295.1 154.9  25.7  66.6
1891 817.463    228500 4    0   13    0    9 0.680  77.1  45.3  13.8 -43.0
1891 818.130    228400 6   19  303   33  523 0.960 294.7 154.7  25.6  75.2
1891 818.130    228500 4    3   18    2   11 0.560  75.0  45.6  14.1 -33.9
1891 818.130    228600 9    0    7    0    5 0.701  75.6  34.8  15.0 -44.7
1891 819.519    228400 6    0   32    0  138 0.994 296.5 147.7  27.0  86.5
1891 819.519    228500 4    0   26    0   14 0.299  62.5  45.3  14.6 -15.9
1891 820.264    228500 4    0    3    0    2 0.154  28.8  46.9  14.7  -4.4
1891 821.477    228600 9    0   31    0   16 0.092 355.8  35.7  12.3   0.4
1891 822.447    228600 9    1   62    1   32 0.233 300.0  34.4  13.6  12.0
1891 822.447    228900 9    0   14    0   24 0.947  76.7 309.9  14.8 -72.5
1891 822.447   5060700 0    0    7    0    5 0.739 289.2  69.9  18.9  47.5
1891 822.447   5060800 0    0    7    0    4 0.312  51.1   7.6  18.1 -14.8
1891 823.173    228600 9    0   38    0   21 0.397 287.6  35.7  13.4  22.9
1891 823.173    228900 9    0   87    0   99 0.891  76.2 308.9  15.5 -63.9
1891 824.434    228900 9   15  148   11  109 0.729  75.9 309.1  15.1 -47.1
1891 824.434    229000 0    2   25    3   30 0.912 241.3  56.3 -22.6  60.1
1891 825.473    228600 9   10   57    9   48 0.802 282.2  36.3  14.0  53.9
1891 825.473    228900 9    8   76    5   47 0.579  73.0 307.3  15.6 -35.1
1891 825.473    229000 1    0   19    0   38 0.968 244.7  53.5 -22.3  71.1
1891 825.473    229100 0    0   10    0   14 0.931 110.7 277.2 -16.3 -65.2
1891 826.415    228600 9   23  149   31  199 0.927 282.4  39.0  14.1  69.0
1891 826.415    228900 9    7   69    4   38 0.401  67.6 307.4  15.4 -22.6
1891 826.415    229100 0    0   12    0   11 0.829 115.2 278.6 -16.3 -51.4
1891 826.415    229200 9    0    9    0    6 0.558 141.3 308.3 -19.2 -21.7
1891 827.476    228600 9    0   13    0   34 0.982 283.5  36.4  14.5  80.4
1891 827.476    228900 9    0   29    0   15 0.260  48.7 304.2  16.9 -11.8
1891 827.476    229100 0    0    4    0    3 0.690 123.1 278.9 -16.5 -37.1
1891 828.494    228900 9    0    3    0    2 0.167 346.6 304.9  16.5   2.3
1891 828.494    229100 0    0    8    0    5 0.551 128.1 276.1 -13.5 -26.5
1891 828.494    229200 9    0   16    0    9 0.462 181.4 303.3 -20.3   0.7
1891 829.399    228900 9    0   26    0   14 0.295 301.1 305.8  15.7  15.2
1891 829.399    229200 9    0   10    0    6 0.517 209.5 306.3 -19.8  15.7
1891 829.399    229300 6   17  168   23  220 0.923  70.4 222.1  20.8 -68.5
1891 830.555    228900 9    1   33    1   20 0.536 287.8 307.4  15.6  32.0
1891 830.555    229300 6   33  519   29  455 0.818  68.7 220.4  21.5 -55.0
1891 831.457    229300 6  178 1328  123  913 0.686  66.6 221.0  21.2 -42.5
1891 831.457    229400 5    9   75   41  320 0.991  66.3 178.9  24.3 -84.6
1891 9 1.412    229300 6  261 1884  154 1111 0.522  60.6 221.7  21.2 -29.2
1891 9 1.412    229400 5   38  310   71  568 0.961  66.0 175.2  25.0 -75.7
1891 9 2.421    229300 6  302 1996  162 1070 0.358  45.1 221.7  21.6 -15.8
1891 9 2.421    229400 5   82  580   88  621 0.880  65.2 175.5  25.2 -62.0
1891 9 2.421    229500 9   12   69    8   46 0.653  74.6 196.7  15.5 -40.8
1891 9 2.421    229700 1    5   55   22  219 0.990  62.4 152.7  28.2 -84.8
1891 9 2.421   5070100 0    0    7    0    5 0.789  71.5 185.2  19.0 -52.3
1891 9 3.318    229300 6  535 2539  278 1317 0.266  15.1 221.3  22.1  -4.3
1891 9 3.318    229400 5  165  737  133  592 0.780  62.4 175.4  25.9 -50.2
1891 9 3.318    229500 9    0   42    0   25 0.511  71.2 195.4  15.8 -30.2
1891 9 3.318    229700 1   13   94   25  170 0.959  62.4 150.4  28.5 -75.2
1891 9 3.318    229800 5    0   24    0   68 0.982  78.9 145.1  12.2 -80.5
1891 9 4.408    229300 6  341 2623  179 1375 0.307 326.6 221.7  22.0  10.5
1891 9 4.408    229400 5  129  783   83  503 0.623  57.7 175.5  25.4 -35.7
1891 9 4.408    229500 9    0   21    0   11 0.263  57.5 197.9  15.2 -13.3
1891 9 4.408    229700 1   19  143   20  149 0.873  61.4 150.6  28.4 -60.6
1891 9 4.408    229800 5   12  151   15  189 0.912  80.3 144.5  11.8 -66.7
1891 9 5.468    229300 6  312 2887  176 1624 0.466 304.7 221.6  22.0  24.4
1891 9 5.468    229400 5  115  670   65  376 0.453  44.4 176.6  25.7 -20.6
1891 9 5.468    229500 9   57  310   29  157 0.154 340.3 200.3  15.6   3.1
1891 9 5.468    229700 1   25  182   20  142 0.759  58.3 149.9  28.5 -47.3
1891 9 5.468    229800 5   22  184   18  149 0.781  80.4 145.3  12.0 -51.9
1891 9 6.391    229300 6  276 2476  177 1583 0.626 296.9 222.1  22.3  37.1
1891 9 6.391    229400 5  103  619   55  329 0.344  21.9 176.8  25.8  -8.2
1891 9 6.391    229500 9   22  465   12  243 0.301 298.7 200.9  15.3  15.9
1891 9 6.391    229700 1   27  205   18  134 0.636  53.0 149.7  28.5 -35.3
1891 9 6.391    229800 5   26  154   17   99 0.613  79.8 146.9  12.0 -38.1
1891 9 7.524    229300 6  219 1908  178 1550 0.793 292.5 222.4  22.2  52.3
1891 9 7.524    229400 5  126  609   67  324 0.344 339.5 177.8  26.0   7.7
1891 9 7.524    229500 9  117  663   69  388 0.521 287.4 201.1  15.2  31.0
1891 9 7.524    229700 1   33  250   19  144 0.491  40.5 148.8  28.7 -21.3
1891 9 7.524    229800 5   34  193   19  106 0.397  75.7 146.9  12.3 -23.2
1891 9 8.397    229300 7  140 1701  148 1798 0.888 291.2 221.8  22.1  63.3
1891 9 8.397    229400 0  106  506   59  281 0.446 317.1 178.2  25.9  19.7
1891 9 8.397    229500 9   82  483   55  322 0.670 285.0 200.7  15.4  42.2
1891 9 8.397    229700 1   51  250   28  136 0.402  23.2 148.1  28.8 -10.4
1891 9 8.397    229800 5   25  175   13   90 0.215  64.0 147.1  12.5 -11.4
1891 9 9.235    229300 7   40  931   69 1588 0.960 291.2 222.9  22.3  75.4
1891 9 9.235    229400 0   82  423   50  257 0.574 306.1 178.6  26.0  31.1
1891 9 9.235    229500 9   46  348   38  283 0.792 284.3 200.4  15.7  52.9
1891 9 9.235    229700 1   22  265   12  142 0.368 359.3 147.8  28.8   0.3
1891 9 9.235    229800 0   25  139   13   70 0.098 352.0 148.3  12.8   0.8
1891 910.416    229300 7   17  252   81 1154 0.995 291.5 218.6  22.0  86.7
1891 910.416    229400 1   67  410   50  303 0.743 298.2 178.5  25.6  46.6
1891 910.416    229500 9   17  203   22  251 0.917 283.4 199.4  15.1  67.5
1891 910.416    229700 1   55  249   31  139 0.445 327.4 147.8  29.0  15.9
1891 910.416    229800 1   22  143   12   75 0.295 292.4 148.2  13.4  16.3
1891 910.416    229900 1   16  106   45  290 0.981  76.7  51.6  14.4 -80.3
1891 911.394    229400 1   48  315   47  306 0.859 295.3 178.2  25.4  59.2
1891 911.394    229500 9    0   26    0   54 0.969 284.3 196.1  15.6  77.1
1891 911.394    229700 1   43  226   26  137 0.564 312.9 147.2  29.0  28.2
1891 911.394    229800 1   27  107   16   62 0.503 284.1 149.1  13.3  30.1
1891 911.394    229900 1   45  279   56  345 0.912  77.4  52.2  14.4 -66.8
1891 912.408    229400 0   31  162   44  229 0.939 294.4 176.8  25.3  71.2
1891 912.408    229700 1   31  162   22  112 0.694 304.2 146.4  28.5  40.8
1891 912.408    229800 1   13   71    9   48 0.682 281.8 148.9  13.3  43.3
1891 912.408    229900 1   72  355   62  302 0.803  77.3  51.6  14.5 -54.0
1891 913.397    229400 0    7   40   21  116 0.987 294.5 175.7  25.2  83.2
1891 913.397    229700 1   28  158   24  134 0.815 300.2 145.9  28.6  53.4
1891 913.397    229800 1   10   51    9   45 0.824 281.3 148.7  13.4  56.2
1891 913.397    229900 1   73  462   49  308 0.654  76.0  51.5  14.6 -41.0
1891 913.397    230100 4   20  130   11   70 0.348  52.2  75.6  19.2 -16.9
1891 913.397   5070200 2    2   28    1   14 0.202 315.0 101.0  15.3   8.5
1891 914.337    229700 1   12   96   15  115 0.911 298.2 146.3  28.6  66.1
1891 914.337    229800 1   13   41   18   55 0.930 281.2 149.6  13.0  69.4
1891 914.337    229900 1  151  463   87  267 0.488  71.8  51.5  15.1 -28.7
1891 914.337    230100 4   28  144   15   75 0.275  16.0  75.5  22.5  -4.7
1891 915.185    229700 1    8   73   15  137 0.966 297.0 145.7  27.9  76.8
1891 915.185    229900 1  105  525   56  278 0.325  63.4  51.4  15.2 -17.5
1891 915.185    230100 4   55  226   29  118 0.291 337.6  75.8  22.7   6.9
1891 916.185    229900 1  112  546   57  276 0.155  29.2  51.2  14.9  -4.5
1891 916.185    230100 2   91  663   50  362 0.405 314.6  74.0  23.3  18.3
1891 916.185    230200 4   12   62   12   59 0.847 123.3   5.3 -23.3 -50.4
1891 917.391    229900 1  118  693   61  356 0.237 305.0  51.4  14.8  11.6
1891 917.391    230100 6  200 1077  122  656 0.580 301.9  72.4  23.9  32.6
1891 917.391    230200 4   11  145    8  101 0.700 133.4   6.3 -22.9 -33.5
1891 918.248    229900 1  106  667   58  363 0.397 290.4  51.1  14.5  22.6
1891 918.248    230100 6  149  923  104  642 0.702 297.7  71.5  24.3  43.0
1891 918.248    230200 4   15  170   10  108 0.614 144.3   5.5 -23.4 -23.0
1891 919.284    229900 1  130  511   82  321 0.606 284.4  52.1  14.3  37.3
1891 919.284    230100 6  163  811  147  729 0.839 294.0  71.8  23.9  57.0
1891 919.284    230200 4   24  208   14  121 0.515 165.2   6.6 -22.9  -8.2
1891 920.230    229900 1   89  423   67  318 0.757 283.0  51.9  14.4  49.6
1891 920.230    230100 6   62  392   85  537 0.933 293.1  72.3  24.0  70.0
1891 920.230    230200 4  127  657   73  377 0.502 188.1   6.7 -22.8   4.4
1891 920.230    230300 0    0    5    0   15 0.985 115.8 286.3 -23.9 -76.0
1891 921.446    229900 1   35  265   40  300 0.902 282.4  51.6  14.2  65.3
1891 921.446    230100 6   10   92   27  233 0.981 294.9  67.3  25.7  81.0
1891 921.446    230200 4  147  830   90  506 0.583 212.5   6.2 -22.9  19.9
1891 921.446    230300 0    0   12    0   16 0.913 120.6 286.7 -24.3 -59.6
1891 922.436    229900 1   21  105   50  243 0.976 283.6  52.1  14.7  78.9
1891 922.436    230200 3  136  984   94  676 0.696 225.5   5.9 -23.4  32.7
1891 922.436    230500 9    0   13    0    8 0.538  69.5 301.4  16.8 -31.8
1891 922.436   5080100 0    0    5    0    4 0.849 223.5  17.5 -33.2  44.3
1891 923.436    230200 3  107  808   90  675 0.809 233.9   5.6 -23.7  45.6
1891 923.436    230500 9    0   14    0    8 0.371  60.3 300.3  17.1 -19.7
1891 924.378    230200 3   43  552   50  640 0.903 240.2   6.1 -23.2  58.5
1891 924.378    230600 5   20  159   53  410 0.978  67.9 227.9  23.0 -79.7
1891 925.200    230200 3   48  287   93  549 0.967 243.2   7.2 -23.7  70.5
1891 925.200    230600 5   55  422   83  635 0.939  67.6 225.7  23.3 -71.0
1891 925.200    230700 9    0   14    0    9 0.557  65.1 264.3  19.4 -32.4
1891 926.153    230200 3    0   22    0   66 0.987 245.5   1.2 -22.8  77.0
1891 926.153    230600 5   92  616   88  583 0.844  66.8 226.7  23.2 -57.5
1891 926.153    230700 9    0   39    0   21 0.367  55.6 265.6  18.4 -18.6
1891 927.480    230600 5  109  751   72  494 0.651  61.6 228.0  23.4 -38.6
1891 927.480    230800 9    0   27    0   31 0.893  75.7 202.5  15.8 -64.1
1891 927.480   5080200 0    2   52    1   30 0.464 179.0 266.1 -20.9  -0.5
1891 928.469    230600 9   57  463   33  266 0.494  53.5 228.0  23.2 -25.6
1891 928.469    230800 9    0   28    0   21 0.725  76.6 206.9  14.3 -46.7
1891 928.469    230900 9    0   41    0   28 0.668  63.0 213.4  22.8 -40.2
1891 928.469    231000 0    0   59    0  273 0.993 117.6 174.4 -26.3 -79.2
1891 928.469    231100 0    4   64   11  177 0.981  65.6 172.8  25.2 -80.8
1891 929.451    230600 9   46  319   25  171 0.359  33.1 228.2  24.0 -12.4
1891 929.451    230800 9    5   47    3   28 0.524  74.6 209.3  13.7 -31.3
1891 929.451    230900 9    0    6    0    4 0.493  60.7 213.4  19.9 -27.2
1891 929.451    231000 0   22   87   36  138 0.948 120.4 175.1 -26.1 -65.5
1891 929.451    231100 0   24  100   32  133 0.921  64.3 172.9  26.2 -67.7
1891 930.313    230600 9   55  316   29  165 0.285 359.7 229.3  23.2   0.1
1891 930.313    230800 9    0   18    0   10 0.324  64.6 211.6  14.3 -17.6
1891 930.313    231000 0   24  129   26  136 0.881 123.9 175.0 -25.7 -54.2
1891 930.313    231100 0   26  133   24  122 0.836  62.4 173.2  26.6 -56.0
189110 1.182    230600 9   50  275   27  146 0.335 334.1 227.0  24.0   9.2
189110 1.182    231000 0   31  185   27  157 0.805 129.1 173.8 -25.9 -44.0
189110 1.182    231100 0   30  148   23  112 0.746  59.9 171.6  26.6 -46.2
189110 1.182    231300 7    0   43    0   77 0.957  70.9 143.4  20.1 -74.4
189110 1.182   5080300 2    6   27    3   15 0.423 302.4 240.0  19.2  22.2
189110 2.342    230600 9   52  370   30  210 0.484 305.2 227.8  22.1  25.3
189110 2.342    230800 9    7   53    4   27 0.168 319.3 209.0  13.8   6.5
189110 2.342    231000 0   41  182   28  123 0.673 140.2 174.0 -25.5 -28.5
189110 2.342    231100 0   38  189   24  117 0.588  52.1 171.2  26.8 -31.3
189110 2.342    231300 7   11  158   11  150 0.848  71.6 144.2  19.0 -58.3
189110 2.342    231500 4    0   26    0   83 0.986 106.9 124.3 -15.4 -78.2
189110 2.342   5080400 0    0    7    0    5 0.651 309.4 237.9  29.8  35.4
189110 3.396    230600 9   15  156   10  102 0.650 299.8 226.7  24.0  38.1
189110 3.396    231000 0   34  163   21   99 0.572 156.5 174.0 -25.4 -14.6
189110 3.396    231100 1   30  224   17  126 0.447  37.3 170.9  27.0 -17.7
189110 3.396    231300 7   40  291   29  210 0.712  69.5 143.7  19.1 -44.9
189110 3.396    231500 4   12  113   15  136 0.910 109.2 126.0 -14.5 -62.6
189110 4.470    230600 9    0   54    0   43 0.780 295.9 224.6  24.1  50.2
189110 4.470    230800 9   13  202    8  121 0.561 288.5 207.9  15.6  33.5
189110 4.470    231000 9   13  119    8   70 0.524 179.0 173.8 -25.2  -0.6
189110 4.470    231100 0   31  173   17   93 0.357   9.5 170.6  27.0  -3.8
189110 4.470    231300 7   43  330   26  197 0.541  64.1 143.4  19.2 -31.0
189110 4.470    231500 4   30  277   26  236 0.804 113.7 124.8 -14.8 -49.6
189110 4.470    231600 1    5   31    3   16 0.240  46.4 164.0  15.8 -10.4
189110 5.264    230600 9    0    5    0    6 0.902 290.5 228.9  21.2  65.0
189110 5.264    230800 9   49  208   36  150 0.727 285.1 210.6  15.3  46.7
189110 5.264    231000 9   21   89   13   53 0.547 197.0 174.1 -25.3  10.2
189110 5.264    231100 0   37  178   20   96 0.367 344.5 170.2  27.0   6.3
189110 5.264    231300 7   85  356   47  195 0.402  55.5 143.4  19.1 -20.5
189110 5.264    231500 4  123  521   87  369 0.699 119.5 124.8 -15.3 -39.1
189110 5.264    231600 0    0   17    0    9 0.172   2.8 163.4  16.2  -0.5
189110 6.215    230800 9   22   99   21   94 0.855 283.6 210.6  14.9  59.3
189110 6.215    231000 9   23  105   15   67 0.622 213.7 173.8 -25.4  22.5
189110 6.215    231100 0   39  163   22   91 0.454 321.9 169.6  26.9  18.3
189110 6.215    231300 7   42  332   22  172 0.261  30.6 143.2  19.2  -8.1
189110 6.215    231500 4  178  820  107  493 0.551 130.4 125.5 -15.3 -25.8
189110 6.215    231600 0    1   17    1    9 0.267 311.0 163.4  16.2  12.1
189110 6.215    231700 9    0   23    0   13 0.436  46.1 131.3  23.5 -20.0
189110 7.405    230800 9    0    7    0   13 0.956 283.7 209.6  14.9  74.0
189110 7.405    231000 7    8   58    6   43 0.738 227.5 172.5 -25.0  36.9
189110 7.405    231100 0   23  133   15   84 0.614 307.0 169.0  26.9  33.4
189110 7.405    231300 7   58  396   30  205 0.259 329.1 143.7  19.0   8.1
189110 7.405    231500 4  239 1333  129  719 0.384 157.9 127.0 -14.7  -8.6
189110 7.405    231700 9   22  102   12   54 0.327  19.0 128.9  24.2  -6.7
189110 7.405    231800 0    5   37   22  139 0.991  77.2  52.2  13.5 -83.4
189110 8.441    231000 7    5   65    5   62 0.853 236.7 173.4 -24.2  51.4
189110 8.441    231100 0   14  106   11   80 0.755 300.3 168.8  26.7  46.8
189110 8.441    231300 7   88  652   49  360 0.433 304.0 144.4  19.7  22.4
189110 8.441    231500 4  239 1361  129  733 0.375 194.0 127.4 -15.2   5.4
189110 8.441    231700 9   30  184   16   97 0.319 340.7 128.6  23.6   6.6
189110 8.441    231800 0   14   95   19  128 0.928  77.8  53.0  13.6 -69.0
189110 8.441    231900 7    8   79    6   54 0.687 223.8 153.5 -24.5  31.5
189110 9.491    231000 7    0   16    0   23 0.937 240.1 172.1 -25.3  64.0
189110 9.491    231100 1   14  108   14  107 0.869 297.6 167.9  26.9  59.8
189110 9.491    231300 7   38  377   24  238 0.618 295.1 144.7  20.1  36.6
189110 9.491    231500 4  235 1425  133  804 0.474 222.1 127.3 -14.9  19.2
189110 9.491    231700 9    7  148    4   82 0.440 314.9 128.0  23.8  19.9
189110 9.491    231800 1   25  150   23  133 0.817  77.5  52.9  13.7 -55.2
189110 9.491    231900 7   19  103   17   90 0.824 234.1 155.5 -24.9  47.4
18911010.146    231000 7    0   17    0   42 0.977 242.6 173.1 -25.2  73.5
18911010.146    231100 0    9   48   12   64 0.928 296.4 168.1  26.7  68.5
18911010.146    231300 7   33  266   24  189 0.715 292.6 144.3  20.3  44.7
18911010.146    231500 4  212 1458  128  878 0.564 232.9 127.3 -14.6  27.7
18911010.146    231700 9   11  105    7   62 0.540 306.8 127.9  24.2  28.3
18911010.146    231800 0   18  128   14   95 0.728  76.7  52.8  13.8 -46.8
18911010.146    231900 7    0   44    0   49 0.893 239.9 157.0 -23.5  57.4
18911011.168    231300 7   21  206   21  198 0.859 289.5 145.5  19.8  59.4
18911011.168    231500 4  174 1086  127  790 0.731 242.9 128.5 -15.1  42.4
18911011.168    231700 9    0   18    0   13 0.704 297.2 129.0  23.2  42.9
18911011.168    231800 1   31  192   19  115 0.552  73.9  53.0  13.8 -33.1
18911011.168    231900 7    0   20    0   41 0.968 242.5 157.0 -24.7  70.9
18911012.402    231300 7    0   14    0   24 0.954 287.4 143.3  18.3  73.5
18911012.402    231500 4   58  699   61  725 0.882 249.9 128.7 -14.7  58.9
18911012.402    231800 0   32  165   17   87 0.308  61.5  53.6  14.1 -16.2
18911012.402    232000 2    0   17    0   13 0.743 290.1 117.3  18.8  47.5
18911012.402    232100 4   15   87    8   45 0.254 325.5  78.5  17.9   8.7
18911012.402    232200 2    0    7    0   11 0.933 117.5   5.7 -23.1 -64.1
18911013.286    231500 4   40  346   74  627 0.963 253.1 130.2 -14.5  72.1
18911013.286    231700 9    3   17    6   27 0.948 292.1 130.4  22.8  72.3
18911013.286    231800 0   35  151   18   77 0.166  27.9  53.5  14.2  -4.6
18911013.286    232000 3    0   57    0   54 0.851 289.0 116.5  19.2  58.4
18911013.286    232100 4   38  152   21   83 0.404 301.3  79.3  17.5  21.2
18911013.286    232200 2    0   11    0   11 0.846 121.5   6.7 -22.7 -51.4
18911014.386    231500 4    0   41    0  114 0.984 253.7 121.2 -14.9  77.6
18911014.386    231700 9    0   19    0   49 0.983 294.3 124.7  24.9  81.1
18911014.386    231800 0   23  152   12   78 0.224 311.2  53.6  14.1  10.0
18911014.386    232000 2    0   26    0   36 0.935 287.9 113.5  18.7  69.9
18911014.386    232100 4   23  108   15   69 0.629 289.5  81.8  16.6  38.2
18911014.386    232200 2    0   22    0   16 0.716 129.7   6.9 -22.7 -36.7
18911014.386    232300 1    0   26    0   64 0.979  66.6 324.0  24.0 -79.6
18911015.289    231800 0   31  124   17   68 0.402 293.4  54.1  14.4  22.4
18911015.289    232100 0   13   83   11   68 0.795 286.1  84.4  16.2  52.7
18911015.289    232300 1   10   91   15  129 0.930  66.1 322.9  24.3 -68.8
18911016.306    231800 0   14   99    9   61 0.591 287.0  53.9  14.5  35.7
18911016.306    232100 0    4  106    5  123 0.905 285.5  83.6  16.4  65.4
18911016.306    232300 1   10   87   10   81 0.832  63.5 322.9  25.0 -55.3
18911016.306    232400 2    7   45    6   36 0.780 287.1  69.3  16.8  51.1
18911016.306    232500 2    3   24    3   19 0.767  71.0 328.5  18.1 -49.7
18911017.402    231800 0   20   65   16   50 0.766 284.0  53.9  14.2  50.1
18911017.402    232100 0    0   36    0  107 0.986 284.8  85.4  15.5  81.6
18911017.402    232300 1   13   66    9   46 0.692  58.3 323.1  25.5 -40.7
18911017.402    232400 2    0   22    0   26 0.907 285.0  69.5  15.9  65.7
18911017.402    232500 2   22  165   14  101 0.570  67.1 330.4  17.4 -33.4
18911018.449    231800 0    8   54    9   61 0.896 283.4  54.1  14.4  64.1
18911018.449    232300 1   11   38    7   23 0.555  48.4 322.4  26.4 -27.6
18911018.449    232500 3   74  594   40  320 0.378  54.2 331.2  17.9 -18.8
18911019.199    231800 0    2   13    5   24 0.962 283.7  55.1  14.6  74.9
18911019.199    232300 1    7   21    4   12 0.462  37.7 321.8  26.5 -18.4
18911019.199    232500 3  114  592   59  306 0.255  35.0 331.4  17.3  -8.8
18911019.199    232700 0    4   23    8   46 0.966 111.5 268.2 -19.2 -72.0
18911019.199   5090100 2    0   11    0    6 0.493 209.9 355.4 -20.2  15.2
18911020.311    232300 1    3   33    2   18 0.375   9.3 321.6  26.9  -3.9
18911020.311    232500 3  134  599   69  307 0.226 331.3 332.0  16.6   6.5
18911020.311    232700 0    0   24    0   26 0.879 115.5 268.2 -19.5 -57.3
18911021.391    232500 3  103  564   56  307 0.399 299.4 332.4  16.1  21.2
18911021.391    232700 0    5   17    4   13 0.749 121.4 268.6 -19.2 -42.6
18911022.174    232500 3   43  392   26  234 0.550 290.9 333.1  15.6  32.2
18911022.174    232800 0    0   27    0   86 0.985  72.6 219.7  18.0 -81.2
18911023.462    232500 3   43  294   34  230 0.778 285.4 334.9  15.1  51.0
18911023.462    232800 0   10  116   13  140 0.905  73.4 218.7  17.1 -65.2
18911023.462    232900 0   13   70   12   63 0.829  62.7 229.3  25.3 -54.6
18911024.224    232500 3   30  161   32  171 0.888 284.5 336.7  15.1  62.9
18911024.224    232800 0   22  107   21   98 0.830  72.4 217.8  17.3 -56.0
18911024.224    232900 1   20   98   15   73 0.737  59.0 229.2  25.8 -44.6
18911024.224    233000 0    4   18    3   14 0.736  68.1 227.4  19.3 -46.4
18911025.204    232500 1    0   35    0   80 0.976 284.0 339.2  14.7  78.3
18911025.204    232800 0   35  136   25   96 0.694  69.7 217.9  17.4 -43.0
18911025.204    232900 0   17   78   11   49 0.600  51.5 229.4  26.0 -31.5
18911025.204    233000 0    4   15    3   10 0.608  65.0 225.3  18.8 -35.6
18911025.204    233200 0    2   12    2   10 0.781  78.8 209.4  11.7 -51.5
18911025.204   5090200 0    4   16    2    9 0.444 199.3 269.9 -20.1   9.0
18911025.204   5090300 0    0    8    0    8 0.865  70.0 201.2  19.7 -59.7
18911026.216    232800 6   57  326   34  194 0.534  61.8 217.8  18.7 -29.8
18911026.216    232900 0   17   69   10   39 0.470  38.8 228.5  25.9 -19.1
18911026.216    233200 0    0    6    0    4 0.606  77.1 210.5  11.5 -37.1
18911027.277    232800 6   87  408   47  219 0.357  46.6 217.7  18.6 -15.9
18911027.277    232900 0   16   42    9   23 0.376  14.5 227.6  25.9  -6.0
18911027.277    233000 0    0    9    0    5 0.280  28.4 225.5  18.8  -8.1
18911027.277    233400 0    0   23    0   12 0.300 325.6 243.9  18.8  10.3
18911028.391    232800 6   56  359   29  185 0.246   3.8 217.9  18.7  -1.0
18911028.391    232900 0    7   22    4   12 0.395 340.1 227.5  26.2   8.6
18911028.391    233400 0    3   15    2    9 0.490 300.9 245.2  18.6  26.3
18911028.391    233500 2    0   12    0    7 0.452 356.8 220.6  31.3   1.7
18911029.454    232800 5   45  253   24  133 0.325 320.6 217.5  18.8  12.6
18911029.454    232900 0    6   27    4   16 0.511 318.6 227.1  26.6  22.2
18911029.454    233400 0    4   11    3    8 0.678 293.5 246.0  19.0  41.1
18911029.454    233500 2    0   17    0   10 0.508 326.5 223.6  29.2  18.7
18911029.454    233600 7   15  104   15  103 0.858  67.5 146.5  21.5 -58.4
18911030.399    232800 9   33  246   19  139 0.475 301.2 217.7  18.1  25.3
18911030.399    232900 1    3   24    2   16 0.645 305.8 227.9  25.7  35.5
18911030.399    233600 4   13   64   10   48 0.743  65.7 146.0  20.8 -46.4
18911030.399    233700 2    4   24    3   16 0.638  68.3 154.1  17.0 -38.3
18911030.399    233800 2    9   66   18  127 0.965  65.7 117.1  24.6 -75.3
18911031.399    232800 2   18  165   12  108 0.651 291.6 218.5  17.1  39.3
18911031.399    233600 4    4   55    3   34 0.573  58.8 147.6  20.8 -31.6
18911031.399    233700 2    1   28    1   16 0.472  59.6 153.9  17.6 -25.3
18911031.399    233800 2    7   40    8   45 0.886  63.8 117.9  25.1 -61.3
189111 1.502    232800 2   17   71   15   61 0.808 289.4 218.0  18.0  53.3
189111 1.502    233500 1   20  130   21  135 0.877 300.4 224.1  28.5  59.4
189111 1.502    233600 4    0   38    0   21 0.398  43.1 147.8  20.8 -16.9
189111 1.502    233700 2    0   41    0   22 0.322  39.3 152.3  18.4 -12.4
189111 1.502    233800 3    0   84    0   60 0.701  62.1 122.7  22.2 -42.0
189111 2.388    232800 2    7   33    9   39 0.906 287.7 218.0  17.7  64.9
189111 2.388    233500 1   11  173   17  258 0.945 298.7 223.5  28.4  70.4
189111 2.388    233600 4    0   15    0    8 0.323  19.3 146.5  21.7  -6.6
189111 2.388    233800 3    0   60    0   37 0.579  54.4 122.3  23.1 -30.8
189111 2.388    233900 7    7   67    6   54 0.773  67.9 103.7  19.5 -49.4
189111 3.194    233800 1    0   18    0   10 0.414  43.9 124.5  21.0 -17.9
189111 3.194    233900 4   37  202   25  134 0.654  65.7 103.4  18.6 -39.0
189111 3.194    234000 4   19   72   12   45 0.590  51.2 111.9  25.0 -30.5
189111 4.241    233800 1    0   22    0   12 0.305   8.3 125.9  21.3  -2.7
189111 4.241    233900 4   62  375   35  211 0.460  55.1 105.1  18.7 -23.5
189111 4.241    234000 4   16   74    9   42 0.454  35.7 111.6  25.2 -17.0
189111 4.241    234100 7    0   89    0  154 0.955  80.1  55.4  10.6 -73.2
189111 5.279    233800 1    3   43    2   23 0.366 329.3 126.5  21.9  11.6
189111 5.279    233900 4   24  295   13  154 0.298  27.6 106.5  18.9  -8.4
189111 5.279    234000 4    7   31    4   17 0.381   8.1 111.5  25.8  -3.4
189111 5.279    234100 4   19  106   19  103 0.851  79.8  56.5  10.6 -58.4
189111 6.279    233800 1    5   51    3   29 0.492 313.2 124.6  22.9  22.9
189111 6.279    233900 4   47  322   25  168 0.294 338.7 108.2  19.4   6.5
189111 6.279    234100 4   32  168   23  121 0.708  78.8  56.8  10.4 -44.9
189111 6.279   5090400 0    2   11    1    6 0.453  35.9  84.7  24.9 -17.0
189111 7.207    233900 4   58  314   32  172 0.420 309.8 109.4  18.8  19.9
189111 7.207    234100 4   42  230   25  136 0.524  74.2  58.6  11.1 -30.9
189111 7.207    234300 9    6   17    4   10 0.484  36.5  70.8  26.1 -18.7
189111 8.266    233900 4   33  172   20  104 0.573 298.2 107.7  18.5  32.2
189111 8.266    234000 4    0   26    0   17 0.648 306.7 110.6  25.5  35.1
189111 8.266    234100 4   32  198   17  104 0.298  65.7  59.5  10.2 -16.0
189111 8.266    234300 9    0   11    0    6 0.387   9.8  71.3  25.7  -4.2
189111 8.266   5090500 0    0    5    0    4 0.714 114.8  33.4 -15.0 -42.1
189111 9.277    233900 4   13   48   10   35 0.725 293.4 106.8  19.0  44.7
189111 9.277    234100 4   21  258   11  130 0.138  12.9  60.3  10.9  -1.8
18911110.403    233900 4    0   13    0   14 0.863 290.2 106.3  18.9  58.9
18911110.403    234100 4   11  167    6   89 0.304 292.8  63.9   9.7  16.5
18911110.403    234300 2   14  128    9   80 0.527 318.3  70.4  26.0  23.0
18911111.179    234100 4   23  155   13   87 0.451 285.8  63.2   9.7  26.1
18911111.179    234300 2   32   97   21   62 0.634 308.6  70.5  25.8  33.4
18911111.179    234500 0   14   42   46  131 0.985  70.9 316.7  19.3 -80.4
18911112.420    234100 4    2   67    2   47 0.709 280.9  65.6   9.7  44.9
18911112.420    234300 2    0   31    0   25 0.790 300.9  69.6  25.8  48.9
18911112.420    234500 0   12   94   14  108 0.901  70.2 317.0  19.0 -63.7
18911113.487    234100 4    0   18    0   17 0.842 281.0  64.0  10.7  57.3
18911113.487    234500 0   20  134   17  109 0.785  68.6 316.3  18.4 -50.4
18911114.447    234500 0   25  169   17  111 0.637  64.5 316.8  18.0 -37.2
18911114.447    234700 0    0   16    0    9 0.455 218.8  11.5 -18.3  17.5
18911114.447    234800 0    0   11    0   17 0.937 112.5 286.8 -20.0 -67.2
18911114.447   5100100 0    0    9    0    6 0.647 286.0  33.5  12.3  39.5
18911115.131    234500 0   40  197   24  117 0.533  59.2 316.2  18.0 -28.8
18911115.131    234700 0    1   11    1    7 0.549 230.8  11.6 -18.1  26.6
18911115.131    234800 0    0    1    0    2 0.881 114.4 286.3 -20.1 -58.7
18911115.131    234900 6    0   62    0  401 0.996 107.1 260.9 -16.8 -84.1
18911116.180    234500 1   44  156   24   84 0.367  42.4 316.1  18.0 -15.1
18911116.180    234900 6   26  174   41  267 0.944 109.1 262.2 -17.2 -69.0
18911117.239    234500 1   23  154   12   80 0.269   5.0 315.9  17.8  -1.4
18911117.239    234800 9    0   10    0    7 0.620 123.8 284.4 -18.3 -32.9
18911117.239    234900 6   59  324   56  305 0.848 112.8 262.0 -17.9 -55.3
18911118.218    234500 1   11   60    6   32 0.326 325.1 315.6  17.6  11.3
18911118.218    234800 9   10   88    6   50 0.471 139.2 285.3 -18.9 -19.0
18911118.218    234900 6   56  424   42  318 0.743 117.4 260.2 -18.5 -44.1
18911118.218    235000 1   13  106   44  346 0.987  68.3 223.5  21.8 -80.8
18911119.305    234500 0    8   43    5   25 0.488 303.4 315.4  17.4  25.3
18911119.305    234800 9   13   63    7   34 0.370 167.4 285.2 -19.2  -4.9
18911119.305    234900 6  143  802   88  493 0.573 128.2 261.7 -19.0 -28.4
18911119.305    235000 1   43  251   50  287 0.897  68.6 227.3  20.0 -62.8
18911120.194    234500 0    0    6    0    4 0.636 296.2 315.1  17.8  36.8
18911120.194    234800 9   35  115   19   62 0.367 193.0 283.3 -19.1   5.0
18911120.194    234900 6  281 1385  159  782 0.457 141.6 260.8 -19.2 -17.5
18911120.194    235000 1   92  408   77  341 0.798  65.9 227.4  20.2 -50.9
18911120.194    235100 9    9   74    5   39 0.284  83.3 261.9   3.7 -16.4
18911120.194    235200 9   18  104   10   56 0.366 128.5 261.3 -11.4 -17.0
18911121.182    234800 9   10   78    6   44 0.460 219.9 283.4 -19.0  18.2
18911121.182    234900 6  331 1914  178 1029 0.370 167.2 260.2 -19.4  -5.0
18911121.182    235000 1  103  551   68  361 0.644  60.5 228.6  19.9 -36.6
18911121.182    235100 4    9   95    5   48 0.045  47.3 263.3   3.5  -1.9
18911121.182    235200 9    0   29    0   15 0.247 164.0 261.2 -12.0  -4.0
18911121.182   5100200 2    0   16    0   17 0.882 138.8 215.4 -40.5 -49.8
18911122.284    234800 9    0  122    0   78 0.630 237.4 284.7 -18.5  34.0
18911122.284    234900 6  313 2130  171 1162 0.402 203.0 260.3 -20.1   9.6
18911122.284    235000 0  108  651   61  367 0.461  49.0 229.1  19.1 -21.6
18911122.284    235100 4    5   73    3   38 0.266 278.4 266.0   3.8  15.3
18911122.284    235200 9    0   39    0   21 0.324 224.0 264.0 -11.9  13.3
18911123.189    234800 9    3   63    3   48 0.755 243.7 284.3 -18.5  45.5
18911123.189    234900 6  273 1583  157  909 0.498 222.6 259.8 -20.1  21.0
18911123.189    235000 0  144  777   77  413 0.343  28.0 229.0  19.1  -9.8
18911123.189    235100 4    0   68    0   38 0.449 272.8 265.5   2.6  26.7
18911123.189    235200 9   26  171   15   96 0.458 242.4 263.2 -10.9  24.4
18911124.218    234800 9    0   15    0   18 0.906 248.8 288.2 -18.5  63.0
18911124.218    234900 6  212 1292  141  858 0.661 235.8 261.0 -20.7  35.8
18911124.218    235000 0  126  688   66  360 0.309 346.1 229.7  18.8   4.5
18911124.218    235100 0    0    8    0    6 0.686 273.8 268.5   3.6  43.3
18911124.218    235200 5   45  314   30  207 0.653 251.2 264.2 -11.1  39.0
18911125.432    234900 6  172 1015  154  908 0.830 244.1 262.1 -20.5  52.9
18911125.432    235000 0  120  851   67  475 0.450 311.5 230.0  18.5  20.8
18911125.432    235100 1    2   27    2   26 0.854 274.2 267.9   4.2  58.7
18911125.432    235200 5   26  187   25  175 0.853 256.9 266.9 -10.5  57.7
18911126.482    234900 6   59  519   81  712 0.936 247.7 262.8 -20.4  67.4
18911126.482    235000 0  119  606   76  384 0.623 299.2 230.4  18.6  35.0
18911126.482    235200 0   12   58   20   96 0.956 258.5 267.9 -10.7  72.5
18911127.230    234900 6   25  255   72  717 0.984 249.1 264.3 -20.4  78.8
18911127.230    235000 0  119  499   87  365 0.740 294.7 230.7  18.7  45.2
18911127.230    235200 0    0   61    0  244 0.994 259.2 268.9 -10.6  83.4
18911128.461    235000 0   48  336   51  357 0.883 290.4 230.0  18.4  60.7
18911128.461    235400 4   24  166   14   95 0.486  46.6 147.2  20.3 -22.1
18911128.461    235500 0    8   40   10   50 0.914  69.0 104.5  19.5 -64.8
18911129.181    235000 0   32  223   47  327 0.945 289.2 229.9  18.4  70.1
18911129.181    235400 4   42  262   23  143 0.405  31.5 146.7  20.9 -13.1
18911129.181    235500 0   11   57   11   55 0.850  66.9 103.6  19.9 -56.2
18911130.222    235400 3   64  254   34  135 0.344 353.2 148.6  20.6   2.5
18911130.222    235500 0    9   44    7   32 0.717  62.2 103.7  20.0 -42.4
189112 1.248    235400 3   32  175   18   97 0.433 321.9 149.2  20.4  16.6
189112 1.248    235500 0    3   26    2   16 0.563  53.3 103.9  20.1 -28.7
189112 2.485    235400 3   14   61    9   39 0.623 302.7 150.2  20.0  33.9
189112 2.485    235500 0    3   20    2   11 0.388  31.4 103.9  19.7 -12.4
189112 3.296    235400 0   14   29   11   23 0.770 295.1 153.2  19.2  47.6
189112 3.296    235500 0    7   30    4   16 0.334   4.5 104.0  19.7  -1.6
189112 4.303    235400 1    0   10    0   10 0.866 292.8 150.3  19.7  58.0
189112 4.303    235500 0    0    9    0    5 0.381 329.2 104.2  19.2  11.9
189112 4.303    235600 1   14   23    8   13 0.445 294.2 116.7  10.6  24.4
189112 5.237    235600 0    0    3    0    2 0.621 286.4 117.2  10.1  37.2
189112 5.237    235700 3   21   72   14   48 0.664 305.4 115.9  22.6  35.9
189112 6.234    235800 4   10   31    6   18 0.483 337.1  79.0  26.3  12.1
189112 6.234    236000 0   16   28   11   19 0.641 119.1  30.8 -18.3 -36.1
189112 6.234   5100300 0    0    4    0    2 0.199  19.1  63.1  10.7  -3.8
189112 6.237    235700 3   17   78   14   63 0.790 299.1 115.2  22.5  48.3
189112 7.309    235700 1    0   17    0   20 0.906 294.2 115.4  21.7  62.7
189112 7.309    235800 4   22   79   14   49 0.591 319.0  78.3  26.2  25.6
189112 7.309    236000 1   39  139   22   78 0.446 132.8  32.6 -17.9 -20.1
189112 8.328    235800 4   25  100   18   72 0.718 308.5  78.1  26.2  38.8
189112 8.328    236000 1   26  156   14   82 0.315 162.8  33.7 -17.9  -5.6
189112 8.328    236200 0    0    4    0    3 0.676 124.8   2.2 -23.0 -37.1
189112 8.328   5100400 0    0    4    0    2 0.510   2.2  38.0  30.2  -1.3
189112 9.329    235800 4   12   55   12   52 0.846 301.6  79.3  26.0  53.3
189112 9.329    236000 0   26  104   14   55 0.324 205.8  34.5 -17.5   8.5
189112 9.329    236200 0    0    3    0    2 0.555 138.1   1.9 -24.9 -24.1
18911210.312    235800 4    2   15    3   19 0.916 300.2  76.0  27.1  62.8
18911210.312    236000 0   19   64   11   36 0.462 230.5  35.2 -17.7  22.0
18911211.292    236000 0   15   62   10   39 0.616 241.4  34.8 -17.8  34.6
18911211.292   5100500 2    0    7    0    4 0.459 222.9  19.7 -20.4  19.5
18911212.219    236000 0   10   30    8   24 0.769 247.8  36.3 -17.5  48.3
18911212.219    236400 0    9   41   32  135 0.986 109.9 267.9 -19.8 -80.1
18911213.233    236000 0    0   12    0   14 0.889 250.8  36.3 -17.5  61.7
18911213.233    236400 0   17  102   25  147 0.932 110.8 266.9 -19.7 -67.7
18911213.233    236500 2    0   13    0   11 0.771 113.5 286.4 -18.6 -48.2
18911214.318    236400 0   30  143   27  127 0.818 113.9 267.6 -20.1 -52.8
18911214.318    236500 0    0    3    0    2 0.641 119.3 284.1 -19.2 -36.3
18911215.210    236400 0   38  192   27  136 0.696 117.9 267.7 -20.0 -40.9
18911215.210    236500 0    0   38    0   22 0.489 129.0 284.9 -19.1 -23.7
18911215.210    236700 0    0    9    0    6 0.612 129.1 277.3 -23.8 -31.3
18911215.210   5110100 2    0   15    0   22 0.937 250.6  17.5 -18.6  68.9
18911216.201    236400 0   41  199   25  120 0.543 126.2 267.7 -20.0 -27.8
18911216.201    236500 0   55  195   30  105 0.370 148.1 283.5 -19.7 -12.0
18911216.201    236700 0    0    5    0    3 0.472 143.9 277.8 -23.8 -17.7
18911216.201    236800 2   11   67   17  100 0.940  68.9 227.2  19.3 -68.3
18911217.499    236400 0   35  277   19  148 0.356 151.8 268.1 -19.8 -10.3
18911217.499    236500 3  134  713   71  376 0.319 196.8 284.0 -19.3   5.6
18911217.499    236800 9   12   95   11   82 0.814  64.5 227.2  19.5 -51.2
18911218.196    236400 0   49  246   26  130 0.318 176.2 267.9 -20.2  -1.3
18911218.196    236500 3  162  752   88  408 0.402 219.0 284.8 -19.8  15.6
18911218.196    236800 0    0   24    0   18 0.722  61.1 227.2  19.2 -42.0
18911219.399    236400 0   33  216   18  117 0.392 217.4 268.1 -19.9  14.7
18911219.399    236500 3  117  870   72  534 0.580 238.5 285.0 -19.2  31.6
18911219.399    236900 6    0   29    0   36 0.910  58.5 192.3  27.5 -61.1
18911220.224    236400 0   26  170   15   98 0.503 232.2 267.5 -19.7  25.0
18911220.224    236500 3   47  583   33  404 0.699 244.9 284.4 -18.7  41.9
18911220.224    236900 6    7   57    7   52 0.836  54.8 192.1  27.6 -50.4
18911221.490    236400 0   11  148    8  103 0.700 244.0 267.7 -19.4  41.8
18911221.490    236500 3   39  399   39  390 0.862 249.9 284.4 -18.3  58.5
18911221.490    236900 6   43  260   29  176 0.669  42.1 195.4  28.0 -30.5
18911221.490    237000 0    0    8    0   16 0.963 117.4 152.3 -26.9 -73.6
18911222.304    236400 0   16  142   14  120 0.813 246.8 267.9 -20.0  52.7
18911222.304    236500 2   21  222   30  316 0.938 250.5 284.4 -19.0  69.2
18911222.304    236900 6  104  535   64  328 0.584  29.5 196.1  28.5 -19.1
18911222.304    237000 6    7  157    9  180 0.896 117.6 153.6 -25.6 -61.6
18911223.304    236400 0   18   77   23   95 0.913 249.1 267.2 -20.0  65.2
18911223.304    236500 2   12   55   35  157 0.986 251.2 282.7 -18.9  80.7
18911223.304    236900 6  200 1170  117  682 0.524  11.1 195.4  28.7  -6.6
18911223.304    237000 6   84  332   69  272 0.790 120.7 153.3 -25.3 -48.7
18911224.221    236400 0    8   38   20   86 0.976 250.3 267.5 -19.8  77.6
18911224.221    236900 6  283 1873  165 1089 0.521 351.2 195.1  28.6   5.2
18911224.221    237000 6   43  238   30  163 0.674 126.2 152.9 -25.4 -37.0
18911225.297    236900 6  366 1867  228 1161 0.596 331.0 195.0  29.0  19.3
18911225.297    237000 6   19  188   11  109 0.500 138.6 154.4 -24.4 -21.3
18911226.162    236900 6  236 1614  160 1094 0.684 319.4 194.9  29.0  30.6
18911226.162    237000 2   40  162   22   89 0.408 156.7 154.1 -24.6 -10.2
18911226.162    237100 0    0    9    0   32 0.987  64.3  85.9  24.8 -78.4
18911227.484    236900 6  149  999  133  891 0.835 308.5 195.6  29.5  48.7
18911227.484    237000 2   11   75    6   41 0.392 194.0 152.9 -25.1   6.0
18911227.484    237100 2    0    8    0   11 0.913  62.5  84.7  23.7 -62.2
18911227.484    237200 4    0   40    0   26 0.613  67.7 111.6  11.2 -35.3
18911228.477    236900 6   87  633  110  799 0.920 303.6 195.3  29.3  61.5
18911228.477    237000 2   10   38    6   22 0.471 215.5 151.4 -25.3  17.6
18911228.477    237100 2    0   35    0   32 0.826  58.7  83.4  23.6 -50.4
18911228.477    237200 4   12   87    7   49 0.445  56.6 111.5  11.5 -22.3
18911228.477    237300 2   40  388   33  318 0.797 257.7 186.4 -11.5  52.6
18911229.502    236900 6   16  272   43  703 0.983 300.7 196.5  29.4  76.1
18911229.502    237200 4    0   44    0   23 0.289  28.9 112.2  11.7  -8.2
18911229.502    237300 2   23  349   28  422 0.913 258.7 186.4 -11.5  66.0
18911229.502    237500 0    0   15    0   18 0.894 110.4  57.6 -19.6 -62.8
18911229.502    237600 1    0   58    0  190 0.987  67.7  41.7  21.4 -78.7
18911229.502   5110200 2    0   27    0   15 0.416 151.7 107.9 -24.4 -12.5
18911230.288    236900 6    0   39    0  313 0.998 298.1 194.0  27.7  84.0
18911230.288    237000 0    0   11    0    8 0.725 244.6 154.3 -20.4  44.3
18911230.288    237200 4    1   73    1   38 0.248 351.7 112.1  11.1   2.1
18911230.288    237300 2   27  331   56  670 0.971 259.2 186.4 -11.2  76.4
18911230.288    237500 0    0    3    0    3 0.802 112.9  58.1 -20.1 -51.9
18911230.288    237600 1   11  128   20  214 0.953  66.4  40.3  21.4 -69.7
18911230.288    237700 2    0   29    0   18 0.588 308.2 139.2  18.6  29.2
18911230.288    237900 2    0   11    0    7 0.562  21.1  96.7  28.6 -13.3
18911230.288    238000 9    0   20    0   25 0.907  64.0  48.5  22.0 -61.5
18911230.288   5110300 0    0    5    0    3 0.546 319.6 132.4  21.7  22.4
18911231.502    237200 4    7   61    4   34 0.435 304.3 115.5  11.2  21.5
18911231.502    237600 1   34  361   33  342 0.848  62.7  40.2  21.0 -53.8
18911231.502    237700 2   20  109   16   87 0.781 296.6 141.3  18.3  47.3
18911231.502    237900 5   52  458   30  263 0.505 351.3  98.9  26.7   4.9
18911231.502    238000 9    6   59    5   47 0.774  57.6  49.1  22.2 -44.9
18911231.502    238200 0    0   16    0   21 0.920  58.0  32.3  27.7 -61.7
18911231.502    238300 0    0   12    0   17 0.931  64.3  28.7  22.5 -65.3
18911231.502    238400 0    8  106   12  155 0.939 106.5  24.0 -16.6 -70.0
18911231.502   5110400 2    7   42    3   22 0.323  17.9  88.1  14.7  -5.9
