1898 1 1.243    467100 1   53  253   28  132 0.283   2.1 312.0  13.1  -0.6
1898 1 1.243    467200 4    3   38    3   36 0.846 260.2  10.5 -10.1  57.9
1898 1 1.243    467300 9   44  212   32  152 0.706  76.6 268.8   7.0 -43.8
1898 1 2.242    467100 1   41  206   22  110 0.360 324.6 311.8  13.7  12.4
1898 1 2.242    467300 9   40  205   24  121 0.529  72.0 269.0   6.4 -30.4
1898 1 3.193    467100 1   36  197   21  114 0.505 303.8 312.4  13.1  25.5
1898 1 3.193    467300 9   39  230   21  123 0.351  60.4 269.0   6.6 -17.9
1898 1 3.193    467400 1    8   47   23  133 0.981  78.3 208.9  10.8 -78.0
1898 1 4.186    467100 1   32  175   22  117 0.670 294.4 312.5  13.2  38.8
1898 1 4.186    467300 9   41  215   21  110 0.194  25.4 268.9   6.4  -4.8
1898 1 4.186    467400 1   21  138   27  171 0.912  76.1 209.2  11.1 -64.5
1898 1 4.186    467500 5    3   72    2   38 0.286 226.4 286.1 -15.0  12.4
1898 1 5.196    467100 1   23  144   20  122 0.815 289.0 312.8  13.1  52.3
1898 1 5.196    467300 9   38  191   20   98 0.230 318.6 269.3   6.2   8.8
1898 1 5.196    467400 1   32  194   27  162 0.797  73.5 209.4  10.7 -51.1
1898 1 5.196    467500 0    0   24    0   14 0.494 245.9 288.3 -15.0  27.8
1898 1 6.518    467100 1   10   62   16   94 0.943 286.4 312.0  14.1  68.9
1898 1 6.518    467300 9   37  184   21  104 0.473 292.0 269.3   6.7  26.2
1898 1 6.518    467400 1   41  234   26  146 0.595  67.4 209.2  10.0 -33.9
1898 1 7.182    467100 1    6   42   16  102 0.980 284.2 311.6  13.1  77.3
1898 1 7.182    467300 9   40  190   25  118 0.595 285.7 269.5   6.0  35.2
1898 1 7.182    467400 1   47  254   27  145 0.484  60.4 209.0  10.2 -25.3
1898 1 8.489    467300 9   19  146   16  121 0.804 281.7 269.7   6.9  52.5
1898 1 8.489    467400 1   50  260   26  135 0.279  30.2 209.0   9.9  -8.2
1898 1 9.184    467300 9   20   89   22   95 0.887 279.0 269.7   6.0  61.7
1898 1 9.184    467400 1   52  268   27  138 0.243 355.5 209.1   9.8   1.1
1898 110.245    467300 9    8   41   19   90 0.974 277.3 270.4   6.1  76.4
1898 110.245    467400 1   48  244   26  130 0.351 313.4 209.0   9.8  15.0
1898 111.279    467400 1   46  214   27  126 0.527 295.9 209.1   9.4  28.7
1898 112.213    467400 1   45  184   31  126 0.684 289.2 209.0   9.6  40.9
1898 113.209    467400 1   28  124   25  108 0.825 284.6 208.9   9.3  54.0
1898 113.209    467600 0    0    4    0    4 0.840 103.8  97.6 -14.1 -57.3
1898 114.324    467400 1   15   74   21  103 0.938 281.4 208.7   9.0  68.5
1898 114.324    467600 2    2   15    2   11 0.681 106.7  97.8 -14.8 -42.4
1898 114.324    467700 5   20  124   53  320 0.978  97.4  61.8  -8.2 -78.4
1898 115.147    467400 1    5   23   16   71 0.986 279.9 209.1   8.9  79.6
1898 115.147    467600 9    0    8    0    5 0.490 111.0 101.3 -14.4 -28.2
1898 115.147    467700 5   47  352   64  473 0.926  97.4  61.2  -8.7 -68.3
1898 116.155    467600 9    7   44    4   23 0.282 125.5 102.4 -14.2 -13.7
1898 116.155    467700 5   81  491   71  426 0.813  97.4  61.4  -8.9 -54.7
1898 116.155    467800 0    0   38    0  195 0.994  78.0  33.3  11.4 -82.8
1898 117.197    467600 6   11  219    6  111 0.160 184.2 103.2 -14.2   0.7
1898 117.197    467700 5   97  537   65  358 0.652  97.7  61.7  -8.8 -40.8
1898 117.197    467800 0   17   88   26  128 0.936  76.4  34.6  10.9 -67.9
1898 118.192    467600 6   71  281   37  146 0.283 232.4 102.8 -14.9  13.4
1898 118.192    467700 5   63  413   36  233 0.447  99.0  62.9  -8.6 -26.5
1898 118.192    467800 0   19  121   18  112 0.836  74.6  34.5   9.9 -54.9
1898 118.192    467900 2    0   29    0   15 0.056 128.8  86.9  -7.1  -2.5
1898 119.201    467600 6   56  202   32  114 0.466 246.5 102.3 -15.4  26.3
1898 119.201    467700 5   46  256   24  131 0.200 105.7  64.8  -8.2 -11.2
1898 119.201    467800 0   28  139   20   98 0.696  68.8  34.7  10.7 -41.3
1898 119.201    467900 2   52  207   27  106 0.224 258.6  88.8  -7.6  12.8
1898 119.201    468100 7    0   78    0  331 0.992  84.4 353.6   4.9 -82.4
1898 119.201   5920100 2    0    7    0    6 0.783 256.7 127.6 -13.6  51.6
1898 120.186    467600 6   41  173   27  112 0.637 251.5 102.0 -15.8  38.9
1898 120.186    467700 5   43  253   22  127 0.078 235.5  66.8  -7.8   3.7
1898 120.186    467800 0   33  173   20  102 0.530  60.2  35.2  10.6 -27.9
1898 120.186    467900 5   51  242   29  136 0.451 263.4  90.0  -7.7  26.9
1898 120.186    468100 7   47  228   68  329 0.933  82.2 354.9   5.3 -68.2
1898 121.255    467600 2   22   94   19   78 0.798 254.9 102.0 -15.3  53.0
1898 121.255    467700 5   30  197   16  104 0.310 260.3  67.0  -8.1  18.0
1898 121.255    467800 0   44  172   24   92 0.362  40.7  35.1  10.7 -13.9
1898 121.255    467900 5   28  190   19  126 0.653 264.4  90.0  -7.7  41.0
1898 121.255    468100 7   75  385   67  344 0.820  79.8 354.9   5.2 -54.1
1898 122.481    467700 5   28  144   17   87 0.564 264.0  67.4  -7.9  34.5
1898 122.481    467800 0   40  181   21   94 0.281 351.6  35.3  10.7   2.4
1898 122.481    467900 5    9   53    9   53 0.867 264.2  93.4  -7.7  60.5
1898 122.481    468100 7  105  597   67  379 0.616  75.0 356.2   4.8 -36.7
1898 123.185    467700 0   20  100   14   70 0.699 263.5  68.3  -8.5  44.6
1898 123.185    467800 0   28  149   15   79 0.341 322.5  35.9  10.3  12.2
1898 123.185    467900 5    6   60   10   87 0.939 263.4  94.1  -8.1  70.4
1898 123.185    468100 7  102  645   59  370 0.480  69.6 356.9   4.7 -26.8
1898 124.275    467700 0   12   63   12   60 0.856 263.3  68.6  -8.6  59.3
1898 124.275    467800 0   24  110   14   64 0.516 299.9  36.3   9.9  27.0
1898 124.275    467900 5    7   60   21  160 0.984 262.5  89.8  -8.3  80.5
1898 124.275    468100 7  138  721   72  376 0.276  51.0 356.9   4.5 -12.4
1898 125.193    467700 0   10   41   15   62 0.944 262.6  68.5  -8.8  71.4
1898 125.193    467800 0    4   34    3   23 0.660 290.8  35.8   9.1  38.7
1898 125.193    468100 7  138  914   70  464 0.171 356.5 357.7   4.1   0.6
1898 125.193    468200 0    0   17    0    9 0.250  56.2 345.1   2.4 -12.0
1898 126.175    467800 2    0   23    0   19 0.804 285.6  35.9   8.9  51.6
1898 126.175    468100 7  116  735   61  385 0.302 303.1 359.0   3.9  14.7
1898 126.175    468200 0    0   11    0    6 0.151 356.0 344.9   2.9   0.6
1898 126.175    468300 0    2   10    2    9 0.797 289.8  34.3  12.0  50.0
1898 127.197    468100 7   99  781   57  449 0.505 287.7 359.6   3.7  28.8
1898 127.197    468200 0    0    5    0    3 0.296 296.3 346.2   1.9  15.4
1898 127.197    468300 0    0    3    0    4 0.918 286.4  35.3  12.6  64.5
1898 128.224    468100 7   85  399   59  276 0.694 281.9 360.1   3.9  42.9
1898 129.187    468100 7   61  311   55  279 0.836 278.3 360.6   3.6  56.0
1898 130.237    468100 7   16  105   24  154 0.940 276.8 360.2   4.3  69.4
1898 131.246    468100 7    0   32    0  120 0.991 274.9 359.4   4.0  82.0
1898 2 4.164    468400 4    0   21    0   18 0.802  95.2 172.0  -8.0 -53.8
1898 2 4.164    468500 0    3   15   15   62 0.990 101.2 142.7 -11.9 -83.1
1898 2 5.513    468400 4   33  153   21   96 0.591  95.2 171.6  -8.3 -36.5
1898 2 5.513    468500 0    5   39    7   47 0.905 100.9 142.5 -12.6 -65.6
1898 2 6.199    468400 4   12  146    7   82 0.453  96.4 172.0  -8.7 -27.1
1898 2 6.199    468500 1    7   44    7   39 0.824 101.1 143.1 -12.8 -56.0
1898 2 7.475    468400 4    9   88    5   45 0.173 103.5 172.4  -8.8  -9.8
1898 2 7.475    468500 1   12   45    8   29 0.622 100.9 143.6 -11.9 -38.6
1898 2 7.475    468600 2   20  115   15   86 0.749 291.6 227.5  11.4  45.3
1898 2 7.475    468700 0    4   42   22  192 0.993  96.7  98.0  -7.4 -84.2
1898 2 8.161    468400 4    0   17    0    9 0.039 164.7 172.7  -8.8  -0.6
1898 2 8.161    468500 1    3   23    2   14 0.507 100.6 142.8 -11.1 -30.5
1898 2 8.161    468600 9   16   84   15   76 0.832 288.1 227.0  11.1  53.7
1898 2 8.161    468700 0   19   89   34  160 0.960  95.0  99.0  -6.6 -74.3
1898 2 9.216    468400 4    1  139    1   72 0.259 265.6 174.4  -7.6  15.1
1898 2 9.216    468500 0    0   21    0   11 0.273 110.8 144.2 -12.0 -15.1
1898 2 9.216    468700 0   36  175   35  170 0.856  94.4 100.0  -7.2 -59.3
1898 2 9.216    468800 4    0   34    0   54 0.949  96.5  87.0  -8.2 -72.3
1898 210.210    468400 4   26  180   15  104 0.494 266.0 176.0  -7.8  29.8
1898 210.210    468500 0    3   23    2   12 0.096 162.5 144.5 -12.0  -1.7
1898 210.210    468700 0   45  227   33  166 0.721  93.7  99.7  -7.3 -46.5
1898 210.210    468800 4   16  134   16  133 0.858  95.8  86.6  -8.4 -59.6
1898 211.210    468400 4   21   97   15   67 0.692 265.2 177.3  -8.2  44.2
1898 211.210    468500 0    0    9    0    5 0.226 244.1 145.1 -12.3  12.0
1898 211.210    468700 0   49  232   30  140 0.544  92.4  99.9  -7.0 -33.2
1898 211.210    468800 4   32  160   23  115 0.708  95.3  87.6  -8.5 -45.5
1898 212.377    468400 4    8   41    9   45 0.889 263.7 181.1  -8.7  63.4
1898 212.377    468700 0   64  263   34  138 0.300  90.3 100.1  -6.6 -17.6
1898 212.377    468800 4  179  889  104  516 0.501  94.6  87.4  -8.2 -30.3
1898 213.182    468400 4    0    6    0   13 0.966 262.3 183.0  -9.2  75.9
1898 213.182    468700 0   47  291   24  147 0.111  91.6 100.7  -7.0  -6.4
1898 213.182    468800 6  253 1261  135  671 0.329  95.5  87.8  -8.3 -19.3
1898 213.182    468900 9    5   27    3   14 0.183  61.8  97.8  -1.8  -9.3
1898 213.182   5930100 0    0    6    1    4 0.426  66.2  84.1   3.6 -23.0
1898 214.225    468700 0   49  263   25  133 0.131 269.6 101.0  -6.9   7.6
1898 214.225    468800 6  298 1566  150  787 0.091 105.8  88.3  -8.3  -5.1
1898 214.225    468900 9    0   17    0    9 0.132 332.3  96.9  -0.2   3.5
1898 215.188    468700 2   37  268   20  143 0.349 269.4 101.3  -6.7  20.6
1898 215.188    468800 6  361 2081  182 1049 0.139 264.8  88.7  -7.6   8.0
1898 215.188    469100 5    4   85    5  104 0.911 102.5  14.1 -14.2 -66.6
1898 215.188    469200 0    6   44   15  109 0.979  83.8   3.1   4.6 -77.6
1898 216.538    468700 0   39  248   25  157 0.616 268.0 101.3  -6.7  38.3
1898 216.538    468800 6  316 1914  176 1063 0.443 265.8  89.5  -8.1  26.5
1898 216.538    469100 5   18  125   14   95 0.750 103.5  14.1 -14.7 -48.9
1898 216.538    469200 0   30  165   32  176 0.883  80.9   2.0   4.7 -61.0
1898 216.538    469300 9    7   77    7   74 0.856 261.1 122.6 -11.2  59.6
1898 217.175    468700 0   39  178   29  131 0.731 266.4 102.0  -7.4  47.4
1898 217.175    468800 6  223 1315  138  814 0.593 265.2  91.3  -8.5  36.7
1898 217.175    469100 5   18   90   12   58 0.623 104.7  16.1 -14.6 -38.5
1898 217.175    469200 0   33  190   28  161 0.800  77.7   2.9   5.5 -51.7
1898 217.175    469300 9   11   41   15   57 0.936 259.8 124.9 -12.0  70.3
1898 217.175    469400 6   11   62    6   33 0.345 281.1  74.4  -2.8  19.8
1898 217.175    469500 9   17   96   14   77 0.771  84.6   4.5  -0.3 -50.1
1898 218.180    468700 0   25  135   25  132 0.866 265.2 101.8  -7.7  60.5
1898 218.180    468800 6  208 1058  163  828 0.775 264.8  92.6  -8.5  51.3
1898 218.180    469100 5   24  166   14   94 0.455 107.1  14.7 -14.0 -26.6
1898 218.180    469200 0   55  238   36  156 0.643  72.9   3.2   5.4 -38.1
1898 218.180    469400 6   11   42    7   26 0.570 273.3  76.1  -3.9  34.8
1898 218.180    469500 5  135  547   86  347 0.606  81.5   4.5  -0.5 -36.8
1898 218.180    469600 2    6   43    6   42 0.859 271.3 100.6  -2.5  59.3
1898 219.190    468700 0   13   81   23  142 0.960 264.0 102.5  -7.7  74.5
1898 219.190    468800 6  119  636  143  764 0.911 263.8  94.3  -8.5  66.3
1898 219.190    469100 5    1   40    1   21 0.256 120.2  14.8 -14.3 -13.2
1898 219.190    469200 0   58  239   33  135 0.465  64.4   3.1   5.2 -24.9
1898 219.190    469400 6    2   30    2   23 0.742 271.3  76.0  -3.8  48.0
1898 219.190    469500 5  106  524   59  289 0.418  75.8   4.1  -0.6 -23.9
1898 219.190    469600 2    0    7    0   14 0.964 268.7 102.9  -3.1  74.9
1898 220.268    468800 6    0   53    0  120 0.977 262.1  92.4  -9.2  78.5
1898 220.268    469200 0   59  232   31  121 0.278  40.2   3.5   5.3 -10.4
1898 220.268    469500 5   41  359   21  184 0.203  59.0   3.9  -1.0 -10.0
1898 221.148    469100 0    9   35    5   18 0.206 236.7  12.4 -13.5  10.2
1898 221.148    469200 0   41  265   21  136 0.211 353.9   3.5   5.0   1.3
1898 221.148    469500 5   61  314   31  158 0.107 353.5   2.9  -1.0   0.7
1898 222.157    469200 0   36  180   19   95 0.327 308.8   3.7   4.9  14.8
1898 222.157    469500 5   67  272   35  142 0.283 291.3   4.2  -1.0  15.3
1898 222.157    469700 9    0   28    0   86 0.985  95.7 268.0  -6.8 -80.9
1898 223.465    469200 1   38  221   23  133 0.555 290.5   3.3   5.1  31.5
1898 223.465    469500 5   39  252   23  149 0.533 280.4   3.4  -0.6  31.6
1898 223.465    469700 9    0   27    0   33 0.905  96.4 266.3  -8.8 -65.5
1898 224.460    469200 0   23  165   17  119 0.723 284.4   3.3   5.3  44.7
1898 224.460    469500 5   15  114   11   81 0.704 276.6   3.0  -0.5  44.4
1898 224.460    469700 9    8   28    7   24 0.793  95.7 265.6  -8.9 -53.0
1898 225.644    469200 0   17   80   18   83 0.878 280.2   3.2   5.4  60.2
1898 225.644    469500 0    8   51    8   50 0.864 273.6   2.6  -0.5  59.6
1898 225.644    469700 9    7   42    5   27 0.600  95.7 265.8  -9.2 -37.2
1898 226.455    469200 0    5   65    9   99 0.949 278.2   2.9   5.4  70.6
1898 226.455    469500 0    6   38    9   56 0.944 271.8   2.9  -0.7  70.6
1898 226.455    469700 6   70  267   41  156 0.504  98.1 261.8 -10.3 -30.5
1898 227.643    469700 6  142  621   74  323 0.260 104.0 261.8 -10.6 -14.9
1898 228.452    469700 6  121  620   61  312 0.097 128.9 261.6 -10.7  -4.4
1898 228.452    469800 2   11   81   25  171 0.970  96.6 189.2  -8.1 -76.8
1898 3 1.219    469700 6   83  497   42  250 0.113 239.5 261.6 -10.5   5.7
1898 3 1.219    469800 2   20  113   26  141 0.912  95.9 189.4  -8.3 -66.5
1898 3 2.232    469700 6   43  322   23  171 0.335 258.7 262.1 -10.6  19.5
1898 3 2.232    469800 2   39  163   33  136 0.794  95.1 189.5  -8.4 -53.1
1898 3 3.281    469700 6   31  149   19   90 0.567 261.1 263.6 -11.0  34.8
1898 3 3.281    469800 2   38  176   25  114 0.626  94.1 189.7  -8.2 -39.1
1898 3 3.281   5940100 2    2   22    2   18 0.810 285.6 280.8   8.2  52.0
1898 3 4.630    469700 2   11   53    9   43 0.790 262.6 263.8 -10.3  52.8
1898 3 4.630    469800 2   48  219   26  118 0.364  94.3 189.5  -8.3 -21.5
1898 3 4.630    470000 5    5   20    6   21 0.865  99.5 150.3 -11.8 -60.7
1898 3 5.270    469700 2    2   31    2   31 0.867 261.7 263.3 -10.8  60.8
1898 3 5.270    469800 3   52  226   27  117 0.235  93.6 188.8  -7.9 -13.7
1898 3 5.270    470000 5   10   47    9   39 0.795  98.8 149.2 -11.4 -53.3
1898 3 6.312    469800 2   37  169   19   85 0.025 228.7 189.9  -8.2   1.1
1898 3 6.312    470000 5   12   89    8   58 0.632  99.0 149.3 -11.3 -39.5
1898 3 6.312    470100 9    0    3    0    2 0.495 102.0 159.1 -12.2 -29.7
1898 3 6.312    470200 4   42  180   79  340 0.962 101.5 113.5 -13.0 -75.3
1898 3 6.312    470300 1   33  251   73  545 0.970  76.1 114.8  11.6 -74.0
1898 3 7.451    469800 2   26  138   14   72 0.284 266.3 190.4  -8.0  16.6
1898 3 7.451    470000 0    5   27    3   15 0.393 101.9 150.7 -11.3 -23.1
1898 3 7.451    470100 9    0   13    0    7 0.250 113.6 160.2 -12.8 -13.6
1898 3 7.451    470200 4   88  557   84  528 0.844 101.2 115.5 -13.3 -58.3
1898 3 7.451    470300 1   62  377   65  393 0.875  73.2 115.2  11.0 -58.6
1898 3 7.451    470400 1   25  158   37  234 0.938  95.8 103.4  -7.9 -70.4
1898 3 8.130    469800 2   30  107   17   59 0.432 266.1 190.7  -8.2  25.8
1898 3 8.130    470000 0    7   30    4   16 0.248 106.7 150.9 -11.1 -14.0
1898 3 8.130    470100 9    0   11    0    6 0.159 132.8 158.0 -13.4  -6.9
1898 3 8.130    470200 4  123  696   95  535 0.751 100.7 115.7 -12.8 -49.2
1898 3 8.130    470300 1   77  463   64  384 0.797  69.5 115.3  11.6 -49.6
1898 3 8.130    470400 1   51  262   54  274 0.873  93.9 103.6  -6.9 -61.3
1898 3 9.377    469800 0   18   90   12   60 0.665 265.2 190.5  -8.6  42.1
1898 3 9.377    470000 0    9   23    5   12 0.089 211.1 151.1 -11.6   2.7
1898 3 9.377    470100 9    7   42    4   22 0.258 244.9 162.3 -13.3  13.9
1898 3 9.377    470200 4  249 1458  148  864 0.533 103.0 116.2 -13.0 -32.2
1898 3 9.377    470300 1   59  434   38  275 0.613  60.2 115.5  11.7 -32.9
1898 3 9.377    470400 1   72  316   51  224 0.698  93.8 103.7  -7.8 -44.7
1898 310.493    469800 0   14   76   13   68 0.831 265.5 190.4  -7.7  56.7
1898 310.493    470000 0    3   20    2   11 0.315 256.4 151.9 -11.1  18.2
1898 310.493    470100 9    0   14    0    8 0.467 257.5 161.5 -12.2  27.8
1898 310.493    470200 4  276 1855  144  966 0.273 112.3 118.7 -12.9 -15.0
1898 310.493    470300 1   66  519   37  289 0.442  44.7 115.2  11.5 -18.5
1898 310.493    470400 1   63  386   37  224 0.493  93.3 103.9  -7.9 -29.8
1898 310.493    470500 0    3   15    2    8 0.210 176.0 132.8 -19.3  -0.9
1898 311.176    469800 0   11   34   14   40 0.910 263.9 190.9  -8.5  66.2
1898 311.176    470200 4  341 2030  172 1022 0.118 143.6 120.6 -12.6  -4.1
1898 311.176    470300 1   73  432   39  231 0.355  25.3 115.8  11.6  -8.9
1898 311.176    470400 1   76  363   41  194 0.346  92.5 104.3  -7.6 -20.4
1898 311.176    470500 0    0    9    0    5 0.264 214.8 133.9 -19.6   9.2
1898 312.123    469800 0    4   29   11   70 0.979 262.9 191.5  -8.4  79.2
1898 312.123    470200 4  383 2479  195 1260 0.184 235.9 121.3 -13.0   9.0
1898 312.123    470300 1   72  364   38  192 0.321 348.9 115.9  11.2   3.6
1898 312.123    470400 1   75  366   38  185 0.138  95.0 104.3  -7.8  -8.0
1898 312.123    470500 0    1   10    1    6 0.413 236.1 133.7 -20.0  21.4
1898 312.123    470600 2    0   14    0    8 0.352  81.7  91.9  -3.8 -20.4
1898 313.163    470200 4  468 2365  256 1293 0.411 253.6 122.4 -13.2  23.9
1898 313.163    470300 1   60  353   33  194 0.424 315.9 116.0  10.9  17.5
1898 313.163    470400 1   81  422   41  212 0.104 265.3 104.5  -7.6   6.0
1898 314.218    470200 4  530 2471  333 1552 0.612 257.5 122.5 -13.3  37.9
1898 314.218    470300 7   50  240   31  148 0.592 299.3 116.3  10.8  31.7
1898 314.218    470400 1   83  388   44  206 0.341 266.5 104.7  -7.9  20.1
1898 315.372    470200 4  352 1549  286 1256 0.795 258.7 122.7 -13.3  53.2
1898 315.372    470300 7   21  131   17  102 0.766 290.8 116.3  11.0  46.8
1898 315.372    470400 1   72  325   44  197 0.568 265.8 104.4  -8.2  34.9
1898 315.372    470600 0    1    7    1    4 0.420 276.6  94.2  -3.7  24.7
1898 316.259    470200 4  230 1023  266 1180 0.905 258.3 123.5 -13.6  65.7
1898 316.259    470300 7    9   41    9   41 0.869 286.7 115.7  10.8  57.9
1898 316.259    470400 1   65  295   47  212 0.717 265.0 104.0  -8.5  46.2
1898 316.259    470600 0    0    8    0    5 0.573 274.0  92.7  -3.5  34.9
1898 317.181    470200 4  103  460  189  844 0.964 257.4 121.5 -14.0  75.9
1898 317.181    470400 1   46  192   44  181 0.852 264.2 104.6  -8.6  59.0
1898 318.463    470400 1   18   90   34  171 0.965 264.0 104.2  -7.6  75.5
1898 318.463    470800 4    7   49    5   31 0.822  72.4 335.9  10.2 -52.8
1898 318.463   5940200 4    0   37    0   21 0.477  91.7   0.0  -7.0 -28.7
1898 319.174    470800 9    5   13    4    9 0.680  65.5 340.2  11.0 -39.1
1898 322.184   5950100 0    3   19    2   11 0.528 276.0  11.4  -2.7  31.7
1898 326.157    471100 2    1   26    3   42 0.947 101.3 215.0 -12.8 -72.2
1898 326.157   5950200 0    0    6    0   10 0.947 255.4 359.6 -15.9  72.4
1898 327.187    471100 2    7   33    7   32 0.847 100.0 215.1 -12.0 -58.5
1898 328.182    471100 2    7   38    5   27 0.704 100.3 215.4 -11.9 -45.1
1898 329.189    471100 2    1   27    1   16 0.529 102.0 215.3 -11.9 -31.9
1898 331.427    471300 2    5   42   37  272 0.997 100.6 131.3 -11.0 -86.4
1898 331.427   5950300 0    2    8    1    6 0.697 106.2 173.6 -15.9 -44.1
1898 4 1.212    471300 2   37  178   85  410 0.974  99.1 129.4 -10.3 -77.9
1898 4 2.164    471300 2   74  341   89  406 0.901  98.5 129.8 -10.4 -65.0
1898 4 3.481    471300 2  101  586   76  439 0.739  99.7 129.4 -11.4 -48.0
1898 4 4.553    471300 1  123  570   75  345 0.561 101.6 129.2 -11.6 -34.1
1898 4 5.431    471300 1  110  675   60  367 0.389 105.4 129.2 -11.6 -22.5
1898 4 6.435    471300 1  113  586   58  299 0.192 120.7 128.7 -11.6  -9.7
1898 4 6.435    471400 9    0   29    0   16 0.401 112.6 115.9 -14.5 -22.5
1898 4 7.184    471300 1  105  559   53  281 0.093 187.4 129.3 -11.3   0.7
1898 4 7.184    471400 9    0   19    0   10 0.200 127.4 119.2 -12.9  -9.4
1898 4 8.410    471300 1   67  360   35  187 0.276 249.4 127.7 -11.3  15.3
1898 4 8.410    471400 9    0    5    0    3 0.162 212.1 117.5 -13.8   5.1
1898 4 8.410    471500 4    0    9    0    5 0.376 126.0  93.7 -18.4 -18.7
1898 4 9.423    471300 1   51  275   29  155 0.469 256.2 126.7 -11.6  27.7
1898 4 9.423    471400 9    0   16    0    9 0.357 246.8 118.7 -13.6  19.7
1898 4 9.423    471500 4   15   71    8   37 0.241 153.0  92.4 -18.2  -6.6
1898 4 9.423   5950400 0    0    5    0    5 0.870 104.9  38.1 -15.8 -60.9
1898 410.671    471300 1   33  192   23  132 0.689 259.5 126.3 -11.4  43.7
1898 410.671    471500 4   17  141    9   74 0.285 221.4  94.0 -18.0  11.4
1898 411.131    471300 1   31  160   24  123 0.768 258.3 126.9 -12.6  50.4
1898 411.131    471500 4   15   86    8   46 0.363 230.9  93.8 -18.7  17.3
1898 412.230    471300 1   23  103   27  120 0.903 259.7 127.2 -11.7  65.2
1898 412.230    471500 4    6   46    4   28 0.574 246.0  95.5 -18.2  33.5
1898 413.612    471300 1    6   34   22  118 0.991 258.9 126.8 -11.7  83.1
1898 413.612    471500 4    0   10    0    9 0.801 252.3  96.8 -17.5  53.1
1898 414.200    471500 4    0    8    0    9 0.872 253.2  97.0 -17.3  61.0
1898 415.491   5950500 2    9   17    1    9 0.290 232.5  32.7 -15.4  13.8
1898 422.589    471800 0    0    8    0   28 0.987  78.4 205.3  10.6 -79.8
1898 423.434    471800 0    0   13    0   20 0.938  77.0 205.6  10.5 -68.4
1898 424.430    471800 0    0   14    0   14 0.846  74.9 204.7  10.2 -56.1
1898 425.644    471800 2    0   14    0   10 0.693  68.9 203.5  11.1 -41.2
1898 426.631    472000 2    0   12    0   25 0.964 103.0 156.5 -13.7 -75.2
1898 426.631   5960100 4    0   39    0   22 0.453  23.3 220.7  20.3 -11.0
1898 427.269    472000 2    4   34    6   42 0.908 102.6 157.6 -13.2 -65.6
1898 427.269    472100 2    1   23    1   14 0.575 304.5 252.6  15.3  29.4
1898 428.123    472000 6   12   55   11   48 0.812 103.0 157.7 -13.0 -54.3
1898 428.123    472100 0    1   10    1    7 0.699 296.5 252.4  15.0  40.4
1898 428.123    472200 9    0   19    0   11 0.427 250.3 236.3 -12.1  24.3
1898 429.659    472000 6   21  142   13   86 0.562 105.8 158.1 -12.2 -33.6
1898 429.659    472200 6   60  296   44  215 0.729 258.2 238.4 -11.4  46.7
1898 429.659    472300 0    0    7    1    8 0.877 100.8 130.2 -11.4 -61.5
1898 430.220    472000 5   17  106   10   59 0.430 109.3 159.8 -11.8 -24.5
1898 430.220    472200 6  101  592   88  511 0.816 258.5 239.0 -11.7  54.7
1898 430.220    472300 0    1   11    1   10 0.810 100.9 130.1 -11.2 -54.2
1898 5 1.303    472000 5   15   97    8   50 0.234 129.7 159.4 -12.4 -10.6
1898 5 1.303    472200 9  122  503  168  690 0.937 259.0 239.9 -11.7  69.9
1898 5 1.303    472300 0    3   18    2   12 0.640 102.9 130.5 -11.2 -39.5
1898 5 2.203    472000 5    3   57    2   29 0.150 164.8 155.7 -12.1  -2.3
1898 5 2.203    472200 9   17  181   45  457 0.981 258.1 237.3 -12.4  79.3
1898 5 3.395    472400 9    0   14    0   14 0.859  71.2  85.3  14.1 -57.0
1898 5 4.218    472000 0    0   10    0    6 0.434 242.8 154.9 -14.7  23.5
1898 5 6.492    472400 9    0   36    0   20 0.430  44.7  83.2  14.6 -18.2
1898 5 6.492    472500 3   12   87   17  118 0.923 102.6  33.8 -12.9 -67.6
1898 5 6.492    472600 5   12   75   46  266 0.989  96.9  19.4  -7.3 -82.0
1898 5 7.412    472400 9    1   15    1    8 0.303  13.3  85.1  13.9  -4.1
1898 5 7.412    472500 3   11   52   10   46 0.822 103.3  34.1 -12.8 -55.1
1898 5 7.412    472600 5   47  325   73  497 0.945  95.5  18.1  -6.3 -71.1
1898 5 7.412    472700 9    7   65    5   46 0.700  72.3  46.6   9.9 -42.6
1898 5 8.209    472400 9    3   26    2   14 0.325 336.8  86.2  14.3   7.6
1898 5 8.209    472500 3    9   40    7   29 0.710 105.0  33.9 -12.8 -44.7
1898 5 8.209    472600 5   89  466   94  487 0.871  95.2  17.9  -6.1 -60.7
1898 5 8.209    472700 9    1   28    1   17 0.559  66.0  47.3  10.5 -31.3
1898 5 9.660    472500 3    0   24    0   14 0.470 112.8  33.1 -13.2 -26.4
1898 5 9.660    472600 5  118  716   78  471 0.649  96.0  19.0  -6.2 -40.5
1898 5 9.660    472700 9    1   15    1    8 0.301  33.3  49.8  11.6  -9.7
1898 5 9.660    472800 5   13   67    7   34 0.140 186.3  60.4 -11.0   0.9
1898 510.168    472600 5  161  824   97  496 0.551  96.1  19.4  -5.8 -33.4
1898 510.168    472800 5   19  123   10   63 0.194 227.7  61.2 -10.4   8.4
1898 511.489    472600 5  131  819   68  425 0.268 102.0  20.0  -5.9 -15.3
1898 511.489    472800 0    5   14    3    8 0.479 254.3  63.2  -9.9  27.9
1898 512.474    472600 5  145  730   73  366 0.068 154.3  20.5  -6.2  -1.7
1898 513.447    472600 5   91  682   47  349 0.211 253.2  21.1  -6.0  11.7
1898 514.455    472600 5   59  388   33  216 0.441 261.4  22.1  -6.0  26.0
1898 514.455    473000 9    1   22    2   28 0.908  96.9 290.8  -7.3 -65.3
1898 514.455   5970100 2    0   11    0    6 0.189 356.9 356.7   8.4   0.6
1898 514.455   5970200 0    0    4    0    6 0.937 101.5 286.4 -11.6 -69.7
1898 515.180    472600 5   56  349   35  215 0.586 262.7  22.2  -6.2  35.8
1898 515.180    473000 9    2   27    2   23 0.803  97.0 293.0  -7.0 -53.4
1898 516.429    472600 5   34  190   28  155 0.795 264.2  22.6  -6.0  52.7
1898 517.225    472600 5   11   52   13   59 0.897 264.7  23.2  -5.7  63.8
1898 517.225    473200 0   12  102   24  202 0.966 103.5 244.3 -13.6 -75.1
1898 518.475    472600 5    2   31    5   65 0.973 264.9  19.6  -5.4  76.8
1898 518.475    473000 9    0    3    0    2 0.159 121.1 294.9  -6.7  -7.9
1898 518.475    473200 0   29  202   30  204 0.861 105.1 243.8 -14.0 -59.0
1898 518.475    473300 9    2   32    2   25 0.756  68.7 256.1  14.6 -46.7
1898 519.239    473200 1   42  218   33  168 0.761 106.3 244.0 -13.6 -48.7
1898 520.287    473200 2   45  217   28  135 0.591 110.5 244.2 -13.4 -34.7
1898 520.287    473300 9    0   18    0   10 0.426  48.0 259.8  14.9 -19.1
1898 521.174    473200 2   54  209   30  116 0.434 118.9 244.2 -13.6 -23.0
1898 521.174    473300 9    0    3    0    2 0.304  19.7 261.1  15.0  -6.1
1898 522.518    473200 3   35  210   18  108 0.229 159.6 244.7 -13.9  -4.7
1898 522.518   5970300 0    0    7    0    4 0.228  59.7 238.0   5.1 -11.4
1898 523.498    473200 2   34  159   18   82 0.256 212.8 244.6 -13.8   8.2
1898 524.497    473200 2   27  149   15   82 0.420 239.2 245.0 -13.6  21.8
1898 524.497    473500 4    1   25    1   14 0.378 126.8 205.0 -14.3 -18.2
1898 525.120    473200 0   18  113   11   67 0.536 245.8 245.1 -13.7  30.2
1898 525.120    473600 0    0    7    0   15 0.964  83.9 140.5   5.6 -74.4
1898 526.448    473200 0    9   70    7   53 0.756 253.1 245.4 -13.4  48.0
1898 526.448    473500 4   15  115    8   60 0.289 214.7 207.2 -14.8   9.8
1898 526.448    473600 0    0   12    0   11 0.836  82.6 141.0   5.6 -56.4
1898 526.448    473700 0    0   13    0    8 0.511 113.1 168.6 -12.5 -28.8
1898 527.467    473200 0   10   41   11   44 0.881 255.1 245.0 -13.5  61.1
1898 527.467    473500 4    8  105    5   59 0.451 237.5 207.1 -14.9  23.2
1898 527.467    473600 0    0    2    0    2 0.679  80.1 141.6   6.0 -42.3
1898 527.467   5970400 2    0   19    0   11 0.479 110.1 156.7 -10.3 -27.2
1898 528.131    473200 0    0   27    0   41 0.944 256.0 245.5 -13.5  70.3
1898 528.131    473500 4    6   71    4   43 0.560 244.6 206.7 -14.6  31.5
1898 529.131    473500 4    0   27    0   20 0.730 250.3 207.3 -14.7  45.3
1898 529.131    473900 9    0   12    0   16 0.919 110.1  96.4 -18.7 -65.6
1898 530.487    473700 0    0   10    0    6 0.444 241.1 167.5 -12.9  23.5
1898 530.487    473900 9    3   21    3   16 0.748 114.0  98.0 -18.1 -46.0
1898 530.487    474000 9   17  114    9   60 0.326 217.2 155.8 -15.6  11.8
1898 531.091    473700 1    1   26    1   16 0.565 248.3 168.5 -12.4  32.5
1898 531.091    473900 9    0   24    0   17 0.674 117.1  96.8 -18.2 -39.2
1898 531.091    474000 9   64  260   35  142 0.415 232.0 155.8 -15.2  19.8
1898 6 1.650    473700 1    0   17    0   15 0.806 254.8 168.1 -12.4  52.8
1898 6 1.650    473900 9    0   16    0    9 0.425 137.9  97.8 -18.7 -17.5
1898 6 1.650    474000 9   44  241   30  162 0.676 246.9 155.5 -15.6  40.2
1898 6 1.650    474100 9    3   17    2    9 0.186  71.9 105.1   3.0 -10.2
1898 6 1.650    474200 9    5   20    5   20 0.858  77.8  56.8  10.3 -58.5
1898 6 2.607    473700 0    0   16    0   20 0.911 255.8 167.7 -13.0  65.0
1898 6 2.607    473900 9    0    7    0    4 0.302 171.5 100.0 -17.6  -2.7
1898 6 2.607    474000 9   18  119   16  101 0.814 250.6 155.6 -15.8  52.9
1898 6 2.607    474100 9    1   17    1    9 0.063 326.4 104.7   2.8   2.0
1898 6 2.607    474200 9    0   12    0    9 0.717  75.6  57.8  10.1 -44.9
1898 6 3.403    473700 0    0    9    0   17 0.962 256.4 166.0 -13.1  73.8
1898 6 3.403    474000 9    3   30    4   36 0.905 252.8 156.0 -15.6  63.8
1898 6 3.403    474100 9    0   11    0    6 0.243 284.9 105.8   3.5  13.6
1898 6 3.403    474200 9    0   12    0    8 0.638  73.1  53.8  10.6 -38.4
1898 6 3.403    474300 5    5   35    4   27 0.768 289.8 140.6  15.0  48.4
1898 6 4.143    474000 9    0   20    0   38 0.963 254.0 156.1 -15.4  73.8
1898 6 4.143    474200 9    0   14    0    8 0.470  66.8  56.2  10.7 -26.1
1898 6 4.143    474300 0    0   14    0   15 0.879 286.1 142.9  14.1  60.6
1898 6 6.118    474100 9   27   82   23   69 0.800 276.7 109.1   5.5  53.0
1898 6 8.275    474100 9    0    3    0    8 0.979 274.4 106.0   4.4  78.3
1898 611.446   5980100 0    1    7    1    4 0.527 256.1  16.7  -6.5  31.0
1898 614.328    474500 6   23  101   13   56 0.437 298.6 330.7  13.2  23.2
1898 615.599    474500 6   13   81    9   53 0.652 289.6 329.9  13.7  39.2
1898 616.511    474500 6    8   60    7   49 0.794 286.4 330.4  13.9  51.7
1898 616.511    474600 9    3   56    3   43 0.739  68.0 232.9  17.1 -45.8
1898 617.631    474500 6    0   26    0   36 0.931 282.6 332.2  12.3  68.4
1898 617.631    474600 9   36  170   22  104 0.563  60.4 232.9  17.5 -30.9
1898 618.498    474600 9   18  166   10   91 0.398  47.6 234.4  17.2 -17.9
1898 618.498    474800 9    1    8    1    5 0.448  66.4 227.5  11.9 -24.8
1898 618.498   5980200 2    0    6    0    8 0.919 281.5 318.9  11.2  66.6
1898 619.475    474600 9    0   40    0   21 0.270  18.0 234.4  16.7  -5.0
1898 619.475    474800 9    0   23    0   12 0.261  52.6 227.2  10.9 -12.2
1898 620.172    474800 9    0    7    0    4 0.148  10.7 228.5  10.3  -1.6
1898 620.172    474900 0    6   22    9   30 0.920 101.7 163.9 -10.0 -66.2
1898 621.528    474900 1   21  152   16  113 0.740 106.8 166.0 -10.9 -46.2
1898 622.192    474900 0   29  134   19   86 0.618 110.1 167.3 -10.5 -36.2
1898 623.198    474600 0    0   12    0    9 0.711 291.9 233.7  17.0  43.6
1898 623.198    474900 0   21  164   12   91 0.419 121.2 168.7 -10.4 -21.4
1898 624.322    474900 0   25  169   13   87 0.240 159.5 170.4 -10.6  -4.9
1898 625.334    474900 1   27  148   14   77 0.274 214.2 170.8 -10.6   9.0
1898 625.334   5980300 2    0   31    0   16 0.228  66.8 149.6   7.6 -12.2
1898 626.328    474900 1   23  129   13   72 0.443 240.2 171.7 -10.3  23.0
1898 626.328    475100 0    4   17    5   20 0.900  98.4  85.1  -6.4 -63.6
1898 627.241    474900 1   19  106   12   66 0.606 249.2 171.7 -10.2  35.1
1898 627.241    475100 2    8   37    7   31 0.790 100.7  85.2  -6.7 -51.4
1898 627.241   5980400 2   12   42    7   24 0.462 236.9 159.9 -12.1  23.3
1898 627.241   5980500 0    0    7    0    4 0.269 190.2 139.4 -12.6   2.8
1898 628.164    474900 0   13   52   10   40 0.760 253.8 172.2 -10.3  47.9
1898 628.164    475100 1    9   27    6   18 0.655 104.1  84.5  -7.0 -39.8
1898 628.164   5980600 2    0    6    0    4 0.736 104.8  78.2  -8.9 -46.1
1898 629.443    474900 0    6   25    8   31 0.913 257.2 172.3 -10.4  64.9
1898 629.443    475100 2    9   23    5   13 0.396 114.8  86.2  -6.8 -21.2
1898 629.443   5980700 7    0    8    0    5 0.608 246.0 142.0 -11.9  34.6
1898 630.485    474900 0    0   11    0   30 0.982 258.8 172.1 -10.4  78.4
1898 7 1.636    475600 4    0   45    0   23 0.206 161.4  74.6  -8.1  -3.8
1898 7 2.495    475600 4    0   17    0    9 0.259 213.8  75.5  -9.2   8.4
1898 715.536    475700 4    5   44    3   23 0.257  72.9 240.1   8.8 -14.4
1898 716.493    475700 4   13   91    7   46 0.078  23.4 240.0   8.8  -1.8
1898 717.250    475700 4    3   23    2   12 0.143 297.2 239.2   8.5   7.4
1898 719.179    475800 9    0   32    0   74 0.973 103.1 130.8 -11.5 -75.4
1898 720.287    475800 2   28   71   29   73 0.872 106.5 133.0 -11.7 -58.6
1898 721.431    475800 2   16   85   12   62 0.713 111.4 133.9 -11.3 -42.6
1898 722.239    475800 2    0   14    0    9 0.596 117.7 133.2 -11.7 -32.6
1898 722.239    475900 2   13  123    7   62 0.098 123.5 161.1   2.1  -4.7
1898 723.268    475900 2   31  182   16   93 0.194 253.2 162.9   2.0  10.7
1898 724.489    475900 7   39  244   22  135 0.433 263.4 161.5   2.0  25.5
1898 725.255    475900 7   37  117   23   73 0.593 265.6 162.2   1.8  36.3
1898 725.255    476000 7    3   13    3   11 0.766 106.6  77.9  -9.0 -48.0
1898 726.244    475900 9   10   53    8   41 0.765 267.4 162.7   1.6  49.9
1898 726.244    476000 7    7   62    5   40 0.614 113.2  77.9  -9.5 -34.9
1898 727.429   5990100 7    0   18    0    9 0.267 285.4 112.2   9.5  15.1
1898 728.136    476200 9    1    7    1    5 0.598 110.5  53.4  -7.4 -34.4
1898 729.219    476200 9    0   41    0   23 0.431 121.8  51.8  -7.8 -21.7
1898 729.219   5990200 0    0    5    0    4 0.779 252.5 122.4  -9.8  48.9
1898 730.242    476200 9   40  164   21   85 0.265 152.5  52.8  -7.8  -7.1
1898 730.242    476400 5    9   72    7   55 0.750 116.3  15.7 -15.3 -44.2
1898 731.476    476200 4   69  299   36  156 0.283 215.4  53.1  -7.5   9.5
1898 731.476    476400 5   36  281   22  168 0.547 127.5  17.0 -14.2 -26.6
1898 731.476    476500 1   20  111   36  199 0.958  78.1 329.4  13.1 -74.2
1898 8 1.528    476200 4   26  116   15   65 0.464 241.1  53.9  -7.5  24.2
1898 8 1.528    476400 5   49  362   27  197 0.395 151.3  18.4 -14.4 -11.3
1898 8 1.528    476500 1   48  340   47  333 0.851  79.3 330.9  12.2 -58.8
1898 8 1.528    476800 2   10   68   14   91 0.922  78.0 321.8  13.4 -67.9
1898 8 1.528   5990300 0    3   12    1    6 0.285  77.4  13.3   9.3 -16.4
1898 8 1.528   5990400 0    0    8    0    9 0.877  84.6 327.9   7.6 -61.8
1898 8 2.433    476200 4    6   45    4   29 0.629 249.6  54.3  -7.8  36.5
1898 8 2.433    476400 5   60  368   32  196 0.354 181.6  18.4 -14.7   0.6
1898 8 2.433    476500 1  116  525   83  375 0.710  79.5 332.3  11.7 -45.5
1898 8 2.433    476800 3   17  108   15   93 0.809  77.4 323.4  13.7 -54.4
1898 8 2.433    476900 6   16  128   35  274 0.970 104.9 303.8 -12.8 -74.0
1898 8 3.625    476200 4    0    7    0    7 0.842 257.3  57.9  -7.3  55.9
1898 8 3.625    476400 5   57  362   32  201 0.435 218.2  18.1 -14.1  16.1
1898 8 3.625    476500 1  122  683   70  391 0.484  78.3 333.1  11.0 -28.9
1898 8 3.625    476800 1   11   89    7   57 0.616  75.4 324.1  13.8 -37.9
1898 8 3.625    476900 6   88  485  102  560 0.898 107.4 300.6 -12.7 -61.4
1898 8 4.298    476400 4   75  356   44  207 0.520 230.0  17.3 -13.9  24.2
1898 8 4.298    476500 1  159  649   85  346 0.342  75.3 333.4  10.8 -19.7
1898 8 4.298    476800 1    0   24    0   14 0.503  72.3 323.5  14.2 -29.6
1898 8 4.298    476900 6  135  670  121  598 0.824 109.8 300.5 -12.5 -52.6
1898 8 5.411    476400 4   49  333   34  228 0.686 242.9  17.3 -13.4  38.9
1898 8 5.411    476500 1  145  712   73  358 0.096  45.5 334.4  10.1  -4.0
1898 8 5.411    476900 6  166 1008  111  672 0.664 116.8 301.0 -12.5 -37.4
1898 8 6.209    476400 4   19  173   16  142 0.795 248.6  17.1 -12.8  49.4
1898 8 6.209    476500 1  148  714   75  360 0.130 302.7 334.1  10.3   6.4
1898 8 6.209    476900 6  251 1330  150  794 0.542 124.8 300.6 -12.4 -27.1
1898 8 7.213    476400 4    0   12    0   15 0.917 252.5  18.5 -13.3  64.0
1898 8 7.213    476500 1  103  582   55  309 0.345 281.4 334.6   9.9  20.1
1898 8 7.213    476900 6  202 1228  110  666 0.386 146.2 301.8 -12.5 -12.7
1898 8 8.304    476500 1  101  531   62  323 0.574 278.8 335.3  10.3  35.2
1898 8 8.304    476900 6  271 1150  143  607 0.320 189.5 303.2 -12.0   3.1
1898 8 9.501    476500 1   65  380   51  298 0.775 278.2 335.6  10.4  51.3
1898 8 9.501    476900 6  206 1029  116  578 0.462 229.8 305.4 -11.3  21.1
1898 810.206    476500 1   58  314   59  318 0.874 278.3 336.5  10.4  61.5
1898 810.206    476900 6  140  795   87  494 0.597 240.5 307.0 -11.6  32.0
1898 811.446    476500 1   13  105   29  229 0.973 279.1 336.1  10.3  77.6
1898 811.446    476900 6   71  493   57  395 0.789 250.4 307.7 -11.1  49.2
1898 811.446    477000 6   15   71    8   37 0.247  71.5 244.7  10.9 -13.8
1898 811.446    477100 5    1   10    1    6 0.432 136.2 240.7 -11.9 -17.8
1898 812.419    476900 6   41  258   48  299 0.903 254.5 308.1 -11.0  62.4
1898 812.419    477000 6   55  261   28  131 0.059   0.0 245.7  10.0   0.0
1898 812.419    477100 5   13   60    7   32 0.323 162.1 239.9 -11.3  -5.8
1898 813.452    476900 0   11   89   28  220 0.981 258.7 309.5  -9.7  77.5
1898 813.452    477000 6  128  799   66  411 0.240 284.8 245.6  10.0  13.6
1898 813.452    477100 5    9   73    5   39 0.326 201.8 239.1 -11.0   7.1
1898 814.528    477000 6   96  566   54  318 0.464 279.4 245.5  10.3  27.7
1898 814.528    477100 5    7   33    4   19 0.457 228.0 238.1 -11.5  20.3
1898 814.528   6000100 1    0   15    0    8 0.258 286.0 232.4  10.6  14.6
1898 815.532    477000 6   73  477   49  317 0.661 277.6 246.3  10.1  41.7
1898 815.532    477100 5    3   15    2   10 0.617 241.9 238.3 -11.3  33.7
1898 816.514    477000 6   50  334   43  284 0.817 277.6 246.9  10.1  55.3
1898 816.514    477100 5    2   10    2    8 0.767 248.5 238.4 -11.7  46.8
1898 817.616    477000 6   29  143   38  184 0.927 278.3 245.8  10.2  68.7
1898 817.616    477300 2    0   11    0   10 0.838 250.1 230.9 -12.6  53.8
1898 818.435    477000 6   13   50   26   98 0.968 279.0 242.5  10.4  76.4
1898 819.478    477300 0    0    7    0   20 0.983 256.9 230.1 -11.5  77.7
1898 821.541   6000200 2    0   15    0    8 0.260 226.6 136.1  -3.4  10.9
1898 822.647    477500 9   12   66    8   42 0.625 254.2 147.7  -4.2  37.1
1898 822.647    477600 9    0   10    0    6 0.541 233.3 137.0 -12.6  26.4
1898 823.508    477500 2   12   83   10   65 0.773 258.8 148.7  -4.1  49.5
1898 823.508    477600 9    0   24    0   16 0.670 243.3 136.9 -12.0  37.7
1898 827.244    477700 2   23  167   13   92 0.415 134.5  32.3 -10.1 -17.5
1898 827.244    477800 0   34  145   48  202 0.929  81.1 340.7  10.9 -69.1
1898 828.495    477700 2   13   69    7   36 0.294 178.3  32.8  -9.9  -0.5
1898 828.495    477800 0   39  224   32  181 0.779  81.6 341.6  11.0 -51.7
1898 829.255    477800 0   38  255   26  171 0.663  81.7 341.3  10.9 -41.9
1898 830.435    477800 0   39  239   22  134 0.440  79.0 341.6  11.3 -26.1
1898 831.530    477800 0   42  247   22  127 0.215  68.5 341.4  11.6 -11.8
1898 831.530   6010100 2    2   26    1   13 0.119  23.4 350.4  13.5  -2.8
1898 9 1.615    477800 0   35  241   18  121 0.090 327.9 341.7  11.6   2.8
1898 9 1.615   6010200 7    2   34    2   31 0.834 252.8  32.9 -10.1  54.0
1898 9 2.483    477800 0   46  261   24  135 0.252 287.2 341.5  11.3  14.2
1898 9 3.438    477800 0   39  233   22  130 0.448 280.3 341.4  11.1  26.7
1898 9 3.438    478100 7   96  468  210 1014 0.971 104.9 240.6 -12.6 -74.1
1898 9 4.476    477800 0   33  194   22  126 0.649 279.1 341.8  11.4  40.8
1898 9 4.476    478100 7  182  969  206 1092 0.894 108.0 240.4 -12.6 -60.6
1898 9 5.649    477800 0   24  115   21  100 0.822 278.6 341.4  11.2  55.9
1898 9 5.649    478100 7  286 1360  219 1041 0.754 113.2 240.3 -12.2 -45.2
1898 9 6.428    477800 0   14   88   17  105 0.907 279.1 341.1  11.3  65.9
1898 9 6.428    478100 7  327 1710  215 1123 0.645 118.2 239.7 -11.9 -35.5
1898 9 7.648    477800 0    0   24    0   75 0.986 280.8 341.0  11.8  81.8
1898 9 7.648    478100 7  425 2577  239 1449 0.463 133.5 239.1 -11.8 -20.1
1898 9 8.480    478100 7  523 3329  280 1782 0.361 152.8 238.5 -11.6  -9.7
1898 9 9.624    478100 7  651 3806  344 2011 0.335 194.8 238.1 -11.7   5.0
1898 9 9.624   6010300 0    0   10    0    6 0.358 226.9 248.4  -7.2  15.3
1898 9 9.624   6010400 0    0    7    0    4 0.434 175.2 230.9 -18.4  -2.2
1898 910.444    478100 6  666 4102  363 2235 0.410 218.2 237.2 -11.8  15.0
1898 911.435    478100 6  582 3652  351 2201 0.568 236.7 238.2 -11.9  29.0
1898 912.477    478100 6  347 2477  257 1830 0.739 246.0 239.1 -12.3  43.7
1898 913.628    478100 6  261 1855  266 1888 0.879 252.0 238.9 -12.1  58.7
1898 913.628    478400 9    1   46    1   24 0.270  90.5 164.4   6.8 -15.8
1898 914.433    478100 6  131 1240  208 1968 0.950 254.6 239.1 -12.2  69.5
1898 914.433    478400 6   43  235   22  118 0.072 113.7 165.8   5.5  -3.8
1898 914.433    478500 4    0    5    0    3 0.315 198.8 175.5 -10.2   5.9
1898 915.441    478100 6    6  159   23  597 0.992 256.7 237.3 -12.2  81.0
1898 915.441    478400 6   66  486   34  247 0.172 260.3 166.1   5.4   9.8
1898 915.441    478500 4   12   54    7   30 0.435 227.3 175.3 -10.4  19.0
1898 916.479    478400 6   58  429   32  234 0.404 266.5 166.5   5.1  23.9
1898 916.479    478600 6   23  122   16   83 0.675 106.4 102.0  -5.6 -40.6
1898 917.404    478400 6   35  210   22  131 0.600 268.0 167.4   4.5  37.0
1898 917.404    478500 0    0    6    0    5 0.776 250.1 178.3 -10.6  47.9
1898 917.404    478600 6   22  160   13   92 0.491 115.6 104.0  -5.9 -26.4
1898 918.251    478400 6   14   85   11   65 0.756 269.6 168.5   4.3  49.3
1898 918.251    478600 6   43  303   23  161 0.338 130.4 104.2  -5.8 -15.0
1898 919.402    478400 6    0   10    0   11 0.896 271.1 167.9   4.1  63.9
1898 919.402    478600 6   42  230   22  118 0.223 190.3 106.3  -5.6   2.3
1898 920.634    478600 6   38  243   21  132 0.395 239.1 107.6  -5.1  19.9
1898 921.627    478600 6   42  242   26  147 0.578 250.5 107.8  -5.3  33.2
1898 922.256    478600 6   37  206   26  142 0.692 254.5 108.4  -5.5  42.1
1898 923.443    478600 6   14  163   14  157 0.856 259.8 108.4  -5.1  57.8
1898 924.493    478600 6    0   79    0  122 0.948 262.0 107.4  -5.3  70.6
1898 924.493    478700 9    4   36    3   24 0.634  90.4 357.3   5.1 -39.5
1898 925.440    478700 9    0   46    0   26 0.439  93.3 358.2   4.7 -26.1
1898 926.398    478700 9    0   32    0   17 0.300  96.0 354.2   4.7 -17.4
1898 927.402    478700 9    0   19    0   10 0.064 125.9 355.4   4.6  -3.0
1898 927.402    478800 9   16   77   12   55 0.703  80.0 313.4  11.8 -45.0
1898 928.404    478800 5   62  290   37  173 0.535  78.4 312.8  11.9 -32.4
1898 928.404    478900 0    9   55   31  172 0.985  97.1 265.9  -5.8 -79.3
1898 929.413    478800 5  148  819   79  436 0.334  73.7 312.7  11.7 -19.1
1898 929.413    478900 0   17  126   23  168 0.926  99.3 265.0  -6.0 -66.8
1898 929.413    479000 0   13   78   26  150 0.964  99.7 258.4  -7.5 -73.4
1898 930.156    478800 5  137  776   70  395 0.187  61.9 312.3  11.6  -9.7
1898 930.156    478900 0   32  211   32  206 0.857 100.9 264.2  -5.8 -57.8
1898 930.156    479000 0   25   91   32  113 0.912 101.1 257.5  -7.3 -64.5
1898 930.156    479100 7    0  180    0  716 0.991 103.5 241.6 -12.3 -80.4
189810 1.419    478800 5   95  596   48  301 0.146 306.3 312.3  11.5   6.9
189810 1.419    478900 0   49  309   34  211 0.675 106.1 264.7  -5.8 -40.7
189810 1.419    479000 0   26  125   21   98 0.761 105.2 257.7  -7.1 -47.7
189810 1.419    479100 7  101  707  132  919 0.921 105.8 240.6 -11.8 -64.8
189810 2.474    478800 5   65  398   35  213 0.365 286.1 312.4  11.9  21.0
189810 2.474    478900 2   45  307   26  177 0.492 113.7 264.5  -5.6 -26.9
189810 2.474    479000 0   32  125   20   77 0.585 111.4 258.1  -6.9 -33.3
189810 2.474    479100 7  154  965  133  829 0.810 110.0 240.3 -12.0 -51.1
189810 3.421    478800 5   36  179   22  107 0.556 281.4 312.7  11.7  33.8
189810 3.421    478900 0   37  251   20  133 0.318 129.9 264.7  -5.5 -14.2
189810 3.421    479000 2   21  116   12   64 0.410 123.2 258.7  -6.9 -20.2
189810 3.421    479100 7  194 1221  132  828 0.679 115.2 240.0 -11.8 -38.9
189810 4.228    478800 5   12   76    9   54 0.713 280.4 314.2  11.9  45.8
189810 4.228    478900 0   46  250   24  128 0.214 163.0 264.8  -5.4  -3.6
189810 4.228    479000 0    1  110    1   58 0.289 144.6 258.7  -7.3  -9.7
189810 4.228    479100 7  249 1420  150  854 0.553 123.2 240.2 -12.0 -28.2
189810 4.228    479200 0    0    5    0    3 0.061 276.5 271.9   6.8   3.5
189810 5.166    478800 5    0    5    0    5 0.839 279.6 313.6  11.5  57.6
189810 5.166    478900 0   40  229   21  118 0.251 216.9 264.7  -5.3   8.7
189810 5.166    479000 0   11   87    6   45 0.244 193.1 259.2  -7.4   3.2
189810 5.166    479100 7  207 1405  114  771 0.412 139.7 240.2 -12.2 -15.8
189810 5.166    479200 4   13   91    7   47 0.257 281.2 270.8   9.0  14.8
189810 6.205    478900 0   29  209   16  115 0.423 243.4 264.6  -5.1  22.3
189810 6.205    479000 0    3   16    2    9 0.377 232.7 259.9  -7.2  17.6
189810 6.205    479100 7  201 1314  106  693 0.321 173.6 240.2 -12.3  -2.1
189810 6.205    479200 4   10   53    6   31 0.493 276.5 272.0   8.7  29.7
189810 6.205    479300 0    0    7    0    4 0.373 202.9 250.9 -13.9   8.6
189810 7.257    478900 9   25  116   16   74 0.619 254.4 265.1  -4.6  36.7
189810 7.257    479100 7  239 1195  129  643 0.372 213.4 240.5 -12.0  12.1
189810 7.257    479200 4    0   37    0   26 0.702 277.8 273.3   9.9  44.9
189810 7.257    479300 0    0    8    0    5 0.499 227.3 250.6 -14.0  22.2
189810 7.257    479400 7    0    8    0   21 0.978 105.4 152.3 -13.6 -76.1
189810 8.258    478900 9   12   36   10   29 0.779 258.4 265.2  -5.1  50.0
189810 8.258    479100 7  149  892   87  519 0.518 234.1 240.6 -12.1  25.4
189810 8.258    479400 7    6   52    8   64 0.910 108.1 152.3 -13.7 -62.9
189810 8.258    479500 9    0    1    0    3 0.939 107.4 147.7 -14.0 -67.5
189810 9.154    478900 9    2   15    3   17 0.890 260.3 265.2  -5.8  61.8
189810 9.154    479100 7  121  658   80  434 0.657 243.9 240.5 -12.0  37.1
189810 9.154    479400 9   27  142   23  119 0.798 111.1 153.6 -12.8 -49.8
189810 9.154    479500 9    0    7    0    7 0.844 107.7 148.3 -11.4 -55.1
189810 9.154   6020100 0    1    9    2   13 0.940 108.8 136.0 -15.4 -67.4
18981010.198    479100 7   74  449   62  374 0.808 250.5 240.7 -11.9  51.1
18981010.198    479400 0   21  176   14  114 0.636 119.7 155.0 -13.4 -34.6
18981010.198    479500 9    0    8    0    6 0.705 113.3 148.2 -11.7 -41.4
18981011.183    479100 7   42  243   51  294 0.912 253.6 240.2 -12.3  63.6
18981011.183    479400 0   36  159   21   91 0.484 132.3 155.0 -13.5 -21.6
18981011.183    479500 9    0   11    0    7 0.553 123.0 148.3 -12.3 -28.3
18981012.422    479100 7   12   74   42  252 0.990 256.3 240.7 -12.7  80.5
18981012.422    479400 4   20  114   11   61 0.337 165.4 155.2 -13.2  -5.0
18981013.171    479400 4   13   60    7   32 0.347 195.9 155.9 -13.7   5.6
18981013.171    479700 4    0    6    0   12 0.957  80.1  76.4  11.1 -73.9
18981014.520    479400 4    1   41    1   24 0.502 229.1 155.5 -13.9  23.0
18981014.520    479700 4    6   54    6   51 0.843  79.5  74.6  11.9 -57.9
18981015.171    479700 4    1   48    1   38 0.763  79.1  73.9  12.0 -50.0
18981015.171   6020200 0    0    7    0    4 0.407 274.5 148.0   7.0  24.1
18981016.178    479400 0    0    2    0    2 0.702 245.5 151.7 -12.7  40.9
18981016.178    479700 4    0   28    0   18 0.615  78.1  72.9  11.7 -37.9
18981017.452    479700 4    0   76    0   42 0.399  69.8  71.3  13.0 -22.6
18981017.452    479900 0    0   11    1   12 0.880 107.3  34.5 -12.4 -59.4
18981018.620    479900 0    2   13    2   10 0.734 112.1  34.4 -12.2 -44.1
18981019.216    479900 0    3   10    2    7 0.648 116.3  34.1 -12.4 -36.5
18981020.443    480000 0    0    8    0    5 0.454  87.3  27.4   5.9 -27.1
18981021.257    480000 0    3    9    2    5 0.268  85.4  28.1   6.2 -15.6
18981022.161    480100 6    0   54    0  249 0.992  75.4 307.8  15.1 -84.0
18981023.527    480100 6   99  901  123 1117 0.911  75.8 307.6  15.0 -66.1
18981024.478    480100 6  194 1392  166 1190 0.810  75.0 307.1  15.0 -54.1
18981025.134    480100 6  277 1502  203 1099 0.727  73.7 306.3  15.1 -46.3
18981025.134    480200 7    0    9    0   18 0.965  83.6 277.3   7.4 -75.3
18981026.191    480100 6  279 1541  170  937 0.558  69.4 305.9  15.3 -32.8
18981026.191    480200 7   23  109   25  114 0.873  84.3 277.6   7.3 -61.1
18981027.393    480100 6  273 1582  146  844 0.344  56.3 305.5  15.4 -17.3
18981027.393    480200 7   34  125   25   90 0.715  85.5 277.0   6.4 -45.8
18981027.393    480300 9    1    6    1    6 0.854 100.0 265.1  -6.1 -57.7
18981028.405    480100 6  211 1268  108  647 0.195  19.6 305.5  15.1  -3.9
18981028.405    480200 7   28  136   17   81 0.523  84.9 277.8   6.5 -31.6
18981028.405    480300 9    0    6    0   16 0.686 106.5 267.8  -7.9 -41.6
18981028.405    480400 0    8   29   13   48 0.949 105.5 239.4 -13.2 -70.0
18981029.193    480100 6  193 1238   99  633 0.211 331.9 305.0  15.1   5.9
18981029.193    480200 7   22   98   12   53 0.357  82.7 278.2   6.7 -20.9
18981029.193    480400 0    4   33    5   37 0.887 107.8 238.8 -13.6 -60.3
18981029.193    480500 1    5   63    8   93 0.936 106.0 231.5 -13.3 -67.6
18981030.318    480100 6  133  965   72  520 0.385 298.4 304.7  14.6  20.5
18981030.318    480200 7   27   87   14   44 0.098  64.5 279.1   6.7  -5.1
18981030.318    480400 0    0    7    0    6 0.756 112.0 238.1 -13.5 -46.1
18981030.318    480500 1   22  181   19  156 0.810 108.8 232.4 -12.5 -51.8
18981031.528    480100 6   84  502   52  309 0.595 288.7 303.8  14.4  35.6
18981031.528    480200 7   17   72    9   37 0.205 280.2 279.9   6.2  11.7
18981031.528    480500 1   28  160   18  101 0.607 115.2 234.1 -11.5 -34.1
189811 1.527    480100 6   37  278   29  213 0.756 285.4 304.0  14.3  48.8
189811 1.527    480200 7   18   58   10   32 0.421 275.4 280.1   6.0  24.9
189811 1.527    480400 0    0    7    0    4 0.375 140.0 240.9 -12.7 -14.3
189811 1.527    480500 1   18   89   10   49 0.409 127.7 236.0 -10.6 -19.2
189811 1.527    480600 9    0   15    0    9 0.466 134.4 235.0 -15.2 -20.2
189811 1.527    480700 7   42  337   34  268 0.770  83.1 204.7   7.9 -50.5
189811 2.184    480100 6   36  192   34  179 0.847 284.2 304.4  14.1  57.9
189811 2.184    480200 7    8   26    5   16 0.555 275.2 280.3   6.2  33.8
189811 2.184    480500 1   15   78    8   41 0.309 144.9 236.1 -10.7 -10.4
189811 2.184    480600 9    0   14    0    8 0.393 149.4 234.5 -15.9 -12.0
189811 2.184    480700 7   93  530   63  359 0.674  83.4 204.0   7.4 -42.5
189811 2.184    480800 7    1   55    5  165 0.984 100.8 167.7  -9.9 -78.8
189811 3.229    480100 6    5   33    8   48 0.944 284.2 303.8  14.7  71.1
189811 3.229    480200 7    4   16    3   12 0.737 275.3 280.3   6.5  47.6
189811 3.229    480500 1    9   31    5   16 0.254 195.7 236.7 -10.3   4.0
189811 3.229    480600 9   13   58    7   31 0.355 186.2 235.0 -16.8   2.3
189811 3.229    480700 7  129  833   74  475 0.481  82.7 204.0   6.9 -28.7
189811 3.229    480800 7    0   59    0   76 0.921 103.6 167.0 -10.9 -65.7
189811 4.409    480500 0    5   14    3    8 0.403 235.9 236.9  -9.5  19.8
189811 4.409    480600 9    7   24    4   14 0.466 222.3 236.2 -16.6  19.1
189811 4.409    480700 8  163  927   84  477 0.226  75.2 204.4   7.0 -12.7
189811 4.409    480800 7   34  242   28  196 0.780 106.9 167.7 -10.7 -49.4
189811 5.443    480500 0    3   16    2   10 0.590 248.4 237.2  -9.5  33.8
189811 5.443    480700 5  185 1071   93  536 0.052 336.4 204.6   6.4   1.2
189811 5.443    480800 7   14  174    9  112 0.621 112.7 167.7 -10.9 -35.7
189811 5.443    480900 2   22  148   15   99 0.648  86.3 162.9   5.2 -40.5
189811 6.166    480500 0    5   13    4   10 0.721 253.2 238.3  -9.5  44.4
189811 6.166    480700 5  225 1333  115  680 0.202 287.1 205.1   6.9  11.2
189811 6.166    480800 7   22   96   13   56 0.502 118.8 167.3 -10.8 -26.6
189811 6.166    480900 2   85  389   50  227 0.511  85.6 163.1   5.3 -30.8
189811 7.451    480700 5  172 1122   98  636 0.483 277.8 205.7   6.8  28.8
189811 7.451    480800 7    0   34    0   18 0.254 157.8 171.3 -10.2  -5.6
189811 7.451    480900 9   56  331   29  170 0.220  81.2 164.3   5.3 -12.6
189811 8.515    480700 5  140  667   98  464 0.701 275.6 207.5   6.3  44.6
189811 8.515    480800 7    3   88    2   46 0.273 211.8 171.3 -10.1   8.4
189811 8.515    480900 5   45  297   23  149 0.070 307.8 166.1   5.8   3.2
189811 9.284    480700 1  119  531  104  464 0.820 275.3 208.0   6.2  55.2
189811 9.284    480800 7    0   73    0   40 0.397 235.1 172.1 -10.1  19.3
189811 9.284    480900 5   36  241   19  124 0.237 281.3 166.3   5.8  13.5
18981110.187    480700 1   93  368  119  470 0.923 274.8 208.5   5.6  67.6
18981110.187    480800 7    0   10    0    6 0.532 243.8 170.0 -10.9  29.1
18981110.187    480900 5   32  142   18   80 0.466 274.8 168.7   5.0  27.8
18981110.187    481000 2    0    9    0    9 0.860 100.0  82.3  -7.0 -58.6
18981111.529    480800 7    2   39    2   29 0.750 251.7 169.8 -11.6  46.6
18981111.529    480900 5   10   41    8   30 0.730 274.0 170.2   5.0  47.0
18981111.529    481000 8   26  159   18  108 0.663 104.1  82.8  -7.0 -40.4
18981111.529    481100 9    1   24    1   13 0.316 208.2 132.0 -13.2   8.8
18981112.203    480800 7    3   20    3   20 0.870 256.2 173.6 -10.5  59.3
18981112.203    480900 0    5   23    5   21 0.840 274.3 171.5   5.2  57.2
18981112.203    481000 6   18  146   11   88 0.541 105.7  82.7  -6.0 -31.6
18981112.203    481100 0    1   18    1   10 0.418 230.8 133.7 -12.6  19.4
18981113.507    480800 7    2   27    6   60 0.976 257.9 173.8 -11.2  76.7
18981113.507    481000 6   13  155    7   81 0.276 125.3  84.0  -6.5 -13.1
18981114.445    481000 6   25  187   13   95 0.155 178.1  84.4  -6.3  -0.3
18981115.188    481000 6   13  112    7   58 0.238 228.4  85.2  -6.6  10.3
18981116.243    481000 6    3   34    2   19 0.449 250.4  86.3  -6.5  25.2
18981117.191   6030100 2    0   15    0    9 0.556  85.3  14.8   4.5 -33.8
18981118.443    481300 5   10   65    7   43 0.637 115.7 355.7 -14.3 -36.3
18981119.485    481300 5   47  246   27  139 0.459 127.1 356.1 -14.2 -22.2
18981120.185    481300 5   52  225   28  120 0.339 141.3 356.5 -13.5 -12.6
18981121.265    481300 5   30  170   16   88 0.265 185.1 356.3 -13.5   1.4
18981122.439    481300 5   22  114   12   62 0.392 230.6 357.5 -12.8  18.1
18981123.257    481300 5   20   96   12   57 0.531 242.0 357.4 -13.1  28.8
18981124.223    481300 5   17  106   12   73 0.678 248.8 356.4 -13.1  40.5
18981125.486    481300 5   11   69   11   66 0.855 253.7 356.7 -13.2  57.4
18981126.218    481300 5   12   55   17   75 0.926 254.4 356.4 -14.0  66.8
18981126.218   6040100 2    0   16    0    9 0.216 308.7 299.4   8.9   9.8
18981127.191    481500 0    0    5    0    3 0.436 120.4 254.2 -11.8 -22.6
18981127.191    481600 0    0    3    1    5 0.919  84.4 210.1   5.6 -66.7
18981127.191    481700 0   46  126   98  265 0.967  98.2 201.8  -7.7 -75.0
18981128.238    481500 0    0    3    0    2 0.277 134.5 251.0 -10.3 -11.6
18981128.238    481600 0    2   13    2   11 0.788  84.1 210.7   5.2 -51.9
18981128.238    481700 0   45  292   49  312 0.882  99.2 201.2  -7.7 -61.4
18981129.243    481600 7    1   26    1   17 0.626  83.1 211.1   4.9 -38.6
18981129.243    481700 0   50  280   39  215 0.753 101.2 201.5  -7.9 -48.2
18981130.429    481600 7    3   55    2   30 0.368  80.2 212.8   4.2 -21.3
18981130.429    481700 1   50  315   30  188 0.539 104.7 202.4  -7.3 -31.7
189812 1.328    481600 7    5   51    3   26 0.184  70.7 212.3   4.0 -10.0
189812 1.328    481700 0   92  319   50  173 0.374 112.7 201.9  -7.8 -20.4
189812 2.293    481600 7    0   15    0    8 0.104 330.9 212.4   5.6   2.9
189812 2.293    481700 0   57  340   29  173 0.193 137.8 202.0  -7.8  -7.5
189812 2.293    481900 1   50  182  131  471 0.978 102.5 131.9 -12.1 -77.6
189812 2.293   6040200 7    0   16    0    9 0.283  95.3 193.1  -1.1 -16.4
189812 3.304    481700 0   53  278   27  141 0.176 216.8 202.3  -7.8   6.1
189812 3.304    481900 1   71  391   87  477 0.909 103.7 131.5 -12.3 -64.7
189812 4.459    481700 2   49  255   27  138 0.387 249.1 202.3  -7.8  21.4
189812 4.459    481900 1  113  573   88  446 0.765 106.3 132.2 -12.3 -48.7
189812 5.178    481700 2   39  230   23  135 0.534 254.9 202.9  -8.0  31.4
189812 5.178    481900 1  123  627   83  422 0.665 109.0 131.4 -12.5 -40.1
189812 6.300    481700 2   35  156   26  114 0.733 259.4 203.4  -7.8  46.7
189812 6.300    481900 1  123  788   70  447 0.469 117.0 131.4 -12.4 -25.3
189812 7.000         0 0    0    0    0    0 0.000   0.0   0.0   0.0   0.0
189812 8.182    481700 2    9   41   15   65 0.947 262.8 203.0  -6.9  71.1
189812 8.182    481900 7   82  783   42  400 0.214 179.5 131.8 -12.7  -0.1
189812 9.488    481900 7  109  566   58  301 0.353 234.5 131.8 -12.3  17.1
18981210.184    481900 7  115  549   66  313 0.479 244.6 131.9 -12.4  26.3
18981210.184   6040300 7    0   11    0   11 0.892 259.0 168.4 -10.1  62.8
18981211.186    481900 7   72  360   48  238 0.657 251.8 132.1 -12.4  39.7
18981212.319    481900 7   49  277   42  238 0.821 255.5 131.9 -12.4  54.5
18981213.276    481900 2   27  125   36  164 0.929 256.7 132.7 -12.7  67.9
18981216.262    482100 0    0    8    0   14 0.949  79.2 314.3   9.8 -71.1
18981217.196    482100 2    6   23    6   23 0.866  78.1 314.0   9.5 -59.2
18981219.223    482200 1   13   52   13   51 0.850  80.4 288.7   7.2 -57.7
18981220.166    482200 1    9   45    7   33 0.713  78.0 289.4   7.2 -44.7
18981229.189    482300 2    1   21    1   13 0.566 107.2 181.6 -12.1 -33.6
18981229.189   6050100 0    2   18    2   19 0.887 101.5 152.7 -11.6 -62.5
18981230.458    482300 2    3   35    2   19 0.337 116.2 180.5 -11.5 -18.0
18981231.192    482300 4   23  154   12   79 0.202 136.4 180.7 -11.6  -8.2
