1897 1 1.502    449100 5   48  267   32  175 0.636 106.3  47.9 -12.9 -38.8
1897 1 1.502    449200 9    7   38    4   20 0.308 209.8  96.0 -18.8   9.3
1897 1 1.502    449300 0   14   82   17  100 0.909  96.6  21.1  -7.4 -65.6
1897 1 1.502   5780500 7    0   27    0   14 0.447 248.4 111.9 -12.5  25.2
1897 1 1.502   5780600 0    0    7    0    4 0.216 226.6  95.9 -11.8   9.2
1897 1 1.502   5780700 2    1   11    1    7 0.598  85.9  50.1  -0.2 -36.6
1897 1 2.239    449100 5   46  298   27  174 0.504 110.5  47.9 -13.2 -29.0
1897 1 2.239    449300 0   26  107   24   96 0.825  96.3  21.2  -7.1 -55.7
1897 1 3.134    449100 5   56  296   30  157 0.329 119.8  48.2 -12.8 -17.0
1897 1 3.134    449300 0   30  127   21   89 0.692  95.8  21.3  -6.6 -43.9
1897 1 3.134    449700 0   24  123   50  255 0.967  98.0 349.6  -8.6 -75.6
1897 1 4.204    449100 5   49  313   25  159 0.170 164.9  48.5 -13.1  -2.6
1897 1 4.204    449300 0   17   98   10   57 0.490  97.0  21.8  -6.6 -29.3
1897 1 4.204    449700 6  124 1090  189 1652 0.940  96.7 340.8  -7.5 -70.3
1897 1 5.326    449100 5   44  268   23  139 0.268 233.7  49.1 -12.8  12.8
1897 1 5.326    449200 9    6  100    6   98 0.865 249.8  95.6 -19.3  59.3
1897 1 5.326    449300 0   17   81    9   42 0.236 102.9  22.9  -6.7 -13.4
1897 1 5.326    449700 6  312 2575  280 2309 0.827  96.4 340.3  -7.4 -56.0
1897 1 6.466    449100 5   36  202   21  115 0.492 251.1  49.8 -12.6  28.5
1897 1 6.466    449200 9    2   29    4   52 0.961 251.4  95.6 -18.9  74.3
1897 1 6.466    449300 9    5   27    3   14 0.060 219.8  23.5  -6.5   2.2
1897 1 6.466    449700 6  591 3801  393 2527 0.659  96.8 340.0  -7.4 -41.3
1897 1 7.479    449100 5   19  122   13   82 0.674 255.0  49.9 -13.0  41.9
1897 1 7.479    449300 9    3   57    2   30 0.291 261.4  24.8  -6.3  16.8
1897 1 7.479    449700 6  740 4480  416 2516 0.455  98.5 341.0  -7.4 -27.0
1897 1 8.277    449100 5   26  123   22  102 0.796 256.6  50.1 -13.1  52.7
1897 1 8.277    449700 6 1129 5261  589 2743 0.281  99.5 341.2  -6.6 -16.2
1897 1 9.228    449100 5   12   82   15   96 0.904 257.4  50.0 -13.2  65.0
1897 1 9.228    449700 6  858 4681  430 2345 0.062 132.9 342.4  -6.6  -2.6
1897 110.204    449100 5    0   32    0   70 0.974 258.0  49.7 -12.6  77.6
1897 110.204    449700 6  683 4430  348 2257 0.199 257.5 343.4  -6.7  11.3
1897 111.190    449700 6  687 4639  376 2536 0.414 264.0 343.6  -6.5  24.5
1897 111.190   5790100 7    6   35    3   18 0.205 334.5 324.2   6.3   5.1
1897 112.247    449700 6  663 4024  419 2542 0.622 264.9 343.8  -6.7  38.6
1897 113.298    449700 6  482 2813  396 2309 0.794 265.6 344.1  -6.3  52.8
1897 113.298    449900 7   33  227   91  619 0.983 108.5 211.0 -19.0 -80.3
1897 114.227    449700 6  256 1672  289 1883 0.900 265.7 343.5  -5.9  64.4
1897 114.227    449900 7   43  329   55  418 0.918 109.3 212.3 -19.6 -66.8
1897 114.227    450000 7   10   52   17   87 0.952  97.3 206.5  -8.4 -72.6
1897 115.469    449700 6   98  714  255 1841 0.984 264.9 342.7  -5.9  80.0
1897 115.469    449900 7   77  501   63  410 0.786 111.0 211.6 -19.4 -51.1
1897 115.469    450000 7   18   88   17   80 0.831  96.8 206.2  -8.3 -56.5
1897 115.469    450100 9    7   37    4   19 0.138 208.0 266.5 -11.8   3.8
1897 115.469    450200 2    3   30    4   39 0.921  99.6 195.1 -10.7 -67.6
1897 116.212    449900 7   53  650   37  447 0.677 112.9 211.7 -19.0 -41.3
1897 116.212    450000 7   21  119   16   87 0.728  96.1 206.1  -7.8 -46.9
1897 116.212    450100 9   15   79    8   41 0.274 241.8 267.3 -12.2  14.3
1897 116.212    450200 0    5   26    5   25 0.854  97.9 194.0  -9.3 -59.0
1897 116.212   5790200 2    0   15    0   13 0.813 109.0 199.0 -18.3 -54.0
1897 117.206    449900 7  102  575   60  336 0.512 119.2 211.7 -18.9 -28.2
1897 117.206    450000 7   34  141   21   85 0.550  96.6 206.4  -7.8 -33.5
1897 117.206    450100 9    0   12    0    7 0.490 253.1 268.6 -12.6  28.7
1897 117.206    450200 0    4   27    3   20 0.712  98.6 194.3  -9.6 -45.6
1897 117.206   5790300 0    2   14    2   11 0.795 286.0 290.7   9.5  50.8
1897 118.214    449900 7   99  531   53  284 0.350 134.5 211.3 -19.1 -15.3
1897 118.214    450000 7   28  101   15   54 0.348  99.3 206.3  -8.0 -20.3
1897 118.214    450100 9    3   24    2   16 0.654 255.2 267.2 -13.5  40.6
1897 118.214    450200 0    0    8    0    5 0.533 100.7 194.5 -10.0 -32.1
1897 119.188    449900 7   62  448   32  231 0.245 169.5 211.1 -19.1  -2.7
1897 119.188    450000 7   19   71   10   36 0.145 115.4 206.2  -8.7  -7.6
1897 119.188    450100 9   12   89   10   74 0.790 257.5 266.1 -13.0  52.3
1897 120.198    449900 7   44  449   23  234 0.295 216.5 211.2 -18.9  10.7
1897 120.198    450000 7   31   97   16   49 0.117 240.0 206.4  -8.6   5.9
1897 120.198    450100 9    0    6    0    8 0.907 257.9 266.1 -13.2  65.6
1897 120.198    450500 7   17   99    9   51 0.237  11.3 197.8   8.2  -2.7
1897 121.182    449900 7   34  423   19  234 0.439 237.0 210.5 -18.8  22.9
1897 121.182    450000 7   24   70   13   37 0.328 258.6 206.6  -8.8  19.0
1897 121.182    450500 7   84  455   44  238 0.298 317.2 199.4   7.4  11.8
1897 121.182   5790400 0    5   22    3   12 0.300 125.8 173.0 -15.3 -14.6
1897 122.186    449900 7   35  263   22  165 0.611 246.5 210.5 -18.5  36.2
1897 122.186    450000 7   13   47    8   28 0.532 262.1 206.5  -8.8  32.2
1897 122.186    450500 7  134  582   76  330 0.478 294.8 200.2   6.7  25.9
1897 123.213    449900 7    8   95    7   75 0.779 250.3 211.6 -18.8  50.8
1897 123.213    450000 7   15   38   11   27 0.715 263.1 206.7  -8.8  45.9
1897 123.213    450500 7  221 1140  146  753 0.660 286.4 200.4   6.5  39.6
1897 123.213    450700 9   19   75   11   42 0.457 297.4 184.9   7.1  24.1
1897 124.346    449900 0    0    9    1   11 0.915 251.5 212.6 -19.2  66.8
1897 124.346    450000 7    0   13    0   14 0.873 263.3 207.1  -8.6  61.3
1897 124.346    450500 7  156  804  141  725 0.833 281.5 201.0   6.4  55.2
1897 124.346    450700 9    0    8    0    6 0.674 287.0 186.3   7.1  40.5
1897 124.346    450800 9   13   48    8   28 0.505 305.8 170.6  12.1  24.8
1897 125.500    450500 7   61  531   95  820 0.948 279.3 201.1   6.9  70.4
1897 125.500    450700 9    2    8    2    8 0.864 280.9 189.3   6.5  58.6
1897 125.500    450800 9    1    9    1    6 0.670 296.1 168.8  12.7  38.1
1897 125.500    451000 1   30  182   57  338 0.963  82.6  57.1   5.5 -73.6
1897 125.500   5790500 2    0   12    0   12 0.854  54.2  80.0  26.5 -50.7
1897 126.476    450500 0   19  124   43  281 0.976 279.2 194.3   7.7  76.5
1897 126.476    451000 1   54  324   57  342 0.877  80.7  57.4   5.3 -60.4
1897 126.476   5790600 2    0   21    0   12 0.488 115.8  90.4 -17.4 -27.4
1897 127.183    451000 1   57  392   47  323 0.785  78.8  57.9   5.1 -50.6
1897 128.344    451000 1  105  538   67  342 0.609  71.9  57.6   6.1 -35.6
1897 128.344    451300 9    0   12    0    7 0.441  20.3  83.9  18.6  -9.3
1897 128.344    451700 0    0    6    2   14 0.970  92.3  17.0  -3.7 -76.2
1897 128.344   5790700 2    0    8    0    4 0.442 276.4 119.3  -2.5  26.1
1897 128.344   5790800 7    0   22    0   12 0.465  35.8  76.7  16.5 -16.5
1897 128.344   5790900 2    0   13    0    8 0.556  26.4  77.5  24.2 -15.7
1897 128.344   5791000 0    0   10    0    8 0.799  67.0  43.8  14.4 -49.4
1897 129.213    451000 1  115  516   65  291 0.451  63.1  57.9   6.3 -23.9
1897 129.213    451300 9   10   61    6   34 0.427 350.4  86.1  18.9   4.3
1897 129.213    451700 5    0    7    1    8 0.894  90.5  18.2  -3.1 -63.6
1897 130.209    451000 1   90  524   47  273 0.279  42.5  57.7   5.9 -10.9
1897 130.209    451700 5    7   39    6   32 0.774  89.2  17.8  -3.2 -50.8
1897 130.209    451800 0   36  196   96  521 0.980  93.9 349.5  -5.0 -79.1
1897 131.184    451000 1   91  539   47  276 0.213 350.2  57.9   6.0   2.1
1897 131.184    451700 5   22  150   14   95 0.605  86.9  18.6  -3.0 -37.2
1897 131.184    451800 2  103  681  148  975 0.931  92.9 346.8  -4.9 -69.0
1897 131.184    451900 0   15   36    8   19 0.309  54.9  41.1   4.3 -14.7
1897 131.184    452100 0    3   19    3   16 0.781 101.5   4.1 -12.8 -51.7
1897 131.184   5791100 7    5   89    3   47 0.344  60.6  38.3   3.9 -17.5
1897 2 1.250    451000 1   69  463   37  246 0.352 304.2  58.8   5.5  17.0
1897 2 1.250    451700 5   82  352   44  188 0.343  79.3  22.1  -2.2 -19.7
1897 2 1.250    451800 1  254 1166  225 1032 0.821  90.9 346.4  -4.3 -55.4
1897 2 1.250    451900 0    9   33    5   17 0.182 353.4  43.0   4.2   1.2
1897 2 1.250    452100 0    4   25    3   16 0.605 102.4   4.6 -12.4 -37.2
1897 2 1.250    452200 0    0   17    0   10 0.456 291.2  67.0   3.9  25.2
1897 2 2.250    451000 1   66  423   39  248 0.535 291.5  58.7   5.9  30.0
1897 2 2.250    451700 5  101  694   51  350 0.113  50.3  23.7  -2.1  -5.0
1897 2 2.250    451800 1  291 1469  198  998 0.667  90.3 346.7  -4.9 -42.0
1897 2 2.250    452100 2    8   44    5   25 0.433 105.7   3.4 -12.4 -25.3
1897 2 2.250    452200 2    1   55    1   36 0.638 282.4  67.3   3.0  38.6
1897 2 2.250    452302 9    3   81    2   43 0.342 341.7  35.0  12.7   6.3
1897 2 3.298    451000 1   53  304   38  217 0.721 284.5  59.5   5.9  44.6
1897 2 3.298    451700 5  133  716   68  364 0.183 293.2  24.6  -2.1   9.7
1897 2 3.298    451800 1  405 1755  229  992 0.466  88.9 347.0  -5.1 -27.9
1897 2 3.298    452100 2    3   23    2   12 0.217 122.9   4.1 -13.0 -10.8
1897 2 3.298    452200 0    2    8    2    7 0.786 277.8  66.1   2.2  51.2
1897 2 3.298    452300 6  130  488   74  278 0.487 312.1  36.7  13.2  21.8
1897 2 4.196    451000 1   29  253   28  238 0.848 280.4  60.0   5.3  56.9
1897 2 4.196    451700 5  104  677   57  369 0.400 279.2  26.4  -2.2  23.3
1897 2 4.196    451800 1  372 1702  194  886 0.275  85.8 347.1  -5.0 -16.0
1897 2 4.196    452300 6  135  658   88  428 0.643 299.2  38.3  13.1  35.2
1897 2 5.000         0 0    0    0    0    0 0.000   0.0   0.0   0.0   0.0
1897 2 6.185    451700 5   75  520   59  407 0.777 273.5  27.8  -1.4  50.9
1897 2 6.185    451800 1  377 1808  191  916 0.174 277.5 346.9  -5.1  10.0
1897 2 6.185    452300 2   37  272   44  319 0.908 288.5  39.3  13.8  62.4
1897 2 6.185    452400 9   28  151   18   97 0.632 262.0  16.4 -10.1  39.5
1897 2 7.495    451700 5   40  302   55  411 0.933 271.5  28.5  -1.0  68.9
1897 2 7.495    451800 1  314 1597  177  899 0.461 270.7 347.2  -5.5  27.6
1897 2 7.495    452300 9    1   50    4  189 0.992 284.6  40.6  13.5  81.0
1897 2 7.495    452400 9   11   60   11   57 0.846 261.2  18.0 -10.9  58.4
1897 2 8.184    451700 5   22  202   51  466 0.978 269.8  28.8  -1.6  78.2
1897 2 8.184    451800 1  293 1314  182  814 0.596 268.7 347.4  -6.1  36.8
1897 2 8.184    452400 9    4   26    6   35 0.924 259.9  19.0 -11.8  68.4
1897 2 9.184    451800 1  286 1073  220  823 0.767 267.6 347.8  -6.1  50.4
1897 210.203    451800 1  162  688  177  749 0.895 266.5 347.8  -6.1  63.9
1897 210.203    452600 1   42  201   77  364 0.961  80.7 211.1   7.0 -72.8
1897 210.203   5800100 0    1    7    1    7 0.872 256.3 345.3 -15.2  61.4
1897 211.204    451800 1   71  346  135  651 0.967 265.3 346.6  -6.2  75.8
1897 211.204    452600 1   49  359   51  371 0.873  78.4 211.4   6.7 -59.4
1897 212.199    452600 1   84  460   65  353 0.751  74.6 210.9   6.9 -46.8
1897 212.199   5800200 7    4   26    4   24 0.843 279.9 314.1   4.6  56.4
1897 213.192    452600 1  120  567   75  352 0.590  68.1 211.1   7.0 -33.5
1897 214.140    452600 1  121  586   67  324 0.421  56.5 211.4   7.0 -20.7
1897 214.140   5800300 7    6   33    3   19 0.435 332.2 244.3  15.9  12.2
1897 215.178    452600 1  127  690   66  357 0.262  27.1 211.5   6.6  -6.9
1897 216.179    452600 1  139  586   72  303 0.262 333.3 212.0   6.6   6.8
1897 216.179   5800400 2    0   13    0    7 0.067 129.5 202.2  -9.4  -3.0
1897 217.180    452600 1  135  669   74  366 0.409 303.3 212.1   6.4  20.1
1897 218.417    452600 1   99  497   63  316 0.626 288.6 212.4   5.9  36.6
1897 219.179    452600 1   77  383   59  291 0.754 284.1 213.0   5.8  47.3
1897 219.179   5800500 0    0    3    0    2 0.369 227.6 182.7 -21.2  17.0
1897 220.275    452600 1   63  276   70  305 0.894 280.4 213.5   6.0  62.2
1897 221.484    452600 1   11   99   30  251 0.980 277.8 213.1   6.2  77.7
1897 222.238    453100 2   28  145   98  492 0.987  76.3  46.5  12.3 -79.0
1897 223.475    453100 2   79  357   96  434 0.911  73.2  46.0  12.1 -63.1
1897 223.475    453200 1   23  100   46  198 0.966  88.2  34.2  -0.1 -74.9
1897 224.288    453100 2  110  563  100  511 0.829  69.8  45.7  12.4 -52.8
1897 224.288    453200 1   35  184   43  224 0.905  86.4  33.9   0.2 -64.6
1897 224.288    453300 7    0    9    0   23 0.977  93.0  20.5  -4.5 -78.0
1897 225.276    453100 9  176  944  123  658 0.697  64.7  45.3  11.9 -40.1
1897 225.276    453200 1   59  296   48  239 0.782  84.2  34.3   0.0 -51.1
1897 225.276    453300 7    4   26    5   31 0.905  91.8  20.2  -4.7 -65.2
1897 226.516    453100 9  165 1021   96  594 0.504  50.7  45.6  12.0 -23.5
1897 226.516    453200 1   69  373   43  230 0.580  79.9  34.3  -0.1 -34.8
1897 226.516    453300 7   13   76   10   57 0.734  91.8  21.5  -6.2 -47.6
1897 226.516    453500 1   16  111   56  377 0.987  95.7 347.6  -6.7 -81.5
1897 226.516   5800600 2    0   14    0   12 0.807  96.4  14.7  -9.4 -54.4
1897 227.432    453100 9  183 1004   99  541 0.379  31.5  45.4  11.8 -11.7
1897 227.432    453200 1   71  428   39  235 0.395  73.9  34.8  -0.4 -22.3
1897 227.432    453300 7    5   38    3   23 0.532  88.7  24.8  -5.4 -32.3
1897 227.432    453500 1   48  277   66  377 0.930  95.1 348.1  -7.4 -69.0
1897 227.432    453600 7   14  115   22  174 0.940  84.2 347.7   2.9 -69.4
1897 228.197    453100 7  194  966  103  512 0.330   3.3  45.9  12.0  -1.1
1897 228.197    453200 1  104  475   54  245 0.238  60.2  35.1  -0.3 -11.9
1897 228.197    453300 7    9   60    5   33 0.382  86.1  24.5  -5.2 -22.5
1897 228.197    453500 1   91  419   90  414 0.856  93.8 347.6  -7.0 -59.4
1897 228.197    453600 7   33  163   33  162 0.859  81.5 348.7   3.5 -58.3
1897 3 1.406    453100 1   95  750   52  410 0.412 322.6  45.8  12.1  14.8
1897 3 1.406    453200 1   73  411   37  208 0.140 328.3  35.2  -0.4   4.2
1897 3 1.406    453300 7    7   89    4   45 0.107  67.9  25.3  -4.9  -5.7
1897 3 1.406    453500 1   76  506   53  350 0.682  93.4 347.6  -7.6 -43.4
1897 3 1.406    453600 7   40  246   27  166 0.670  77.5 350.1   2.9 -40.9
1897 3 2.412    453100 1   96  601   58  363 0.561 304.6  46.0  12.2  28.2
1897 3 2.412    453200 1   49  399   26  211 0.321 289.4  35.4  -0.8  17.6
1897 3 2.412    453300 7   31  263   16  133 0.149 289.0  25.9  -4.4   8.1
1897 3 2.412    453500 1  103  470   60  273 0.501  92.9 347.5  -7.7 -30.3
1897 3 2.412    453600 7   51  302   29  172 0.471  70.2 351.5   2.7 -26.3
1897 3 3.118    453100 1  129  564   87  380 0.670 297.1  46.1  12.1  37.6
1897 3 3.118    453200 1   60  323   34  182 0.469 282.1  35.8  -0.8  27.3
1897 3 3.118    453300 7   99  492   53  262 0.338 279.6  28.0  -3.6  19.5
1897 3 3.118    453500 1  111  530   60  285 0.351  92.6 347.8  -7.7 -20.7
1897 3 3.118    453600 1   60  304   32  161 0.322  59.3 352.4   2.5 -16.1
1897 3 3.118   5800700 0    1    4    1    2 0.483  26.2 355.5  18.6 -13.0
1897 3 3.118   5800800 0    0   17    0    9 0.391 111.0 346.3 -14.8 -22.2
1897 3 4.487    453100 1   70  358   67  340 0.854 288.7  46.2  11.9  55.7
1897 3 4.487    453200 1   34  265   25  191 0.723 275.7  36.5  -0.9  46.0
1897 3 4.487    453300 7   57  462   38  305 0.650 274.0  31.0  -2.9  40.5
1897 3 4.487    453500 1   93  475   47  238 0.046 109.1 348.0  -8.1  -2.5
1897 3 4.487    453600 1   65  374   33  190 0.173 345.4 353.0   2.4   2.5
1897 3 5.420    453100 1   34  218   48  308 0.938 286.0  45.5  12.3  67.4
1897 3 5.420    453200 1  104  606   89  515 0.818 272.7  32.9  -2.0  54.8
1897 3 5.420    453500 2   86  476   44  241 0.164 266.0 347.6  -7.8   9.5
1897 3 5.420    453600 1   64  301   34  158 0.304 301.7 353.1   2.2  15.0
1897 3 5.420    453900 2    3   31    2   16 0.107 159.5 335.9 -13.0  -2.2
1897 3 6.171    453100 1   29  119   82  334 0.986 283.5  46.8  12.0  78.6
1897 3 6.171    453200 1   95  471  112  551 0.911 270.6  33.9  -2.4  65.7
1897 3 6.171    453500 2   94  466   50  246 0.331 266.2 347.7  -8.1  19.5
1897 3 6.171    453600 1   48  235   27  132 0.457 287.8 354.0   1.5  25.8
1897 3 6.171    453900 2    9   49    5   25 0.172 231.8 336.2 -13.3   8.0
1897 3 7.149    453200 1   24  172   74  518 0.986 269.0  36.0  -2.2  80.6
1897 3 7.149    453500 1   76  396   45  232 0.532 265.9 347.8  -8.3  32.4
1897 3 7.149    453600 1   41  179   27  116 0.643 281.3 354.5   1.6  39.1
1897 3 7.149    453900 0    0   18    0   10 0.396 252.0 338.2 -13.7  22.8
1897 3 8.488    453500 1   48  296   37  225 0.760 265.2 347.7  -8.3  49.9
1897 3 8.488    453600 1   30  125   28  114 0.839 276.8 354.3   1.7  56.5
1897 3 8.488    454000 9    1   25    1   13 0.093  31.8 295.0  -2.7  -2.8
1897 3 8.488    454100 9   20  117   56  319 0.983  83.5 219.3   5.0 -78.5
1897 3 9.181    453500 1   40  184   39  178 0.859 264.0 348.4  -8.8  59.8
1897 3 9.181    453600 1   20   96   25  118 0.918 274.7 354.9   1.4  66.3
1897 3 9.181    454100 9   36  221   57  348 0.946  81.9 218.4   5.3 -70.2
1897 3 9.181    454200 7   18   81   10   43 0.345 305.8 304.9   4.7  16.3
1897 3 9.181    454300 9    3   20    2   12 0.522  70.7 259.0   3.7 -29.6
1897 310.411    453500 1   14  106   26  191 0.963 263.1 347.6  -8.5  75.2
1897 310.411    453600 1    5   28   17   90 0.989 272.3 353.7   1.2  81.3
1897 310.411    454000 0    0    5    0    3 0.402 280.5 295.7  -2.4  23.3
1897 310.411    454100 2   53  274   49  249 0.830  78.7 217.6   5.2 -54.8
1897 310.411    454200 7   19   87   12   54 0.590 288.9 306.5   5.1  34.1
1897 310.411    454300 9    3   28    2   15 0.301  51.8 258.7   3.7 -13.7
1897 310.411   5810100 2    0   11    0    6 0.179 234.5 281.0 -13.1   8.6
1897 311.481    454100 2   51  279   36  194 0.685  74.3 216.8   5.3 -41.5
1897 311.481    454200 7    2   26    2   21 0.776 282.6 307.8   5.1  49.5
1897 312.477    454100 0   58  312   34  183 0.523  67.5 216.1   5.3 -29.0
1897 312.477    454200 7    9   51   10   56 0.894 279.2 307.4   4.9  62.3
1897 313.196    454100 0   64  354   35  193 0.390  58.0 216.3   5.2 -19.4
1897 313.196    454200 7   12   55   23  101 0.963 277.1 309.3   4.9  73.6
1897 313.196    454300 9    0   32    0   18 0.466 292.7 261.2   3.9  25.5
1897 313.196   5810200 0    0    8    0    7 0.848 267.8 294.1  -5.6  58.4
1897 314.170    454100 0   73  339   38  175 0.244  28.4 216.1   5.3  -6.7
1897 315.590    454100 9  179  887   93  459 0.272 312.4 215.7   3.6  11.6
1897 315.590    454300 9    1   29    1   28 0.862 278.3 262.8   3.5  58.7
1897 316.541    454100 9  167  848   93  470 0.436 294.2 215.1   3.8  23.5
1897 316.541    454300 9    0   18    0   27 0.944 277.1 261.6   4.3  70.0
1897 316.541   5810300 0    0    5    0    3 0.350 323.4 203.8   9.4  12.2
1897 317.411    454100 9  133  704   85  450 0.623 286.1 217.0   4.3  36.9
1897 317.411   5810400 1    6   43   11   74 0.958 267.5 253.8  -4.4  73.7
1897 317.411   5810500 2    4   18    2   10 0.376  31.9 168.4  11.7 -11.7
1897 318.474    454100 9   96  542   80  451 0.800 280.8 218.0   4.3  52.0
1897 319.388    454100 9   46  361   54  423 0.908 278.1 218.5   4.4  64.4
1897 320.181    454100 9   14  143   30  300 0.971 276.2 219.1   4.3  75.5
1897 322.227    454900 1    9   54   22  124 0.975  90.9  39.2  -2.4 -77.4
1897 323.467    454900 1   17   95   18   99 0.870  89.1  39.6  -2.6 -60.6
1897 323.467   5810600 0    0    5    0    6 0.910  71.5  37.5  13.7 -62.7
1897 324.435    454900 1   22  124   17   92 0.738  86.9  40.0  -2.3 -47.5
1897 324.435    455100 9    5   58    4   44 0.746  65.4  43.3  13.3 -44.2
1897 325.430    454900 1   23  140   14   85 0.564  83.8  40.2  -2.1 -34.1
1897 325.430    455100 9    9   56    6   35 0.590  57.7  43.6  12.6 -30.7
1897 325.430   5810700 0    0    5    0    3 0.546 195.5  85.0 -38.4  10.7
1897 326.654    454900 1   39  162   21   86 0.313  76.1  40.6  -2.1 -17.7
1897 326.654    455100 9    0    9    0    5 0.394  40.4  43.2  11.0 -15.1
1897 326.654    455300 0   11   72   27  163 0.975 102.2 340.0 -13.3 -78.3
1897 327.528    454900 1   25  102   13   52 0.126  48.1  41.3  -1.8  -5.4
1897 327.528    455300 0   26  135   33  166 0.912 101.1 340.1 -12.8 -66.6
1897 328.545    454900 1   33  106   17   54 0.164 301.0  41.4  -1.7   8.1
1897 328.545    455300 0   34  188   29  160 0.798 101.2 339.9 -12.9 -53.4
1897 328.545    455400 1   10   62   22  136 0.972  84.3 317.5   3.9 -75.8
1897 329.193    454900 1   21  153   11   80 0.296 284.3  41.4  -2.1  16.7
1897 329.193    455300 0   40  186   29  133 0.701 101.5 339.9 -12.7 -44.8
1897 329.193    455400 1   21  111   30  158 0.931  82.7 316.9   4.3 -67.8
1897 330.469    454900 1   26  133   16   81 0.573 275.8  42.7  -2.0  34.8
1897 330.469    455300 0   38  180   22  102 0.463 104.8 340.6 -12.6 -27.3
1897 330.469    455400 1   29  169   24  137 0.784  79.0 317.4   4.5 -50.5
1897 331.185    454900 1   17   82   12   58 0.706 273.7  43.2  -2.0  44.8
1897 331.185    455300 0   35  189   19  100 0.320 110.5 340.5 -12.6 -17.9
1897 331.185    455400 1   38  206   26  140 0.675  76.2 317.3   4.4 -41.1
1897 331.185    455500 9    3   20    6   39 0.960  99.6 283.7 -11.0 -74.7
1897 4 1.189    454900 1    5   28    5   27 0.851 271.2  43.6  -2.3  58.4
1897 4 1.189    455300 0   33  156   17   79 0.129 145.5 340.9 -12.5  -4.3
1897 4 1.189    455400 1   46  245   27  142 0.492  69.2 317.7   4.4 -27.5
1897 4 1.189    455500 9    7   48    7   47 0.848  99.5 286.6 -11.4 -58.6
1897 4 1.189    455600 7    0   45    0  193 0.992  92.0 262.0  -2.8 -83.2
1897 4 2.418    455300 7   56  257   29  133 0.253 241.5 342.2 -13.1  13.2
1897 4 2.418    455400 1   48  259   25  135 0.267  46.4 317.8   4.4 -11.2
1897 4 2.418    455500 9    4   42    3   28 0.653 101.0 288.1 -12.0 -40.9
1897 4 2.418    455600 7   13   86   17  110 0.919  90.7 262.1  -3.1 -66.9
1897 4 2.418    455700 9    0    7    0    4 0.169 326.8 334.3   1.8   5.3
1897 4 3.202    455300 7   21  111   12   61 0.413 253.2 342.5 -12.6  23.9
1897 4 3.202    455400 1   47  255   24  130 0.182   1.6 318.3   4.2  -0.3
1897 4 3.202    455500 9    3   18    2   11 0.503 102.5 288.5 -11.7 -30.1
1897 4 3.202    455600 1   30  117   28  110 0.835  89.2 261.9  -2.8 -56.7
1897 4 3.202    455700 9    1   19    1   10 0.305 296.9 334.4   1.9  15.8
1897 4 4.493    455300 7   21   81   14   53 0.637 256.1 341.1 -13.6  39.5
1897 4 4.493    455400 1   34  236   18  125 0.337 300.5 318.5   3.9  16.9
1897 4 4.493    455500 9    0   27    0   14 0.243 113.0 288.4 -11.5 -13.2
1897 4 4.493    455600 1   31  200   21  132 0.638  87.7 261.9  -3.3 -39.7
1897 4 4.493    455700 9    6   30    4   19 0.594 281.7 337.2   1.9  35.6
1897 4 4.493    455800 0    0    3    0    2 0.610 302.3 333.7  13.8  32.1
1897 4 4.493    455900 0    4   42    7   73 0.954  83.1 229.8   4.7 -71.8
1897 4 4.493    456000 9    0    7    0   26 0.987  82.5 221.5   6.4 -80.1
1897 4 5.400    455300 7    1   16    1   13 0.771 256.9 340.3 -14.0  50.7
1897 4 5.400    455400 1   30  204   18  119 0.515 288.2 319.0   3.9  29.4
1897 4 5.400    455500 9    5   31    3   16 0.112 153.7 286.7 -11.9  -2.9
1897 4 5.400    455600 1   28  214   16  122 0.465  85.8 261.9  -3.5 -27.7
1897 4 5.400    455700 9   19   62   14   46 0.733 278.2 336.1   1.8  46.5
1897 4 5.400    455800 0    0    5    0    4 0.746 295.4 333.7  14.3  44.1
1897 4 5.400    455900 0   10   81   11   82 0.868  81.2 230.2   4.5 -59.4
1897 4 5.400    456000 9    0    5    0    8 0.925  81.0 222.9   5.9 -66.7
1897 4 6.449    455400 1   37  163   26  114 0.700 282.1 319.1   4.0  43.3
1897 4 6.449    455500 9    7   38    4   20 0.240 244.4 288.6 -11.9  12.8
1897 4 6.449    455600 1   52  228   27  118 0.242  79.6 262.0  -3.4 -13.8
1897 4 6.449    455700 9    0   17    0   19 0.895 275.0 338.9   1.7  63.1
1897 4 6.449    455900 0   13   84   10   62 0.724  77.6 230.6   4.7 -45.2
1897 4 6.449    456000 2   26   98   24   89 0.832  82.3 220.2   3.0 -55.6
1897 4 6.449    456100 8   54  160   33   98 0.575 266.3 311.1  -7.1  35.3
1897 4 7.291    455400 1   26  138   23  121 0.824 278.5 319.3   3.5  54.7
1897 4 7.291    455500 9    3   52    2   29 0.441 254.7 290.4 -12.1  25.8
1897 4 7.291    455600 1   51  245   26  123 0.062  42.6 262.2  -3.4  -2.4
1897 4 7.291    455700 9    9   32   16   55 0.957 273.1 337.6   1.2  73.0
1897 4 7.291    455900 0   22  119   14   73 0.574  72.4 231.3   5.0 -33.3
1897 4 7.291    456000 1  155  759  111  541 0.712  78.9 220.2   3.6 -44.4
1897 4 7.291    456100 8   44  249   32  180 0.731 265.2 311.9  -7.6  47.3
1897 4 8.207    455400 1   27  113   35  145 0.926 276.5 319.8   3.7  67.2
1897 4 8.207    455500 9   32  116   21   74 0.621 259.0 291.1 -11.5  38.5
1897 4 8.207    455600 1   51  232   26  118 0.180 285.5 262.6  -3.1  10.0
1897 4 8.207    455900 0   22  154   12   84 0.397  60.8 232.2   5.6 -20.4
1897 4 8.207    456000 1  185  929  112  561 0.550  72.7 220.8   4.4 -31.8
1897 4 8.207    456100 8   39  182   37  172 0.856 264.8 311.9  -7.5  59.3
1897 4 8.207    456200 9    0    9    0    6 0.646  90.4 212.2  -4.8 -40.4
1897 4 9.406    455400 1    4   27   16   98 0.992 274.8 318.8   4.0  82.1
1897 4 9.406    455500 9   20  100   18   90 0.829 260.4 293.1 -11.2  56.4
1897 4 9.406    455600 1   46  220   26  122 0.437 274.5 262.6  -3.3  25.9
1897 4 9.406    455900 0   23  129   12   66 0.211  16.7 233.2   5.8  -3.5
1897 4 9.406    456000 1  203  934  106  488 0.282  58.4 222.8   2.8 -13.9
1897 4 9.406    456100 8    4   28    8   45 0.953 264.0 309.6  -7.5  72.9
1897 4 9.406    456200 9    5   36    3   20 0.426  89.5 211.4  -5.1 -25.3
1897 4 9.406    456300 9    6   36    4   23 0.622  94.5 198.0  -7.4 -38.7
1897 4 9.406    456400 9    0    8    0   16 0.957  97.0 162.9  -8.4 -73.8
1897 410.539    455500 9   13   90   21  142 0.951 260.0 294.6 -11.3  72.8
1897 410.539    455600 1   29  166   19  109 0.653 271.7 262.6  -3.3  40.8
1897 410.539    455900 1   19   84   10   44 0.276 313.6 233.4   5.3  11.6
1897 410.539    456000 1  134  883   68  446 0.149 342.4 224.4   2.4   2.6
1897 410.539    456200 9    1   15    1    8 0.169  90.5 212.0  -5.8  -9.8
1897 410.539    456300 9   16   83    9   46 0.407  95.4 197.7  -7.5 -24.1
1897 410.539    456400 9    3   23    3   23 0.859  96.2 162.2  -8.3 -59.6
1897 410.539    456500 9    1    9    1    6 0.640  89.8 181.9  -4.3 -39.9
1897 411.558    455600 1   21  102   18   86 0.813 270.3 262.9  -3.1  54.5
1897 411.558    455900 1    5   42    3   24 0.468 293.7 233.9   5.7  25.5
1897 411.558    456000 1  148  768   78  405 0.332 295.3 225.9   2.7  17.5
1897 411.558    456200 9    5   15    3    8 0.106 272.7 214.4  -5.4   6.1
1897 411.558    456300 9    5   59    3   30 0.175  96.1 198.3  -6.7 -10.1
1897 411.558    456500 9    5   27    3   15 0.422  87.7 183.3  -4.2 -25.0
1897 412.234    455600 1   24  101   27  114 0.895 268.9 263.1  -3.5  63.7
1897 412.234    455900 1    8   37    5   23 0.593 288.8 233.8   6.4  34.4
1897 412.234    456000 1  162  696   92  393 0.475 285.1 226.7   2.1  27.3
1897 412.234    456200 9    0   19    0   10 0.224 271.3 212.4  -5.2  13.0
1897 412.234    456300 9    0   23    0   12 0.015 137.7 198.8  -6.3  -0.6
1897 412.234    456500 9    9   50    5   26 0.259  86.3 184.4  -4.5 -15.0
1897 413.266    455600 1    9   61   21  135 0.977 267.5 263.8  -3.6  78.0
1897 413.266    455900 1    3   16    3   13 0.768 281.9 234.8   5.5  49.0
1897 413.266    456000 1  143  630   96  423 0.671 279.2 227.3   2.0  41.5
1897 413.266    456300 9    1   41    1   21 0.223 265.2 198.7  -6.5  12.9
1897 413.266    456500 9    0   11    0    6 0.005 339.4 185.9  -5.3   0.1
1897 414.607    455900 1    0    5    0    7 0.924 279.7 234.7   6.8  66.6
1897 414.607    456000 0   83  421   82  413 0.867 275.9 227.8   2.4  59.7
1897 414.607    456300 9    5   32    3   19 0.514 267.3 199.2  -6.1  31.1
1897 414.607    456500 9    1   19    1   10 0.248 270.9 182.5  -5.1  14.4
1897 415.428    456000 2   51  277   76  406 0.944 274.8 227.6   2.7  70.4
1897 415.428    456300 9    2   38    2   26 0.669 266.9 199.4  -6.1  42.2
1897 416.203    456000 0   44  178  132  534 0.987 273.4 227.5   2.5  80.5
1897 416.203    456300 9    0   17    0   14 0.791 265.9 199.6  -6.5  52.6
1897 417.130    456600 9    7   44    4   24 0.378 289.3 155.7   2.3  20.9
1897 418.222    456600 9    3   34    2   21 0.590 281.2 155.8   2.4  35.4
1897 419.493    456700 6   30  168   20  110 0.652 285.3 142.8   6.0  39.2
1897 419.493    456800 9    3    7    2    4 0.182 320.9 110.2   3.1   6.6
1897 420.611    456700 6   23  163   22  150 0.846 279.8 145.7   5.6  56.9
1897 420.611    456800 9    3   37    2   20 0.385 291.6 109.8   3.5  21.0
1897 421.368    456700 5   12  128   18  179 0.938 277.8 147.8   5.6  69.0
1897 421.368    456800 9    1   11    1    7 0.547 283.3 111.0   3.1  32.2
1897 422.435    456700 5    6   37   30  171 0.995 275.8 148.4   5.3  83.6
1897 425.552    456900 0    0   25    0   19 0.731  77.7 337.6   5.8 -45.9
1897 425.552    457000 9    1   11    2   14 0.901  82.2 319.9   5.0 -63.6
1897 426.472    457000 9    2   33    2   28 0.794  80.4 319.6   4.9 -51.8
1897 427.262   5820100 0    3   22    3   22 0.867 276.8  60.5   3.7  59.6
1897 428.643    456900 9   23   80   12   42 0.264  40.2 332.8   7.5  -9.9
1897 428.643    457000 9    1    9    1    5 0.416  68.7 319.8   4.8 -22.9
1897 428.643    457200 7    5   59   22  237 0.990 103.0 259.9 -13.4 -82.8
1897 429.442    456900 9    7   39    4   20 0.204 350.2 334.2   7.5   2.0
1897 429.442    457200 7   19  166   34  297 0.957 103.1 258.6 -13.7 -73.6
1897 430.203    456900 9    1   17    1    9 0.317 306.5 336.9   7.0  14.9
1897 430.203    457200 7   48  276   53  302 0.883 102.5 259.8 -12.9 -62.2
1897 5 1.450    457200 7   68  412   50  302 0.722 104.4 259.7 -13.1 -45.9
1897 5 1.450    457300 1   15  119   30  227 0.965  85.7 231.1   3.1 -74.5
1897 5 1.450    457400 0    0    5    0   11 0.966  95.2 230.2  -6.0 -75.4
1897 5 2.580    457200 7  116  872   69  517 0.531 108.4 259.6 -12.9 -31.1
1897 5 2.580    457300 1   31  181   31  181 0.865  84.0 231.2   3.3 -59.5
1897 5 2.580    457400 0    3    7    3    7 0.856  94.5 231.6  -5.8 -59.1
1897 5 3.482    457200 7  190 1275  102  684 0.363 116.2 259.2 -12.7 -19.5
1897 5 3.482    457300 1   33  244   25  183 0.741  82.2 231.4   3.3 -47.3
1897 5 3.482    457400 0    8   28    6   20 0.714  94.6 233.0  -5.9 -45.7
1897 5 4.432    457200 7  286 1582  146  806 0.193 142.6 259.3 -12.4  -6.9
1897 5 4.432    457300 1   51  266   32  164 0.576  79.1 231.7   3.3 -34.5
1897 5 4.432    457400 0    5   16    3   10 0.533  95.9 234.0  -6.2 -32.2
1897 5 4.432   5830100 0    1    5    1    4 0.762  77.7 217.6   7.0 -48.6
1897 5 5.193    457200 7  264 1594  134  807 0.159 201.4 259.4 -12.0   3.4
1897 5 5.193    457300 1   57  304   32  169 0.424  73.8 231.9   3.6 -24.1
1897 5 5.193    457400 9    3   18    2   10 0.377  96.6 233.9  -5.7 -22.1
1897 5 6.514    457200 7  223 1550  120  834 0.377 247.4 259.4 -11.5  20.8
1897 5 6.514    457300 1   57  304   29  154 0.163  41.3 232.4   3.7  -6.2
1897 5 7.225    457200 7  175 1236  102  718 0.517 252.8 259.5 -11.6  30.3
1897 5 7.225    457300 1   49  295   25  149 0.135 330.7 233.0   3.5   3.8
1897 5 8.143    457200 7  148  974  102  669 0.690 256.5 260.3 -11.6  43.2
1897 5 8.143    457300 1   40  284   21  149 0.303 292.4 233.4   3.6  16.3
1897 5 9.458    457200 7  104  641  105  646 0.875 259.0 260.8 -11.1  61.1
1897 5 9.458    457300 1   39  249   24  150 0.572 281.3 233.9   3.9  34.2
1897 510.096    457200 7   62  391   89  561 0.939 259.5 261.3 -10.9  70.1
1897 510.096    457300 1   27  157   19  108 0.691 278.6 234.4   3.8  43.2
1897 511.414    457300 1   10   69   11   71 0.879 276.8 234.9   4.6  61.1
1897 512.087    457300 1    6   44    9   66 0.944 275.4 235.3   4.2  70.4
1897 520.390    457600 9   15   68   14   62 0.827  86.8 359.5   1.6 -55.7
1897 521.405    457600 9   25  149   17  100 0.665  86.6   0.0   1.0 -41.6
1897 521.405    457700 7   13   49    7   26 0.298  86.7  24.3  -0.6 -17.3
1897 522.385    457600 9   38  240   22  136 0.461  83.5   1.4   1.6 -27.3
1897 522.385    457700 0    3   17    2    9 0.036  77.3  26.7  -1.1  -2.0
1897 523.239    457600 9   36  221   19  115 0.262  77.3   2.6   1.9 -14.8
1897 524.536   5830200 1    0   47    0   32 0.668 237.3  37.6 -22.2  37.4
1897 524.539    457600 0    9   91    5   46 0.088 312.7   3.9   2.1   3.7
1897 525.450    457600 9   13  109    7   56 0.241 282.8   1.8   1.9  13.6
1897 525.450    457700 2    1   18    1   11 0.562 267.3  22.4  -2.5  34.2
1897 525.450    457900 1   44  185  100  417 0.974  99.3 271.2  -9.3 -77.0
1897 526.187    457600 9    7   95    4   52 0.389 275.9   1.2   1.3  22.8
1897 526.187    457900 1   68  296   98  425 0.931  99.6 269.9  -9.3 -68.5
1897 527.458    457600 9    0    4    0    3 0.690 273.9   5.0   2.0  43.5
1897 527.458    457900 1  112  487   91  395 0.785 101.4 270.2  -9.5 -51.3
1897 527.458    458000 0    3   18   14   68 0.990 106.5 239.5 -16.5 -82.0
1897 528.428    457900 1  140  716   91  465 0.635 103.9 270.2  -9.4 -38.7
1897 528.428    458000 0    7   48   11   76 0.944 107.2 238.8 -16.5 -70.1
1897 529.185    457900 1  182  673  105  388 0.495 107.3 270.1  -9.1 -28.6
1897 529.185    458000 0   14   64   15   68 0.878 108.4 238.4 -16.4 -60.3
1897 530.522    457900 1  165  850   85  438 0.235 128.6 270.3  -9.0 -10.7
1897 530.522    458000 0   19  107   14   76 0.708 113.6 238.3 -16.9 -42.7
1897 531.469    457900 1  166  858   84  434 0.153 191.0 270.2  -9.1   1.7
1897 531.469    458000 0   16  109   10   66 0.564 120.6 238.0 -17.1 -30.5
1897 531.469   5840100 0    0    6    0    5 0.773  76.6 218.7  10.0 -49.8
1897 6 1.172    457900 1  183  793   94  407 0.237 230.6 269.9  -9.0  10.7
1897 6 1.172    458000 0   23   98   13   55 0.450 129.4 237.9 -16.9 -21.3
1897 6 2.223    457900 1  145  674   81  376 0.444 249.6 270.1  -9.1  24.9
1897 6 2.223    458000 0   15   68    8   36 0.315 157.7 238.0 -17.2  -7.2
1897 6 3.258    457900 1  120  551   78  356 0.641 255.8 270.6  -9.1  39.0
1897 6 3.258    458000 0   19   49   10   26 0.311 201.0 238.3 -17.0   6.7
1897 6 4.630    457900 1  101  528   93  483 0.846 259.8 270.9  -8.6  57.4
1897 6 4.630    458000 0    8   31    5   18 0.497 234.6 238.5 -16.7  25.0
1897 6 5.707    457900 1   53  220   82  340 0.947 260.8 270.3  -8.7  71.1
1897 6 6.202    457900 1   34  158   86  399 0.981 260.7 271.1  -9.1  78.5
1897 6 9.920   5840200 0    3   11    2    6 0.499 165.4 146.2 -28.3  -8.2
1897 613.447    458300 1   59  441   39  291 0.653 243.6 134.2 -16.0  37.5
1897 614.669    458300 1   77  428   68  378 0.828 249.4 134.4 -16.2  53.8
1897 615.502    458300 1   39  249   52  331 0.927 251.8 136.2 -16.3  66.6
1897 616.474    458300 9    1   85    6  277 0.990 253.9 137.8 -15.7  81.2
1897 618.123   5840300 0    0    9    0    5 0.304 256.4  52.0  -2.5  17.2
1897 620.312   5840400 0    0    6    0    3 0.178   7.7   4.5  12.1  -1.4
1897 621.466    458800 0   11   60   32  169 0.983  99.1 271.4  -8.6 -79.1
1897 621.466   5850100 0    0    3    0    2 0.836  97.8 294.2  -5.4 -56.3
1897 621.466   5850200 2    2    8    2    9 0.882 104.6 289.8 -11.9 -60.7
1897 622.648    458800 0   33  187   39  219 0.902 100.8 271.3  -8.8 -63.7
1897 622.648    458900 9    0   39    0   20 0.200 305.5 344.5   8.8   9.5
1897 623.443    458800 0   35  219   31  192 0.814 102.1 270.8  -8.5 -53.6
1897 623.443    458900 9   11   59    6   32 0.375 289.2 345.4   9.2  21.0
1897 624.439    458800 2   56  279   38  189 0.665 105.8 270.9  -8.6 -40.3
1897 624.439    458900 9    1   21    1   13 0.575 282.7 345.8   9.2  34.6
1897 625.246    458800 0   60  326   36  193 0.522 110.6 270.9  -8.4 -29.6
1897 625.246    458900 9    4   18    3   14 0.742 280.2 348.2   9.2  47.7
1897 626.474    458800 0   44  311   23  163 0.297 131.5 271.2  -8.8 -13.0
1897 626.474    458900 9    0   25    0   28 0.896 279.1 347.9   9.3  63.7
1897 627.249    458800 2   48  279   27  156 0.204 167.8 271.5  -8.8  -2.5
1897 627.249    458900 9    0    2    0    5 0.976 278.8 351.8   9.2  77.7
1897 628.538    458800 0   43  280   23  147 0.322 231.2 271.7  -8.9  14.7
1897 628.538    459000 0    4  100   11  267 0.981  94.1 178.3  -3.5 -78.7
1897 629.702    458800 0   32  225   19  132 0.531 248.7 271.5  -8.6  30.0
1897 629.702    459000 1   35  250   41  293 0.902  95.2 177.4  -3.4 -64.1
1897 630.482    458800 0   36  195   24  130 0.669 253.7 271.7  -8.5  40.5
1897 630.482    459000 1   58  396   52  350 0.816  96.2 176.9  -3.3 -54.3
1897 630.482   5850300 2    0   26    0   14 0.256 105.2 216.9  -0.9 -14.3
1897 7 1.480    458800 0   23  149   20  127 0.817 257.3 271.8  -8.5  53.7
1897 7 1.480    459000 1   67  399   45  267 0.656  98.7 177.6  -3.3 -40.5
1897 7 2.248    458800 0   18  115   21  131 0.904 258.7 271.7  -8.8  63.8
1897 7 2.248    459000 1   76  483   45  283 0.512 101.2 177.7  -2.9 -30.2
1897 7 3.319    458800 0    9   57   24  147 0.982 260.3 272.2  -8.9  78.5
1897 7 3.319    459000 1   66  420   35  220 0.290 113.1 178.2  -3.3 -15.5
1897 7 3.319    459200 0    8   42   24  117 0.982 101.2 115.3 -10.3 -78.4
1897 7 4.495    459000 1   63  368   32  186 0.133 189.0 179.4  -4.1   1.2
1897 7 4.495    459200 0   18  107   21  124 0.897 104.0 115.8 -10.9 -62.4
1897 7 5.212    459000 1   60  328   31  169 0.244 236.1 180.3  -4.3  11.7
1897 7 5.212    459200 0   25  144   22  124 0.810 106.3 116.2 -11.0 -52.4
1897 7 6.512    459000 1   36  262   21  151 0.501 254.7 180.3  -4.4  29.0
1897 7 6.512    459200 0   24  188   16  121 0.622 112.7 115.5 -10.9 -35.8
1897 7 7.395    459000 7   30  185   20  123 0.661 259.6 180.5  -4.0  40.7
1897 7 7.395    459200 0   33  184   19  105 0.471 121.7 115.7 -10.9 -24.1
1897 7 7.395    459300 2    5   18    3   10 0.394 222.6 155.7 -13.2  15.9
1897 7 7.395    459400 0   16  107   32  211 0.965  96.9  65.5  -5.6 -74.3
1897 7 8.413    459000 7   21  116   19  102 0.823 262.5 181.2  -3.9  54.9
1897 7 8.413    459200 2   28  192   15  101 0.306 145.7 116.2 -10.8 -10.1
1897 7 8.413    459300 9   23  156   14   94 0.562 240.1 156.3 -12.9  30.0
1897 7 8.413    459400 0   27  171   28  176 0.874  98.6  66.0  -5.6 -60.3
1897 7 9.628    459000 7   10   54   16   84 0.947 264.6 181.1  -3.8  70.9
1897 7 9.628    459200 0   28  208   15  108 0.274 201.6 116.1 -10.8   5.9
1897 7 9.628    459300 9   13   66   10   51 0.763 249.7 157.4 -12.7  47.2
1897 7 9.628    459400 7   45  252   32  179 0.709 102.3  66.1  -5.8 -44.1
1897 710.391    459000 7    0   14    0   47 0.988 265.7 181.0  -3.6  80.9
1897 710.391    459200 0   31  205   17  111 0.375 226.6 116.2 -11.0  16.1
1897 710.391    459300 9    3   17    4   18 0.879 253.5 159.8 -12.4  59.7
1897 710.391    459400 7   53  241   33  148 0.577 105.9  66.2  -5.7 -33.9
1897 711.450    459200 0   18  210   11  126 0.553 242.6 116.1 -11.1  30.0
1897 711.450    459400 7   53  213   29  115 0.377 115.5  66.1  -5.4 -20.0
1897 712.250    459200 0   16  140   11   96 0.687 248.6 116.2 -11.3  40.7
1897 712.250    459400 7   42  182   22   94 0.236 137.6  66.3  -5.8  -9.2
1897 713.398    459200 0   13   80   13   75 0.845 253.7 116.1 -11.3  55.8
1897 713.398    459400 7   35  141   18   72 0.207 214.2  67.0  -5.5   6.7
1897 713.398    459500 2    1    6    1    4 0.662 246.6  98.7 -11.8  38.4
1897 713.398    459600 9    5   23    3   13 0.471 277.9  88.4   7.6  28.1
1897 713.398    459800 9    0    2    0    2 0.830  99.4   5.0  -5.3 -55.3
1897 713.398   5850400 0    1    9    1    5 0.173 162.4  57.3  -5.1  -3.0
1897 714.415    459200 0   11   30   16   44 0.942 256.3 115.7 -11.3  68.9
1897 714.415    459400 7   31  120   17   65 0.388 244.0  67.3  -5.6  20.5
1897 714.415    459500 1   25   89   21   75 0.808 252.5  98.6 -11.3  51.8
1897 714.415    459800 9    7   51    5   36 0.690 102.4   4.2  -5.2 -42.6
1897 715.399    459400 0   19   95   12   58 0.575 253.7  67.5  -5.5  33.7
1897 715.399    459500 1   16  137   23  188 0.933 256.3 101.2 -11.0  67.4
1897 715.399    459600 9    5   37    4   30 0.783 276.5  85.6   7.9  51.8
1897 715.399    459800 9    5   39    3   23 0.497 108.6   5.6  -5.1 -28.2
1897 716.398    459400 0    5   48    4   36 0.746 258.2  67.8  -5.6  47.2
1897 716.398    459600 9    0   12    0   17 0.932 276.7  89.7   7.9  69.1
1897 716.398    459800 9    0   22    0   12 0.330 120.3   4.0  -5.1 -16.6
1897 717.000         0 0    0    0    0    0 0.000   0.0   0.0   0.0   0.0
1897 718.000         0 0    0    0    0    0 0.000   0.0   0.0   0.0   0.0
1897 719.000         0 0    0    0    0    0 0.000   0.0   0.0   0.0   0.0
1897 720.000         0 0    0    0    0    0 0.000   0.0   0.0   0.0   0.0
1897 721.000         0 0    0    0    0    0 0.000   0.0   0.0   0.0   0.0
1897 722.000         0 0    0    0    0    0 0.000   0.0   0.0   0.0   0.0
1897 723.000         0 0    0    0    0    0 0.000   0.0   0.0   0.0   0.0
1897 724.000         0 0    0    0    0    0 0.000   0.0   0.0   0.0   0.0
1897 725.000         0 0    0    0    0    0 0.000   0.0   0.0   0.0   0.0
1897 726.000         0 0    0    0    0    0 0.000   0.0   0.0   0.0   0.0
1897 727.000         0 0    0    0    0    0 0.000   0.0   0.0   0.0   0.0
1897 728.000         0 0    0    0    0    0 0.000   0.0   0.0   0.0   0.0
1897 729.187    460300 9    0   33    0   17 0.220  76.8 198.9   8.5 -12.5
1897 730.432    460000 1   38  141   32  117 0.800 282.8 248.4  13.7  53.4
1897 730.432    460100 9   43  276   51  322 0.906 256.7 258.4  -9.5  63.4
1897 730.432    460300 9    7   47    4   24 0.127 288.5 202.0   8.1   7.0
1897 731.423    460000 1   12   63   15   76 0.911 283.1 248.2  14.3  66.3
1897 731.423    460100 9   27  108   63  250 0.976 258.7 258.1  -9.7  76.2
1897 731.423    460300 9    5   45    3   24 0.338 277.3 201.7   8.0  19.8
1897 731.423    460400 0    3   12    4   15 0.898 103.0 119.5  -9.0 -62.4
1897 8 1.500    460000 1    4   26   11   65 0.981 283.4 247.6  14.3  80.0
1897 8 1.500    460400 2   29  154   23  121 0.770 106.8 119.3  -8.9 -48.3
1897 8 2.455    460400 0   17  126   11   78 0.586 114.1 122.2  -8.8 -32.8
1897 8 2.455    460500 1    7   91   43  512 0.995  96.5  71.6  -5.8 -83.4
1897 8 3.452    460400 9    5   38    3   21 0.410 126.6 122.4  -8.4 -19.4
1897 8 3.452    460500 1   69  523  159 1201 0.973  97.6  65.9  -5.9 -75.9
1897 8 4.406    460500 1  134  948  149 1049 0.893  99.6  67.0  -5.7 -62.2
1897 8 5.400    460500 1  179 1384  140 1081 0.765 102.7  67.4  -5.6 -48.6
1897 8 5.400    460600 0    9   52   19  110 0.969 107.0  42.5 -14.8 -73.5
1897 8 6.416    460500 1  217 1562  137  982 0.601 108.2  67.6  -5.7 -35.0
1897 8 6.416    460600 2    8   70   10   79 0.892 110.2  42.6 -14.9 -60.0
1897 8 6.416    460700 9    1   10    1    8 0.764 108.1  55.2  -9.5 -47.4
1897 8 7.429    460500 1  270 1810  149  998 0.412 118.7  67.9  -5.5 -21.3
1897 8 7.429    460600 0   11   97    9   78 0.778 115.3  42.4 -15.1 -46.8
1897 8 7.429    460700 9    4   57    3   36 0.587 116.2  56.9  -9.7 -32.3
1897 8 8.641    460500 1  238 1680  122  861 0.221 156.4  68.2  -5.3  -5.1
1897 8 8.641    460600 2   14   95    9   61 0.617 124.8  41.6 -15.2 -31.7
1897 8 8.641    460700 9   13   35    7   19 0.364 138.0  59.0  -9.5 -14.3
1897 8 9.464    460500 1  232 1439  119  738 0.229 207.5  68.4  -5.3   6.1
1897 8 9.464    460600 0   19   64   11   37 0.497 137.4  41.9 -15.4 -20.4
1897 8 9.464    460700 9    0   21    0   11 0.287 164.7  57.9  -9.6  -4.4
1897 810.472    460500 1  198 1190  108  647 0.392 240.3  69.0  -5.1  20.0
1897 810.472    460600 0   16   51    9   28 0.389 162.6  42.1 -15.3  -6.9
1897 810.472    460700 9    0    5    0    3 0.263 196.8  53.4  -8.1   4.4
1897 810.472    460800 9    0    9    0   14 0.938  70.8 338.3  20.2 -70.7
1897 811.672    460500 1  144 1088   90  679 0.610 252.4  68.8  -5.3  35.7
1897 811.672    460600 0    5   23    3   13 0.401 202.1  42.1 -15.3   9.0
1897 811.672    460700 9    1   16    1    9 0.471 236.8  56.6  -8.9  23.5
1897 811.672    460800 9    2   17    2   16 0.833  69.5 336.6  20.7 -56.5
1897 812.428    460500 1  135 1034   98  749 0.734 255.9  68.8  -5.7  45.7
1897 812.428    460600 0    5   22    3   13 0.484 220.7  42.2 -15.3  19.1
1897 812.428    460900 9   35  152   19   81 0.355 223.1  37.3  -8.6  14.2
1897 813.200    460500 1  112  788  101  709 0.841 258.8  68.9  -5.7  56.0
1897 813.200    460900 9   49  253   28  144 0.483 239.6  37.8  -8.1  24.9
1897 814.478    460500 1   65  361  111  610 0.958 262.1  68.4  -5.6  72.4
1897 814.478    460900 9   57  384   41  272 0.710 252.0  39.0  -7.8  43.0
1897 814.478   5870100 0    3   17    3   15 0.831  97.9 300.5  -2.8 -55.5
1897 815.188    460500 0   10  174   38  618 0.992 263.4  68.4  -5.6  81.8
1897 815.188    460900 9   25  160   22  137 0.819 255.4  39.7  -7.9  53.1
1897 816.418    460900 9   12   66   19  102 0.949 258.7  40.6  -8.5  70.2
1897 816.418    461100 9   11   77   20  138 0.958 100.5 258.4  -8.0 -72.0
1897 817.205    461100 9   13  111   16  129 0.898 102.3 257.7  -7.9 -62.3
1897 818.430    461100 9   26  174   20  130 0.738 106.5 258.3  -7.3 -45.5
1897 819.523    461100 9   34  214   21  130 0.560 114.1 258.4  -7.3 -31.0
1897 820.199    461100 9   41  220   23  123 0.442 122.5 258.3  -7.3 -22.1
1897 821.440    461100 9   36  277   19  144 0.260 159.3 258.7  -7.1  -5.3
1897 822.260    461100 9   40  232   21  120 0.263 202.4 258.9  -7.1   5.8
1897 822.260    461200 9    8   40    5   23 0.461 144.8 237.1 -15.4 -16.0
1897 823.535    461100 9   32  196   18  109 0.447 238.5 258.9  -7.0  22.6
1897 823.535    461200 2    3   16    2    9 0.369 179.0 235.9 -14.6  -0.4
1897 824.199    461100 9   26  183   16  111 0.571 246.6 259.5  -7.1  31.9
1897 824.199    461300 2    7   55    4   28 0.114  75.2 221.2   8.7  -6.4
1897 825.186    461100 9   37  138   27  101 0.727 253.2 259.0  -7.1  44.5
1897 825.186    461300 2   11   55    6   28 0.123 282.6 221.5   8.6   7.0
1897 826.394    461100 9   12   69   13   74 0.887 258.2 259.6  -7.0  61.0
1897 827.394    461100 9    4   42    9   79 0.967 261.0 259.5  -6.8  74.1
1897 827.394    461400 4    5   41    3   21 0.135 294.4 192.6  10.3   7.2
1897 828.443    461400 4   14   52    8   28 0.362 277.8 192.8   9.5  21.3
1897 829.289    461400 2    8   44    5   26 0.513 276.1 191.5   9.3  31.1
1897 830.468    461500 1   24  179   47  342 0.962  98.5  71.6  -6.1 -73.2
1897 831.455    461500 1   34  261   38  285 0.885  99.7  70.5  -5.1 -61.2
1897 831.455    461700 1    0   18    0   79 0.991  75.7  47.6  15.0 -84.1
1897 831.455   5870200 7    1   24    1   13 0.220 261.1 144.3   5.1  12.6
1897 9 1.176    461500 1   48  246   41  206 0.796 101.8  70.8  -4.9 -51.4
1897 9 1.176    461700 1    5   34   10   63 0.957  76.1  47.8  15.3 -74.4
1897 9 1.176    461800 4   16   75   11   50 0.662 112.6  84.0  -9.1 -38.2
1897 9 2.448    461500 1   58  301   37  190 0.602 108.7  70.5  -5.2 -34.9
1897 9 2.448    461700 1   20  106   19   97 0.835  77.6  48.1  14.3 -57.3
1897 9 2.448    461800 4   14   57    8   32 0.449 129.7  84.9  -9.9 -20.5
1897 9 2.448    461900 6    3   32    5   53 0.953 104.6  35.2 -11.5 -70.2
1897 9 3.516    461500 1   53  318   29  174 0.402 121.1  71.1  -5.2 -20.2
1897 9 3.516    461700 1   38  219   26  150 0.672  76.5  48.9  14.4 -42.4
1897 9 3.516    461800 4    5   32    3   17 0.296 166.6  87.3  -9.5  -4.0
1897 9 3.516    461900 6   81  512   88  555 0.882 106.5  31.9 -10.9 -59.4
1897 9 3.516    462000 4   26  117   14   61 0.273 133.3  79.8  -3.7 -11.5
1897 9 3.516    462100 2    0    3    0    5 0.930 100.4  24.1  -6.9 -67.2
1897 9 4.296    461500 0   76  367   40  191 0.273 139.2  70.7  -4.8 -10.3
1897 9 4.296    461700 1   59  285   35  169 0.532  73.2  49.2  15.0 -31.8
1897 9 4.296    461900 6  227 1180  188  975 0.794 108.8  31.2 -10.2 -49.8
1897 9 4.296    462000 4   86  481   44  245 0.190 175.8  80.2  -3.7  -0.8
1897 9 5.131    461500 0   66  343   34  176 0.214 183.7  70.8  -5.1   0.8
1897 9 5.131    461700 1   46  317   25  171 0.362  67.4  49.8  14.8 -20.2
1897 9 5.131    461900 6  260 1353  174  905 0.661 114.1  32.2 -10.0 -37.8
1897 9 5.131    462000 4  142  660   74  342 0.270 227.5  81.5  -3.4  11.5
1897 9 5.131    462100 4    0   23    0   21 0.822 102.9  16.3  -6.3 -53.7
1897 9 5.131    462200 9    3   52    2   27 0.252 162.4  65.6  -6.7  -4.4
1897 9 6.603    461500 0   62  300   34  164 0.408 238.8  71.1  -5.4  20.5
1897 9 6.603    461700 1   63  359   32  181 0.131   0.0  50.6  14.8   0.0
1897 9 6.603    461900 6  343 1714  188  938 0.412 137.7  34.2 -10.8 -16.4
1897 9 6.603    462000 4  107  541   65  326 0.559 253.0  83.0  -3.3  32.4
1897 9 6.603    462100 4   42  156   26   96 0.576 112.8  18.3  -6.8 -32.3
1897 9 6.603    462200 9    5   33    3   18 0.397 226.3  67.5  -9.0  16.9
1897 9 7.285    461500 0   61  293   36  172 0.533 246.4  70.9  -6.0  29.4
1897 9 7.285    461700 1   60  264   31  135 0.215 309.5  51.4  15.0   9.9
1897 9 7.285    461900 6  300 1567  159  830 0.333 156.7  33.8 -10.6  -7.7
1897 9 7.285    462000 4  101  429   69  292 0.684 256.4  83.3  -3.9  41.8
1897 9 7.285    462100 4   24  158   14   89 0.446 119.9  18.6  -6.2 -22.9
1897 9 7.285    462200 9    0    1    0    1 0.507 239.8  67.8  -8.3  26.3
1897 9 8.277    461500 0   52  237   36  164 0.700 253.3  70.8  -6.3  42.4
1897 9 8.277    461700 1   49  248   27  135 0.411 290.4  51.9  14.9  23.5
1897 9 8.277    461900 6  278 1475  147  778 0.326 200.3  35.0 -10.6   6.6
1897 9 8.277    462000 4   68  311   61  276 0.831 260.0  83.5  -4.2  55.1
1897 9 8.277    462100 4   78  397   41  208 0.291 147.0  19.2  -7.0  -9.2
1897 9 9.219    461500 0   36  167   33  151 0.835 257.1  71.0  -6.6  55.0
1897 9 9.219    461700 7   45  343   28  213 0.593 286.4  52.2  15.5  36.2
1897 9 9.219    461900 6  250 1340  139  743 0.445 228.1  35.7 -10.5  19.7
1897 9 9.219    462000 4   14  178   20  246 0.936 263.0  84.7  -4.0  68.7
1897 9 9.219    462100 4   52  380   27  197 0.265 196.3  20.3  -7.5   4.3
1897 910.445    461500 0   19   99   32  162 0.953 261.4  71.1  -5.9  71.3
1897 910.445    461700 7   44  206   36  167 0.790 284.0  52.5  15.5  52.7
1897 910.445    461900 6  202 1053  135  702 0.675 246.7  38.8  -9.9  39.0
1897 910.445    462100 2   51  304   29  170 0.447 237.3  22.1  -7.3  22.3
1897 911.382    461500 0    0   25    0  108 0.994 263.4  70.1  -5.7  82.7
1897 911.382    461700 7   14   78   16   88 0.903 283.4  52.9  15.2  65.5
1897 911.382    461900 6  137  819  114  680 0.804 252.4  38.4  -9.6  51.0
1897 911.382    462100 2   35  167   23  109 0.645 251.2  25.3  -6.3  37.9
1897 912.260    461700 7    4   35    9   73 0.972 282.3  53.6  13.6  77.7
1897 912.260    461900 6   78  466   93  554 0.914 255.1  39.9 -10.5  64.0
1897 912.260    462100 2   30  128   25  106 0.797 255.7  27.0  -6.9  51.1
1897 912.260    462300 2    2   24    2   23 0.846 280.7  34.4  12.9  58.5
1897 913.323    461900 6   34  205   89  530 0.984 257.7  39.9 -10.7  78.1
1897 913.323    462100 2   24   80   32  105 0.924 259.5  28.0  -6.8  66.2
1897 913.323    462300 2    6   25    9   35 0.931 280.4  31.4  12.3  69.6
1897 913.323    462400 9    2   19    2   19 0.861  73.4 261.7  17.9 -60.1
1897 914.436    462100 2    1    6    3   10 0.955 258.3  18.3  -8.9  71.2
1897 914.436    462400 9    8   46    6   33 0.700  72.0 262.8  17.7 -44.3
1897 914.436   5880100 1    7   34    4   17 0.329 141.6 295.2  -7.9 -11.9
1897 915.289    462600 0   10   81   26  196 0.977  80.8 217.1  10.5 -78.8
1897 916.185    462600 0   20   97   25  117 0.907  81.6 218.2  10.6 -65.9
1897 917.447    462600 0   14  111   11   85 0.752  82.7 218.1  10.2 -49.3
1897 918.447    462600 0   22   91   14   57 0.588  82.6 217.9  10.1 -36.3
1897 918.447    462700 9    6   37    4   23 0.590 236.5 284.5 -12.9  30.3
1897 918.447    462800 9    3   15    2    9 0.502 142.3 235.5 -16.7 -18.7
1897 919.485    462600 0    9   38    5   21 0.381  80.1 218.1  10.3 -22.4
1897 919.485    462700 9    2   14    2   11 0.758 249.7 286.8 -10.4  46.3
1897 919.485    462800 9    9   33    5   18 0.399 171.8 237.1 -16.2  -3.4
1897 919.485   5880200 7    0   14    0    7 0.086 125.6 236.5   4.2  -4.0
1897 920.599    462600 9   17   55    9   28 0.132  63.3 218.9  10.4  -6.9
1897 920.599    462800 9   19   75   11   42 0.445 208.8 238.7 -16.1  12.9
1897 920.599    463000 5   67  396   46  269 0.677 110.6 186.0  -8.4 -39.8
1897 921.513    462600 9    9   87    5   44 0.093 305.7 218.1  10.1   4.4
1897 921.513    462800 9   10   35    6   21 0.558 226.6 238.7 -16.2  25.0
1897 921.513    463000 5   67  387   40  229 0.527 118.5 185.8  -8.4 -27.9
1897 921.513    463100 5    4  112    7  179 0.949  79.5 141.0  12.1 -72.7
1897 921.513    463200 5   10  132   18  228 0.953  85.6 140.7   6.3 -73.0
1897 922.300    462600 9    0   50    0   26 0.266 282.7 218.6  10.1  15.3
1897 922.300    463000 5   60  350   33  190 0.386 131.0 186.2  -8.0 -17.1
1897 922.300    463100 5   12   95   13  100 0.873  78.7 141.7  13.2 -61.6
1897 922.300    463200 5   19  141   21  150 0.881  86.1 141.0   6.7 -62.3
1897 923.396    462600 9    0   20    0   12 0.504 279.5 219.3  10.8  30.4
1897 923.396    463000 5   54  362   28  187 0.258 173.5 187.2  -7.9  -1.7
1897 923.396    463100 5   28  122   20   87 0.709  78.8 143.4  12.8 -45.5
1897 923.396    463200 5   64  408   48  303 0.730  88.4 141.7   5.9 -47.2
1897 923.396   5880300 2    4   46    2   24 0.274 272.3 204.9   7.3  16.0
1897 924.683    463000 5   41  235   22  126 0.372 227.2 187.9  -8.0  16.0
1897 924.683    463100 5   47  178   27  102 0.472  76.4 143.9  12.5 -28.0
1897 924.683    463200 5  100  529   58  305 0.493  91.2 142.2   5.4 -29.7
1897 925.491    463000 5   39  198   23  115 0.512 242.2 188.4  -7.7  27.2
1897 925.491    463100 5   45  230   24  121 0.306  69.6 144.1  12.7 -17.1
1897 925.491    463200 5   43  362   23  191 0.303  93.4 143.5   5.5 -17.7
1897 926.517    463000 0   32  221   22  150 0.684 250.9 188.4  -7.8  40.7
1897 926.517    463100 5   43  258   22  130 0.118  33.1 143.9  12.5  -3.8
1897 926.517    463200 5   47  272   24  137 0.070 109.1 143.9   5.5  -3.8
1897 926.517    463400 1   16   72   35  158 0.972  98.3  72.3  -6.4 -75.4
1897 927.595    463000 0   34  148   31  135 0.835 255.9 188.2  -7.9  54.8
1897 927.595    463100 5   25  141   13   72 0.212 295.1 144.7  11.8  11.3
1897 927.595    463200 5   27  180   14   92 0.196 264.6 144.7   5.6  11.3
1897 927.595    463400 1   19  125   21  138 0.885 101.0  72.4  -6.5 -61.0
1897 927.595    463500 1   21  129   33  203 0.945  82.0  61.7   9.7 -71.7
1897 928.273    463000 0   10   97   12  115 0.907 257.1 188.0  -8.7  63.5
1897 928.273    463100 5   14   54    8   29 0.357 284.1 145.2  11.3  20.7
1897 928.273    463200 5   22   98   12   53 0.375 266.9 146.6   5.1  22.1
1897 928.273    463400 1   25  142   22  123 0.808 102.0  71.9  -5.6 -52.6
1897 928.273    463500 1   41  191   44  203 0.881  81.6  62.0  10.6 -62.5
1897 929.173    463000 2    2   35    6   76 0.974 259.1 188.2  -9.0  75.6
1897 929.173    463100 5    5   38    3   23 0.543 279.7 145.6  10.9  33.0
1897 929.173    463200 5   16   66   10   40 0.560 268.5 146.8   4.7  34.2
1897 929.173    463400 1   32  167   22  113 0.669 106.4  72.4  -5.8 -40.2
1897 929.173    463500 1   51  257   40  201 0.762  81.8  62.5  10.6 -50.1
1897 929.173   5880400 0    0    6    0    8 0.930 101.8  45.7  -8.4 -66.9
1897 930.228    463200 5   10   44    8   33 0.749 270.0 147.4   4.4  48.7
1897 930.228    463400 1   41  239   24  137 0.490 114.7  72.1  -5.9 -26.6
1897 930.228    463500 1   53  299   33  186 0.585  81.4  62.7  10.4 -36.0
1897 930.228    463700 1    3   19    4   20 0.872  77.2  37.3  14.4 -61.4
189710 1.277    463200 5    1   12    2   13 0.885 271.5 147.3   4.4  62.5
189710 1.277    463400 1   43  221   23  116 0.297 136.0  72.8  -5.9 -12.0
189710 1.277    463500 1   57  322   31  175 0.380  79.2  62.5  10.2 -22.3
189710 1.277    463700 1    5   27    4   21 0.742  76.7  36.6  14.3 -48.2
189710 2.504    463400 1   42  233   22  120 0.237 201.5  73.6  -6.2   5.0
189710 2.504    463500 1   63  365   32  184 0.116  60.4  62.7   9.8  -5.9
189710 2.504    463700 1    8   23    5   14 0.517  74.4  37.8  13.6 -30.8
189710 3.481    463400 1   46  221   25  119 0.375 234.5  73.6  -6.4  17.9
189710 3.481    463500 1   53  321   27  162 0.131 293.3  62.7   9.4   7.0
189710 3.481    463700 1    1   11    1    6 0.319  65.8  38.3  13.7 -17.4
189710 4.152    463400 1   40  189   23  108 0.494 243.7  73.4  -6.9  26.5
189710 4.152    463500 1   55  287   29  149 0.272 281.1  62.6   9.2  15.7
189710 4.152    463700 1    1   39    1   20 0.213  50.1  37.2  14.2  -9.7
189710 5.600    463400 1   24  158   18  116 0.737 255.5  73.7  -6.2  45.9
189710 5.600    463500 1   49  250   30  151 0.568 277.5  62.6   9.5  34.8
189710 5.600    463700 1    0    3    0    2 0.237 304.7  39.4  14.0  11.6
189710 5.600    464000 0    1    6    1    6 0.862  92.6 328.3   1.0 -59.5
189710 5.600   5880500 7    0   19    0   10 0.224 256.4  40.4   3.2  12.6
189710 5.600   5880600 7    0   34    0   18 0.245 225.6  37.9  -3.6  10.1
189710 6.627    463400 1   17   98   17   98 0.874 259.3  73.9  -6.2  59.7
189710 6.627    463500 1   36  197   27  146 0.743 277.1  62.6   9.5  48.4
189710 6.627    464000 0    0    6    0    5 0.714  95.5 328.9   0.5 -45.3
189710 6.627    464100 2    5   29    3   15 0.150 182.0  14.5  -2.3   0.3
189710 7.631    463400 1    8   70   14  120 0.959 261.6  73.6  -6.2  72.6
189710 7.631    463500 1   26  147   27  150 0.874 277.3  62.5   9.4  61.5
189710 7.631    464100 2   11   30    6   16 0.285 239.3  15.2  -2.3  14.2
189710 8.621    463500 1   18   57   33  101 0.960 277.8  62.4   9.2  74.5
189710 8.621    464100 0    0   12    0    7 0.461 253.2  14.1  -2.1  26.2
189710 9.529    464000 9    0   13    0    7 0.151 127.4 329.0   0.8  -6.9
18971010.246    464200 2    0   11    0   26 0.974  78.0 248.5  13.0 -78.0
18971011.191    464200 0    7   53   10   69 0.917  78.4 246.9  13.0 -67.2
18971012.591    464200 9    0   32    0   25 0.755  79.9 246.3  11.5 -49.3
18971012.591    464300 0    0    9    0   10 0.872  82.7 234.4   9.2 -61.2
18971013.178    464300 2    1   16    1   15 0.821  82.1 232.3   9.8 -55.6
18971015.439    464400 4    0   21    0   17 0.777  82.1 206.7   9.7 -51.3
18971016.411    464400 4   10   56    7   37 0.641  80.0 205.2  10.7 -40.0
18971017.508    464400 4    3   97    2   54 0.413  76.7 206.6  10.5 -24.1
18971018.495    464400 4    0   19    0   10 0.156  61.8 209.7   9.6  -8.0
18971019.461    464400 4    1   23    1   12 0.124 311.9 210.4  10.1   5.4
18971020.615    464500 9   11   44    6   23 0.208  93.6 177.8   4.4 -12.0
18971020.615    464600 9    3   16    3   15 0.819  86.0 134.5   6.3 -55.3
18971021.446    464500 9    1   11    1    6 0.043  91.7 176.3   5.1  -2.5
18971021.446    464600 9    1   27    1   19 0.696  85.9 134.5   6.6 -44.3
18971022.156    464600 9    0   23    0   14 0.554  85.6 135.6   6.7 -33.8
18971023.528    464600 9    0    5    0    3 0.240  83.1 137.4   6.5 -13.9
18971031.507    464700 9   11   54    7   34 0.604 254.3  81.9  -6.0  35.8
189711 1.537    464700 9    2    5    2    5 0.811 257.3  85.5  -7.8  53.0
189711 1.537    464800 9    1    9    1    6 0.619 111.7 356.8  -9.9 -35.7
189711 2.535    464700 9    0   31    0   38 0.916 260.1  84.8  -7.4  65.5
189711 2.535    464800 9    3   37    2   21 0.457 122.4 356.2 -10.5 -23.1
189711 2.535    464900 0    0   23    0   46 0.968 102.9 305.0 -11.4 -74.3
189711 3.444    464900 0    5   25    6   29 0.898 104.8 305.0 -11.5 -62.3
189711 3.444   5890100 2    0   12    0    6 0.285 209.5  15.5 -10.5   8.2
189711 4.237    464900 0    5   27    5   24 0.810 106.5 304.6 -11.0 -52.3
189711 5.187    464900 1   13   46    9   32 0.673 110.8 304.5 -11.0 -39.9
189711 6.177    464900 1   15   36    9   21 0.504 119.8 304.9 -11.3 -26.5
189711 7.205    464900 1   13   43    7   23 0.340 140.4 305.0 -11.8 -12.8
189711 8.185    464900 1    9   34    5   18 0.268 180.0 304.9 -12.2   0.0
189711 9.186    464900 1    0   11    0    6 0.354 220.4 305.2 -12.5  13.6
18971112.203    465100 9    2   19    2   19 0.863 101.3 193.1  -8.2 -58.8
18971113.173    465100 9    2   51    2   37 0.722 103.4 194.0  -7.7 -45.1
18971114.204    465100 9    6   42    4   25 0.526 108.9 195.4  -7.5 -30.1
18971115.309    465100 9    1    7    1    4 0.318 126.8 196.0  -8.5 -14.9
18971116.193    465100 9    0    7    0    4 0.184 159.1 195.6  -7.5  -3.8
18971118.223    465200 0    3   21    2   11 0.100 304.0 177.4   5.4   4.8
18971120.199    465300 2    7   27   10   35 0.923 272.3 213.9   2.9  67.4
18971120.199   5900100 0    1    7    2   10 0.932 253.0 213.8 -15.1  67.3
18971121.216    465200 4    8   53    6   38 0.716 274.2 178.9   4.3  45.7
18971121.216    465300 0    1   11    3   26 0.979 274.1 211.6   4.4  78.4
18971122.299    465200 4    1   11    1   11 0.854 274.0 177.6   4.3  58.7
18971125.470    465500 9    5   45    3   23 0.186 168.8  74.9  -9.2  -2.1
18971126.182    465500 9    5   46    3   24 0.220 214.8  74.9  -9.2   7.3
18971127.176    465600 2    6   51   11   86 0.954  81.3 342.1   8.6 -72.5
18971128.185    465600 2   20  127   21  133 0.871  80.9 340.9   8.4 -60.4
18971129.515    465600 4   26  136   18   92 0.660  78.9 342.9   7.9 -40.8
18971129.515    465800 0    0    9    0   14 0.932 101.4 315.5 -10.3 -68.2
18971129.515   5900200 0    2   24    2   19 0.774 101.2 333.6  -8.1 -50.1
18971130.384    465600 4   45  206   26  119 0.501  74.3 343.0   8.4 -29.2
18971130.384    465800 1    3   22    3   22 0.849 102.1 314.8  -9.9 -57.4
189712 1.444    465600 4   26  181   14   94 0.272  63.5 344.1   7.5 -14.2
189712 1.444    465800 1    1   17    1   12 0.673 106.5 317.3 -10.6 -41.0
189712 2.446    465600 4   19  192   10   97 0.119  11.8 343.7   7.1  -1.4
189712 3.289    465600 4   60  286   31  146 0.208 300.2 344.4   6.3  10.4
189712 3.289    465900 6    9   74   11   82 0.890 106.3 272.1 -14.3 -61.9
189712 4.213    465600 4  144  716   79  392 0.412 285.0 345.4   6.3  23.6
189712 4.213    465900 6   31  222   25  178 0.772 109.3 272.9 -14.7 -48.9
189712 4.213   5910100 0    0    6    0    7 0.898  79.6 258.2   9.4 -63.6
189712 5.168    465600 9  267 1235  168  776 0.613 280.6 346.5   6.5  37.3
189712 5.168    465900 6   55  363   36  236 0.634 114.2 272.4 -15.0 -36.8
189712 5.168    466100 0    0   13    0   24 0.958  80.6 236.1   9.0 -73.1
189712 6.305    465600 2  149  860  127  730 0.812 278.6 348.3   6.9  54.0
189712 6.305    465900 6   57  388   32  215 0.431 126.5 273.3 -14.9 -21.0
189712 6.305    466100 1   15   65   15   63 0.853  79.0 236.2   9.3 -58.1
189712 6.305    466200 2    0    6    0    4 0.598  91.4 257.6  -0.9 -36.7
189712 6.305    466300 7    0   94    0  471 0.994  79.9 210.6  10.0 -83.7
189712 7.314    465600 2   99  473  134  636 0.929 277.3 349.1   6.7  68.1
189712 7.314    465900 6   30  224   16  117 0.282 160.2 275.3 -15.6  -5.7
189712 7.314    466100 0    5   44    4   31 0.696  77.7 237.6   8.4 -43.4
189712 7.314    466200 0    1    3    1    2 0.423  92.2 256.0  -1.1 -25.0
189712 7.314    466300 7   75  289  117  451 0.946  79.2 210.3  10.1 -70.7
189712 7.314    466400 0    0    5    0    3 0.396 308.2 299.7  14.0  18.7
189712 7.314    466500 6    0  162    0  687 0.992  78.2 198.3  11.7 -82.7
189712 8.332    465600 0    7  161   25  547 0.991 276.9 349.9   6.8  82.4
189712 8.332    465900 0   15  135    8   71 0.319 213.3 278.0 -15.8  10.5
189712 8.332    466100 0    0   29    0   17 0.510  72.6 238.0   8.5 -29.5
189712 8.332    466300 7  115  448  109  424 0.846  77.6 210.4  10.3 -57.1
189712 8.332    466400 4    1   30    1   19 0.600 293.2 302.0  13.4  34.5
189712 8.332    466500 6  140  748  196 1047 0.934  76.4 199.1  12.6 -68.4
189712 8.332    466600 9    0    8    0   21 0.979  70.9 190.0  18.6 -77.5
189712 9.173    465900 0   21  105   12   59 0.453 232.9 278.5 -16.3  22.1
189712 9.173    466100 9    3   25    2   14 0.403  66.0 234.5   9.0 -21.9
189712 9.173    466300 7  123  546   91  403 0.730  75.8 210.5  10.0 -45.9
189712 9.173    466400 4    0   19    0   14 0.726 287.8 301.5  12.5  45.1
189712 9.173    466500 6  130  954  124  909 0.847  75.2 199.5  12.2 -56.9
189712 9.173    466600 9    0   15    1   21 0.923  69.8 190.5  18.4 -65.9
18971210.193    465900 0   17   57   11   37 0.630 244.4 279.3 -16.3  36.3
18971210.193    466300 7  145  646   88  391 0.561  71.2 210.4   9.9 -32.6
18971210.193    466500 6  242 1263  170  886 0.701  72.0 200.0  12.1 -43.0
18971210.193    466600 9    1    4    1    4 0.809  66.2 191.6  18.7 -51.4
18971210.193    466700 9    0   10    0    9 0.825  70.6 189.1  15.6 -53.9
18971211.532    465900 0    6   26    6   24 0.828 252.2 280.1 -15.1  54.7
18971211.532    466300 7  136  710   72  374 0.306  55.5 210.6   9.3 -14.8
18971211.532    466500 6  228 1833  129 1037 0.469  62.4 200.3  11.9 -25.1
18971211.532    466700 9    0   21    0   14 0.637  65.4 188.6  14.8 -36.8
18971211.532    466800 5   15  132    8   67 0.153  48.5 218.8   5.1  -6.6
18971212.307    465900 0    4   11    5   13 0.913 252.6 280.3 -16.2  65.2
18971212.307    466300 7  116  692   62  367 0.191  22.8 210.8   9.3  -4.3
18971212.307    466500 6  302 1781  169  994 0.330  46.6 200.9  12.3 -14.2
18971212.307    466800 5    7   40    4   21 0.123 320.5 219.6   4.6   4.5
18971213.334    466300 7  124  695   64  357 0.240 319.0 210.8   9.5   9.2
18971213.334    466500 6  286 1786  147  917 0.224   0.0 201.6  12.0   0.0
18971213.334    466700 9    0    9    0    5 0.392  41.2 186.0  16.2 -15.6
18971213.334    466800 5    0   15    0    8 0.303 288.2 218.4   4.5  16.8
18971214.487    466300 7  109  616   61  344 0.453 294.7 211.2   9.9  24.7
18971214.487    466500 6  229 1599  122  849 0.345 310.2 202.1  11.8  15.6
18971214.487    466700 9    0    9    0    5 0.295 348.5 190.0  15.7   3.5
18971214.487    466900 9    7   35    4   18 0.135  31.8 182.4   5.5  -4.1
18971215.448    466300 7   97  544   62  348 0.628 287.3 211.3   9.8  37.5
18971215.448    466500 6  294 1699  171  987 0.519 294.6 202.6  11.4  28.8
18971215.448    466700 9    0   34    0   19 0.410 315.1 191.3  15.7  17.5
18971215.448    466900 9    0   21    0   11 0.202 304.7 183.4   5.4   9.6
18971215.448    467000 0   12   37   23   71 0.965  86.9  99.0   2.7 -74.8
18971216.259    466300 7   73  423   56  322 0.757 283.3 211.4   9.1  48.3
18971216.259    466500 6  234 1288  154  846 0.661 287.8 202.9  10.6  39.8
18971216.259    466900 9    1   33    1   18 0.368 286.1 183.9   4.6  20.8
18971216.259    467000 0   10   46   13   55 0.902  85.0  98.8   3.9 -64.3
18971217.523    466300 7   44  263   51  304 0.907 282.0 210.8  10.2  64.4
18971217.523    466500 6   76  850   70  775 0.843 284.3 202.8  11.2  56.4
18971217.523    466700 9    6   35    5   28 0.769 292.5 194.1  16.1  47.7
18971217.523    467000 0    9   64    7   47 0.726  84.2 100.1   3.2 -46.3
18971218.214    466300 7   31  162   57  298 0.962 280.1 211.0   9.3  73.6
18971218.214    466500 6  123  741  148  890 0.910 282.4 202.1  10.6  64.7
18971218.214    466900 9    0   18    0   14 0.760 277.3 186.5   4.5  49.1
18971218.214    467000 0   23   83   15   53 0.607  81.8 100.4   3.7 -37.0
18971219.298    466500 6   36  284   89  699 0.981 280.3 201.4   9.8  78.3
18971219.298    467000 0   14   86    8   47 0.387  77.2 100.9   3.3 -22.2
18971220.200    467000 2   21  102   11   52 0.197  63.0 101.1   3.3 -10.1
18971221.252    467000 0   29  109   15   55 0.113 317.3 101.7   2.8   4.4
18971222.535    467000 0    7   41    4   22 0.373 282.3 101.8   2.6  21.4
18971223.192    467000 0    5   31    3   18 0.512 277.7 102.3   2.0  30.5
18971224.293    467000 0    0   10    0    7 0.712 274.7 102.5   1.7  45.2
18971226.298    467100 1   13   57   55  226 0.992  74.2 309.2  15.3 -81.6
18971227.332    467100 1   25  130   33  172 0.925  72.8 311.2  14.8 -66.0
18971228.330    467100 1   31  209   28  188 0.827  70.3 310.6  14.5 -53.5
18971229.200    467100 1   31  243   22  171 0.699  66.5 311.4  14.0 -41.3
18971230.197    467100 1   40  247   24  146 0.532  57.3 312.0  14.0 -27.5
18971230.197    467200 4    3   29    2   17 0.496 256.8   8.8  -9.2  29.3
18971230.197    467300 9   25  117   42  190 0.948  80.7 268.8   7.8 -70.7
18971231.196    467100 1   53  308   29  166 0.372  39.9 312.2  13.5 -14.2
18971231.196    467200 4   13   62    9   43 0.691 259.9  10.0  -9.3  43.6
18971231.196    467300 9   47  196   46  192 0.854  79.2 268.6   7.5 -57.8
