1899 1 1.222    482300 8   25  116   13   59 0.174 213.4 180.9 -11.7   5.6
1899 1 1.222    482600 5    8   97   14  157 0.950  97.0 103.3  -7.7 -72.0
1899 1 1.222   6050200 0    0    4    0    2 0.172 332.3 179.9   5.4   4.6
1899 1 2.522    482300 8    7   27    4   15 0.398 249.9 180.5 -11.1  22.4
1899 1 2.522    482600 5   47  309   40  263 0.807  98.5 104.2  -8.9 -53.9
1899 1 2.522    482700 2    5   21    4   15 0.697  94.2 113.8  -5.4 -44.3
1899 1 3.320    482600 5   49  354   35  249 0.697  98.8 103.5  -8.7 -44.2
1899 1 3.320    482700 2   37  180   22  107 0.532  94.0 115.5  -5.2 -32.2
1899 1 4.223    482600 5   43  258   26  154 0.532 101.0 103.9  -9.0 -31.9
1899 1 4.223    482700 2   56  285   30  152 0.335  95.4 116.2  -5.3 -19.6
1899 1 4.223   6050300 2    0   17    0    9 0.347 245.5 154.6 -11.8  18.8
1899 1 5.251    482600 5   33  152   18   81 0.330 104.9 103.4  -8.5 -18.8
1899 1 5.251    482700 5   49  327   25  165 0.104 103.6 116.4  -5.2  -5.8
1899 1 5.251    482900 5    0   45    0  182 0.991 103.0  39.0 -13.4 -83.2
1899 1 6.236    482600 5   21  118   11   60 0.140 126.8 102.8  -8.7  -6.5
1899 1 6.236    482700 5   47  234   24  118 0.127 259.7 116.5  -5.2   7.2
1899 1 6.236    482900 5   34  292   55  473 0.950 104.0  37.0 -14.5 -72.3
1899 1 7.450    482600 5    3   57    2   29 0.184 245.2 102.9  -8.4   9.7
1899 1 7.450    482700 5    9  101    5   55 0.388 266.2 116.1  -5.2  22.9
1899 1 7.450    482900 5   52  418   46  367 0.822 104.6  38.0 -14.3 -55.2
1899 1 7.450   6050400 2    3   23    2   14 0.638  70.0  55.8   9.4 -37.4
1899 1 8.484    482600 5    0   22    0   12 0.375 257.2 101.3  -8.6  21.7
1899 1 8.484    482700 0    7   35    5   22 0.611 267.0 117.4  -5.1  37.8
1899 1 8.484    482900 5   77  509   53  349 0.674 106.4  37.8 -14.1 -41.8
1899 1 9.471    482600 5    0   18    0   11 0.559 260.4 100.5  -8.9  33.9
1899 1 9.471    482700 0    6   25    5   20 0.773 267.3 117.4  -4.8  50.8
1899 1 9.471    482900 5   90  666   53  390 0.500 110.9  37.8 -14.0 -28.8
1899 1 9.471    483100 2    3   34    2   20 0.515  54.2  41.1  13.7 -25.5
1899 110.262    482600 5    0    4    0    3 0.731 262.4 103.3  -8.5  47.1
1899 110.262    482700 0    4   15    5   16 0.881 266.1 118.2  -5.5  62.0
1899 110.262    482900 5  106  558   57  300 0.357 118.7  37.4 -14.0 -18.8
1899 110.262    483100 0    1    5    1    3 0.388  35.9  42.6  14.1 -13.6
1899 110.262    483200 9    6   36    5   27 0.727 105.7   9.9 -14.4 -46.3
1899 111.427    482900 5   86  521   44  265 0.176 166.7  38.5 -14.3  -2.4
1899 111.427    483200 9    0   35    0   21 0.526 111.9  10.5 -15.2 -30.4
1899 112.477    482900 5  108  503   56  260 0.257 226.4  38.1 -14.7  11.1
1899 113.213    482900 5   86  490   47  265 0.394 242.6  38.6 -14.8  21.2
1899 114.534    482900 5   43  356   28  229 0.636 251.9  38.7 -15.1  38.8
1899 115.216    482900 5   19  238   15  179 0.753 253.8  39.5 -15.4  48.6
1899 116.247    482900 5   24  202   25  211 0.880 255.8  39.4 -14.8  62.0
1899 116.247    483200 6   44  134   27   81 0.556 249.3  10.1 -15.5  32.7
1899 116.247   6060100 1    2   13    3   20 0.938  99.0 267.2 -10.1 -70.2
1899 117.496    483200 6   27  157   21  118 0.752 253.9   9.5 -15.4  48.5
1899 118.264    483200 6   27  178   27  173 0.858 254.6  10.1 -15.8  59.3
1899 119.195    483200 6    6   69   10  105 0.944 254.5  10.1 -16.3  71.5
1899 121.221   6060200 0    0    2    0    2 0.788  75.5 221.5   8.0 -50.4
1899 122.500    483500 2    2   18    3   25 0.926  95.6 186.8  -7.2 -68.3
1899 123.290    483500 2    5   23    5   22 0.837  94.7 187.5  -7.0 -57.2
1899 124.487    483600 2   12   46   18   69 0.937 100.6 158.6 -11.9 -70.3
1899 125.418    483600 2   26  138   26  135 0.854 100.2 157.6 -11.7 -59.1
1899 126.442    483600 6   43  236   31  170 0.718 100.3 157.1 -11.4 -46.1
1899 127.439    483600 5   39  214   24  131 0.564 101.6 155.7 -11.4 -34.3
1899 128.440    483600 5   46  228   25  124 0.380 104.8 154.7 -11.1 -22.0
1899 129.168    483600 5   29  137   15   71 0.237 112.6 154.4 -11.1 -12.9
1899 130.199    483600 9   19   51   10   26 0.088 186.7 154.3 -11.1   0.6
1899 130.199    483700 4    2   18    3   22 0.909  90.3  88.2  -2.8 -65.5
1899 131.184    483600 9    1   13    1    7 0.246 250.1 154.4 -10.8  13.6
1899 131.184    483700 4   14   67   12   55 0.783  87.5  89.3  -1.9 -51.5
1899 2 1.274    483700 4   28  128   18   80 0.587  85.1  90.6  -2.2 -35.8
1899 2 1.274    483800 0    1   15    3   23 0.941  99.8  55.3 -11.3 -71.1
1899 2 2.198    483700 4   64  220   35  120 0.388  80.1  91.7  -2.0 -22.5
1899 2 2.198    483800 2    5   23    5   23 0.846  99.1  55.9 -11.0 -58.3
1899 2 3.238    483700 4   43  246   22  125 0.163  62.6  92.3  -2.0  -8.3
1899 2 3.238    483800 0    8   20    6   14 0.697  98.8  56.1 -10.7 -44.5
1899 2 4.446    483700 4    9   92    5   47 0.171 297.7  93.3  -1.8   8.7
1899 2 4.446    483800 0    5   17    3   10 0.465 100.6  56.9 -10.6 -27.7
1899 2 5.361    483700 4    1   44    1   24 0.369 281.3  93.8  -1.9  21.2
1899 2 5.361    483800 6   17   60    9   32 0.311 105.0  54.8 -10.8 -17.8
1899 2 6.000         0 0    0    0    0    0 0.000   0.0   0.0   0.0   0.0
1899 2 7.484    483800 6   17  138    9   71 0.235 251.1  57.7 -10.8  13.1
1899 2 8.200    483800 6   44  294   24  160 0.392 256.7  58.2 -11.3  22.9
1899 2 9.232    483800 6   55  263   34  161 0.583 261.5  57.5 -10.4  35.9
1899 210.484    483800 6   12   59   10   48 0.791 262.3  57.9 -10.2  52.8
1899 211.170    483800 6    7   27    8   28 0.881 261.2  58.7 -10.9  62.5
1899 219.189    483900 0    1    6    2   12 0.961  95.8 175.9  -7.5 -74.6
1899 220.175    483900 0    0    4    0    5 0.867  94.5 176.8  -7.4 -60.7
1899 221.432    483900 0    0    1    0    1 0.673  93.3 178.3  -7.5 -42.7
1899 222.426   6070100 7    1   43    1   22 0.097 223.3 211.8 -11.2   3.9
1899 227.471    484100 5    0   25    0   13 0.067 317.4 144.1  -4.4   2.6
1899 228.504    484100 5   30  120   16   63 0.302 277.3 145.4  -4.7  17.5
1899 3 1.631    484100 5   16  137   10   82 0.554 271.9 146.8  -5.0  33.8
1899 3 2.178    484100 5   26  118   18   80 0.672 270.5 148.1  -5.0  42.4
1899 3 2.178   6070200 0    0    4    0    3 0.581 108.2  70.6 -16.4 -35.1
1899 3 3.479    484100 5   57  294   58  295 0.869 268.7 149.3  -4.7  60.7
1899 3 3.479   6070300 2    0   11    0    8 0.638 102.0  48.7 -13.2 -39.9
1899 3 4.202    484100 5   55  265   76  361 0.935 267.2 148.8  -5.2  69.7
1899 311.271    484400 1    0    8    0   15 0.955  71.7 276.0  15.1 -69.9
1899 312.568    484400 1    7   30    7   28 0.835  66.4 276.3  15.3 -52.5
1899 313.479    484400 1    5   34    4   25 0.720  61.6 276.0  14.7 -40.9
1899 314.650    484400 1    1   15    1    9 0.548  48.9 276.1  14.7 -25.3
1899 315.497    484500 2    5   31   10   59 0.959  96.8 215.9  -8.5 -74.3
1899 316.189    484500 5   14  150   17  182 0.907  96.6 215.3  -8.9 -65.8
1899 317.186    484400 2    0    7    0    4 0.374 341.8 274.9  13.8   6.9
1899 317.186    484500 5   92  535   78  449 0.798  96.2 214.5  -9.2 -53.5
1899 318.196    484500 5  109  986   71  638 0.633  96.0 215.1  -9.2 -39.6
1899 319.467    484500 5  104  968   56  518 0.350  97.3 217.3  -9.1 -20.6
1899 320.187    484500 5  168 1044   86  533 0.195 102.3 217.3  -9.2 -11.1
1899 320.187    484600 0    9   51   18   94 0.961  92.3 154.1  -4.1 -74.3
1899 321.246    484500 5  195 1143   98  573 0.071 237.5 218.0  -9.1   3.5
1899 321.246    484600 0   17   91   18   92 0.867  90.9 154.1  -4.2 -60.4
1899 322.200    484500 5  259 1191  135  620 0.285 261.5 218.5  -9.0  16.6
1899 322.200    484600 0   17  100   13   75 0.736  89.8 154.3  -4.5 -47.6
1899 322.200    484700 1    7   29    5   20 0.674 288.0 242.1   6.8  40.2
1899 323.659    484500 1  126  741   78  459 0.591 264.9 219.1  -8.5  36.5
1899 323.659    484600 0   26  121   15   69 0.470  87.4 154.5  -4.8 -28.1
1899 323.659    484700 1    3   24    3   24 0.870 280.9 241.8   6.0  59.2
1899 324.512    484500 1   88  621   64  449 0.732 264.8 218.9  -8.4  47.5
1899 324.512    484600 0   19   82   10   43 0.292  84.9 154.4  -5.0 -17.0
1899 324.512    484700 0    4   22    6   30 0.937 278.7 239.9   5.7  68.5
1899 325.489    484500 1   58  423   57  411 0.861 263.6 218.5  -8.9  60.0
1899 325.489    484600 1   23  103   12   52 0.087  67.3 153.9  -4.8  -4.6
1899 326.187    484500 1   51  321   72  450 0.933 262.7 219.0  -9.2  69.7
1899 326.187    484600 1   21   81   11   41 0.096 289.8 154.5  -4.8   5.2
1899 327.166    484500 1   12  102   43  347 0.991 260.9 219.5  -9.9  83.1
1899 327.166    484600 0    9   34    5   18 0.315 273.8 154.8  -5.1  18.4
1899 327.166    484800 0   33  176   66  351 0.965 101.1  60.5 -12.4 -75.9
1899 328.224    484600 0    0   13    0    8 0.540 272.1 155.2  -4.4  32.8
1899 328.224    484800 0   56  292   60  308 0.877 101.1  60.4 -12.9 -62.0
1899 329.454    484800 0   52  403   37  285 0.703 101.6  61.3 -12.8 -44.9
1899 330.172    484800 1   82  474   51  292 0.581 102.6  61.2 -12.6 -35.5
1899 331.157    484800 1  103  551   56  300 0.392 107.7  61.2 -12.8 -22.5
1899 4 1.173    484800 1  113  543   58  277 0.189 128.8  61.6 -13.1  -8.7
1899 4 2.648    484800 1   84  504   43  258 0.220 235.3  61.6 -13.4  10.7
1899 4 3.190    484800 1   72  505   38  266 0.329 246.5  61.8 -13.5  18.1
1899 4 3.190    484900 2    7   23    4   12 0.216 102.6  31.4  -8.8 -12.3
1899 4 4.193    484800 1   94  379   55  221 0.525 255.0  61.9 -13.1  31.4
1899 4 4.193    484900 0    0   15    0    8 0.064 236.6  33.6  -8.2   3.1
1899 4 5.426    484800 0   60  331   44  241 0.731 258.3  61.4 -12.7  47.2
1899 4 6.451    484800 0   35  264   35  264 0.871 259.0  61.8 -12.5  61.2
1899 4 7.197    484800 0   42  171   60  244 0.941 258.8  61.9 -12.5  71.1
1899 4 9.502    485000 0    9   56   19  116 0.969  96.6 244.2  -7.8 -76.2
1899 410.518    485000 0   20  107   22  117 0.887  95.8 244.0  -7.8 -63.0
1899 410.518    485100 0    0    9    0   27 0.985  84.8 227.4   4.1 -79.6
1899 411.453    485000 0   33  150   27  120 0.773  95.2 243.6  -7.6 -51.0
1899 411.453    485100 0    0   17    0   23 0.923  83.4 227.8   3.9 -66.8
1899 412.532    485000 0   36  183   23  115 0.595  95.4 243.7  -7.7 -36.7
1899 412.532    485100 0    0   10    0    9 0.794  80.9 228.6   3.8 -51.8
1899 412.532    485200 1    6   65    6   64 0.852  99.2 221.5 -10.8 -58.9
1899 413.355    485000 0   35  227   20  127 0.440  95.8 243.3  -7.5 -26.2
1899 413.355    485100 0    0    4    0    3 0.669  78.2 228.5   3.7 -41.0
1899 413.355    485200 1   10   58    8   43 0.732  99.8 222.2 -10.9 -47.3
1899 414.351    485000 0   21  204   11  105 0.222  99.0 243.6  -7.3 -12.8
1899 414.351    485200 1    3   33    2   20 0.539 101.6 223.9 -10.8 -32.5
1899 415.178    485000 2   31  219   16  110 0.041 137.6 243.9  -7.1  -1.6
1899 415.178    485200 1    3   31    2   17 0.381 105.2 223.5 -10.7 -22.0
1899 416.203    485000 0   43  168   22   86 0.214 261.8 244.2  -6.9  12.3
1899 417.605    485000 0   17   58   10   34 0.509 265.8 244.1  -6.6  30.7
1899 417.605    485300 0    4   16    6   21 0.920  95.3 146.1  -6.9 -67.3
1899 418.246    485000 0    3   17    2   11 0.636 265.8 244.7  -6.6  39.7
1899 418.246    485300 0    8   20    8   20 0.850  95.1 146.5  -7.0 -58.5
1899 419.428    485000 0    0    4    0    4 0.816 265.8 244.4  -6.3  55.0
1899 419.428    485300 0    2   14    2   10 0.672  95.3 147.0  -7.3 -42.4
1899 420.486    485400 0    5   27   12   59 0.971  77.6 100.5  10.8 -74.9
1899 421.267    485400 0    5   59    7   74 0.913  76.2 100.7  10.5 -64.4
1899 422.157    485400 0   17   50   15   44 0.816  73.4 100.6  10.6 -52.7
1899 423.483    485400 2    4   28    3   18 0.609  65.8 101.3  10.6 -34.4
1899 423.483    485500 0   11   48   21   89 0.960 101.9  61.3 -12.7 -74.4
1899 424.221    485400 0    6   24    4   14 0.503  58.1 100.2  11.3 -25.8
1899 424.221    485500 0   22  123   26  144 0.904 102.0  61.0 -12.8 -65.0
1899 425.524    485400 0    7   24    4   13 0.303  26.5 100.9  11.3  -7.9
1899 425.524    485500 1   40  188   30  140 0.740 103.1  61.2 -12.7 -47.6
1899 426.221    485400 2    5   25    3   13 0.272 356.0 100.7  11.4   1.1
1899 426.221    485500 1   32  215   21  139 0.629 105.3  61.1 -13.0 -38.5
1899 427.184    485400 0    1   11    1    6 0.362 318.1 101.2  11.5  14.3
1899 427.184    485500 1   57  286   32  161 0.452 110.8  61.2 -13.1 -25.7
1899 428.225    485500 1   56  315   29  163 0.255 128.0  61.2 -13.1 -11.9
1899 429.454    485500 1   53  290   27  147 0.171 207.2  61.5 -12.8   4.6
1899 430.499    485500 1   37  179   20   95 0.344 244.1  61.5 -12.4  18.5
1899 5 1.259    485500 0   43  226   25  129 0.488 251.5  61.3 -12.3  28.3
1899 5 2.161    485500 0   41  184   27  121 0.652 255.1  61.3 -12.5  40.2
1899 5 3.640    485500 0   24  115   24  113 0.860 257.7  61.0 -12.4  59.4
1899 5 4.437    485500 0   19   94   27  130 0.937 258.2  60.9 -12.3  69.9
1899 512.479    485600 0    0   23    0   37 0.948  98.0 173.1  -8.4 -71.6
1899 513.431    485600 0    0    8    0    8 0.848  98.1 174.1  -8.2 -58.0
1899 518.478    485600 9   21  169   11   87 0.238 244.1 177.8  -7.9  12.5
1899 519.348    485600 9   16   79    9   44 0.441 256.0 179.4  -7.8  25.6
1899 520.541    485600 9    6   34    4   23 0.670 260.1 179.9  -7.9  41.8
1899 520.541    485700 1   10   43   21   91 0.968 103.0  62.6 -13.0 -75.5
1899 521.209    485600 9    2   14    2   11 0.768 261.1 179.2  -7.9  50.0
1899 521.209    485700 1    8   55   12   76 0.928 103.8  61.3 -13.4 -67.9
1899 522.213    485700 1   16  101   15   90 0.824 105.0  61.1 -13.2 -54.8
1899 523.513    485700 1   23  200   15  129 0.625 109.8  61.5 -13.3 -37.2
1899 524.612    485700 1   30  198   17  110 0.428 119.1  61.5 -13.2 -22.6
1899 525.167    485700 1   31  151   17   81 0.338 127.9  60.9 -13.1 -15.9
1899 526.171    485700 1   27  140   14   72 0.213 167.1  60.7 -13.0  -2.8
1899 527.500    485700 1   22  133   12   70 0.312 230.2  60.1 -12.4  14.2
1899 528.480    485700 1   15  106    9   61 0.500 245.4  60.8 -12.7  27.8
1899 529.428    485700 1    8   70    6   47 0.667 252.0  61.0 -12.4  40.5
1899 530.262    485700 1    0   33    0   27 0.791 254.8  60.8 -12.3  51.4
1899 531.502    485700 1    0    9    0   14 0.938 257.4  62.4 -12.0  69.4
1899 6 1.459    485700 1    0    9    0   28 0.985 257.0  60.3 -12.9  80.0
1899 6 4.492    485800 6    7   39    9   49 0.913  83.3 234.4   6.1 -65.8
1899 6 5.482    485800 6   19   97   16   80 0.785  82.5 235.6   6.0 -51.5
1899 6 6.487    485800 6   20  153   13   99 0.624  81.1 235.5   5.8 -38.3
1899 6 7.457    485800 6   25  199   14  111 0.421  77.3 236.6   5.7 -24.4
1899 6 8.485    485800 6   41  198   21  101 0.195  63.7 237.3   5.5 -10.1
1899 6 9.432    485800 6   15  107    8   54 0.096 331.8 237.4   5.5   2.6
1899 610.440    485800 6    1   34    1   18 0.286 287.5 237.4   5.7  15.9
1899 610.440    485900 4   29  133   22   99 0.739 277.1 269.0   5.8  47.5
1899 611.629    485900 4    0   77    0   90 0.907 276.2 270.8   6.0  65.1
1899 612.641    485900 4    0   25    0   49 0.966 276.2 267.3   6.3  75.0
1899 612.641    486000 2    1    9    1    5 0.245 138.3 182.8  -9.5  -9.5
1899 612.641    486100 4    1   25    2   29 0.895 105.5 129.9 -13.4 -62.4
1899 613.490    486100 4   24  117   19   93 0.769 108.7 132.7 -13.5 -48.5
1899 614.662    486000 4    3   51    2   28 0.400 241.5 186.5  -9.8  20.9
1899 614.662    486100 4   64  425   41  270 0.620 114.6 130.1 -13.9 -35.5
1899 615.431    486000 4   15   72    9   43 0.547 249.8 186.8  -9.7  31.4
1899 615.431    486100 4   38  315   22  180 0.481 122.7 130.8 -13.8 -24.6
1899 616.449    486000 4    5   38    4   28 0.731 255.0 187.8  -9.9  45.8
1899 616.449    486100 4   39  214   21  113 0.312 145.4 131.5 -13.4 -10.5
1899 616.449    486200 0    2   26    4   47 0.957 100.8  69.4  -9.9 -72.6
1899 617.460    486000 4    0   15    1   16 0.870 257.2 188.1 -10.3  59.6
1899 617.460    486100 4   29  174   15   90 0.263 184.4 129.7 -13.6   1.2
1899 617.460    486200 0    4   19    5   20 0.868 102.8  69.2 -10.3 -59.3
1899 618.477    486100 4    5   35    3   19 0.375 224.9 130.9 -13.7  15.8
1899 618.477    486200 0    6   36    5   27 0.734 106.2  69.3 -10.6 -45.8
1899 619.359    486100 4    0    6    0    4 0.544 240.5 132.7 -13.9  29.2
1899 619.359    486200 2   11   34    7   22 0.605 111.2  68.4 -11.1 -35.1
1899 620.367    486200 0    5   32    3   18 0.411 122.4  69.4 -10.9 -20.7
1899 623.232    486300 1   13   94   47  336 0.989  84.3 330.3   6.0 -81.8
1899 624.216    486300 1   45  309   67  453 0.939  84.5 329.0   6.0 -70.1
1899 625.461    486300 1   97  505   84  436 0.805  84.0 328.9   6.3 -53.7
1899 626.650    486300 1  205 1004  130  637 0.609  84.1 329.5   5.7 -37.5
1899 627.457    486300 1  154 1174   87  661 0.457  82.9 329.2   5.7 -27.1
1899 628.433    486300 1  218 1202  113  622 0.252  78.8 328.9   5.6 -14.4
1899 629.499    486300 1  229 1137  115  569 0.053 328.6 330.8   5.6   1.6
1899 630.519    486300 1  163 1070   85  555 0.275 279.2 331.5   5.5  15.8
1899 7 1.506    486300 1  123 1035   70  589 0.487 276.6 331.7   6.0  29.1
1899 7 2.632    486300 9   63  514   45  364 0.713 274.6 333.4   5.6  45.6
1899 7 2.632    486400 4    5   62    3   37 0.515  82.1 256.9   6.9 -30.9
1899 7 3.480    486300 9   37  295   35  274 0.848 274.4 334.7   5.5  58.2
1899 7 3.480    486400 4    9   61    5   33 0.357  79.9 255.8   6.8 -20.7
1899 7 4.410    486300 9   22  123   34  186 0.948 275.1 335.8   6.0  71.6
1899 7 4.410    486400 4    5   29    3   15 0.149  59.0 256.8   7.9  -7.4
1899 7 4.410    486500 1    4   37   34  293 0.998 100.5 178.8 -10.2 -85.4
1899 7 5.456    486300 9    0   17    0   42 0.980 274.5 329.3   5.1  78.9
1899 7 5.456    486400 4    5   53    3   27 0.142 295.5 257.8   7.1   7.4
1899 7 5.456    486500 1   37  233   66  407 0.954 101.7 178.9 -10.0 -71.5
1899 7 5.456    486600 0    2   10    2    9 0.803 105.8 198.6 -10.4 -51.8
1899 7 6.161    486400 4   11   51    6   27 0.302 280.8 258.4   6.8  17.4
1899 7 6.161    486500 1   72  333   83  383 0.897 103.2 178.5 -10.1 -62.5
1899 7 6.161    486600 0    1   18    1   13 0.697 109.2 199.0 -10.5 -42.0
1899 7 7.457    486400 4    1   20    1   12 0.549 276.9 257.2   7.0  33.3
1899 7 7.457    486500 1   90  509   66  372 0.723 107.7 179.5 -10.0 -44.4
1899 7 7.457    486600 5    1   19    1   11 0.455 118.9 200.1  -9.2 -23.8
1899 7 8.170    486400 4    0    4    0    3 0.668 276.8 256.5   7.5  42.0
1899 7 8.170    486500 1  102  548   65  348 0.614 112.2 179.2 -10.2 -35.3
1899 7 8.170    486600 5    1   26    1   14 0.351 133.5 199.5 -10.2 -15.0
1899 7 9.505    486500 1   99  578   54  313 0.378 129.6 179.5 -10.1 -17.2
1899 7 9.505    486600 5    3   97    2   50 0.245 193.0 199.9  -9.8   3.2
1899 710.304    486500 1  117  605   61  314 0.270 157.2 180.1 -10.3  -6.1
1899 710.304    486600 5    5   50    3   27 0.339 224.3 200.1 -10.0  13.9
1899 711.434    486500 1   86  519   45  271 0.293 212.1 180.4 -10.2   9.1
1899 711.434    486600 5    6   69    4   41 0.534 244.5 200.6  -9.6  29.3
1899 712.531    486500 1   72  458   41  258 0.460 238.1 180.1 -10.1  23.4
1899 712.531    486600 5    7   43    5   31 0.718 251.7 200.5  -9.9  43.8
1899 713.631    486500 1   73  417   48  274 0.651 248.5 180.2 -10.3  38.0
1899 713.631    486600 5    1    6    1    6 0.854 254.6 199.1 -10.7  56.9
1899 714.218    486500 1   51  313   38  233 0.750 252.1 180.9 -10.2  46.5
1899 714.218    486600 5    0    2    0    3 0.917 256.4 199.5 -10.6  65.1
1899 714.218    486700 2    5   20    5   18 0.813  90.4  79.9   2.3 -54.5
1899 715.430    486500 1   41  177   46  196 0.896 255.7 180.4 -10.7  62.1
1899 715.430    486700 2    4   61    3   39 0.620  92.3  80.0   2.2 -38.3
1899 716.470    486500 1   22   86   48  183 0.974 258.1 180.4 -10.5  75.8
1899 716.470    486700 2    1   10    1    6 0.427  94.6  79.4   2.3 -25.2
1899 726.487    486800 6   48  250   31  160 0.626 244.0   7.1 -11.4  35.0
1899 727.469    486800 6   34  137   27  108 0.775 249.8   7.1 -11.8  48.0
1899 728.474    486800 0    0   33    0   41 0.919 255.4  10.6 -11.0  64.9
1899 729.205    486800 0    0    9    0   20 0.975 257.0  11.8 -11.3  75.7
1899 729.205    486900 2   10   26    6   15 0.473 228.8 317.5 -12.8  21.4
1899 729.205    487000 0    2    9    4   16 0.950 106.9 226.6 -14.1 -69.5
1899 730.506    486900 0    2   22    2   15 0.678 243.8 317.5 -12.9  38.6
1899 730.506    487000 0    3   15    3   13 0.811 112.0 228.1 -14.0 -50.8
1899 8 1.448    487100 0    0    6    0   10 0.940 103.6 185.0 -10.6 -68.3
1899 8 2.445    487100 0    0    4    0    4 0.835 107.3 185.7 -10.9 -54.3
1899 828.461    487200 0    0    9    0    7 0.736 108.7 211.3  -8.6 -44.8
1899 830.503    487200 0    0   21    0   12 0.409 132.2 211.3  -9.1 -17.9
1899 830.503   6140100 0    0    7    0    5 0.681 113.1 189.7 -10.0 -39.5
1899 831.234    487200 2    0    9    0    5 0.292 157.8 213.1  -8.5  -6.4
1899 9 4.414   6140200 2    0   11    0   11 0.887 269.5 226.9   2.9  62.6
1899 9 4.414   6140300 0    2   10    1    5 0.352 206.5 173.5 -11.2   9.2
1899 913.209    487600 0    0    7    0    7 0.864 109.0 351.3 -12.5 -56.8
1899 914.662    487600 2    0   10    0    7 0.674 118.8 351.6 -13.3 -37.4
1899 918.501    487700 9    0   11    0   14 0.912  98.4 273.5  -4.7 -64.8
1899 919.186    487700 9    2   16    2   16 0.847  99.7 272.3  -4.4 -56.9
1899 920.477    487700 9    0    4    0    3 0.608 105.2 276.2  -3.5 -36.0
1899 922.433   6150100 2    0   16    0    8 0.310 208.5 295.0  -8.9   8.6
1899 926.207    487900 6   20   77   11   42 0.363  99.3 215.6   3.0 -21.0
1899 926.207    488000 4   30  121   21   84 0.691 116.3 197.2 -12.6 -39.4
1899 927.277    487900 6   31  197   16  100 0.143 116.1 215.1   3.1  -7.4
1899 927.277    488000 8   42  231   25  135 0.512 128.6 198.3 -12.5 -24.2
1899 928.607    487900 6   37  181   19   92 0.178 249.2 214.6   3.0   9.6
1899 928.607    488000 9   22  131   12   70 0.343 163.3 199.2 -12.5  -5.8
1899 929.240    487900 6   30  135   16   71 0.316 258.7 214.7   2.8  18.1
1899 929.240    488000 9   20  141   11   75 0.337 187.0 199.0 -12.9   2.4
1899 930.471    487900 9    8   35    5   22 0.584 266.4 216.1   3.3  35.7
189910 1.220    487900 9    5   28    4   21 0.727 268.5 217.2   3.4  46.7
189910 1.220    488000 0    1    6    1    4 0.588 235.5 200.4 -13.8  29.9
189910 2.261    488000 0    0   10    0    8 0.781 247.6 204.6 -13.0  47.8
189910 9.438   6150200 0    4   14    3   12 0.809  76.7   7.7  14.3 -54.3
18991010.500   6150300 2    0   26    0   14 0.325  80.4  29.0   8.8 -18.9
18991010.500   6150400 0    0   12    0    7 0.442  71.3  22.4  13.6 -25.5
18991011.465   6150500 1    8   20    5   13 0.625  74.3 357.0  14.4 -38.4
18991012.173   6150600 2    0   21    0   11 0.182  72.0  15.9   9.0 -10.1
18991016.477   6160100 0    0    7    0    4 0.172 280.6 339.0   7.3   9.8
18991023.202    488700 4   10   52   18   93 0.960 102.2 168.0 -10.3 -72.5
18991024.309    488700 4    4   24   46  277 0.866 104.3 167.5  -9.8 -58.4
18991025.447    488700 4   89  411   62  286 0.693 109.5 169.4  -9.8 -41.5
18991026.199    488700 4   86  518   53  317 0.566 115.4 169.7 -10.1 -31.3
18991027.321    488700 4  107  714   58  387 0.376 132.0 169.7 -10.2 -16.5
18991027.321    488800 5    3   77    2   42 0.394 231.3 204.4  -9.9  18.2
18991027.321    488900 2    0   23    0   23 0.866 105.5 128.0 -11.0 -58.2
18991028.239    488700 4   90  606   47  315 0.274 159.5 168.4 -10.4  -5.6
18991028.239    488800 5    1   14    1    9 0.563 245.1 205.2  -9.9  31.2
18991028.239    488900 2    7   27    6   21 0.749 109.2 127.9 -11.2 -46.1
18991029.218    488700 4   51  451   27  235 0.279 206.6 168.5 -10.1   7.3
18991029.218    488800 5    0    5    0    4 0.737 253.4 206.9  -9.1  45.7
18991029.218    488900 2    0   24    0   15 0.579 116.0 129.2 -11.0 -32.0
18991030.242    488700 4   36  254   20  140 0.423 234.6 168.2 -10.2  20.5
18991030.242    488900 2    0    9    0    5 0.383 131.8 130.8 -10.7 -16.9
18991031.443    488700 4   10   85    7   56 0.651 250.2 170.2  -9.5  38.4
189911 1.466    488700 4    3   24    3   21 0.823 255.6 172.2  -9.4  53.9
189911 2.210    488700 4    0   14    0   17 0.908 257.5 172.5  -9.6  64.0
18991111.507    489000 0    0   35    0  105 0.983  96.1 266.9  -5.4 -79.1
18991112.509    489000 0   16   87   21  113 0.919  96.9 266.5  -5.2 -66.3
18991113.280    489000 1   17  114   17  108 0.842  98.2 265.8  -5.4 -56.8
18991113.280    489100 0    3    6    2    4 0.629  88.3 283.6   3.2 -39.0
18991113.280   6170100 0    0    3    0    6 0.971  98.4 247.0  -7.5 -75.6
18991114.512    489000 1   29  163   19  107 0.645 102.2 267.0  -5.8 -39.3
18991115.504    489000 1   35  202   20  114 0.462 107.6 267.0  -5.8 -26.3
18991116.225    489000 1   30  120   16   64 0.326 114.1 266.3  -5.4 -17.4
18991117.305    489000 1   27   96   14   49 0.150 162.5 267.0  -6.0  -2.6
18991117.305    489100 2    5   27    3   14 0.252 282.1 283.9   5.2  14.3
18991118.266    489000 1   19   62   10   32 0.221 231.5 266.9  -5.8  10.0
18991118.266    489100 9   21  135   12   77 0.472 275.3 285.0   4.4  28.1
18991119.194    489000 0   12   47    7   26 0.402 249.8 266.9  -6.1  22.3
18991119.194    489100 9    0   21    0   15 0.688 272.7 288.1   3.3  43.5
18991120.237    489000 0    6   19    4   12 0.593 257.6 266.5  -5.8  35.6
18991120.237    489100 0    0    2    0    2 0.788 276.8 282.9   6.5  52.0
18991121.212    489000 0    2    9    2    7 0.764 260.9 267.3  -5.8  49.3
18991125.163    489300 9    0   43    0   22 0.063 140.2 163.7  -1.5  -2.3
18991126.529    489300 9    3   17    2    9 0.272 260.8 163.5  -1.4  15.6
18991127.198    489300 9    0    3    0    2 0.417 263.5 163.7  -1.8  24.5
18991128.472    489400 1    3   13    4   16 0.900 106.2  59.4 -14.1 -63.0
18991129.211    489400 1   11   25   10   23 0.827 107.8  58.3 -14.2 -54.3
18991130.261    489400 1   11   30    8   21 0.690 111.8  57.3 -14.4 -41.4
189912 1.234    489400 1    6   35    4   21 0.521 119.9  58.1 -14.6 -27.8
189912 2.515    489400 1    5   22    3   12 0.298 145.2  59.0 -13.8 -10.1
189912 3.233    489400 1    1   21    1   11 0.260 177.8  59.0 -14.8  -0.6
189912 4.464    489400 1    1   13    1    7 0.361 227.9  59.4 -13.9  16.0
189912 4.464    489500 0    0   13    0   15 0.893 102.6 340.7 -11.2 -62.7
189912 5.187    489500 2   18   81   16   69 0.803 104.0 341.2 -11.2 -52.6
189912 6.307    489500 5   35  199   23  131 0.647 107.3 340.0 -11.2 -39.0
189912 7.227    489500 5   17  141   10   81 0.480 113.8 340.4 -11.4 -26.6
189912 8.463    489500 0    0   57    0   30 0.272 134.6 339.3 -11.4 -11.4
189912 9.201    489500 0    0   17    0    9 0.200 171.1 339.2 -11.9  -1.8
18991212.286    489600 2   18  113   23  143 0.917  81.6 234.1   7.3 -66.2
18991213.534    489600 6   38  235   30  181 0.751  79.3 235.8   7.3 -48.1
18991213.534    489700 0    4   28    6   38 0.926 100.7 216.2 -10.3 -67.7
18991214.489    489600 6   17  266   11  165 0.584  75.9 236.5   7.2 -34.8
18991214.489    489700 0    4   49    4   44 0.825 101.7 216.1 -10.3 -55.2
18991215.315    489600 6   36  228   20  127 0.429  69.6 236.5   7.4 -23.9
18991215.315    489700 0   11   29    8   21 0.716 103.7 215.3 -10.7 -45.1
18991215.315    489800 7    8   96   12  133 0.932 103.5 192.0 -13.0 -68.4
18991216.224    489600 6   31  155   16   80 0.234  48.6 238.2   7.5 -10.2
18991216.224    489700 0    3   13    2    8 0.560 107.2 215.4 -10.7 -33.0
18991216.224    489800 5    7   63    7   58 0.839 104.9 192.0 -13.2 -56.4
18991216.224    489900 9    0    4    0    3 0.724 107.1 203.1 -13.3 -45.3
18991217.298    489600 6   17   59    9   30 0.176 333.1 238.9   7.5   4.6
18991217.298    489700 2    0   11    0    6 0.374 119.9 214.9 -12.2 -19.4
18991217.298    489800 5   10   56    7   38 0.672 107.6 193.2 -12.9 -41.1
18991217.298    489900 9    0    5    0    3 0.527 112.8 204.4 -13.1 -29.9
18991218.412    489600 5   11   42    6   23 0.372 296.0 239.4   7.8  19.7
18991218.412    489700 9    0   21    0   11 0.187 165.2 216.9 -12.1  -2.8
18991218.412    489800 5    7   28    4   16 0.455 115.7 194.8 -12.9 -24.9
18991218.412    489900 9    9   77    5   41 0.316 129.1 205.1 -13.1 -14.6
18991219.182    489600 0    5   18    3   11 0.543 287.6 241.0   7.9  31.5
18991219.182    489700 9    0    3    0    2 0.206 234.0 219.2  -8.7   9.7
18991219.182    489800 5    0   18    0   10 0.311 127.7 194.9 -12.7 -14.6
18991219.182    489900 9    5   39    3   20 0.202 160.9 205.6 -12.8  -3.9
18991220.184    489600 0    0   15    0   11 0.715 283.1 241.0   8.0  44.7
18991220.184    489800 5    0    7    0    4 0.190 158.4 192.2 -12.1  -4.1
18991221.197    489600 0    0    6    0    6 0.854 280.6 241.0   8.0  58.0
18991229.212    490000 4   15   54    8   28 0.259 242.5  90.9  -9.8  13.5
18991230.457    490000 4    0   33    0   20 0.541 258.0  93.4  -9.1  32.4
18991231.498    490000 4    2   15    2   12 0.759 261.4  96.7  -8.6  49.4
