1890 1 1.454    211100 0   19  110   10   57 0.239 116.0 344.0  -9.3 -12.6
1890 1 2.298    211100 0   31  133   16   67 0.105 165.7 344.0  -9.3  -1.5
1890 1 3.280    211100 0   23   93   12   48 0.229 242.8 344.4  -9.5  11.9
1890 1 4.213    211100 0   16   74    9   41 0.417 255.2 344.4  -9.5  24.1
1890 1 5.203    211100 0   14   46    9   29 0.607 259.2 344.4  -9.6  37.2
1890 1 6.212    211100 0    8   32    7   26 0.777 260.8 345.0  -9.6  51.1
1890 1 6.212   4850100 2    0   21    0   23 0.901  81.4 230.3   6.0 -63.6
1890 1 7.429    211100 0    0   13    0   17 0.918 261.1 344.9  -9.8  67.0
1890 1 9.509   4850200 7    0   29    0   19 0.659 229.6 285.4 -28.8  34.9
1890 117.183    211400 3    0   22    0   13 0.489 351.0 154.3  23.9   4.8
1890 118.427    211400 0    0   26    0   16 0.569 324.4 154.2  22.8  21.1
1890 119.442    211400 1   24  105   17   74 0.715 309.3 156.7  22.8  36.9
1890 120.433    211400 5   53  325   48  293 0.834 301.5 157.0  22.5  50.3
1890 121.423    211400 5   35  245   47  330 0.931 297.5 157.5  23.2  63.9
1890 122.422    211400 5    8   71   26  215 0.987 294.1 158.1  22.7  77.6
1890 130.216    211500 2    1    6    1    5 0.798  52.3 293.7  24.9 -44.1
1890 131.341    211500 2    1   55    1   37 0.663  41.4 294.3  24.5 -28.8
1890 2 1.292    211500 2    3   29    2   18 0.576  27.4 293.5  24.8 -17.0
1890 228.402   4870100 2    0   15    0   21 0.939 240.1  24.3 -30.5  70.8
1890 3 4.505    211700 0   19  173   36  322 0.962  53.0 193.4  32.7 -66.0
1890 3 5.417    211700 2   36  260   45  317 0.910  49.0 192.8  32.7 -54.7
1890 3 6.160    211700 2   53  327   52  321 0.858  44.5 191.9  32.8 -45.7
1890 3 7.335    211700 2   87  352   67  270 0.758  34.8 191.4  32.4 -30.8
1890 3 8.328    211700 0   72  358   50  246 0.687  22.7 190.8  32.5 -18.3
1890 3 9.509    211700 3   63  295   41  191 0.645   4.6 190.0  32.8  -3.5
1890 310.162    211700 3   44  303   29  199 0.649 353.9 189.6  33.0   4.7
1890 311.443    211700 2   32  177   23  124 0.710 335.3 188.9  33.5  20.8
1890 312.408    211700 2   30  127   24  101 0.781 324.6 188.2  33.6  32.9
1890 312.408   4870200 0    0    6    0   10 0.949  66.3  87.9  19.8 -67.4
1890 313.366    211700 2    0   33    0   32 0.854 316.3 187.4  33.2  44.8
1890 314.401    211700 2    0    7    0   10 0.928 310.2 187.1  33.3  58.0
1890 322.522    211900 2    0    9    0    6 0.579 343.6  32.6  27.0  10.6
1890 323.130    211900 2    0    9    0    6 0.629 330.7  34.1  26.9  20.2
1890 410.309   4880100 0    1   10    1    6 0.479 340.0 144.2  21.1  10.1
1890 411.402    212100 2    0   20    0   11 0.398 150.4 107.1 -25.8 -12.6
1890 412.398    212100 2    7   52    4   28 0.343 176.0 105.0 -25.6  -1.5
1890 412.398    212200 1   11   80    8   55 0.683 319.2 136.4  26.3  29.9
1890 413.389    212100 0    0   20    0   11 0.381 204.2 103.5 -25.8  10.0
1890 413.389    212200 2    0   13    0   11 0.791 308.3 136.9  25.4  43.4
1890 415.407    212100 2    0   25    0   17 0.654 234.1 103.3 -26.9  36.5
1890 416.513    212100 0    0   17    0   14 0.784 239.5 101.5 -27.0  49.3
1890 417.323    212100 0    0    1    1    2 0.873 242.6 101.4 -26.4  59.9
1890 428.468    212300 0    3   11    2    7 0.582  31.9 234.2  25.7 -20.0
1890 429.400    212300 2    8   85    5   50 0.516  13.9 234.0  26.0  -7.9
1890 430.228    212300 0    0   96    0   56 0.504 356.1 233.2  26.2   2.2
1890 5 1.393    212300 0    0   52    0   32 0.578 330.6 234.1  26.6  18.5
1890 5 8.233    212400 0    0    3    0    6 0.957 119.9  52.8 -29.5 -72.4
1890 5 9.202    212400 2    6   31    7   32 0.869 121.0  54.6 -28.2 -57.7
1890 510.447    212400 4   28  147   21  110 0.738 126.2  53.5 -28.0 -42.4
1890 511.557    212400 4   39  197   24  120 0.575 137.0  55.1 -27.4 -26.2
1890 511.557   4890100 2    3   36    3   34 0.850 298.1 135.3  22.0  54.0
1890 512.523    212400 4   24  123   14   70 0.477 153.3  54.4 -27.8 -14.0
1890 513.585    212400 4    5   43    3   24 0.419 182.3  55.5 -27.3   1.1
1890 517.415    212400 2    0    9    0    9 0.843 239.3  58.0 -26.7  54.3
1890 517.415    212600 0    0   20    0   30 0.939  67.6 296.0  20.2 -67.7
1890 517.415    212700 5    5   42    3   25 0.528 190.8  10.5 -33.3   6.8
1890 518.501    212600 0    0   11    0   11 0.842  64.1 295.5  20.4 -53.9
1890 518.501    212700 5    8   93    5   58 0.599 207.9   9.1 -33.8  19.7
1890 519.601    212600 0    5   16    4   12 0.705  58.0 295.2  20.5 -39.7
1890 519.601    212700 5    7   35    5   25 0.707 219.9   8.2 -34.4  33.3
1890 520.478    212600 0    1   11    1    7 0.572  49.2 295.7  20.4 -27.5
1890 520.478    212700 0    7   24    6   20 0.791 226.4   7.1 -34.3  43.9
1890 520.478    212800 2    1   14    1    9 0.570 253.3 357.0 -10.9  33.8
1890 521.563    212600 0    1   12    1    7 0.430  29.1 296.0  20.5 -12.9
1890 521.563    212700 0    0    4    0    5 0.886 231.3   6.0 -34.5  57.1
1890 521.563    212800 0    0   11    0    9 0.778 259.9 359.7  -8.9  50.8
1890 522.432    212600 2    0   10    0    6 0.411   5.9 294.8  22.6  -2.6
1890 522.432    212700 0    0    2    0    4 0.943 234.6   5.0 -33.7  67.6
1890 523.392    212600 0    0    7    0    4 0.386 345.0 290.7  20.5   6.1
1890 524.400    212600 0    0    5    0    3 0.488 320.5 290.7  20.9  19.4
1890 530.440   4900100 0    0    3    0    3 0.870 298.7 248.3  24.4  56.9
1890 6 5.478    213000 9    0   24    0   14 0.484 209.3 126.6 -24.8  15.1
1890 6 6.237    213000 8    0   50    0   29 0.583 222.7 127.4 -25.1  25.9
1890 6 7.450    213000 2   43  143   32  105 0.744 235.1 127.7 -24.9  42.3
1890 6 8.248    213000 3   21   99   20   94 0.850 240.2 129.0 -24.7  54.2
1890 6 9.400    213000 2    0   14    0   21 0.939 243.3 127.0 -24.7  67.4
1890 610.422   4900200 2    2   19    2   15 0.748 126.6   4.1 -25.9 -41.9
1890 7 4.390    213200 0    0   19    0  111 0.995 113.9   6.8 -23.3 -82.0
1890 7 5.430    213200 8   30  204   53  360 0.957 117.7   5.6 -25.2 -69.4
1890 7 6.261    213200 8   71  293   80  330 0.895 119.4   5.3 -24.2 -58.7
1890 7 7.464    213200 8   50  388   40  307 0.771 125.4   4.7 -23.8 -43.4
1890 7 7.464    213300 2    0   25    0   16 0.597 132.5  20.1 -20.4 -28.0
1890 7 8.523    213200 8   63  427   42  281 0.651 134.1   3.4 -23.6 -30.7
1890 7 8.523    213300 1    7   35    4   20 0.470 154.6  21.6 -21.3 -12.5
1890 7 9.184    213200 8   69  359   42  219 0.574 142.5   3.0 -23.4 -22.4
1890 7 9.184    213300 1   14   30    8   17 0.428 175.2  23.2 -21.2  -2.2
1890 710.468    213200 9   19  114   11   65 0.486 163.0 359.4 -23.6  -8.9
1890 710.468    213300 1   31  210   18  120 0.497 208.5  23.1 -21.9  14.8
1890 711.634    213200 9    0   44    0   25 0.487 194.8   0.7 -23.9   7.8
1890 711.634    213300 1   33  163   22  106 0.643 228.5  24.1 -21.6  31.2
1890 712.456    213300 1   20   77   15   58 0.750 237.4  24.6 -20.7  42.5
1890 713.523    213300 1   18   94   19   96 0.876 242.9  24.6 -21.1  56.7
1890 714.430    213300 1    6   73   10  115 0.948 246.3  24.1 -20.8  68.2
1890 722.591    213400 0    0    2    0    6 0.969 127.9 139.4 -34.8 -68.6
1890 722.591    213500 5    8   65   30  223 0.988  97.9 127.8  -6.9 -80.2
1890 723.476    213400 2    0    7    1   10 0.926 130.6 137.7 -34.4 -58.5
1890 723.476    213500 5   23  148   34  218 0.935  99.5 127.9  -6.9 -68.3
1890 724.487    213500 5   36  224   34  207 0.832 102.1 127.9  -7.0 -55.0
1890 725.394    213500 5   38  251   27  176 0.691 105.6 128.8  -6.7 -42.1
1890 726.457    213500 5   47  296   28  173 0.513 112.8 128.5  -6.6 -28.4
1890 727.362    213500 5   41  299   22  160 0.348 125.9 128.3  -6.4 -16.5
1890 728.408    213500 5   31  244   16  125 0.212 169.1 128.7  -6.3  -2.3
1890 728.408    213600 0   10   53   30  149 0.983  72.2  50.3  18.5 -80.7
1890 729.398    213500 5   45  252   23  128 0.275 221.6 128.5  -6.2  10.6
1890 729.398    213600 0   21  105   33  163 0.919  72.3  50.5  18.5 -67.4
1890 729.398    213700 3    2   38    2   32 0.852 119.9  65.3 -21.7 -52.6
1890 730.000         0 0    0    0    0    0 0.000   0.0   0.0   0.0   0.0
1890 731.185    213500 5    6   27    4   17 0.606 252.8 129.8  -5.5  35.6
1890 731.185    213600 0   38  230   27  162 0.701  69.8  50.3  18.3 -43.9
1890 8 1.426    213500 5    0    4    0    4 0.803 258.2 130.1  -5.8  52.2
1890 8 1.426    213600 1   50  234   29  134 0.485  62.3  51.0  18.4 -26.9
1890 8 1.426    213700 8    0   43    0   25 0.487 171.5  73.4 -22.8  -4.5
1890 8 2.183    213600 0   46  256   25  137 0.346  51.7  51.2  18.2 -16.6
1890 8 2.183    213700 8    3   42    2   24 0.467 192.7  74.1 -21.1   6.3
1890 8 3.452    213600 0   43  240   22  123 0.206 355.8  51.9  18.0   0.9
1890 8 4.581    213600 0   30  132   16   70 0.330 307.3  52.1  17.5  16.0
1890 8 5.459    213600 9   12   70    7   40 0.489 294.8  52.2  17.4  27.7
1890 8 5.459    213800 2    0   38    0   23 0.537 147.8   6.6 -21.1 -17.9
1890 8 6.400    213600 9    6   24    4   16 0.652 289.6  52.2  17.5  40.1
1890 8 6.400    213800 3   17   78   10   44 0.463 168.4   6.4 -20.7  -5.7
1890 8 7.592    213800 3    0   58    0   33 0.470 199.0   5.7 -20.1   9.4
1890 811.501   4930100 2    1   15    1   10 0.937  63.7 234.4  26.9 -70.3
1890 824.479    214000 2    6   36    4   22 0.547 211.8 151.2 -21.0  18.0
1890 825.402    214000 2    0   37    0   25 0.661 226.3 151.8 -21.1  30.8
1890 825.402    214100 2    9   31   21   66 0.971  70.6  43.2  20.5 -77.8
1890 826.411    214100 2   27  135   35  171 0.914  70.3  40.6  20.9 -67.1
1890 827.591    214000 0    0   11    0   13 0.895 242.6 150.2 -20.7  58.2
1890 827.591    214100 6   96  630   82  535 0.809  68.3  38.0  21.7 -54.0
1890 828.400    214000 2    0   15    0   34 0.974 247.1 154.5 -20.4  73.2
1890 828.400    214100 6  151 1025  107  724 0.697  66.5  37.9  21.4 -43.4
1890 829.428    214100 6  206 1421  123  845 0.534  60.5  37.7  21.5 -30.0
1890 830.402    214100 6  243 1614  131  867 0.365  46.4  38.4  21.5 -16.5
1890 831.359    214100 6  244 1745  126  901 0.256  13.6  38.6  21.6  -3.7
1890 9 1.422    214100 6  301 1682  158  881 0.306 323.4  39.5  21.3  11.3
1890 9 1.422    214200 2    0   46    0   28 0.565 140.6   5.9 -19.2 -22.3
1890 9 2.428    214100 6  210 1479  119  837 0.478 301.9  40.7  21.2  25.8
1890 9 2.428    214200 2   17  121   10   68 0.458 165.9   8.1 -19.2  -6.8
1890 9 3.501    214100 6  143  946   97  638 0.673 293.5  42.2  21.1  41.4
1890 9 3.501    214200 2   10   64    6   36 0.457 193.5   7.3 -19.2   6.5
1890 9 4.178    214100 6  131  647  105  516 0.784 291.0  43.4  20.9  51.6
1890 9 4.178    214200 3    5   51    3   30 0.507 209.6   7.2 -19.2  15.4
1890 9 5.448    214100 6   46  314   61  417 0.927 289.6  44.2  20.8  69.2
1890 9 5.448    214200 3    4   53    3   35 0.653 229.1   6.5 -19.2  31.5
1890 9 6.137    214100 2   35  195   76  417 0.974 289.3  44.7  20.4  78.8
1890 9 6.137    214200 2   13   82   10   61 0.740 235.1   6.0 -19.6  40.1
1890 9 6.137    214500 9    0    4    0    5 0.899  66.8 261.1  24.0 -64.8
1890 9 6.137   4940100 0    0    7    0   12 0.959 243.6  34.7 -22.8  68.8
1890 9 6.137   4940200 2    5   24    3   16 0.639 226.5 355.4 -19.8  29.5
1890 9 7.486    214200 2   54  342   56  354 0.883 243.3   4.9 -19.5  56.8
1890 9 7.486    214500 9    0   30    0   23 0.750  64.0 260.5  24.2 -47.6
1890 9 8.394    214200 2   18  155   29  238 0.950 246.6   3.9 -19.6  67.8
1890 9 8.394    214500 9    0    4    0    3 0.589  60.0 262.4  23.2 -33.7
1890 9 8.394    214600 0    5   23    5   20 0.809 127.2 251.1 -24.3 -45.0
1890 9 9.477    214200 2    0   47    0  177 0.992 249.4   1.4 -19.3  79.6
1890 9 9.477    214500 4   16  104    9   58 0.433  47.8 261.3  23.7 -20.5
1890 9 9.477    214600 0    2   13    2    9 0.686 137.4 251.2 -24.2 -30.6
1890 9 9.477   4940300 2    0    4    0    4 0.813 133.2 239.3 -28.6 -42.5
1890 910.451    214500 4   15  105    8   56 0.327  26.2 259.9  24.2  -9.1
1890 911.422    214500 2   13   78    7   41 0.317 353.7 258.3  25.6   2.2
1890 911.422    214800 0    0    7    0    8 0.884 120.6 200.5 -22.8 -55.6
1890 912.369    214500 1    0   55    0   30 0.388 322.1 258.8  24.8  15.2
1890 912.369    214800 0    0   17    0   14 0.777 126.4 201.1 -22.2 -42.5
1890 913.429    214500 0    0   20    0   12 0.534 307.4 257.6  25.3  28.0
1890 914.205    214500 0    0    9    0    6 0.653 301.6 257.5  25.7  38.1
1890 915.597    214900 0    0   22    0  128 0.995 111.0 119.8 -20.0 -81.2
1890 916.370    214900 0    6   52   11   92 0.957 113.3 121.6 -19.9 -69.2
1890 917.434    214900 2   13  120   14  129 0.883 117.5 120.2 -20.3 -56.6
1890 917.434    215000 8   21  142   15   99 0.697 141.5 147.7 -26.9 -29.1
1890 918.479    214900 3   13  105   11   83 0.769 123.3 119.9 -19.9 -43.1
1890 918.479    215000 2   48  258   30  161 0.606 156.4 147.2 -26.9 -15.8
1890 919.412    214900 3    0   54    0   36 0.647 132.7 120.3 -20.0 -30.4
1890 919.412    215000 3   26  150   16   90 0.563 172.9 146.2 -26.9  -4.5
1890 920.405    215000 3   14   77    9   47 0.574 192.6 145.6 -27.1   8.1
1890 924.391    215100 2    3   41    3   32 0.757  67.2  36.2  21.7 -48.7
1890 925.412    215100 4   56  356   36  227 0.623  61.6  35.0  22.8 -36.5
1890 926.000         0 0    0    0    0    0 0.000   0.0   0.0   0.0   0.0
1890 927.540    215100 4   45  273   24  143 0.288  23.1  36.4  22.1  -7.0
1890 928.180    215100 8   38  181   20   94 0.267 348.8  38.1  21.9   3.2
1890 929.339    215100 8    7   81    4   44 0.386 316.3  36.4  22.6  16.8
1890 929.339    215200 2    0   21    0   11 0.272 332.1  27.4  20.5   7.8
1890 930.436    215100 8   16  120   10   73 0.578 300.0  37.9  22.4  32.8
1890 930.436    215200 2   12  184    7  102 0.441 304.6  27.9  20.6  22.8
189010 1.212    215100 7    1   16    1   12 0.724 294.0  40.3  21.8  45.4
189010 1.212    215200 2   26  101   16   62 0.577 296.8  28.3  20.6  33.4
189010 1.212   4950100 0    0    2    0    1 0.433 205.7   6.2 -16.5  11.3
189010 2.556    215200 2    8   42    7   34 0.790 290.6  29.3  20.2  52.0
189010 5.557    215400 2    0   20    0   12 0.546 188.9 303.1 -26.3   5.4
189010 6.403    215400 2    4   27    3   17 0.592 207.9 304.4 -25.6  17.9
189010 6.403   4950200 2    0   10    0    8 0.835 107.7 232.4 -11.1 -54.1
189010 7.365    215400 2    5   32    4   22 0.691 221.6 304.4 -25.8  30.6
189010 8.390    215400 2    0    3    0    3 0.811 232.4 305.6 -25.4  45.4
18901019.272    215600 0    3   22   44  250 0.999 112.7  31.7 -22.3 -85.0
18901020.433    215600 0   16  347   30  629 0.962 115.5  31.1 -22.8 -70.3
18901021.503    215600 0  155 1086  162 1135 0.879 119.1  31.0 -22.5 -56.3
18901021.503    215700 9    0   16    1   18 0.888  98.6  25.4  -5.2 -61.9
18901022.390    215600 0  173 1306  144 1086 0.791 125.8  30.9 -24.0 -44.6
18901022.390    215700 9    3   24    3   20 0.774 101.7  25.9  -5.8 -49.6
18901023.188    215600 1  256 1415  179  988 0.696 131.1  30.3 -23.2 -34.8
18901023.188    215700 9    0   22    0   15 0.651 104.3  25.8  -5.4 -39.3
18901024.177    215600 1  166 1208  103  746 0.584 143.0  29.6 -23.3 -22.5
18901024.177    215700 9    7   51    4   29 0.457 113.1  27.1  -5.9 -25.0
18901025.292    215600 1  186 1107  107  635 0.486 163.8  28.8 -23.1  -8.5
18901025.292    215700 9    0   34    0   18 0.269 133.1  25.9  -5.9 -11.4
18901026.548    215600 1  149  988   86  569 0.503 193.1  28.0 -24.7   7.2
18901027.405    215600 1  140  632   83  373 0.542 210.0  26.7 -23.6  17.2
18901028.181    215600 1  124  467   79  297 0.622 221.6  26.0 -23.7  26.8
18901029.288    215600 1  105  358   82  279 0.770 235.2  28.0 -22.9  43.4
18901030.308    215600 1   47  215   47  214 0.870 240.7  26.5 -22.8  55.4
18901031.180    215600 0   14  104   20  142 0.934 242.9  24.7 -23.5  65.1
189011 1.228    215600 0    6   31   21   99 0.989 245.3  24.6 -23.7  78.7
189011 7.253    215800 1    0   38    0  125 0.988 116.0 148.0 -25.0 -78.4
189011 8.434    215800 1   35  199   45  254 0.921 118.2 148.0 -24.3 -62.9
189011 9.231    215800 1   36  212   35  204 0.850 121.4 147.5 -24.4 -52.8
18901110.442    215800 1   16  193   12  138 0.711 129.9 147.5 -24.7 -36.9
18901111.364    215800 1   35  135   22   84 0.594 140.6 147.7 -24.6 -24.5
18901112.429    215800 1    5   93    3   53 0.489 161.0 148.0 -24.7 -10.1
18901113.230    215800 0   14   79    8   45 0.466 179.2 147.2 -25.0  -0.4
18901114.437    215800 0    0   18    0   11 0.524 207.7 147.3 -25.1  15.6
18901122.424    215900 2    0   67    1  113 0.953  70.5 314.5  19.1 -71.9
18901123.314    215900 3   57  253   63  277 0.883  69.2 313.8  19.0 -60.8
18901124.400    215900 3   15  476   12  376 0.775  64.8 312.0  20.2 -48.4
18901125.185    215900 3   98  708   67  480 0.675  60.8 311.2  20.2 -38.9
18901126.171    215900 3  229 1204  135  707 0.523  50.9 311.4  20.3 -25.6
18901127.298    215900 3  320 1521  172  817 0.373  25.9 312.2  20.6 -10.0
18901128.187    215900 3  236 1319  125  698 0.332 355.2 312.2  20.2   1.7
18901129.191    215900 3  129 1002   71  548 0.413 324.2 312.2  20.3  14.9
18901130.205    215900 3  169  684  103  415 0.569 305.8 313.3  20.0  29.4
189012 1.214    215900 3  108  448   78  322 0.717 297.9 313.0  20.0  42.4
189012 2.184    215900 3   74  296   69  273 0.845 293.1 313.4  19.6  55.6
189012 3.423    215900 0   25  149   38  226 0.946 290.9 311.3  19.8  69.9
189012 4.368    215900 0    0   59    0  221 0.992 289.7 311.2  19.5  82.2
189012 7.232    216000 0    0   11    0    9 0.786 228.3 234.8 -31.7  43.6
189012 8.302    216000 2    0   13    1   16 0.912 234.2 238.4 -32.4  61.2
189012 9.307    216000 3    0   12    0   23 0.963 237.6 235.8 -31.2  71.9
18901211.192   4970100 0    0    4    0    4 0.852  66.8  83.0  19.2 -56.0
18901213.462    216200 9   13  138    8   85 0.588 140.2  84.0 -27.8 -25.2
18901214.229    216200 9   19  185   11  106 0.492 155.5  85.8 -27.7 -13.3
18901214.229    216300 3    5   50    4   34 0.669  61.7  60.9  17.6 -38.2
18901215.359    216200 9   23  198   13  110 0.444 182.4  85.3 -27.6   1.2
18901215.359    216300 0    3   22    2   13 0.509  45.8  61.3  19.6 -22.8
18901216.000         0 0    0    0    0    0 0.000   0.0   0.0   0.0   0.0
18901217.405    216200 9   17  219   11  140 0.629 225.1  87.4 -27.7  30.2
18901218.366    216200 9   32  234   24  175 0.750 233.4  87.5 -27.8  42.9
18901218.366    216400 2   14   48    8   27 0.423  36.5  29.2  18.3 -15.4
18901219.296    216200 9   37  193   36  187 0.860 238.6  88.4 -27.6  56.0
18901219.296    216400 3   30   78   16   42 0.349   9.3  29.0  18.4  -3.4
18901220.182    216200 9    0   20    0   27 0.932 242.5  87.8 -26.2  67.1
18901220.182    216400 3    9  122    5   66 0.377 337.4  29.5  18.5   8.8
18901220.182    216500 0    0    9    0   15 0.953  68.8 310.1  19.5 -70.6
18901221.396    216400 2    6   47    4   28 0.551 309.2  31.5  18.6  26.8
18901221.396    216500 0    0   10    0   10 0.850  63.9 310.0  20.8 -54.7
18901222.183    216400 0    0   17    0   11 0.631 303.7  28.0  18.7  33.7
18901223.267    216500 0    0   26    0   19 0.713  55.3 300.7  22.2 -39.3
18901224.472    216500 0    0   15    0    9 0.512  39.4 303.8  21.1 -20.4
18901225.339    216500 0    3   14    2    8 0.415  17.8 304.9  20.8  -7.8
18901226.305    216500 1   20   84   11   46 0.407 358.2 300.7  21.4   0.8
18901227.298    216500 1    3   68    2   38 0.454 333.1 299.7  21.2  12.7
18901228.275    216500 0    3   11    2    7 0.552 315.3 298.6  20.5  24.5
18901229.230    216600 0    3   35    3   31 0.820  51.4 214.4  28.8 -47.0
18901230.311    216600 0    0   14    0   10 0.701  42.3 214.8  28.6 -32.5
18901231.291    216600 7    4   26    3   17 0.617  32.2 212.4  28.5 -22.0
