1903 1 3.548   6590100 2    1   23    1   16 0.716  60.7 273.4  17.8 -41.0
1903 1 4.465    499900 3   17   83   12   56 0.666 310.4 335.7  22.5  33.3
1903 1 5.159    499900 3   34  166   26  126 0.752 305.4 335.0  23.0  41.8
1903 1 6.178    499900 2   22  131   22  129 0.862 300.0 334.1  23.3  54.4
1903 1 7.420    499900 2    2   42    4   72 0.956 296.3 332.8  23.7  69.3
1903 1 7.420    500000 2    3   21    2   12 0.437  47.7 244.1  13.3 -19.4
1903 1 8.260    500000 7    0   17    0    9 0.330  27.2 243.5  13.0  -8.9
1903 118.268    500100 4    0   10    0   26 0.979 103.2  41.6 -13.9 -79.0
1903 119.169    500100 4    7   39   10   52 0.925 103.9  40.5 -14.8 -68.3
1903 120.182    500100 4   10   46    9   40 0.817 104.5  40.5 -14.9 -54.9
1903 121.280    500100 4    1   24    1   16 0.657 106.9  40.3 -15.1 -40.6
1903 122.263    500100 4   10   33    6   19 0.494 111.4  39.5 -15.2 -28.5
1903 123.423    500100 4   17  180    9   94 0.280 125.2  39.0 -14.7 -13.7
1903 124.223    500100 4    5   33    3   17 0.194 152.1  36.8 -15.5  -5.4
1903 126.373    500200 9    0   18    0   14 0.736  48.0 336.8  24.9 -37.1
1903 128.437    500200 9    3   29    2   17 0.503  15.5 338.4  23.1  -8.4
1903 128.437    500300 5    3   40    2   21 0.236 151.5 340.0 -17.9  -6.8
1903 129.465    500300 5    5  139    3   72 0.242 208.1 340.1 -18.3   6.9
1903 130.529    500300 5   12  130    7   72 0.420 238.1 341.2 -18.5  22.1
1903 131.425    500300 5    6   80    4   49 0.566 246.8 340.6 -18.1  33.2
1903 2 1.478    500300 5    9   69    7   52 0.742 251.5 341.2 -17.9  47.7
1903 2 2.445    500300 0   13   72   13   68 0.843 252.2 338.5 -18.4  57.8
1903 2 3.372    500300 9   10   34   16   52 0.943 253.0 340.2 -18.1  71.6
1903 2 4.191    500300 0    4   16   11   44 0.983 252.3 338.7 -18.5  80.9
1903 2 6.492    500400 0    3   26    5   35 0.928 106.3 158.4 -17.5 -69.1
1903 2 7.191    500400 0    6   25    6   25 0.862 105.9 158.2 -17.0 -60.1
1903 2 8.209    500400 0    0    6    0    5 0.723 107.5 158.6 -17.2 -46.2
1903 2 9.595    500400 5    0   21    0   13 0.568 110.6 152.9 -17.1 -33.8
1903 2 9.595    500500 0    5   51   12  111 0.973  64.7 114.2  22.7 -72.5
1903 210.509    500400 5   12   83    7   45 0.386 117.0 153.6 -16.4 -21.0
1903 210.509    500500 0   26  129   34  166 0.921  61.2 113.1  23.3 -61.5
1903 210.509    500600 1   10   47   28  128 0.983  64.5  99.1  23.5 -75.5
1903 211.506    500400 5   17  117    9   60 0.192 150.8 155.9 -16.4  -5.6
1903 211.506    500500 0   29  190   26  170 0.829  55.6 113.2  23.5 -48.3
1903 211.506    500600 1   15   86   20  110 0.920  61.4 100.2  23.0 -61.3
1903 212.532    500400 0    0   31    0   16 0.224 220.9 156.8 -16.5   8.8
1903 212.532    500500 0   33  214   24  156 0.726  47.7 112.1  23.8 -35.9
1903 212.532    500600 1   22  111   20  101 0.833  56.5  99.0  23.0 -49.0
1903 213.582    500500 0   38  209   24  132 0.610  33.6 112.3  24.2 -21.7
1903 213.582    500600 1   29  131   21   93 0.708  47.1  99.7  23.2 -34.3
1903 214.154    500500 1   24  176   15  107 0.564  23.5 112.3  24.5 -14.3
1903 214.154    500600 1    7   47    5   31 0.651  40.2  99.3  23.7 -27.3
1903 215.183    500500 0   40  180   24  106 0.522   1.6 112.2  24.5  -0.9
1903 215.183    500600 1    0    8    0    5 0.556  24.9  98.3  23.6 -14.8
1903 216.479    500500 1   24  131   15   80 0.567 334.5 111.5  24.1  15.5
1903 217.481    500500 0   23   88   16   59 0.667 319.2 111.4  24.2  28.5
1903 217.481    500600 7    4   42    3   26 0.577 334.0  99.0  24.5  16.1
1903 218.426    500500 0   12   49   10   39 0.774 309.6 111.2  24.3  40.9
1903 218.426    500600 0    4   13    3    9 0.680 318.2 100.2  24.4  29.9
1903 219.434    500500 0    1   13    2   14 0.874 302.6 110.8  24.0  53.7
1903 219.434    500600 9    2   37    2   31 0.800 305.3 102.1  22.6  45.0
1903 219.434    500700 5    7   43    4   24 0.422 122.0  34.8 -19.5 -22.3
1903 220.459    500600 9    2   54    3   62 0.898 299.7 101.3  22.8  57.8
1903 220.459    500700 5   29  174   15   90 0.239 149.9  36.2 -19.0  -7.3
1903 221.187    500600 9    0    3    0    5 0.945 296.6  99.9  22.3  66.0
1903 221.187    500700 5   21  115   11   59 0.213 193.4  36.9 -19.1   3.0
1903 222.204    500700 5   16   67    9   36 0.366 236.3  39.3 -18.5  18.7
1903 223.627    500700 5   23   43   15   28 0.621 249.1  39.5 -18.5  37.7
1903 223.627    500800 0    6   51   17  129 0.981  68.1 286.6  19.8 -75.2
1903 224.163    500700 5    8   28    6   20 0.712 251.2  40.0 -18.4  45.3
1903 224.163    500800 2   14   96   25  161 0.954  67.1 286.1  19.3 -68.6
1903 224.163    500900 0    8   16    7   14 0.802 114.3 301.7 -23.7 -53.0
1903 225.444    500700 5    3   18    4   19 0.876 253.0  39.8 -18.3  61.9
1903 225.444    500800 0   29  143   28  135 0.846  61.6 285.8  19.4 -52.1
1903 225.444    500900 5   57  265   37  172 0.635 118.0 300.3 -23.1 -37.6
1903 226.468    500800 0   31  157   23  115 0.727  54.5 285.5  19.4 -38.9
1903 226.468    500900 5   60  260   34  146 0.450 126.8 301.5 -22.3 -22.9
1903 227.215    500800 0   20  168   13  109 0.635  47.5 284.9  19.2 -29.7
1903 227.215    500900 5   37  159   20   85 0.338 142.0 301.6 -22.5 -13.0
1903 228.146    500800 0   23  174   14  102 0.522  33.0 284.8  19.1 -17.5
1903 228.146    500900 5   11   69    6   36 0.267 181.4 302.7 -22.7   0.4
1903 3 1.517    500800 0   36  198   20  110 0.433 359.1 284.7  18.4   0.4
1903 3 1.517    500900 5   11   62    6   34 0.398 225.9 302.4 -23.0  18.1
1903 3 2.266    500800 2   30  173   17   98 0.463 339.0 284.5  18.5  10.1
1903 3 2.266    500900 5    0   23    0   14 0.556 239.6 305.7 -22.6  31.3
1903 3 2.266    501000 0    0    6    0    5 0.782 245.1 325.3 -23.9  50.9
1903 3 3.584    500800 0   20   98   13   62 0.605 313.3 284.6  18.1  27.6
1903 3 3.584    501000 2    0    5    0    7 0.920 246.8 325.0 -24.1  68.0
1903 3 4.493    500800 0   10   44    8   33 0.732 304.2 284.9  18.8  39.8
1903 3 5.183    500800 0    3   14    3   13 0.818 298.4 285.3  18.3  49.3
1903 3 9.452   6610100 7    0   16    0    9 0.421 311.9 198.2   9.5  18.5
1903 312.334    501200 4    0    9    0    7 0.716 113.2  96.7 -21.5 -45.0
1903 313.456    501200 4   15   72    9   43 0.539 118.9  96.6 -21.3 -30.4
1903 314.194    501200 4    5   25    3   14 0.420 128.1  96.4 -21.7 -20.8
1903 321.434    501300 1   12   95   33  253 0.982  66.5 306.4  21.5 -75.4
1903 322.487    501300 1   37  218   47  275 0.918  63.1 306.3  21.4 -61.6
1903 322.487    501400 7    0   44    0  139 0.987  68.5 290.2  19.9 -77.7
1903 323.348    501300 1   57  283   52  258 0.834  58.8 306.5  21.3 -50.0
1903 323.348    501400 7    0   97    0  147 0.943  66.0 290.1  19.9 -66.4
1903 324.457    501300 1   69  373   49  262 0.701  50.3 306.7  21.1 -35.3
1903 324.457    501400 7   18   78   17   74 0.846  58.6 290.9  22.0 -51.1
1903 325.444    501300 1   81  393   50  242 0.582  37.7 306.5  21.2 -22.4
1903 325.444    501400 7    1   42    1   31 0.728  54.4 289.9  19.9 -39.0
1903 326.446    501300 1   71  398   41  228 0.487  17.9 306.5  21.0  -9.2
1903 326.446    501500 7    0   46    0  260 0.996 106.7 229.1 -17.1 -86.6
1903 327.603    501300 1   68  432   39  246 0.477 348.0 306.5  21.2   6.1
1903 327.603    501400 0    0    8    0    5 0.469  18.1 291.5  19.9  -8.9
1903 327.603    501500 7   29  223   45  338 0.944 105.1 228.6 -16.4 -71.8
1903 328.157    501300 1   60  347   35  202 0.510 335.3 306.3  21.2  13.2
1903 328.157    501500 7   28  392   33  459 0.905 105.1 227.5 -16.4 -65.6
1903 329.493    501300 1   58  323   39  215 0.658 313.2 306.5  21.2  31.0
1903 329.493    501500 7   42  509   32  382 0.745 106.7 227.3 -16.8 -48.2
1903 329.493    501600 6   56  187   33  109 0.506 350.4 280.8  23.4   5.3
1903 330.468    501300 1   46  255   37  204 0.778 304.2 306.3  21.3  43.7
1903 330.468    501500 7   63  530   39  327 0.584 110.0 227.6 -16.9 -35.0
1903 330.468    501600 6   66  340   41  210 0.582 328.3 282.1  23.6  19.5
1903 331.432    501300 1   32  176   35  187 0.882 298.5 306.3  21.4  56.4
1903 331.432    501500 7   47  436   26  238 0.398 117.6 228.3 -16.6 -21.6
1903 331.432    501600 6   39  210   27  145 0.687 315.5 281.7  23.9  31.8
1903 4 1.221    501300 1   27  135   44  217 0.950 295.1 307.0  21.4  67.5
1903 4 1.221    501500 4   73  338   38  175 0.261 134.5 228.3 -16.8 -11.2
1903 4 1.221    501600 6   31  176   25  141 0.779 308.4 281.5  24.3  42.0
1903 4 2.278    501300 1   14   36   82  204 0.995 292.4 307.1  21.5  81.6
1903 4 2.278    501500 4   43  155   22   79 0.186 198.3 229.0 -16.5   3.5
1903 4 2.278    501600 6    9   69   11   77 0.892 301.5 282.2  24.4  56.7
1903 4 2.278    501700 1   34  142  121  506 0.990 109.1 142.0 -19.7 -83.5
1903 4 3.501    501500 4    9   44    5   24 0.376 242.7 229.7 -15.8  20.3
1903 4 3.501    501600 0    0   11    0   20 0.956 298.6 277.2  25.0  67.8
1903 4 3.501    501700 1   61  366   79  467 0.920 109.0 141.7 -19.9 -67.7
1903 4 4.236    501500 4    0   30    0   18 0.521 249.6 230.2 -15.8  30.5
1903 4 4.236    501700 1   88  552   86  534 0.856 109.5 140.6 -19.9 -59.1
1903 4 5.429    501500 4    1   19    1   15 0.747 255.8 232.4 -14.7  48.5
1903 4 5.429    501700 1  111  630   77  434 0.688 112.5 141.4 -19.8 -42.5
1903 4 6.543    501700 1  118  730   69  426 0.516 118.9 140.6 -19.8 -28.7
1903 4 7.429    501700 1  136  855   73  458 0.360 132.8 141.3 -19.9 -16.3
1903 4 7.429   6620100 0    7   18    4   12 0.665  45.2 126.8  22.8 -30.8
1903 4 8.547    501700 1   11  758    6  391 0.245 170.8 140.5 -19.9  -2.4
1903 4 8.547    501900 0    0   17    0   24 0.931  67.0  78.0  18.9 -64.9
1903 4 9.220    501700 1   88  706   46  367 0.272 201.1 140.0 -20.5   6.0
1903 4 9.220    501900 0    0   17    0   18 0.873  64.5  77.6  18.9 -56.4
1903 410.496    501700 1  114  716   64  399 0.441 236.3 140.1 -19.5  22.9
1903 410.496    501900 0    8   20    6   15 0.718  56.1  78.1  19.2 -39.1
1903 411.000         0 0    0    0    0    0 0.000   0.0   0.0   0.0   0.0
1903 412.418    501700 1   65  557   50  424 0.754 248.8 139.6 -19.6  48.3
1903 412.418    501900 0    0   15    0    9 0.487  31.9  75.5  19.0 -15.8
1903 413.471    501700 1   32  322   34  341 0.881 250.8 139.8 -19.5  62.0
1903 413.471    501900 0    0   36    0   20 0.418   5.2  75.5  19.1  -2.3
1903 414.411    501700 1   15  142   27  248 0.958 250.7 139.7 -20.0  74.3
1903 419.525    502000 2    4   32    4   30 0.841  58.5 306.8  23.0 -51.1
1903 419.525    502100 4    4   28    4   25 0.827 108.4 302.3 -18.0 -55.6
1903 420.429    502000 0    1   14    1   11 0.737  54.7 305.6  21.5 -40.3
1903 421.213    502000 0    4   13    3    9 0.644  47.2 305.0  21.8 -30.6
1903 422.420    502000 0    0    5    0    3 0.498  28.1 305.1  21.5 -14.6
1903 422.420    502100 4    0   22    0   12 0.334 132.4 304.7 -17.6 -15.0
1903 422.420    502200 0    0    6    0   12 0.958 105.4 245.7 -16.1 -74.0
1903 422.420    502300 1    0   32    0  115 0.990 104.2 236.7 -14.7 -83.0
1903 423.471    502200 0    0    7    0    7 0.857 106.0 246.8 -16.1 -59.0
1903 423.471    502300 1   18  108   26  150 0.932 104.0 236.6 -14.7 -69.2
1903 424.225    502200 2    0    7    0    6 0.754 106.6 247.2 -15.5 -48.6
1903 424.225    502300 1   36  204   36  203 0.864 104.5 235.9 -14.8 -59.9
1903 424.225    502400 4    9   29   15   48 0.951  67.9 226.7  19.4 -69.1
1903 425.426    502300 1   34  165   24  114 0.688 105.8 237.0 -14.1 -43.0
1903 425.426    502400 4    0   20    0   19 0.844  63.0 226.9  19.9 -53.1
1903 425.426   6630100 0    0    8    0    7 0.792 301.9 326.4  21.7  46.4
1903 426.209    502300 1   36  214   22  129 0.559 109.3 236.5 -14.3 -33.0
1903 426.209    502400 4   24  134   19  103 0.755  58.0 226.4  20.4 -43.1
1903 426.209    502600 5    0    5    0   21 0.992  72.7 188.3  16.5 -81.2
1903 427.623    502200 0    0    5    0    3 0.218 170.3 248.7 -16.7  -2.2
1903 427.623    502300 1   19  118   10   62 0.291 125.2 236.7 -13.8 -14.2
1903 427.623    502400 4   70  308   42  185 0.549  42.4 227.7  20.0 -23.2
1903 427.623    502600 5   27  216   31  240 0.892  69.1 190.5  16.5 -60.4
1903 427.623    502700 7   14   42   15   45 0.878 296.5 308.1  20.8  57.2
1903 428.613    502300 1   21   94   11   48 0.168 174.8 236.9 -13.8  -0.9
1903 428.613    502400 5   78  436   44  245 0.452  22.6 227.1  20.6 -10.7
1903 428.613    502600 5   59  409   47  324 0.774  64.5 191.0  16.6 -46.8
1903 428.613    502700 0    0    8    0   16 0.959 292.2 308.7  19.9  70.9
1903 429.483    502300 1   29  110   15   57 0.241 223.3 236.1 -14.1   9.8
1903 429.483    502400 5  114  578   63  319 0.420 356.4 227.9  20.7   1.6
1903 429.483    502600 5   74  371   49  243 0.643  57.8 191.7  16.7 -34.6
1903 429.483   6630200 7    0   21    0   12 0.416 126.1 205.6 -18.0 -20.7
1903 430.466    502300 1   14   96    8   53 0.409 245.0 235.8 -13.6  22.4
1903 430.466    502400 5  156  935   89  532 0.474 329.6 228.2  20.3  14.8
1903 430.466    502600 5   50  364   29  210 0.494  45.7 191.8  16.5 -21.6
1903 430.466    502900 4   23  100   13   55 0.405 228.6 232.2 -19.3  18.8
1903 430.466    503000 0    2    8    4   17 0.968 109.5 137.4 -19.9 -76.0
1903 5 1.196    502300 1    9   38    6   23 0.563 252.8 237.2 -12.8  33.5
1903 5 1.196    502400 5  109  787   66  476 0.560 315.9 228.2  20.2  24.5
1903 5 1.196    502600 5   31  223   17  122 0.396  29.4 192.0  16.4 -11.7
1903 5 1.196    502900 0   10   33    6   20 0.529 237.3 232.0 -20.0  28.3
1903 5 1.196    503000 0    3   12    4   16 0.922 110.2 136.6 -20.1 -67.1
1903 5 2.508    502400 5   33  473   24  342 0.720 302.9 226.5  20.2  40.1
1903 5 2.508    502600 5    3   74    2   40 0.357 343.4 192.5  16.3   6.1
1903 5 2.508    502900 0    0   14    0   11 0.733 246.6 232.0 -19.6  45.6
1903 5 2.508    503100 0    0    9    0   18 0.963 104.0 111.5 -14.5 -74.9
1903 5 3.221    502400 5   38  360   34  320 0.825 297.5 228.1  20.1  51.2
1903 5 3.221    502600 0    5   21    3   12 0.447 320.5 194.2  16.7  17.3
1903 5 3.221    502900 0    1    4    1    4 0.832 249.2 232.4 -19.3  55.5
1903 5 3.221    503100 0    0   15    1   19 0.908 104.1 111.5 -14.3 -65.4
1903 5 4.515    502400 5    2  123    5  226 0.962 290.4 231.8  18.5  72.0
1903 5 4.515    503100 2    0   23    0   18 0.751 106.1 111.6 -14.4 -48.2
1903 5 5.173    502400 5    5   23   19   75 0.988 291.1 230.2  20.2  79.1
1903 5 5.173    503100 2    0   16    0   11 0.665 109.4 110.5 -15.4 -40.6
1903 5 7.522   6630300 0    0    8    0    6 0.754 113.6  72.8 -19.8 -47.2
1903 512.452    503300 0    0    6    0    8 0.919  69.6 350.2  17.6 -64.6
1903 513.171    503300 0    0   10    0   10 0.850  67.4 349.9  17.6 -55.4
1903 514.211    503300 0    8   22    6   17 0.739  65.5 347.2  16.1 -44.4
1903 515.214    503300 0    6   11    4    7 0.577  56.4 348.3  16.6 -30.1
1903 516.206    503400 9    4   20   10   50 0.979 120.5 287.4 -30.3 -77.8
1903 517.185    503400 9    0   27    0   38 0.933 123.0 285.9 -31.4 -66.4
1903 518.303    503400 0    0    8    0    8 0.854 127.2 283.9 -32.3 -53.6
1903 519.243    503400 9    7   18    5   13 0.699 133.9 289.2 -30.5 -35.8
1903 520.545    503400 9    0   18    0   11 0.522 151.6 291.3 -29.0 -16.5
1903 520.545    503500 9   10   70   17  118 0.954  69.5 237.0  18.9 -70.8
1903 521.434    503400 9   20  109   12   64 0.521 159.4 283.8 -30.8 -12.3
1903 521.434    503500 1    8   87    9   89 0.870  67.6 238.1  18.5 -58.0
1903 521.434    503600 0    0    4    0    4 0.804  67.3 245.2  17.1 -50.9
1903 522.421    503400 9    5   50    3   29 0.489 179.8 282.9 -30.8  -0.1
1903 522.421    503500 1   12   94    9   70 0.736  63.2 239.2  18.3 -43.8
1903 523.455    503500 0    9   41    6   25 0.562  54.8 240.5  17.7 -28.8
1903 524.577    503500 2    0   48    0   27 0.426  37.6 238.5  18.5 -15.9
1903 525.420    503500 2    0    5    0    3 0.330   6.4 241.2  18.0  -2.2
1903 525.420    503600 0    5   50    3   27 0.325 348.5 247.3  17.4   3.9
1903 525.420   6640100 0    0   22    0   12 0.234  94.2 229.9  -2.1 -13.5
1903 526.600    503500 2    0    9    0    5 0.377 330.1 239.1  18.1  11.4
1903 526.600    503600 9    0   10    0    6 0.453 313.2 247.9  17.1  20.2
1903 526.600    503800 0   22   92   17   69 0.740 292.0 273.1  15.4  45.4
1903 526.600    503900 0    0   18    0   13 0.683 294.9 267.8  15.9  40.1
1903 527.478    503600 9    0   25    0   16 0.588 302.0 247.6  17.4  31.5
1903 527.478    503800 0   12   60   12   58 0.852 289.0 272.9  15.6  56.8
1903 527.478    503900 9    0    7    0    6 0.803 291.3 267.3  16.4  51.2
1903 528.590    503800 0    0   17    0   30 0.957 286.6 273.6  15.6  72.2
1903 530.092    503600 0    0   10    0   14 0.928 289.0 248.3  17.4  66.8
1903 6 5.507   6640200 2    1   43    1   25 0.506  43.8  74.5  21.6 -22.1
1903 6 8.440   6640300 4    0    7    0    7 0.879 108.1 357.6 -15.6 -60.2
1903 6 8.440   6640400 2    0   42    0   32 0.771 253.0 106.9 -12.7  49.1
1903 6 8.440   6640500 0    0   19    0   12 0.565 348.1  65.9  34.1   8.1
1903 610.124    504400 4    3   24    2   13 0.369 164.0  29.3 -20.0  -6.2
1903 611.196    504400 4   11   31    6   17 0.368 189.5  25.0 -20.4   3.7
1903 612.112    504400 4    3   21    2   12 0.447 216.1  25.5 -20.2  16.3
1903 613.254    504500 7    0   16    0   33 0.968 123.0 282.0 -31.5 -72.1
1903 613.254    504600 4    5   33    3   18 0.384 227.7  11.1 -13.9  17.0
1903 614.188    504500 7    2   12    3   15 0.905 125.4 282.5 -31.0 -59.3
1903 614.188    504600 4    5   33    3   20 0.538 241.4  10.9 -13.8  29.1
1903 615.258    504400 4    0    8    0    9 0.874 245.4  25.7 -20.6  58.1
1903 615.258    504500 7    0    8    0    7 0.817 129.9 280.8 -30.7 -46.8
1903 616.516    504400 4    0   68    0  177 0.981 248.3  28.3 -20.9  77.4
1903 616.516    504500 7    0    4    0    3 0.705 137.9 277.7 -30.3 -33.2
1903 616.516    504700 7    6   21    9   32 0.942  69.6 241.3  19.7 -69.6
1903 616.516    504800 0    0   30    0   85 0.984  69.1 231.3  20.8 -79.6
1903 617.435    504700 7    6   32    5   27 0.848  67.5 242.3  19.8 -56.4
1903 617.435    504800 0    0   23    0   26 0.926  66.0 232.1  22.8 -66.6
1903 618.426    504700 7    8   41    8   40 0.715  62.9 243.0  20.3 -42.7
1903 618.426    504800 0    0    2    0    3 0.826  65.4 232.1  21.1 -53.6
1903 618.426    504900 0    0    3    0    8 0.933  70.3 217.4  19.0 -68.3
1903 619.000         0 0    0    0    0    0 0.000   0.0   0.0   0.0   0.0
1903 620.189    504700 2   41  168   29  117 0.454  47.5 241.5  19.7 -20.8
1903 620.189    504900 0    0    3    0    4 0.767  65.3 214.4  20.0 -47.9
1903 620.189    505000 4   51  141   26   71 0.455 187.2 265.9 -24.9   3.6
1903 620.189    505100 6   22  115   20  103 0.673  58.7 224.0  22.0 -38.3
1903 621.000         0 0    0    0    0    0 0.000   0.0   0.0   0.0   0.0
1903 622.420    504700 2   43  253   23  135 0.342 331.1 242.9  19.6  10.1
1903 622.420    504800 0    0    3    0    2 0.346   6.7 230.3  22.3  -2.5
1903 622.420    505000 4   10   63    7   43 0.677 227.7 266.4 -25.3  33.6
1903 622.420    505100 6   61  441   33  237 0.363  21.1 224.7  22.0  -8.1
1903 623.462    504700 0   41  266   24  153 0.492 308.1 243.3  19.8  24.3
1903 623.462    504800 0    0   55    0   30 0.385 328.8 231.4  21.5  12.4
1903 623.462    505000 4    1   19    1   16 0.804 236.5 266.6 -24.8  47.6
1903 623.462    505100 6   76  373   41  199 0.342 344.9 224.5  21.6   5.5
1903 624.248    504700 0   28  203   18  130 0.619 299.2 243.6  19.6  35.0
1903 624.248    504800 0    0   31    0   18 0.493 310.3 232.3  20.8  23.7
1903 624.248    505100 6   30  232   17  129 0.430 319.9 225.9  21.5  17.3
1903 625.444    504700 0   14  132   12  109 0.794 293.4 243.5  20.0  50.8
1903 625.444    505100 5   31  182   20  114 0.600 303.0 225.4  21.2  32.7
1903 626.359    504700 0   21  101   25  115 0.897 291.0 243.7  20.0  63.0
1903 626.359    505100 0   27  130   20   96 0.731 296.7 225.1  21.1  44.4
1903 627.455    504700 0    6   30   13   60 0.968 288.7 241.7  18.8  75.6
1903 627.455    505100 0   14   98   15  100 0.868 293.9 225.0  22.0  58.9
1903 628.509    505100 0    9   34   16   59 0.955 292.4 224.8  22.2  72.6
1903 630.477    505200 4    1   64    1   36 0.436 195.9 133.5 -21.7   7.4
1903 630.477    505300 1    0   24    0  269 0.999 109.1  39.3 -18.9 -86.8
1903 7 1.641    505200 4    4   33    3   20 0.565 224.2 135.8 -21.0  25.0
1903 7 1.641    505300 1   31  187   50  301 0.950 111.0  41.2 -18.8 -69.6
1903 7 2.413    505200 4    9   63    6   42 0.656 230.9 133.7 -21.7  33.2
1903 7 2.413    505300 1   53  267   58  291 0.889 113.0  40.8 -18.7 -59.7
1903 7 3.413    505200 4    1   10    1    9 0.804 240.5 135.8 -21.1  48.6
1903 7 3.413    505300 1   62  369   50  295 0.781 117.4  40.1 -18.8 -47.1
1903 7 4.457    505300 1   89  458   58  299 0.643 125.5  39.9 -19.0 -33.6
1903 7 5.237    505200 4    0    3    0    6 0.964 245.8 134.8 -22.2  71.7
1903 7 5.237    505300 1   97  463   58  275 0.540 135.1  39.3 -19.2 -23.8
1903 7 6.432    505300 1  104  520   57  285 0.410 161.5  39.4 -19.2  -7.9
1903 7 7.420    505300 1  101  469   55  255 0.395 192.3  39.4 -18.9   5.1
1903 7 7.420    505400 5   38  279   25  180 0.630 127.2   2.2 -19.2 -32.1
1903 7 8.433    505300 1  107  622   62  360 0.504 217.1  39.7 -20.0  18.9
1903 7 8.433    505400 5   69  377   40  216 0.488 142.7   2.6 -19.1 -18.2
1903 7 9.442    505300 5  115  689   76  452 0.649 230.3  39.9 -21.1  32.4
1903 7 9.442    505400 5   34  207   19  113 0.398 172.2   4.2 -19.2  -3.3
1903 7 9.442    505500 5   67  241   38  137 0.468  57.6 342.9  18.2 -24.6
1903 710.408    505300 5  105  556   84  443 0.778 239.5  40.3 -20.4  45.7
1903 710.408    505400 5   50  302   28  167 0.423 202.6   4.5 -18.9   9.9
1903 710.408    505500 5   55  260   29  137 0.310  37.6 343.1  18.3 -11.5
1903 711.431    505300 5   59  343   66  382 0.894 244.6  40.6 -20.4  59.5
1903 711.431    505400 5   40  240   24  144 0.549 225.9   5.7 -18.6  24.6
1903 711.431    505500 5   75  331   39  171 0.240 352.5 343.0  18.0   1.9
1903 711.431    505600 0    6   16    9   24 0.938 124.1 277.4 -29.9 -63.7
1903 712.000         0 0    0    0    0    0 0.000   0.0   0.0   0.0   0.0
1903 713.463    505400 0   18   81   17   73 0.830 243.8   6.2 -18.8  51.9
1903 713.463    505500 5   51  279   31  167 0.546 295.5 345.4  17.4  31.1
1903 713.463    505600 0    8   21    7   17 0.769 136.4 276.4 -30.4 -37.9
1903 714.463    505400 0    8   43   11   58 0.927 247.3   5.8 -19.1  64.8
1903 714.463    505500 5   45  234   33  170 0.723 289.4 346.5  17.1  45.5
1903 714.463    505600 0    7   11    5    8 0.673 147.2 276.0 -30.4 -25.0
1903 715.422    505500 0   31  175   31  173 0.861 286.8 347.7  16.8  59.4
1903 715.422    505600 2    0   33    0   21 0.606 159.9 274.4 -30.2 -13.9
1903 715.422    505700 6    5   81    3   45 0.438 169.3 283.3 -20.9  -5.0
1903 716.172    505500 0   20   93   30  134 0.937 286.4 348.4  17.0  70.0
1903 716.172    505800 5    0   40    0   31 0.754  76.3 229.5  13.4 -48.9
1903 717.434    505600 2    4   22    3   14 0.590 197.1 273.2 -29.6  11.5
1903 717.434    505700 6    1   25    1   15 0.555 215.1 281.9 -22.5  20.2
1903 717.434    505800 5    6   55    4   33 0.531  72.3 230.4  13.4 -31.3
1903 718.531    505600 0    0    2    0    2 0.703 217.3 276.5 -29.8  29.4
1903 718.531    505700 6    0   21    0   15 0.693 229.8 282.1 -22.6  35.0
1903 718.531    505800 5   13   57    7   30 0.287  56.7 232.8  13.8 -14.3
1903 718.531    505900 9    0   31    0   20 0.621 222.1 274.0 -23.1  26.9
1903 718.531   6660100 0    0    6    0    3 0.350  46.3 231.6  18.7 -15.5
1903 719.000         0 0    0    0    0    0 0.000   0.0   0.0   0.0   0.0
1903 720.000         0 0    0    0    0    0 0.000   0.0   0.0   0.0   0.0
1903 721.414    505700 6    0   12    0   30 0.979 247.1 284.3 -21.2  75.3
1903 721.414    505800 0    7   30    4   17 0.461 289.8 235.5  13.6  26.5
1903 721.414    505900 9    0   25    0   43 0.956 245.0 278.3 -22.1  69.3
1903 722.627    505800 0    4   14    3   10 0.684 284.5 235.9  13.7  43.0
1903 723.634    505800 0    4   16    4   15 0.835 283.3 236.5  14.0  56.9
1903 724.528    505800 0    0    9    0   13 0.932 282.8 237.2  13.9  69.4
1903 724.528    506100 5   37  136   20   73 0.346  11.6 163.4  25.2  -4.4
1903 725.479    506100 5  123  511   66  274 0.358 337.2 164.1  24.7   8.8
1903 726.613    506100 5   86  396   50  230 0.504 312.2 164.5  24.9  24.3
1903 726.613   6660200 7    0    9    0    7 0.735 213.9 169.4 -32.8  29.2
1903 727.247    506100 5   42  267   27  169 0.611 304.7 165.5  25.1  33.7
1903 727.247   6660300 2   14   34   12   30 0.825 239.5 181.5 -21.2  49.7
1903 728.000         0 0    0    0    0    0 0.000   0.0   0.0   0.0   0.0
1903 729.497    506100 5   13  156   17  198 0.918 293.7 169.1  24.0  67.0
1903 729.497    506300 0    0   17    0   16 0.829 297.1 157.0  25.6  54.9
1903 729.497    506500 9    0    6    0    7 0.874 111.8  44.6 -15.9 -57.5
1903 729.497   6660400 0    0    5    0    3 0.591 130.8  74.1 -17.6 -28.0
1903 729.497   6660500 0    0    4    0    5 0.921 112.1  38.5 -17.8 -63.6
1903 730.425    506100 5    7  113   17  260 0.976 294.0 168.6  24.7  78.8
1903 730.425    506300 0    2   19    3   24 0.912 296.4 155.6  26.4  65.8
1903 730.425    506500 9    0   11    0    9 0.769 117.3  44.3 -16.6 -45.5
1903 731.149    506300 0    0    6    0   12 0.960 296.4 155.0  27.0  74.8
1903 731.149    506500 9    0   13    0    9 0.674 125.6  44.9 -18.3 -35.3
1903 8 1.500    506500 9    0   39    0   23 0.502 141.0  43.1 -17.3 -19.3
1903 8 2.463    506500 9    0    9    0    5 0.405 164.0  43.0 -16.9  -6.7
1903 8 2.463    506700 4    5   35    4   27 0.759  76.6   0.1  14.1 -49.6
1903 8 3.446    506700 4    1   23    1   15 0.602  74.8 359.8  14.0 -36.8
1903 8 4.622    506700 4    3   29    2   16 0.355  67.3   1.4  13.7 -19.7
1903 8 5.619    506500 9    0   13    0    9 0.682 234.7  43.8 -18.2  35.9
1903 8 5.619    506700 4    0    9    0    5 0.211  45.9 358.9  14.6  -9.0
1903 8 6.420    506800 7    5   46    5   43 0.844 122.0 306.4 -22.7 -50.9
1903 8 6.420    506900 4    0   20    0  101 0.995 114.5 276.6 -23.5 -80.7
1903 8 7.430    506800 0   12   91    9   65 0.711 129.8 307.9 -22.0 -36.1
1903 8 7.430    506900 4    7   45   10   65 0.936 116.1 279.2 -21.7 -64.8
1903 8 8.449    506800 2   35  126   22   78 0.588 143.3 308.2 -22.2 -22.3
1903 8 8.449    506900 4   10   77   11   78 0.869 120.5 276.4 -22.5 -54.1
1903 8 8.449    507000 4    0   12    0   10 0.776 129.6 289.3 -24.9 -41.2
1903 8 9.512    506800 2   27  144   16   83 0.496 164.8 308.4 -22.2  -8.1
1903 8 9.512    506900 4   12  119   10   92 0.763 128.0 275.7 -23.2 -40.8
1903 8 9.512    507000 4   22  142   15   94 0.651 140.2 289.3 -24.3 -27.2
1903 810.418    506800 4   29  137   17   78 0.478 185.1 307.1 -21.9   2.6
1903 810.418    506900 4    7  157    5  103 0.647 137.7 276.3 -22.9 -28.2
1903 810.418    507000 4   46  280   28  170 0.567 154.1 288.7 -24.4 -15.8
1903 810.418    507100 0    0   15    0   31 0.968 114.4 232.9 -21.7 -71.6
1903 811.178    506800 4   71  196   42  115 0.521 203.2 307.3 -22.2  12.8
1903 811.178    506900 4   14   91    9   55 0.558 150.0 276.9 -22.6 -17.6
1903 811.178    507000 4   39  344   23  202 0.525 169.0 288.2 -24.5  -6.3
1903 811.178    507100 0    2   17    3   22 0.916 117.3 233.3 -21.8 -61.2
1903 811.178    507200 9    2   28    3   31 0.883  68.9 232.0  21.7 -62.5
1903 812.456    506800 4   13  145    9   97 0.661 224.8 307.7 -22.3  30.2
1903 812.456    506900 4    3   26    2   15 0.481 179.6 277.3 -22.1  -0.2
1903 812.456    507000 4   30  182   18  108 0.539 198.5 288.3 -24.2  10.8
1903 812.456    507100 0    7   24    6   20 0.785 124.4 233.3 -21.7 -44.2
1903 812.456    507200 9   28  137   21  102 0.738  65.9 230.8  22.2 -46.7
1903 812.456    507300 0    4   26   10   54 0.970 110.3 204.6 -17.8 -72.9
1903 813.416    506800 4   16   95   13   76 0.778 233.8 307.6 -22.5  42.8
1903 813.416    506900 4    0   22    0   13 0.518 205.8 278.8 -21.3  14.0
1903 813.416    507000 4    6  104    4   67 0.631 218.9 290.4 -23.4  25.6
1903 813.416    507100 0    7   27    5   18 0.662 133.1 233.6 -21.2 -31.2
1903 813.416    507200 9   66  257   41  158 0.577  61.2 231.8  21.8 -33.0
1903 813.416    507300 0   14   45   16   50 0.891 113.2 205.8 -17.2 -59.0
1903 814.604    506800 4    0   11    0   15 0.918 241.1 310.1 -23.2  61.0
1903 814.604    507000 4    5   54    4   43 0.769 232.6 290.6 -22.9  41.5
1903 814.604    507200 9   64  159   35   86 0.374  46.0 232.3  21.5 -16.8
1903 814.604    507300 0    0   31    0   25 0.770 121.4 205.1 -18.9 -44.0
1903 814.604    507400 4   15   59    9   35 0.517  64.8 219.5  18.6 -29.6
1903 815.415    506800 4    0    3    0    7 0.970 243.7 309.8 -23.5  71.4
1903 815.415    507000 4    5   18    6   19 0.870 238.4 292.1 -23.2  53.7
1903 815.415    507200 9   42  274   22  143 0.274  20.8 232.4  21.6  -6.0
1903 815.415    507300 7    2   35    2   24 0.669 127.6 204.4 -18.5 -34.0
1903 815.415    507400 4   20   89   11   48 0.369  56.4 219.5  18.2 -18.9
1903 816.470    507000 4    0    9    0   15 0.953 243.6 292.2 -22.6  67.7
1903 816.470    507200 9   86  274   45  143 0.281 334.0 232.1  21.4   7.6
1903 816.470    507300 7    4   29    3   18 0.577 141.6 202.0 -20.6 -22.5
1903 816.470    507400 4   11   50    6   26 0.217  25.3 218.9  18.1  -5.6
1903 817.438    507200 9   50  268   28  148 0.423 308.0 232.6  21.5  21.0
1903 817.438    507400 4    0    9    0    5 0.223 331.2 218.1  18.1   6.5
1903 818.657    507200 9   13   63    9   42 0.655 293.8 235.3  20.7  39.8
1903 819.485    507200 9    7   30    6   25 0.795 290.4 237.2  20.4  52.6
1903 819.485   6670100 7    4   12    4   13 0.878 285.3 246.8  16.7  62.2
1903 820.542    507200 9    0    9    0   11 0.909 289.3 236.9  20.4  66.3
1903 820.542    507600 0    0    3    0    3 0.863 112.4 114.8 -15.4 -55.8
1903 821.439    507200 9    0    4    0   11 0.974 289.2 237.5  20.2  78.7
1903 821.439    507700 0    0   13    0   12 0.836  63.9 102.5  25.6 -56.3
1903 822.433    507600 9    6   33    4   21 0.589 127.3 116.7 -14.8 -29.0
1903 823.503    507600 9    1   23    1   13 0.431 147.6 117.8 -14.5 -13.8
1903 824.507    507600 9    0    3    0    2 0.378 173.4 115.6 -15.0  -2.6
1903 824.507    507700 9    0   38    0   21 0.374  36.4 104.1  24.4 -14.1
1903 824.507   6670200 7    0   14    0   12 0.818 236.6 165.7 -22.1  47.5
1903 824.507   6670300 7    0   13    0    7 0.432  73.2  93.0  13.6 -25.2
1903 826.180    507600 9    5   13    3    8 0.530 228.4 120.3 -14.1  24.1
1903 827.310    508000 9    7   49    5   32 0.648 140.2  54.2 -23.5 -26.9
1903 828.481    508000 2    5   20    3   12 0.544 158.8  53.4 -23.5 -12.4
1903 829.441    508000 4   15   58    9   34 0.515 179.6  52.9 -23.8  -0.2
1903 830.175    508000 7   15   38    9   23 0.542 197.0  53.4 -24.1  10.0
1903 9 1.419   6670400 0    0    4    0    2 0.532 179.5  13.4 -24.9  -0.3
1903 9 9.410    508200 9    0   20    0   11 0.335  56.1 251.2  17.7 -17.0
1903 9 9.410    508300 0    9   38   26  104 0.983 109.8 191.8 -17.9 -76.4
1903 910.441    508200 0    3    9    2    5 0.230  26.9 248.3  19.0  -6.3
1903 910.441    508300 0   12   66   15   83 0.916 113.4 192.5 -18.1 -62.1
1903 911.240    508200 0    0    7    0    4 0.220 327.7 251.1  17.9   7.1
1903 911.242    508300 0   15  119   14  110 0.839 117.1 192.2 -18.1 -51.8
1903 912.464    508300 0   21  157   15  108 0.682 125.6 192.3 -17.6 -35.6
1903 912.464   6680100 0    0    4    0    3 0.768 120.3 183.8 -17.7 -44.1
1903 913.483    508300 0   42  178   25  106 0.541 138.1 192.2 -17.1 -22.2
1903 914.683    508300 0   30  108   17   60 0.423 164.2 191.7 -16.9  -6.9
1903 914.683    508500 5    1   29    1   15 0.227 310.8 208.9  15.6  10.3
1903 915.484    508300 0   25  109   14   60 0.415 188.1 191.5 -17.1   3.5
1903 915.484    508500 0    7   23    4   13 0.407 291.3 211.1  15.1  23.1
1903 915.484    508600 5   11   24    8   18 0.720 227.5 223.3 -23.3  35.3
1903 916.436    508300 1   15   54    9   31 0.484 212.3 191.1 -17.3  15.7
1903 916.436    508600 0    2   14    2   13 0.838 235.9 224.6 -23.5  49.2
1903 916.436    508700 5   22   50   15   33 0.649 290.7 215.3  18.8  39.9
1903 917.430    508300 1    0   15    0   10 0.610 228.4 190.9 -17.7  28.6
1903 917.430    508700 5   13   33   11   28 0.805 288.6 216.2  19.2  53.9
1903 918.441    508700 0    1    9    2   12 0.923 287.4 217.4  18.7  68.4
1903 923.187    508800 9    0   19    0   10 0.110 343.9  88.2  13.0   1.8
1903 924.337    508800 4   13   94    7   50 0.318 288.3  89.0  12.3  18.0
1903 925.639    508800 2   33  267   21  168 0.605 281.0  91.4  12.1  37.4
1903 926.493    508800 2   74  418   56  316 0.750 280.1  91.7  12.1  49.0
1903 927.655    508800 2   40  345   46  396 0.900 279.9  92.3  11.8  64.9
1903 927.655    508900 0    0    4    0    3 0.653 227.5  58.3 -20.4  30.9
1903 928.255    508800 2   40  228   62  352 0.946 280.5  91.2  12.1  72.0
1903 928.255    508900 5    4   18    3   13 0.716 232.9  56.7 -20.3  37.5
1903 929.218    508800 2   14   78   62  334 0.993 281.5  91.4  12.1  84.5
1903 929.218    508900 5   12   41   12   39 0.843 240.6  58.5 -20.4  51.6
1903 930.432    508900 5    1   12    3   22 0.961 243.5  60.0 -23.2  69.3
190310 1.375   6690100 0    4    9    3    7 0.790 238.4  24.0 -19.9  45.7
190310 2.519    509100 5   12   59   32  157 0.982  77.7 242.8  13.2 -80.4
190310 3.480    509100 5   39  326   54  450 0.932  78.0 240.9  13.5 -69.6
190310 4.526    509100 5   76  515   68  456 0.825  77.9 240.6  13.6 -56.1
190310 4.526    509200 9    0   19    0   97 0.995 111.6 215.6 -20.6 -81.1
190310 5.643    509100 5  100  629   66  415 0.652  76.3 241.2  13.7 -40.7
190310 5.643    509200 9   10   56   16   90 0.948 114.6 214.5 -20.9 -67.4
190310 5.643    509300 7   34  402  112 1303 0.988 112.1 203.8 -20.6 -78.1
190310 6.125    509100 5  112  747   67  447 0.550  74.9 242.5  13.5 -33.1
190310 6.125    509200 9   13   77   16   94 0.910 116.8 215.0 -21.2 -60.6
190310 6.125    509300 7   57  579  100 1010 0.958 114.5 206.3 -21.3 -69.3
190310 7.207    509100 5  111  639   59  337 0.319  65.0 244.0  13.7 -17.3
190310 7.207    509200 9   28  152   23  125 0.789 123.3 216.2 -21.4 -45.1
190310 7.207    509300 7  153 1424  161 1494 0.878 118.6 205.4 -21.5 -55.9
190310 8.191    509100 5  100  570   51  288 0.143  28.2 244.3  13.4  -4.0
190310 8.191    509200 9   21  199   15  137 0.684 130.8 214.5 -21.5 -33.8
190310 8.191    509300 7  253 2515  202 2006 0.778 123.7 204.3 -21.2 -44.0
190310 8.191    509400 4   13   47   10   35 0.728 229.8 285.5 -23.2  37.2
190310 9.433    509100 5   89  479   46  248 0.254 299.5 245.0  13.1  13.1
190310 9.433    509200 9   35  157   21   94 0.542 148.4 214.1 -21.7 -17.8
190310 9.433    509300 7  332 3079  214 1985 0.630 134.5 203.2 -20.9 -28.7
190310 9.433    509400 4   20  115   21  116 0.867 240.8 286.4 -21.6  54.5
19031010.452    509100 5   76  483   43  270 0.447 287.9 244.3  13.3  25.9
19031010.452    509200 9   37  165   21   94 0.469 172.5 214.6 -21.7  -3.8
19031010.452    509300 7  352 3464  205 2015 0.508 151.8 203.5 -20.8 -14.9
19031010.452    509400 4    0  127    0  220 0.956 244.8 287.3 -22.0  68.9
19031011.225    509100 5   55  377   34  233 0.585 284.5 243.8  13.3  35.6
19031011.225    509200 9   22   91   13   52 0.479 191.1 213.9 -22.1   5.7
19031011.225    509300 7  411 3778  232 2129 0.459 169.8 203.2 -20.9  -5.0
19031011.225    509400 4    0   31    0   78 0.979 243.4 282.4 -24.5  74.2
19031012.478    509100 0   44  245   37  205 0.801 281.7 245.4  12.9  53.6
19031012.478    509200 9    4   50    3   31 0.583 217.9 214.5 -22.0  22.7
19031012.478    509300 8  519 3477  299 2000 0.492 202.6 203.5 -21.3  11.7
19031013.408    509100 0   24  164   29  192 0.903 281.9 244.6  13.2  65.2
19031013.408    509200 9    0   14    0   10 0.692 228.9 213.7 -22.3  34.3
19031013.408    509300 8  342 3195  212 1979 0.589 220.4 203.6 -21.4  24.2
19031014.145    509100 0   13   89   24  159 0.960 282.3 244.4  13.4  74.7
19031014.145    509300 8  352 2806  238 1897 0.672 229.0 202.7 -21.4  33.0
19031014.145    509500 0   21   86   46  183 0.972  76.8  92.3  14.1 -77.4
19031015.413    509300 8  256 2156  226 1903 0.823 238.8 202.2 -21.6  49.2
19031015.413    509500 0   31  174   32  176 0.868  77.0  92.3  14.1 -60.7
19031016.405    509300 8  155 1598  189 1948 0.911 243.0 201.0 -21.8  61.0
19031016.405    509500 0   37  212   28  158 0.740  75.7  92.3  14.3 -47.7
19031017.505    509300 8   50  684  112 1511 0.973 246.2 198.8 -21.7  73.4
19031017.505    509500 0   53  303   32  183 0.560  72.3  92.0  14.4 -33.4
19031017.505    509600 2    6   38    6   34 0.823 240.3 175.2 -20.6  49.8
19031018.216    509300 8   29  292  101  990 0.989 247.0 194.8 -21.8  78.7
19031018.216    509500 0   45  299   25  166 0.431  66.3  92.0  14.9 -24.1
19031018.216    509600 2    2   22    3   25 0.896 243.7 175.3 -20.7  59.2
19031019.290    509500 0   62  328   32  169 0.235  45.6  91.9  14.7 -10.0
19031020.160    509500 0   53  319   27  162 0.169 350.2  92.2  14.8   1.7
19031021.654    509500 0   57  384   31  209 0.393 296.2  92.2  14.8  21.4
19031021.654   6690200 2    0   36    0   20 0.389 193.9  76.4 -17.1   5.6
19031022.472    509500 0   53  325   32  195 0.553 289.7  92.6  15.0  32.6
19031023.403    509500 0   29  250   21  176 0.703 285.6  92.1  14.5  44.4
19031024.140    509500 0   44  230   38  196 0.809 284.4  92.0  14.5  54.0
19031025.245    509500 2   27  132   36  175 0.927 283.8  91.8  14.6  68.4
19031025.245    509800 7    4   26   19  119 0.993 109.3 302.0 -18.5 -81.4
19031026.510    509500 0    4   37   20  159 0.993 284.2  90.8  14.6  84.1
19031026.510    509800 7   25  378   41  600 0.948 111.9 298.1 -19.1 -68.6
19031027.192    509800 7   64  580   76  679 0.903 114.0 296.7 -19.4 -61.0
19031028.614    509800 7   86 1085   64  807 0.739 122.1 297.2 -19.8 -41.7
19031029.398    509800 7  146 1135   95  735 0.633 128.7 296.9 -19.6 -31.6
19031029.398    509900 0    1   12    5   32 0.982  75.7 248.5  14.8 -80.0
19031030.448    509800 7  187 1155  108  667 0.497 144.9 297.0 -19.9 -17.7
19031030.448    509900 0    5   17    7   21 0.912  75.5 248.7  15.0 -66.0
19031030.448    510000 6   44  200  137  623 0.987  72.5 233.1  17.9 -81.6
19031031.427    509800 5  208 1217  115  671 0.417 169.1 297.0 -20.0  -4.8
19031031.427    509900 0   12   45   10   38 0.800  71.6 249.2  17.2 -52.6
19031031.427    510000 6   67  475   94  660 0.933  72.8 232.6  17.5 -69.2
190311 1.166    509800 5  169 1098   93  603 0.410 191.8 297.2 -19.6   5.1
190311 1.166    509900 0    7   30    5   21 0.697  72.2 248.6  15.3 -43.5
190311 1.166    510000 6  117  573  117  571 0.865  72.1 232.4  17.5 -59.7
190311 2.402    509800 5  128  707   76  417 0.527 223.0 298.1 -19.0  22.3
190311 2.402    509900 0   10   19    6   11 0.487  65.3 248.5  15.3 -27.3
190311 2.402    510000 6  196 1150  137  803 0.699  69.3 232.6  17.2 -43.2
190311 2.402    510200 0   10   67   26  175 0.981 113.3 199.6 -21.9 -76.2
190311 2.402   6700100 2    0   25    0   13 0.315  22.8 268.3  20.8  -7.5
190311 3.228    509800 5   80  359   53  236 0.646 235.8 299.1 -18.1  34.2
190311 3.228    509900 2    5   18    3   10 0.350  53.2 248.0  15.8 -16.9
190311 3.228    510000 6  319 1560  193  942 0.562  64.7 232.8  17.2 -32.1
190311 3.228    510200 0   23  108   32  147 0.929 115.4 200.2 -21.9 -64.7
190311 3.228    510300 1   19  113   43  251 0.973 115.0 191.1 -23.3 -73.8
190311 4.515    509800 5   58  245   51  213 0.816 245.7 299.1 -17.3  51.2
190311 4.515    509900 0    5    9    3    5 0.200 357.1 248.5  15.3   0.6
190311 4.515    510000 6  258 1762  137  933 0.332  45.8 233.5  17.0 -14.4
190311 4.515    510200 0   28  135   24  115 0.808 121.0 199.5 -22.1 -48.4
190311 4.515    510300 1   27  211   29  225 0.882 118.1 190.5 -22.6 -57.4
190311 4.515    510400 4   17  165   59  561 0.989 114.8 168.9 -23.8 -79.0
190311 5.452    509800 5   15  137   19  169 0.912 249.0 298.7 -17.5  63.2
190311 5.452    509900 0    0    3    0    2 0.295 314.1 248.2  15.4  12.7
190311 5.452    510000 6  323 1831  166  941 0.236   9.0 233.3  17.1  -2.2
190311 5.452    510200 0   33  189   23  132 0.694 127.9 199.2 -22.3 -36.3
190311 5.452    510300 1   54  320   44  258 0.782 122.2 189.9 -22.1 -45.6
190311 5.452    510400 4   63  455  105  752 0.952 116.7 166.8 -24.1 -68.7
190311 5.452   6700200 2    0   17    0   10 0.538 156.7 221.8 -26.1 -13.7
190311 6.531    509800 5    7   54   20  137 0.980 251.7 298.2 -17.1  76.8
190311 6.531    510000 6  301 1662  158  872 0.306 319.9 233.3  17.0  11.9
190311 6.531    510200 0   31  138   19   83 0.551 140.7 199.3 -22.0 -22.1
190311 6.531    510300 1   51  349   34  230 0.648 131.4 189.7 -22.4 -31.7
190311 6.531    510400 4   90  765   96  809 0.880 120.1 164.8 -24.3 -56.6
190311 6.531    510410 5    0   29    0   29 0.860 118.6 166.7 -22.3 -54.7
190311 6.531    510600 4    5   38    3   22 0.466 113.2 195.8  -7.4 -25.6
190311 7.466    510000 6  257 1593  145  898 0.463 301.0 233.6  16.9  24.5
190311 7.466    510200 0    5  137    3   78 0.475 158.7 198.3 -22.9 -10.8
190311 7.466    510300 1   72  302   43  179 0.535 144.2 189.3 -22.5 -19.8
190311 7.466    510400 4  109 1148   88  925 0.783 124.9 164.3 -24.2 -44.8
190311 7.466    510410 5    0   21    0   16 0.732 123.4 168.2 -21.2 -40.9
190311 7.466    510600 4    0   13    0    7 0.287 132.7 196.8  -7.9 -12.3
190311 8.225    510000 6  238 1282  148  794 0.591 294.4 233.2  16.9  34.2
190311 8.225    510200 9   10  202    6  114 0.459 177.4 197.7 -24.0  -1.3
190311 8.225    510300 1   60  417   34  233 0.444 158.4 188.9 -21.1 -10.1
190311 8.225    510400 4  121 1243   86  879 0.705 130.3 162.8 -24.5 -36.2
190311 8.225    510410 5    1   53    1   35 0.636 131.1 167.9 -21.9 -31.1
190311 9.526    510000 6  157  845  130  697 0.795 288.6 233.8  16.7  51.9
190311 9.526    510200 9    3   41    2   24 0.516 206.0 196.3 -24.5  14.4
190311 9.526    510300 9   19  201   11  112 0.436 197.3 189.9 -21.4   8.0
190311 9.526    510400 4  209 1476  125  882 0.545 147.8 163.3 -24.4 -18.6
190311 9.526    510410 5   26  222   15  126 0.468 152.1 168.3 -21.3 -13.6
19031110.265    510000 6  154  669  165  716 0.884 287.4 233.9  16.8  61.8
19031110.265    510200 9    0   65    0   41 0.598 220.7 197.4 -24.2  25.3
19031110.265    510300 9   29  141   17   82 0.499 213.2 189.2 -21.7  17.1
19031110.265    510400 4  213 1353  122  775 0.484 162.7 163.0 -24.5  -9.1
19031110.265    510410 5   27  255   15  141 0.422 170.5 167.8 -21.5  -4.3
19031110.265    510700 0    0    3    0    8 0.981 115.7  96.0 -24.5 -76.1
19031111.194    510000 6   92  382  167  691 0.961 286.4 233.9  16.6  74.1
19031111.194    510200 9    0    9    0    7 0.724 232.3 198.6 -24.0  38.8
19031111.194    510300 9    6  128    4   82 0.623 227.8 189.7 -22.2  29.9
19031111.194    510400 4  191 1356  109  771 0.472 187.7 163.8 -24.9   4.0
19031111.194    510410 5   28  233   16  130 0.438 199.2 168.7 -21.5   8.9
19031111.194    510700 0    0    3    0    5 0.928 118.1  95.6 -24.6 -64.2
19031112.146    510000 6   17   83   42  205 0.979 286.3 226.1  16.5  78.7
19031112.146    510200 9    2   11    2   10 0.834 239.9 199.0 -23.0  51.6
19031112.146    510300 9   26   92   20   69 0.743 236.3 189.3 -22.2  41.9
19031112.146    510400 4  235 1401  139  828 0.530 207.5 163.1 -25.3  15.7
19031112.146    510410 5   28  202   17  121 0.542 221.6 170.1 -21.3  22.7
19031113.195    510300 9    0   10    0   10 0.860 244.9 189.4 -19.9  55.9
19031113.195    510400 6  191 1168  126  767 0.645 224.4 163.4 -25.1  29.9
19031113.195    510410 5   33  227   23  155 0.679 233.7 169.5 -21.5  36.0
19031113.195   6700300 0    0    6    0   10 0.951 113.2  64.0 -21.1 -69.5
19031114.561    510400 6   81  681   70  588 0.813 236.4 163.9 -25.0  48.4
19031114.561    510410 5   43  368   45  381 0.873 243.2 172.6 -21.8  57.1
19031114.561   6700400 0    0   13    0    8 0.551 142.8  94.2 -23.6 -21.3
19031114.561   6700500 0    0   13    0    8 0.524 133.9  92.0 -18.9 -23.5
19031114.561   6700600 0    0   18    0   15 0.798  64.6  64.6  21.7 -50.9
19031115.154    510400 6   97  462  102  483 0.877 239.6 164.2 -25.0  56.5
19031115.154    510410 5   48  343   64  455 0.925 245.0 172.4 -22.0  64.7
19031116.228    510400 6   50  264   88  462 0.957 243.2 163.7 -24.8  70.2
19031116.228    510410 5   18  152   43  357 0.977 247.4 169.2 -21.5  75.7
19031116.228    511100 0    7   21   17   48 0.974 108.4  18.0 -17.3 -75.5
19031116.228   6700700 2    2    6    2    6 0.864 247.1 150.5 -18.4  57.0
19031117.298    510400 6    3   35   12  132 0.991 244.4 159.7 -25.0  80.2
19031117.298    511100 0    6   35    7   39 0.889 110.1  18.8 -16.7 -60.7
19031118.542    511100 0    8   41    6   30 0.729 115.1  19.5 -16.5 -43.5
19031119.598    511100 0   21   69   13   42 0.550 123.9  20.7 -16.1 -28.4
19031120.237    511100 0   14   40    8   23 0.454 133.7  20.7 -16.5 -20.0
19031120.237   6700800 0    0    6    0    9 0.927 112.3 334.9 -19.8 -65.8
19031122.144    511100 0    9   18    5   10 0.323 201.0  22.5 -15.9   6.9
19031122.144    511300 9    0   20    0   11 0.410 176.2  13.9 -22.5  -1.7
19031123.237    511100 2    7   17    4   10 0.463 230.5  23.0 -15.7  21.8
19031124.596    511100 2    5   27    4   19 0.688 245.7  23.8 -15.4  40.6
19031124.596    511500 1    9   53   18   96 0.961 110.2 270.8 -19.0 -72.4
19031124.596   6710100 0    0   34    0   19 0.410 157.1 333.4 -20.8  -9.8
19031125.496    511300 9    3   53    3   41 0.756 236.7  14.9 -23.6  43.6
19031125.496    511500 1   13  112   15  121 0.885 111.8 271.2 -18.6 -60.1
19031126.187    511300 9    0   24    0   22 0.832 241.4  14.6 -22.8  52.4
19031126.187    511500 1   21  120   18  102 0.805 114.4 271.5 -18.7 -50.7
19031127.240    511300 9    0   14    0   19 0.928 246.6  14.4 -21.2  66.0
19031127.240    511500 1   21  114   14   76 0.658 120.3 271.6 -18.6 -36.8
19031127.240    511600 2   24  149   55  330 0.975  72.8 231.6  17.0 -76.8
19031128.201    511500 1   23  142   14   83 0.514 131.0 271.5 -18.9 -24.2
19031128.201    511600 1   43  251   52  303 0.911  71.8 231.0  16.9 -64.7
19031129.159    511500 1   18  125   10   68 0.379 151.5 272.1 -18.7 -11.0
19031129.159    511600 1   63  349   53  293 0.804  69.8 231.2  16.6 -51.9
19031130.162    511500 1   30  126   16   67 0.333 185.4 271.8 -18.7   1.9
19031130.162    511600 1   68  357   46  241 0.671  65.4 230.3  16.7 -39.6
190312 1.149    511500 1    5   72    3   40 0.419 215.3 271.7 -19.5  14.9
190312 1.149    511600 1   70  369   41  215 0.512  57.3 230.1  16.5 -26.7
190312 1.149    511700 0    5   32   13   77 0.978 110.7 179.8 -20.1 -77.0
190312 2.537    511500 1    0   15    0   10 0.619 238.8 272.4 -18.4  33.9
190312 2.537    511600 1   72  394   38  208 0.318  28.5 229.4  16.6  -9.1
190312 2.537    511700 0    9   61   10   65 0.878 113.0 179.2 -19.9 -59.3
190312 2.537    511800 4    1   44    1   24 0.390 143.2 224.3 -17.8 -14.2
190312 2.537    511900 6    6   47   19  148 0.987 106.6 158.2 -16.3 -80.3
190312 2.537    512000 2    3   32   13  115 0.989 117.0 158.1 -26.6 -80.4
190312 3.207    511600 1   78  378   41  197 0.280   1.7 229.1  16.5  -0.5
190312 3.207    511700 1   17   79   15   69 0.815 115.3 177.8 -20.2 -51.8
190312 3.207    511800 4   11   43    6   23 0.323 162.7 223.8 -17.7  -5.8
190312 3.207    511900 6    7   89   14  175 0.967 108.6 155.2 -17.9 -74.4
190312 3.207    512000 2    6   72   13  147 0.968 118.2 156.0 -27.2 -73.6
190312 3.207    512100 9    0    4    0    3 0.574 141.6 206.1 -26.5 -23.5
190312 3.207   6710200 7    0   10    0    7 0.733 122.5 187.4 -23.0 -42.2
190312 4.530    511600 1   56  360   31  196 0.398 314.8 229.4  16.4  17.1
190312 4.530    511700 1   20   97   13   63 0.629 123.5 178.3 -20.2 -34.0
190312 4.530    511800 4    7   77    4   42 0.377 215.2 225.5 -17.8  13.2
190312 4.530    511900 6   55  601   59  636 0.880 113.5 152.8 -20.5 -59.5
190312 4.530    512000 2   21  129   22  132 0.870 122.0 156.1 -27.4 -56.2
190312 4.530    512100 9    0   30    0   17 0.455 162.7 203.7 -25.6  -8.6
190312 4.530    512300 9    0   25    0   22 0.822 294.9 265.0  20.3  52.7
190312 5.177    511600 1   55  285   32  164 0.494 304.4 228.8  16.2  25.1
190312 5.177    511700 0   13   81    8   48 0.527 131.2 178.7 -20.3 -25.0
190312 5.177    511800 4    1   28    1   16 0.453 227.3 224.2 -17.9  20.5
190312 5.177    511900 6   83  541   71  461 0.808 115.9 152.7 -20.7 -51.0
190312 5.177    512000 2   23  141   20  120 0.807 124.9 155.4 -27.5 -48.3
190312 5.177    512300 9    0    5    0    7 0.908 291.2 267.4  19.2  63.7
190312 6.201    511600 1   47  232   32  156 0.667 294.7 229.4  16.1  39.1
190312 6.201    511700 0   27   99   15   55 0.428 146.7 175.7 -21.1 -14.6
190312 6.201    511800 4   10   29    7   19 0.633 243.5 226.5 -16.5  36.2
190312 6.201    511900 6  133  685   89  458 0.662 121.8 153.4 -20.5 -36.9
190312 6.201    512000 2   35  152   25  106 0.694 132.2 154.7 -27.9 -35.6
190312 6.201    512300 9    0    3    0    7 0.973 289.6 266.1  19.0  75.8
190312 6.201   6710300 0    2    9    1    5 0.278 316.9 201.5  11.6  11.2
190312 7.190    511600 1   21  150   18  125 0.798 290.3 228.4  15.9  51.1
190312 7.190    511700 0   16   28    9   15 0.347 184.9 179.1 -20.5   1.8
190312 7.190    511800 4    6   41    5   33 0.778 249.2 226.5 -16.2  49.2
190312 7.190    511900 6  114  674   67  394 0.515 132.0 153.2 -20.4 -24.1
190312 7.190    512000 2   39  138   24   85 0.578 143.2 154.3 -27.8 -23.0
190312 7.190    512110 4   11   37    7   24 0.614 219.5 203.7 -28.5  26.4
190312 7.190    512500 9    3   29    2   16 0.381 138.4 162.0 -16.8 -15.3
190312 7.190    512600 0   12   70   33  182 0.981  75.6  98.8  14.1 -78.5
190312 8.199    511600 1   18   90   22  108 0.910 287.5 228.3  15.7  64.3
190312 8.199    511700 0   16   28    9   16 0.429 215.6 179.5 -20.8  15.5
190312 8.199    511800 4    3   31    4   35 0.893 252.1 226.2 -16.1  62.2
190312 8.199    511900 6  116  718   63  390 0.385 153.2 153.3 -20.5 -10.7
190312 8.199    512000 2   39  133   23   77 0.495 161.7 153.8 -28.4 -10.2
190312 8.199    512110 4   10   32    8   24 0.736 230.4 204.1 -28.3  40.1
190312 8.199    512600 0   25  142   31  176 0.914  74.6  98.8  13.9 -65.2
190312 8.199    512900 0   16  109   35  234 0.972  69.0  88.6  20.3 -75.4
190312 8.199   6710400 0    0   18    0   10 0.385 191.8 168.9 -22.5   4.9
190312 8.199   6710500 7    5   13    3    7 0.513 122.0 137.1 -16.1 -26.9
190312 9.593    511700 0    0   46    0   30 0.623 236.4 179.3 -20.6  33.7
190312 9.593    511900 6   52  599   28  322 0.363 201.9 153.9 -20.2   8.3
190312 9.593    512000 2    7  119    4   68 0.476 194.2 153.2 -28.0   7.6
190312 9.593    512110 4   18  133   19  138 0.875 237.2 202.5 -28.6  56.9
190312 9.593    512500 9    0   26    0   14 0.353 224.4 160.4 -15.1  14.8
190312 9.593    512600 0   38  302   29  227 0.746  71.3  99.0  13.5 -46.6
190312 9.593    512900 0   27  303   27  302 0.866  66.4  88.0  20.0 -57.6
19031210.273    511700 0    1    9    1    7 0.725 241.2 179.5 -20.9  42.9
19031210.273    511900 6   44  476   25  266 0.441 219.8 154.1 -20.4  17.5
19031210.273    512000 9   13   64    8   38 0.534 207.8 153.1 -28.8  16.5
19031210.273    512110 4   27  144   40  209 0.937 239.1 203.5 -29.0  66.9
19031210.273    512600 1   38  289   25  189 0.644  67.5  98.8  13.8 -37.8
19031210.273    512900 1   43  309   36  254 0.794  63.5  87.3  20.3 -49.3
19031210.273    513100 2    4   65   15  204 0.987 113.2  56.5 -23.0 -80.1
19031210.273   6710600 2    5   21    4   14 0.660  56.2 100.6  21.0 -36.0
19031211.164    511900 6   59  397   36  241 0.562 232.9 153.4 -20.5  28.6
19031211.164    512000 9    4   18    3   12 0.615 220.4 151.8 -28.6  27.0
19031211.164    512110 4    9   81   26  216 0.981 240.1 202.4 -29.4  77.6
19031211.164    512500 9    3   58    2   37 0.608 245.0 159.7 -15.5  34.9
19031211.164    512600 2   34  295   20  170 0.496  59.9  98.6  13.7 -26.2
19031211.164    512900 0   55  365   38  248 0.679  58.6  86.7  20.1 -38.1
19031211.164    513100 2    8   89   13  132 0.940 114.5  56.2 -23.2 -68.6
19031211.164   6710700 7    0    4    0    3 0.664 237.2 161.7 -21.7  36.9
19031211.164   6710800 0    0    6    0    4 0.589 211.7 145.9 -30.8  21.1
19031212.195    511700 0    0    4    0    5 0.915 249.2 176.3 -19.3  65.0
19031212.195    511900 6   24  200   18  145 0.722 241.4 154.0 -20.9  42.7
19031212.195    512600 2   51  338   27  179 0.328  40.3  98.7  13.6 -12.6
19031212.195    512900 0   88  457   52  270 0.532  48.3  86.3  19.9 -25.0
19031212.195    513100 2   26  128   26  124 0.854 116.9  55.3 -23.2 -56.0
19031213.191    511900 6   39  269   35  239 0.825 244.0 151.2 -21.8  53.0
19031213.191    512600 2   52  344   27  178 0.258 358.5  98.6  13.9   0.4
19031213.191    512900 1   95  518   52  283 0.406  29.6  85.9  19.7 -12.3
19031213.191    513100 2   29  165   22  123 0.739 121.2  54.7 -23.3 -43.5
19031214.412    511900 6    4  156    6  198 0.918 244.9 147.1 -23.4  65.0
19031214.412    512600 2   57  258   31  140 0.391 312.1  99.5  14.1  17.4
19031214.412    512900 1  112  595   60  318 0.357 346.9  87.0  19.2   4.9
19031214.412    513100 4   14  112    9   68 0.564 132.9  55.3 -23.6 -26.8
19031215.478    512600 2   34  229   21  139 0.567 297.5  99.3  14.1  31.2
19031215.478    512900 1   99  594   56  334 0.460 319.3  86.6  19.2  18.5
19031215.478    513100 4   12   96    7   54 0.449 151.1  54.3 -24.4 -13.8
19031215.478    513400 0   11   55   32  156 0.984  67.5 349.7  21.9 -78.4
19031216.486    512600 0   19  172   14  126 0.730 290.8  99.5  14.0  44.7
19031216.486    512900 1  103  599   65  377 0.608 305.0  86.6  19.2  31.8
19031216.486    513100 4    5   51    3   28 0.389 180.5  55.0 -24.3   0.2
19031216.486    513400 0   29  125   39  167 0.927  65.4 349.3  22.1 -65.5
19031216.486    513500 0    3   21    2   13 0.568  58.4  24.6  16.1 -30.2
19031217.452    512600 0   15  113   15  107 0.850 287.1  98.7  13.6  56.7
19031217.452    512900 1   68  526   51  393 0.745 297.2  86.4  18.8  44.4
19031217.452    513100 4    0   17    0   10 0.442 208.3  55.3 -24.4  13.3
19031217.452    513400 0   35  228   32  209 0.838  62.3 348.8  22.0 -53.2
19031217.452    513500 0    0    7    0    4 0.396  41.1  26.3  15.9 -15.7
19031217.452    513600 0    2   43    2   32 0.725 113.8 357.7 -18.1 -44.3
19031217.452    513700 2    0   20    0   23 0.901  74.5 338.9  13.2 -63.1
19031218.189    512600 0   12   73   17   97 0.926 285.8  99.0  14.0  66.7
19031218.189    512900 1   67  400   63  371 0.843 294.3  86.8  19.3  54.5
19031218.189    513100 4    5   30    3   18 0.522 220.1  54.1 -25.1  21.8
19031218.189    513400 2   54  251   41  191 0.754  58.5 348.4  22.0 -43.9
19031218.189    513500 0    0    9    0    5 0.317  17.2  26.7  16.0  -5.6
19031218.189    513600 4    7   27    5   17 0.604 117.9 358.2 -17.8 -34.1
19031218.189    513700 2    2   10    2    9 0.815  72.4 339.4  13.3 -52.9
19031219.194    512600 0    4   31   13   97 0.988 284.8  99.3  14.3  80.2
19031219.194    512900 1   44  231   65  336 0.939 291.2  87.1  19.2  68.0
19031219.194    513100 4    0   18    0   12 0.656 233.9  54.6 -24.2  35.5
19031219.194    513400 2   50  306   32  196 0.624  49.5 348.2  22.4 -30.9
19031219.194    513600 4    8   61    5   34 0.434 128.7 358.3 -17.4 -20.8
19031220.291    512900 1   16   73   63  276 0.992 289.4  86.2  19.0  81.5
19031220.291    513400 2   54  251   31  144 0.489  32.2 348.3  22.6 -16.4
19031220.291    513600 4   26   93   14   49 0.280 159.5 358.8 -17.1  -5.9
19031220.291    513800 2    0   17    0   12 0.690 243.3  45.5 -19.5  40.8
19031221.510    513400 2   38  184   21  101 0.409   0.5 348.4  22.1  -0.2
19031221.510    513500 6   48  220   31  140 0.620 297.0  23.4  14.7  34.8
19031221.510    513600 4    1   66    1   35 0.307 211.3 358.2 -17.2   9.6
19031221.510    513800 2    0   16    0   17 0.881 243.1  48.3 -24.5  59.7
19031222.175    513400 2   37  153   21   85 0.438 341.6 348.5  22.4   8.6
19031222.175    513500 6   47  251   35  187 0.740 293.2  24.8  15.4  44.9
19031222.175    513600 4    3   18    2   10 0.392 230.5 358.3 -16.5  18.4
19031223.180    513400 2   16   89   10   53 0.538 320.8 348.2  22.5  21.6
19031223.180    513500 6   31  185   33  193 0.878 289.3  26.0  15.7  59.4
19031223.180    513600 4    0    9    0    6 0.623 242.6   2.3 -18.5  35.7
19031224.187    513400 2   14   45   10   31 0.673 307.6 348.5  22.3  35.2
19031224.187    513500 6   15   85   30  168 0.968 286.9  27.4  15.7  74.1
19031224.187   6720100 0    0    6    0   13 0.975  71.4 237.6  17.5 -75.7
19031225.161    513400 2    0   15    0   13 0.799 300.6 348.5  22.3  48.0
19031226.303    513400 2    0    8    0   10 0.912 297.1 347.7  23.3  62.1
19031227.434    513400 2    5   49   17  168 0.989 293.9 350.0  23.1  79.5
19031228.135    514000 2   15  100   26  169 0.955 112.7 188.9 -22.5 -72.4
19031229.416    514000 9   30  190   29  179 0.845 113.9 188.2 -21.7 -56.3
19031229.416    514100 0    0    9    0    5 0.322  30.7 234.8  13.1  -9.7
19031229.416    514200 6   15  122   26  200 0.952 103.7 172.1 -14.0 -72.4
19031230.440    514000 2   21  138   15   98 0.708 118.5 188.8 -22.1 -42.2
19031230.440    514100 2    3   44    2   23 0.295 352.7 233.2  13.9   2.2
19031230.440    514200 6   47  338   48  345 0.871 104.1 170.6 -13.8 -60.4
19031231.233    514000 2   17  169   11  104 0.580 126.0 190.0 -22.7 -30.6
19031231.233    514200 6   49  369   39  291 0.773 105.6 170.5 -14.1 -50.1
