1900 1 1.306    490000 4    0   10    1   11 0.879 261.7  98.4  -8.9  61.7
1900 1 2.253    490000 4    0   16    0   29 0.958 261.6  97.9  -9.0  73.7
1900 112.185    490100 5   16   92   19  109 0.906  77.3 189.8   9.5 -63.6
1900 113.306    490100 5   37  325   29  252 0.763  74.0 190.6   9.1 -48.0
1900 113.306    490200 0   22  150   12   79 0.312  33.9 228.4  10.5 -10.2
1900 114.484    490100 5   31  202   19  122 0.560  65.5 192.0   9.4 -31.1
1900 114.484    490200 0    9   70    5   37 0.292 332.0 231.1  10.3   8.0
1900 115.281    490100 5   38  238   21  131 0.413  55.6 192.4   9.0 -20.2
1900 115.281    490200 0    5   34    3   19 0.409 310.8 231.0  11.0  18.4
1900 116.307    490100 5   25  119   13   62 0.272  22.6 192.9   9.7  -6.1
1900 116.307    490200 0    0    8    0    5 0.596 296.2 232.0  11.2  33.0
1900 117.466    490100 5    7   76    4   40 0.296 328.6 192.9   9.7   9.0
1900 118.476    490100 5    5   32    3   18 0.448 303.9 192.7   9.8  22.2
1900 119.202    490100 5    0    9    0    6 0.583 295.3 193.3  10.1  32.4
1900 124.215    490400 1    4   29    4   25 0.810  99.1  40.5 -10.6 -54.5
1900 124.215   6190100 0    0   22    0   26 0.907  42.8  43.1  38.4 -51.9
1900 125.497    490400 1    0   71    0   44 0.590 100.4  41.8 -10.7 -36.2
1900 126.221    490400 1   12   87    7   49 0.454 103.0  41.8 -11.0 -26.8
1900 127.368    490400 9    7   52    4   27 0.213 116.6  42.3 -11.2 -11.2
1900 128.332    490400 9    0   63    0   32 0.087 164.0  39.3 -10.7  -1.4
1900 128.332    490500 1   26  130   24  120 0.840  81.1 344.4   4.2 -56.3
1900 129.208    490400 9    3   31    2   16 0.204 241.9  39.9 -11.4  10.6
1900 129.208    490500 1   37  187   27  134 0.713  78.0 344.9   4.3 -44.4
1900 129.208   6190200 0    0    2    0    3 0.878 233.5  88.5 -34.7  59.2
1900 130.266    490500 1   49  229   29  135 0.525  71.2 345.4   4.5 -29.9
1900 131.373    490500 1   83  415   44  219 0.316  57.5 345.2   3.9 -15.5
1900 2 1.314    490500 1   49  320   25  163 0.183  12.6 346.1   4.1  -2.3
1900 2 2.000         0 0    0    0    0    0 0.000   0.0   0.0   0.0   0.0
1900 2 3.191    490500 1   52  268   29  149 0.435 294.5 347.0   4.6  23.4
1900 2 4.425    490500 1   42  242   28  161 0.656 284.6 347.0   4.6  39.6
1900 2 4.425    490700 2    4   89    8  179 0.968  78.3 233.4   9.6 -74.0
1900 2 4.425    490800 9    0   40    0  261 0.997  77.8 223.5  11.6 -83.9
1900 2 5.179    490500 1   32  173   26  138 0.778 281.0 347.4   4.4  50.0
1900 2 5.179    490700 2   26  171   32  210 0.913  76.1 233.3   9.9 -64.1
1900 2 5.179    490800 9   21  101   41  196 0.966  74.5 224.4  13.2 -73.0
1900 2 6.461    490500 1   13  103   18  135 0.923 277.8 347.0   4.6  66.5
1900 2 6.461    490700 2   29  218   22  166 0.752  70.3 234.5  10.2 -46.0
1900 2 6.461    490800 9   24  194   23  182 0.845  70.7 225.7  12.5 -54.8
1900 2 6.461    490900 9    6   42    4   26 0.565  98.2 245.9 -10.0 -34.6
1900 2 7.000         0 0    0    0    0    0 0.000   0.0   0.0   0.0   0.0
1900 2 8.497    490700 2   14  297    8  164 0.423  46.4 235.5  10.7 -18.2
1900 2 8.497    490800 9   13  211    8  126 0.545  54.7 226.6  12.5 -27.1
1900 2 8.497    490900 9    0   39    0   20 0.111 123.6 248.3 -10.1  -5.4
1900 2 8.497    491000 0    0   52    0   27 0.209 107.1 242.0 -10.0 -11.7
1900 2 9.178    490700 0   26  113   14   60 0.335  30.0 234.9  10.3  -9.8
1900 2 9.178    490800 9   12  163    7   91 0.440  41.8 227.2  12.8 -17.5
1900 2 9.178    490900 9    3   29    2   15 0.100 230.4 249.2 -10.3   4.5
1900 2 9.178    491000 0    0   23    0   12 0.076 140.6 241.9 -10.0  -2.8
1900 210.285    490700 0   20  129   11   68 0.304 342.9 235.5  10.2   5.2
1900 210.285    490800 9    7  141    4   75 0.337  10.2 226.8  12.7  -3.5
1900 211.194    490700 0    5   36    3   20 0.414 313.0 236.1  10.0  17.9
1900 211.194    490800 9    3   65    2   35 0.367 334.6 227.5  12.7   9.3
1900 211.194    490900 9   20  167   12   98 0.517 262.4 249.5  -9.7  31.3
1900 211.194    491100 2    0   10    0    8 0.757 268.2 267.7  -5.8  49.5
1900 212.233    490700 0    4   30    3   19 0.579 297.1 236.0   9.5  31.5
1900 212.233    490800 9    1   20    1   12 0.516 310.8 228.2  13.5  23.7
1900 212.233    490900 9    4   11    3    8 0.723 262.2 251.2 -10.3  46.7
1900 212.233    491100 0    0    8    0   11 0.915 266.5 271.2  -5.9  66.7
1900 213.284    490900 9    0   13    0   13 0.865 262.3 251.3 -10.1  60.5
1900 214.265   6200100 2    0   11    0    9 0.823 282.5 231.7   6.2  53.9
1900 3 3.209    491300 9    0   32    0   17 0.265  43.8 304.0   3.9 -10.6
1900 3 4.211    491300 9   11   62    6   32 0.202 346.6 304.1   4.1   2.7
1900 3 4.211    491400 9    0    7    0    4 0.108  23.9 298.9  -1.6  -2.5
1900 3 5.198    491300 9    1   19    1   10 0.309 308.7 302.4   4.1  14.0
1900 3 6.206    491400 9    7   16    4    9 0.421 283.9 299.2  -0.8  24.1
1900 3 6.206    491500 3   62  256   32  132 0.239 248.0 288.2 -12.2  13.1
1900 3 7.261    491500 3  224  909  126  511 0.457 257.8 288.5 -12.0  27.2
1900 3 8.186    491500 3  281 1170  180  750 0.625 259.8 288.0 -12.0  39.0
1900 3 9.463    491500 2   98  788   86  689 0.820 260.5 287.9 -11.9  55.7
1900 310.521    491500 2   64  445   90  624 0.934 259.2 288.3 -12.6  70.0
1900 311.205    491500 2   38  178   93  427 0.978 259.6 288.5 -11.6  79.2
1900 325.321    491600 0    0    7    0    4 0.439  53.1   2.4   9.0 -20.8
1900 326.173    491600 0    0    3    0    2 0.296  30.4   3.2   8.2  -8.7
1900 326.173    491700 7   26  128   68  330 0.981 100.4 292.0 -11.4 -79.9
1900 327.241    491700 7   31  170   38  204 0.908  99.4 291.8 -11.3 -66.0
1900 328.360    491700 7   49  288   38  222 0.760  99.4 293.2 -11.4 -49.9
1900 329.445    491700 7   73  373   46  233 0.598 100.2 291.9 -11.3 -36.9
1900 329.445    491800 2    4   19    3   12 0.592 298.1   0.9  10.7  32.1
1900 330.507    491700 7   58  383   32  209 0.397 104.3 291.7 -11.6 -23.1
1900 330.507    491800 9   18   71   14   55 0.757 288.6   1.5   9.6  46.7
1900 331.487    491700 7   49  432   25  220 0.187 117.0 292.1 -11.2  -9.8
1900 4 1.469    491700 7   49  270   25  136 0.103 207.6 291.7 -11.6   2.8
1900 4 2.197    491700 7   52  301   27  155 0.232 248.2 292.0 -11.1  12.7
1900 4 3.322    491700 7   42  254   24  144 0.465 258.0 292.1 -11.1  27.6
1900 4 4.473    491700 1   30  159   21  109 0.680 260.8 292.3 -10.8  43.1
1900 4 5.245    491700 1   19  155   16  129 0.799 261.3 292.6 -10.6  53.5
1900 4 6.291    491700 1   14   63   18   79 0.916 260.7 292.3 -10.9  67.0
1900 4 7.350    491700 1    6   36   19  103 0.984 260.4 292.0 -10.5  80.7
1900 4 8.485    491900 0    6   45    7   51 0.894  78.3 134.2   7.7 -62.1
1900 4 9.219    491900 0   15   55   13   48 0.813  75.4 133.9   8.3 -52.7
1900 410.515    491900 0    7   36    5   23 0.614  68.2 134.3   8.5 -35.2
1900 411.494    491900 0    7   26    4   15 0.443  57.9 134.3   8.4 -22.3
1900 412.450    491900 9   11   45    6   24 0.296  36.8 133.7   8.2 -10.3
1900 413.458    491900 9   11   29    6   15 0.253 345.8 134.2   8.7   3.6
1900 414.168    491900 9    3   24    2   13 0.329 318.7 134.0   9.0  12.7
1900 415.160    491900 9    0    5    0    3 0.502 297.8 134.9   8.8  26.7
1900 419.251    492000 0    0    9    0   47 0.995  85.0 330.1   4.5 -84.1
1900 420.446    492000 0    7   32    9   41 0.919  83.6 332.2   3.9 -66.2
1900 421.457    492000 0   13   38   11   32 0.803  81.9 332.2   3.6 -52.8
1900 422.204    492000 0   11   26    8   18 0.689  79.3 332.4   3.9 -42.7
1900 423.461    492000 0    7   35    4   20 0.455  72.5 332.7   3.7 -25.8
1900 424.449    492000 0    9   30    5   16 0.260  57.5 332.8   3.6 -12.7
1900 424.449    492100 9   11   65    6   33 0.157 173.2 344.4 -13.5  -1.1
1900 425.255    492000 1    9   39    5   20 0.151  16.1 332.4   3.9  -2.4
1900 425.255    492100 9   33  134   17   69 0.229 229.6 345.1 -12.9  10.3
1900 426.436    492000 0    9   21    5   11 0.289 298.8 333.9   3.8  14.7
1900 426.436    492100 9    0   74    0   42 0.458 249.1 345.3 -13.3  26.1
1900 426.436    492200 9    5   24    3   13 0.274  53.7 306.4   5.1 -12.8
1900 427.189    492100 9    0   19    0   12 0.590 252.5 344.7 -13.7  35.4
1900 427.189    492200 9    0   13    0    7 0.162  18.2 306.4   4.6  -2.9
1900 427.189    492300 0   10   18    6   10 0.424 264.0 334.4  -6.4  25.1
1900 427.189    492400 9    0    4    0    8 0.958  94.8 235.7  -5.8 -73.6
1900 427.189    492500 0    2   11    9   37 0.987  98.6 228.1  -9.2 -81.2
1900 428.250    492100 9    8   26    7   22 0.801 257.6 348.4 -12.4  53.2
1900 428.250    492300 0    4   12    3    8 0.634 265.6 334.7  -6.0  39.5
1900 428.250    492400 9    0   18    0   17 0.844  94.8 237.4  -6.3 -57.8
1900 428.250    492500 2   30  161   41  218 0.929  97.9 226.5  -8.9 -68.7
1900 429.227    492100 9    0    4    0    6 0.924 258.6 350.1 -12.1  67.8
1900 429.227    492300 0    0    3    0    3 0.798 266.2 335.4  -5.5  53.1
1900 429.227    492400 9   28  180   20  128 0.703  95.3 237.5  -6.6 -44.8
1900 429.227    492500 2   36  229   32  204 0.820  98.0 227.0  -8.9 -55.3
1900 429.227    492600 0   30   92   16   48 0.261  59.4 269.3   3.7 -13.0
1900 429.227    492700 0   10   67    7   45 0.659  95.6 241.0  -6.7 -41.3
1900 430.272    492400 0   94  493   55  287 0.510  95.3 237.8  -6.1 -30.7
1900 430.272    492500 1   38  246   25  161 0.643  98.8 228.5  -8.7 -40.0
1900 430.272    492600 0   63  298   32  151 0.151 341.8 271.2   4.3   2.7
1900 430.272    492700 0   65  253   36  140 0.428  96.7 243.2  -6.4 -25.3
1900 5 1.160    492400 0   96  559   51  295 0.319  98.1 238.3  -6.2 -18.5
1900 5 1.160    492500 1   42  282   24  161 0.479 100.8 228.4  -8.5 -28.4
1900 5 1.160    492600 0   41  243   22  128 0.312 295.4 273.2   4.0  16.4
1900 5 1.160    492700 0   42  189   22   97 0.215 102.9 244.6  -6.5 -12.2
1900 5 2.143    492400 0   89  459   45  231 0.104 115.8 238.4  -6.3  -5.4
1900 5 2.143    492500 1   51  240   27  125 0.271 109.2 228.8  -8.7 -15.0
1900 5 2.143    492600 2   56  274   33  161 0.521 285.7 274.0   4.9  30.2
1900 5 2.143    492700 0   45  213   23  107 0.045 173.4 243.5  -6.3  -0.3
1900 5 3.172    492400 9   69  349   35  177 0.156 250.3 238.7  -6.6   8.5
1900 5 3.172    492500 1   35  314   18  158 0.088 171.0 229.4  -8.6  -0.8
1900 5 3.172    492600 0   14   76   10   54 0.704 280.7 274.2   4.9  44.0
1900 5 3.172    492700 0   36  220   19  114 0.262 256.6 245.1  -7.0  14.9
1900 5 4.143    492400 9   78  209   42  113 0.370 261.0 239.0  -6.6  21.6
1900 5 4.143    492500 9   35   87   18   45 0.234 247.3 230.0  -8.6  12.6
1900 5 4.143    492600 0    4   10    4   10 0.847 278.4 274.7   5.2  57.3
1900 5 4.143    492700 0   26  149   15   85 0.474 261.3 245.6  -7.2  28.2
1900 5 5.137    492400 4   26  108   16   66 0.575 264.4 239.3  -6.0  35.1
1900 5 5.137    492500 9    5   42    3   24 0.454 257.9 230.9  -8.5  26.7
1900 5 5.137    492600 0    1   13    3   21 0.947 276.5 275.0   5.0  70.8
1900 5 5.137    492700 0   33  132   22   88 0.658 263.1 245.4  -7.1  41.2
1900 5 6.148    492400 4   19   58   15   44 0.750 265.8 239.5  -5.3  48.7
1900 5 6.148    492500 9   10   32    7   21 0.642 261.9 230.7  -7.7  39.9
1900 5 6.148    492700 0   21  108   18   92 0.807 263.9 244.7  -6.9  53.9
1900 5 7.248    492700 0    8   50   13   75 0.941 263.1 246.8  -7.6  70.5
1900 5 8.177    492700 0    0   11    0   38 0.989 262.3 246.0  -8.1  82.0
1900 514.645    492800 2    7   41    4   21 0.113 224.8  83.1  -7.0   4.6
1900 515.150    492800 2    0   31    0   16 0.206 244.7  82.5  -7.3  10.8
1900 521.520    492900 0    8   52   17  104 0.968  85.3 272.2   4.1 -75.3
1900 522.221    492900 0   36  171   49  233 0.930  84.9 270.1   4.2 -68.2
1900 523.227    492900 0   49  265   42  227 0.811  84.5 270.9   3.7 -54.0
1900 524.158    492900 0   47  314   32  211 0.666  82.9 271.1   3.8 -41.5
1900 525.176    492900 0   58  272   33  154 0.468  79.1 271.8   4.1 -27.4
1900 526.199    492900 0   46  240   24  124 0.246  68.6 272.3   4.2 -13.3
1900 527.486    492900 9   23   99   12   50 0.117 320.3 272.9   4.3   4.3
1900 527.486    493000 7   15   54    9   31 0.481 106.5 240.8  -8.6 -27.8
1900 528.444    492900 9   34  104   18   55 0.311 285.0 273.4   3.9  17.5
1900 528.444    493000 7    5   61    3   32 0.277 118.8 241.7  -8.4 -14.2
1900 529.516    492900 9   23   70   14   42 0.534 279.6 273.6   4.6  31.9
1900 529.516    493000 7    0   23    0   12 0.151 152.1 237.6  -8.3  -4.1
1900 530.123    492900 9   12   41    8   27 0.642 277.3 273.4   4.3  39.7
1900 530.123    493000 7    7   64    4   33 0.235 235.7 245.0  -8.1  11.3
1900 531.125    492900 9    7   19    6   16 0.802 275.5 273.6   4.2  53.2
1900 531.125    493000 7   12   65    7   37 0.459 252.9 246.7  -8.1  26.3
1900 6 1.266    492900 9    0    6    1    9 0.932 274.6 274.1   4.2  68.7
1900 6 1.266    493000 7   21   76   15   53 0.690 258.1 248.4  -8.4  43.0
1900 6 3.658    493000 7    7   37   18   95 0.980 262.4 252.2  -7.5  78.5
1900 615.168    493100 3    6   26    6   24 0.832  86.7 325.0   3.5 -56.3
1900 616.266    493100 3   77  285   52  192 0.669  86.0 324.8   3.8 -42.0
1900 617.624    493100 3   89  486   48  261 0.364  84.6 327.6   3.5 -21.3
1900 618.227    493100 3  118  598   61  309 0.252  82.9 326.3   3.5 -14.5
1900 619.643    493100 1   87  336   44  169 0.101 285.3 327.7   3.4   5.6
1900 619.643    493200 0    7   27    9   33 0.912  99.0 256.8  -7.4 -65.3
1900 620.198    493100 1   82  480   42  246 0.216 277.2 327.2   3.5  12.4
1900 620.198    493200 0   24   97   24   96 0.861  99.7 256.0  -7.3 -58.8
1900 621.188    493100 1  134  401   74  221 0.420 274.0 326.4   3.6  24.8
1900 621.188    493200 0   22   68   16   49 0.719 102.1 256.5  -7.2 -45.1
1900 622.214    493100 1   99  402   63  256 0.617 274.0 326.2   4.2  38.1
1900 622.214    493200 0   33   79   20   47 0.542 106.8 256.6  -7.1 -31.5
1900 623.467    493100 1   14   53   13   47 0.823 272.8 327.0   3.6  55.5
1900 623.467    493200 0    7   36    4   19 0.294 122.4 257.0  -6.8 -14.5
1900 624.209    493100 1   25   88   31  108 0.911 272.6 327.4   3.4  65.8
1900 624.209    493200 2   11   31    6   16 0.189 154.6 256.9  -7.4  -4.7
1900 625.683    493200 0    0   17    0    9 0.305 237.3 257.2  -7.0  15.0
1900 626.187    493200 0    7   22    4   12 0.401 245.2 256.9  -7.2  21.5
1900 629.483    493300 0  292  462  280  443 0.853 259.9 249.6  -7.0  57.8
1900 630.159    493300 0  273  505  377  698 0.932 261.3 251.0  -6.9  68.1
1900 7 1.184    493300 2   66  134  214  434 0.988 262.7 249.9  -6.7  80.5
1900 7 3.454    493400 9   13   49   17   61 0.914 280.0 205.6  10.5  66.3
1900 7 4.246    493400 2   13   36   32   86 0.977 280.0 206.9  10.5  78.1
1900 715.451    493500 7    9   43   18   83 0.965  98.9 266.5  -7.3 -74.0
1900 716.488    493500 7   26   89   28   95 0.882 100.3 266.0  -6.8 -60.9
1900 717.470    493500 7   40  161   31  123 0.757 103.2 265.9  -6.7 -47.9
1900 718.480    493500 7   67  262   41  160 0.574 109.1 267.4  -6.7 -33.1
1900 719.470    493500 7   61  269   33  146 0.381 120.1 268.0  -6.3 -19.4
1900 720.460    493500 1   66  255   34  131 0.221 151.4 268.1  -6.1  -6.1
1900 720.460    493600 0    3   12    4   14 0.900  80.6 209.6  10.7 -64.6
1900 721.246    493500 1   56  160   29   82 0.204 202.5 268.4  -5.7   4.5
1900 721.246    493600 0    5   19    5   17 0.809  79.7 209.6  11.4 -54.3
1900 722.251    493500 1   33   89   18   48 0.366 238.6 268.9  -6.0  18.3
1900 722.251    493600 0    4   13    3    9 0.643  80.5 210.5  10.1 -40.1
1900 723.252    493500 1   25   58   15   35 0.549 251.5 268.8  -5.5  31.5
1900 723.252    493600 0    8   17    5   10 0.456  77.4 210.4  10.5 -26.9
1900 724.467    493500 1    5   48    4   37 0.760 257.5 269.4  -5.9  48.2
1900 725.487    493500 1    0   24    0   26 0.885 260.7 269.2  -5.6  61.4
1900 8 7.533    493700 9    0   12    0   17 0.932  87.2 326.2   4.9 -69.1
1900 8 8.306    493700 9    6   18    6   17 0.844  87.4 327.2   5.6 -57.9
1900 8 9.242    493700 9    6   19    5   14 0.717  90.0 326.6   4.5 -46.0
1900 810.220    493700 9   11   23    7   14 0.559  91.1 325.6   4.8 -34.1
1900 811.472    493700 9    1   92    1   48 0.280  97.0 327.0   4.4 -16.2
1900 811.472    493800 9   33  104   27   85 0.789  94.4 291.3   0.6 -51.9
1900 812.474    493700 9    9   71    5   36 0.065 126.9 326.9   4.4  -3.0
1900 812.474    493800 9   24  101   16   66 0.637  97.0 290.7   0.7 -39.2
1900 813.472    493800 9   18   63   10   35 0.434 102.9 291.8   0.5 -25.0
1900 9 3.513    493900 0    0    4    0    8 0.954 245.1 106.8 -21.1  68.1
1900 9 3.513    494000 9   12   46    8   30 0.627  85.3 359.5   8.6 -39.2
1900 9 4.247    493900 0    0   21    0  107 0.995 246.5 109.6 -22.4  80.6
1900 9 4.247    494000 9   10   55    6   32 0.501  86.7 358.7   7.9 -30.3
1900 9 5.454    494000 9   19   47   10   24 0.197  83.9   1.7   8.3 -11.4
1900 9 5.454    494100 9   33  113   41  140 0.914  99.7 308.2  -5.8 -64.9
1900 9 6.630    494000 9   35   71   18   36 0.081 282.1   2.2   8.2   4.6
1900 9 6.630    494100 9   48  133   39  107 0.783 102.8 307.5  -5.4 -50.1
1900 9 7.517    494000 9   24   82   13   43 0.282 274.4   2.4   8.2  16.5
1900 9 7.517    494100 9   27   80   18   53 0.653 106.2 306.9  -4.9 -39.0
1900 9 8.430    494000 0    5   15    3    9 0.482 274.1   2.8   8.3  29.1
1900 9 8.430    494100 7   22   56   13   33 0.515 112.1 305.1  -4.8 -28.6
1900 9 9.477    494100 7   18   53   10   28 0.317 129.5 305.7  -4.6 -14.2
1900 910.507    494100 7   13   47    7   24 0.192 176.9 305.7  -3.8  -0.6
1900 911.467    494100 7   19   36   10   19 0.281 230.3 306.1  -3.3  12.5
190010 7.472    494200 0    9   19    5   10 0.194 202.7 314.8  -4.1   4.3
190010 8.466    494200 2   57  130   31   70 0.368 241.5 316.2  -4.3  18.9
190010 9.464    494200 9   47  134   29   82 0.571 253.6 317.5  -4.2  33.3
19001010.183    494200 9   42  166   30  117 0.703 257.2 318.2  -4.6  43.5
19001011.462    494200 9   64  174   70  188 0.886 261.6 319.4  -4.6  61.6
19001012.179    494200 9    5   44    8   70 0.949 262.9 319.2  -4.8  70.9
19001016.262    494300 0   15   34   42   95 0.983  95.9 115.6  -4.8 -78.9
19001017.512    494300 0   23   93   26  103 0.891  98.7 115.8  -5.2 -62.2
19001017.512    494400 9   47  174   83  307 0.959  97.2 105.2  -5.3 -72.8
19001018.199    494300 0   32  109   28   93 0.809 100.3 116.0  -5.1 -53.0
19001018.199    494400 9   79  335   92  390 0.903  98.5 105.2  -5.3 -63.8
19001019.210    494300 0   43  158   29  105 0.657 104.3 115.9  -5.3 -39.7
19001019.210    494400 9   73  261   58  207 0.774 101.9 106.0  -5.8 -49.6
19001020.155    494300 0   43  219   25  125 0.479 110.4 116.4  -5.0 -26.8
19001020.155    494400 9  132  512   83  320 0.599 106.6 108.0  -5.6 -35.2
19001021.508    494300 0   58  210   30  108 0.222 139.7 117.0  -4.7  -8.3
19001021.508    494400 7  113  405   60  215 0.330 124.3 109.4  -5.8 -15.9
19001022.197    494300 0   47  197   24  100 0.164 183.0 116.7  -4.4   0.5
19001022.197    494400 7   91  365   47  188 0.232 146.0 108.7  -6.1  -7.5
19001023.172    494300 0   26  218   14  114 0.289 235.3 117.1  -4.7  13.8
19001023.172    494400 7   78  386   40  198 0.220 208.7 109.4  -6.2   6.1
19001024.186    494300 0   15   52    9   30 0.486 250.6 117.3  -5.0  27.4
19001024.186    494400 7   64  296   35  161 0.389 240.8 109.9  -6.4  20.0
19001025.184    494300 0   16   42   11   29 0.671 256.7 117.9  -5.3  41.0
19001025.184    494400 7   71  301   44  186 0.583 251.2 110.7  -6.9  33.8
19001026.284    494300 0   11   25   10   23 0.834 260.7 118.1  -5.1  55.7
19001026.284    494400 7   67  263   53  207 0.771 257.5 111.7  -6.6  49.3
19001027.212    494300 0    0   13    0   18 0.931 262.4 118.1  -5.4  68.0
19001027.212    494400 7   54  238   59  260 0.889 259.8 111.9  -6.9  61.8
19001028.518    494400 7   16   42   53  136 0.988 262.0 113.5  -7.2  80.6
19001029.214    494500 2    0   21    0   18 0.792 100.1 332.2  -5.3 -51.5
19001030.235    494500 2    6   18    4   12 0.630 103.8 332.3  -5.3 -37.9
19001113.324    494600 0    0    8    0   12 0.931  98.9 116.4  -7.3 -68.0
19001114.290    494600 0    4   11    4   10 0.827 100.3 116.6  -7.0 -55.1
19001118.222    494700 1   13   53    7   27 0.154  27.1 115.8  10.0  -4.1
19001119.218    494700 1   46  178   24   92 0.235 306.1 117.8   9.9  11.1
19001120.212    494700 1   41  123   23   68 0.425 289.6 117.7   9.9  24.0
19001121.191    494700 1   41  145   27   94 0.634 282.6 119.6   9.3  38.8
19001122.194    494700 1    8   29    7   25 0.803 280.1 120.7   9.1  53.2
19001123.446    494700 1    0   13    0   20 0.940 279.5 121.0   9.4  70.0
