1901 114.457   6320100 0    0   12    0    7 0.347 253.1 105.6 -10.2  19.7
1901 2 4.275    494900 0   12   38   19   58 0.943  96.7 100.5  -8.4 -71.3
1901 2 5.274    494900 0    9   43    9   40 0.843  96.0 100.6  -8.5 -58.0
1901 2 6.199    494900 0   11   35    8   25 0.706  95.4 101.2  -8.4 -45.3
1901 2 7.162    494900 0   15   37    9   22 0.532  95.4 101.4  -8.4 -32.4
1901 2 8.181    494900 0    9   34    5   18 0.316  96.1 101.8  -8.2 -18.5
1901 2 9.307    494900 0    3   19    2   10 0.059 115.2 102.4  -8.1  -3.1
1901 212.471    494900 0    0    7    0    5 0.607 263.4 101.6  -9.4  37.7
1901 3 3.544    495000 0    0   13    1   16 0.902  92.3 107.7  -5.2 -64.8
1901 3 4.196    495000 0    6   17    6   16 0.830  91.2 107.7  -5.0 -56.4
1901 3 4.196    495100 2   15   70    8   37 0.306  61.5 148.5   1.4 -15.6
1901 3 5.557    495100 2   15   53    8   27 0.150 342.4 148.7   1.0   2.6
1901 3 6.189    495100 2   44  119   23   62 0.258 304.4 150.1   1.3  12.3
1901 3 7.518    495100 0   10   30    6   18 0.541 283.7 152.0   1.2  31.7
1901 3 8.250    495100 0   19   65   13   44 0.671 280.0 152.1   1.3  41.4
1901 3 8.250    495200 7    0   14    0    9 0.612 296.0 144.6   9.6  33.9
1901 3 9.175    495100 0   10   40    9   35 0.812 277.0 152.2   1.4  53.7
1901 3 9.175    495200 7   44   98   35   78 0.777 287.4 147.1   8.7  48.6
1901 310.493    495100 0    6   24   10   40 0.952 273.9 153.0   1.5  71.9
1901 310.493    495200 0    7   24   10   31 0.920 283.0 146.2   9.0  65.1
1901 519.146    495300 7   17   52   45  133 0.980  80.4 163.3   9.0 -78.1
1901 520.460    495300 7  272  335  286  352 0.879  78.9 163.2   8.9 -60.8
1901 521.487    495300 7  260  731  201  564 0.761  77.2 162.0   8.6 -48.6
1901 522.428    495300 7  551 1094  352  699 0.622  74.7 160.7   8.2 -37.3
1901 523.476    495300 7  482 1239  268  688 0.433  66.1 160.5   8.8 -23.6
1901 524.445    495300 7  523 1129  271  584 0.255  46.6 160.5   8.8 -10.8
1901 525.470    495300 7  462 1162  235  591 0.181 343.4 160.8   8.8   3.0
1901 526.220    495300 7  260 1086  136  568 0.276 308.7 160.4   8.9  12.6
1901 527.465    495300 7  420  905  247  532 0.524 289.0 161.4   9.0  30.1
1901 528.312    495300 7  151  961  103  655 0.691 283.4 162.9   8.6  42.8
1901 529.501    495300 7  167  548  161  527 0.854 280.9 162.5   8.9  58.1
1901 530.123    495300 1   56  262   77  357 0.930 279.4 164.3   8.5  68.1
1901 531.187    495300 1   10   53   41  213 0.992 278.6 164.7   8.5  82.6
1901 6 3.168   6370100 2    0    5    0    3 0.480 354.1  45.8  28.4   3.2
1901 616.201    495500 1   34  123   38  135 0.889  80.2 167.6   9.4 -62.6
1901 617.537    495500 1   29  172   21  122 0.709  78.0 167.8   9.6 -44.7
1901 618.263    495500 1   34  145   21   89 0.580  76.4 168.0   9.2 -34.8
1901 619.188    495500 1   57  279   31  152 0.392  69.1 168.8   9.7 -21.8
1901 620.182    495500 1   39  193   20   99 0.215  48.4 168.0  10.1  -9.4
1901 621.192    495500 1   39  207   20  105 0.160 331.7 168.5  10.1   4.4
1901 622.243    495500 0   37  168   20   90 0.348 294.4 169.0  10.3  18.8
1901 622.243    495600 0    1    7    1    4 0.442 211.7 164.5 -20.0  14.3
1901 623.204    495500 0   30  167   18   99 0.536 286.0 169.0  10.4  31.6
1901 623.204    495600 1    8   56    5   34 0.561 228.7 164.0 -19.7  26.6
1901 624.174    495500 0   16   93   12   66 0.708 282.2 169.3  10.3  44.7
1901 624.174    495600 2   33  134   23   93 0.694 237.9 163.3 -19.8  38.7
1901 625.474    495500 0    7   31    8   34 0.889 280.3 170.2  10.3  62.8
1901 625.474    495600 2    0  103    0  101 0.861 245.4 163.6 -19.6  56.2
1901 626.462    495500 0    0   10    0   21 0.968 280.1 170.0  10.4  75.7
1901 7 8.517   6390100 0    0    6    0    4 0.488 101.3 266.2  -2.1 -28.6
1901 722.189    495800 0    0    3    0   11 0.990  92.3  31.9  -1.6 -81.9
1901 723.452    495800 0    0    8    0   10 0.907  94.5  32.3  -1.8 -64.8
1901 724.381    495800 0    0    5    0    5 0.801  96.0  32.1  -1.6 -52.8
1901 912.193   6400100 7    0   11    0    7 0.549  26.2 129.0  36.4 -17.5
190110 7.250    496000 0    4   18    3   13 0.708 109.1 133.4  -8.8 -42.6
190110 8.263    496000 0    0   10    0    6 0.516 119.7 135.5  -9.3 -27.0
190110 9.196    496000 7    0   14    0    8 0.359 139.1 136.4  -9.8 -13.8
19011010.447    496000 2   34  129   18   67 0.255 190.5 136.4  -8.5   2.7
19011011.226    496000 2   22   71   12   38 0.343 221.8 136.8  -9.0  13.4
19011012.240    496000 2    6   25    4   15 0.515 241.7 137.3  -8.9  27.3
19011028.483    496100 2    0   79    0  125 0.948  96.8 185.0  -5.0 -70.8
19011029.193    496100 1   19  103   21  112 0.887  98.0 184.5  -5.0 -61.9
19011030.253    496100 1   13   70   10   53 0.749 100.7 184.9  -5.1 -47.6
19011031.527    496100 0   10   36    6   21 0.489 110.0 188.1  -5.9 -27.5
190111 1.259    496100 0    7   11    4    6 0.356 120.3 188.0  -6.4 -18.0
19011113.298    496200 0   12   40   34  107 0.982 112.1 330.0 -21.1 -77.3
19011114.200    496200 0   21   86   29  118 0.929 113.8 329.8 -20.9 -65.6
19011115.298    496200 1   20  158   19  145 0.825 117.7 329.3 -21.0 -51.5
19011116.334    496200 1   36  201   25  140 0.693 124.4 329.4 -21.1 -37.8
19011117.313    496200 0   49  199   30  120 0.555 134.1 329.1 -20.6 -25.2
19011118.186    496200 0   50  224   28  125 0.442 151.1 329.7 -20.6 -13.2
19011119.287    496200 0   48  243   26  132 0.381 182.5 329.3 -20.3   1.0
19011120.192    496200 0   43  218   24  121 0.430 208.6 329.1 -20.3  12.7
19011121.209    496200 0   29  176   18  106 0.553 227.5 328.7 -20.3  25.8
19011122.259    496200 0   24  156   17  110 0.703 238.7 329.0 -20.1  39.8
19011123.510    496200 0   12   78   12   76 0.856 245.5 328.5 -19.9  55.9
19011124.512    496200 0    3   45    5   71 0.947 248.5 328.8 -19.8  69.4
19011125.206    496200 0    4   23   13   72 0.987 249.7 329.8 -19.8  79.5
