1910 1 1.182    679100 1   52  237   35  163 0.696 287.0 118.7   9.3  42.4
1910 1 1.182    679300 9  244 1115  125  574 0.248 210.0  83.7 -15.7   7.4
1910 1 1.182    679600 1  124  578   67  313 0.377  70.6  55.4   4.1 -20.9
1910 1 1.182    679700 9    9   44    4   24 0.394 303.2  95.8   9.3  19.5
1910 1 1.182    679800 9    3   19    1   10 0.183 228.3  84.3 -10.3   8.0
1910 1 1.182    680000 4   13   64    7   35 0.392  97.2  53.3  -5.9 -23.0
1910 1 1.182   7520200 7    0   27    0   14 0.223 167.8  73.5 -15.9  -2.8
1910 1 2.188    679100 1   35  184   31  166 0.834 283.5 118.3   9.3  55.3
1910 1 2.188    679300 9  164  739   89  404 0.413 239.2  84.6 -15.4  21.6
1910 1 2.188    679600 1  109  506   55  257 0.176  42.1  56.2   4.1  -6.8
1910 1 2.188    679700 9    0   11    0    7 0.569 290.5  95.6   8.6  32.6
1910 1 2.188    680000 4   27   82   13   42 0.165 107.3  53.9  -6.2  -9.1
1910 1 2.188   7520300 2    2   30    1   18 0.549 255.1  95.7 -11.0  32.7
1910 1 3.242    679100 1   23  116   33  168 0.941 281.6 118.4   9.7  69.3
1910 1 3.242    679300 9  130  589   80  366 0.600 248.9  84.6 -15.4  35.5
1910 1 3.242    679600 1  140  608   71  309 0.190 314.4  56.9   4.1   7.8
1910 1 3.242    679800 9    0   11    0    7 0.617 257.7  86.9 -10.4  37.8
1910 1 3.242    680000 4   18   97    9   49 0.126 239.6  55.4  -7.2   6.3
1910 1 4.140    679100 1   10   39   29  117 0.987 280.4 117.3   9.6  80.0
1910 1 4.140    679300 9  124  511   91  378 0.745 252.7  84.8 -15.3  47.5
1910 1 4.140    679600 1   91  510   49  275 0.377 290.0  58.1   4.0  20.8
1910 1 4.140    680000 4   11   83    5   44 0.309 257.6  55.0  -7.3  17.7
1910 1 5.183    679300 9   81  326   82  331 0.874 254.6  84.5 -15.3  60.9
1910 1 5.183    679600 1   60  289   37  179 0.601 282.0  59.7   4.1  36.1
1910 1 5.183    680000 4    0   11    0    7 0.572 262.7  58.5  -7.3  34.9
1910 1 6.194    679300 9   66  205  115  358 0.962 255.4  84.9 -15.1  74.6
1910 1 6.194    679600 1   44  216   34  169 0.780 278.8  60.9   4.4  50.6
1910 1 7.194    679600 1   23  149   26  172 0.902 276.8  61.0   4.4  63.9
1910 1 7.194    680200 4    2    9    1    5 0.406 238.4  18.2 -16.0  21.1
1910 1 7.194   7530100 2    0    7    0    8 0.875  82.1 296.7   4.9 -60.4
1910 1 8.172    679600 1   13   78   29  176 0.977 275.6  61.6   4.6  77.4
1910 1 8.172    680200 4   35  137   21   84 0.585 247.2  18.4 -16.5  34.2
1910 1 8.172    680400 2    0   14    0   63 0.993  87.1 261.1   2.4 -83.1
1910 1 9.138    680200 4   19   97   13   72 0.738 251.3  18.3 -16.6  46.8
1910 1 9.138    680400 2    0   11    0   16 0.933  85.8 262.8   2.4 -68.7
1910 110.185    680500 1   23   92   45  184 0.964  93.8 242.9  -4.8 -74.8
1910 111.419    680500 1   34  169   31  157 0.840  92.3 244.1  -4.3 -57.3
1910 112.464    680500 1   39  247   26  171 0.683  91.8 244.5  -4.5 -43.2
1910 113.174    680500 1   49  281   29  170 0.556  91.2 244.4  -4.5 -33.9
1910 114.169    680500 1   68  307   36  165 0.346  90.2 244.9  -4.5 -20.3
1910 115.186    680500 1   49  272   24  137 0.112  83.9 245.4  -4.1  -6.4
1910 116.121    680500 1   54  252   27  127 0.111 278.9 245.8  -3.9   6.3
1910 117.247    680500 1   53  229   28  123 0.362 271.5 246.0  -4.1  21.3
1910 118.169    680500 1   43  208   25  125 0.556 270.4 246.5  -4.0  33.9
1910 118.169    680600 1    0   11    0   49 0.991  98.0 129.5  -8.6 -83.1
1910 119.241    680500 1   28  131   20   97 0.745 270.2 246.8  -3.3  48.3
1910 119.241    680600 1   15   82   18  102 0.910  96.8 132.5  -8.3 -66.0
1910 120.181    680500 1   13  106   13  109 0.877 269.7 247.5  -2.8  61.4
1910 120.181    680600 1   19   80   15   67 0.789  96.0 133.7  -8.0 -52.4
1910 120.181    680700 2    4   12    3   11 0.816  76.7 132.8   7.7 -53.3
1910 120.181   7530200 2    0   11    0    6 0.495 103.2 156.7 -11.1 -29.4
1910 121.146    680500 1    2   22    3   40 0.963 268.7 247.9  -2.7  74.5
1910 121.146    680600 1   28  110   18   71 0.629  96.1 134.2  -8.0 -39.2
1910 121.146    680700 9   14   55    9   38 0.682  73.4 132.2   7.2 -41.2
1910 122.201    680600 1   34  195   18  108 0.429  96.5 134.0  -7.7 -25.5
1910 122.201    680700 9    6   27    3   16 0.500  64.7 132.4   7.5 -27.1
1910 122.201    680800 4    0   14    0   24 0.952  97.9  86.8  -9.2 -72.7
1910 122.201    680900 9   24  111   51  241 0.969 103.9  82.8 -14.8 -76.7
1910 122.201   7530300 0    0    5    0    3 0.639 103.3 119.9 -12.7 -39.6
1910 123.192    680600 1   47  203   24  104 0.212 101.4 134.3  -7.8 -12.1
1910 123.192    680700 9    0   37    0   20 0.334  45.4 132.5   8.2 -13.9
1910 123.192    680800 4    7   32    7   37 0.898  99.7  82.0 -11.1 -64.4
1910 123.192    680900 9   45  188   51  214 0.894 104.5  82.5 -15.4 -63.9
1910 123.192    681000 0    0    9    0   24 0.979  95.1  67.6  -6.1 -78.8
1910 123.192    681100 0    5   22   19   90 0.992  83.4  64.5   5.8 -81.9
1910 124.174    680600 1   65  257   32  129 0.040 189.8 133.9  -7.9   0.4
1910 124.174    680700 6   15   91    7   47 0.225   1.3 133.2   7.4  -0.3
1910 124.174    680800 4    5   69    4   57 0.785 100.5  81.5 -11.7 -52.0
1910 124.174    680900 9   64  239   51  192 0.780 105.5  82.2 -15.6 -51.3
1910 124.174    681000 0    9   21   11   27 0.912  94.4  67.3  -6.3 -66.2
1910 124.174    681100 0   19   70   28  105 0.939  81.5  64.5   6.0 -69.0
1910 125.523    680600 1   39  203   20  108 0.334 264.8 135.3  -7.1  19.6
1910 125.523    680700 0   10   45    5   24 0.341 309.8 131.0   7.1  15.3
1910 125.523    680800 4    6   76    3   46 0.552 103.5  82.4 -12.2 -33.3
1910 125.523    680900 9   41  336   24  204 0.566 109.6  82.1 -15.7 -33.6
1910 125.523    681000 0    0   17    0   13 0.736  93.2  68.0  -6.2 -47.7
1910 125.523    681100 0   18  111   14   90 0.783  77.3  65.5   6.3 -50.2
1910 126.209    680600 1   40  169   22   96 0.484 265.6 135.8  -7.2  29.1
1910 126.209    680700 0    0   10    0    6 0.461 298.6 130.8   7.5  24.1
1910 126.209    680800 4    4   49    2   27 0.406 106.2  83.2 -11.8 -23.5
1910 126.209    680900 9   79  318   44  178 0.440 115.0  82.2 -16.0 -24.5
1910 126.209    681100 0   34  120   23   83 0.680  74.4  65.5   6.2 -41.2
1910 126.209   7530400 2    0   25    0   13 0.279 279.9 122.7  -2.8  16.0
1910 127.508    680600 0   22  119   15   86 0.729 265.9 136.7  -7.0  47.1
1910 127.508    680800 4   32  210   16  106 0.119 133.0  84.5 -10.5  -5.1
1910 127.508    680900 9   91  464   46  238 0.219 145.6  82.2 -16.2  -7.4
1910 127.508    681000 0    0    9    0    5 0.326  92.1  70.5  -6.2 -19.1
1910 127.508    681100 0   30  132   16   74 0.446  63.1  66.0   6.3 -23.6
1910 127.508    681200 9    0    8    0   10 0.911 102.0  23.3 -13.3 -66.3
1910 128.501    680600 0   18   88   18   89 0.867 265.2 137.0  -7.1  60.5
1910 128.501    680800 4   25  189   12   96 0.163 235.9  84.4 -11.1   7.9
1910 128.501    680900 9   77  443   39  226 0.202 206.6  81.9 -16.3   5.4
1910 128.501    681100 0   27  159   14   83 0.280  39.8  66.1   6.6 -10.4
1910 129.149    680600 0   13   57   17   79 0.930 264.7 137.0  -7.1  69.0
1910 129.149    680800 4   44  192   23  101 0.308 253.3  85.5 -10.8  17.5
1910 129.149    680900 9   62  315   32  165 0.297 231.4  82.0 -16.5  14.0
1910 129.149    681100 0   28  127   14   65 0.222   8.5  66.1   6.7  -1.9
1910 129.149    681200 9    7   26    5   19 0.708 103.1  22.8 -13.5 -45.2
1910 130.153    680600 0    6   22   20   77 0.990 263.4 137.5  -7.3  82.7
1910 130.153    680800 4   37  143   21   84 0.525 258.5  86.4 -11.2  31.6
1910 130.153    680900 9   81  274   46  156 0.479 246.3  82.0 -16.5  27.2
1910 130.153    681100 0   28  124   14   65 0.296 317.6  66.4   6.7  11.6
1910 130.153    681200 9    5   14    3    9 0.558 106.3  21.3 -14.1 -33.5
1910 131.238    680800 4   41  196   30  147 0.746 261.0  89.1 -10.8  48.6
1910 131.238    680900 9   51  196   34  132 0.672 252.6  82.4 -16.2  41.9
1910 131.238    681100 0   25  105   14   60 0.487 296.2  66.6   6.9  26.1
1910 131.238    681200 9    0   15    0    8 0.342 115.9  22.0 -14.4 -18.5
1910 2 1.648    680800 4   16   64   19   81 0.919 260.4  89.4 -11.2  67.5
1910 2 1.648    680900 9   20  192   19  185 0.856 254.1  81.2 -16.8  59.3
1910 2 1.648    681100 0   18   49   12   35 0.713 285.8  65.6   6.7  43.7
1910 2 1.648    681200 9    7   41    3   21 0.159 199.8  25.1 -14.8   3.2
1910 2 2.284    680800 4    0   37    0   62 0.958 259.4  87.8 -11.9  74.2
1910 2 2.284    680900 9   26  129   32  163 0.922 254.9  81.7 -16.3  68.1
1910 2 2.284    681100 0    7   20    5   17 0.814 283.6  66.5   7.3  52.9
1910 2 3.172    680800 4    0   37    0  148 0.993 257.7  86.5 -12.9  84.6
1910 2 3.172    680900 9   19   78   45  189 0.980 254.7  81.8 -16.2  79.9
1910 2 3.172    681100 0    4   15    4   18 0.913 280.6  66.6   7.0  64.7
1910 211.418    681300 6   72  429   97  584 0.926 102.0 184.5 -13.6 -68.8
1910 212.473    681300 6  125  773  106  656 0.806 102.0 185.2 -13.7 -54.2
1910 212.473    681400 0    3   17    1    9 0.156 290.6 247.8  -3.6   8.4
1910 213.229    681300 6  161  912  114  647 0.699 103.6 184.9 -14.4 -44.5
1910 213.229    681400 2   13   84    6   45 0.347 278.2 249.5  -3.6  20.1
1910 214.600    681300 6  195 1030  109  577 0.438 107.2 185.9 -13.7 -25.5
1910 214.600    681400 2    9   32    5   21 0.626 273.7 250.1  -3.1  38.7
1910 215.449    681300 6  180 1068   93  556 0.272 117.4 185.8 -13.9 -14.4
1910 215.449    681400 0    6   25    4   19 0.752 270.8 249.1  -4.0  48.9
1910 215.449    681500 0    0    9    0    7 0.739 103.0 152.2 -14.3 -48.0
1910 216.410    681300 6  235 1170  118  589 0.122 166.4 185.8 -13.8  -1.7
1910 216.410    681500 6   39  165   24  103 0.584 105.0 151.9 -14.4 -35.6
1910 217.609    681300 6  231 1162  119  600 0.260 243.0 185.5 -13.6  13.8
1910 217.609    681500 6   21  175   11   93 0.330 113.4 153.5 -14.2 -18.2
1910 217.609    681600 1   11   49   14   63 0.916  97.0 104.6  -9.2 -67.1
1910 217.609    681700 0    0    7    0   13 0.949  93.0  99.7  -5.0 -72.0
1910 218.623    681300 6  186  936  105  530 0.473 253.2 186.2 -14.1  27.8
1910 218.623    681500 6   22  186   11   94 0.147 152.6 154.4 -14.5  -4.0
1910 218.623    681600 1   10  111    8   94 0.806  97.3 104.1 -10.0 -54.3
1910 218.623    681700 4   18   75   16   70 0.831  92.3 101.8  -5.8 -56.6
1910 218.623    681800 7   15   84   15   90 0.880  93.2  96.3  -6.1 -62.1
1910 219.169    681300 6  217  880  132  537 0.583 255.5 186.8 -14.2  35.6
1910 219.169    681500 6   33  124   16   63 0.150 206.0 155.1 -14.8   3.9
1910 219.169    681600 1   26  173   19  129 0.731  97.4 103.8 -10.2 -47.4
1910 219.169    681700 4   28  100   21   76 0.746  92.4 102.6  -6.5 -48.6
1910 219.169    681800 7   38  190   32  165 0.817  92.9  96.0  -6.4 -55.2
1910 220.192    681300 6  256  800  194  608 0.753 257.6 187.0 -14.0  49.3
1910 220.192    681500 6   26  188   13   99 0.318 241.6 154.6 -15.5  16.9
1910 220.192    681600 1   56  278   34  173 0.586  97.8 101.5 -10.3 -36.2
1910 220.192    681700 4   35  145   21   88 0.557  92.0 103.6  -7.0 -34.1
1910 220.192    681800 7  102  398   68  266 0.651  91.3  96.8  -6.2 -40.9
1910 221.409    681300 6   56  372   62  416 0.901 258.0 186.9 -13.9  65.2
1910 221.409    681500 5   19   70   11   43 0.572 253.2 156.3 -15.4  34.6
1910 221.409    681600 1   32  206   16  108 0.282 103.1 105.5 -10.5 -16.2
1910 221.409    681700 4   96  484   50  254 0.302  88.7 104.0  -6.4 -17.7
1910 221.409    681800 7   80  478   44  265 0.426  89.7  96.3  -6.3 -25.4
1910 221.409    681900 2   13   47   11   40 0.812 251.3 176.3 -19.3  54.6
1910 221.409    682000 0    0   17    0   39 0.973  79.2  46.4   8.8 -75.3
1910 222.285    681300 6   33  230   66  466 0.971 257.6 187.6 -13.7  77.4
1910 222.285    681500 0   10   30    7   22 0.722 255.8 156.7 -15.2  46.5
1910 222.285    681600 1   20  129   10   65 0.109 123.8 104.9 -10.6  -5.3
1910 222.285    681700 7  141  567   70  285 0.090  85.4 105.0  -6.7  -5.2
1910 222.285    681800 7  171  601   87  309 0.228  85.8  97.0  -6.0 -13.2
1910 222.285    681900 2    0   18    0   22 0.908 252.4 176.4 -18.9  66.2
1910 222.285    682000 0    9   26   11   33 0.914  77.7  45.7   8.2 -64.5
1910 222.285   7540100 0    0    8    0    5 0.632 282.1 148.4   2.0  38.2
1910 223.172    681500 0   12   33   10   31 0.842 256.4 156.5 -15.3  58.0
1910 223.172    681600 1   14   79    7   40 0.144 245.8 106.2 -10.5   7.7
1910 223.172    681700 7  134  729   67  367 0.128 273.2 105.9  -6.7   7.4
1910 223.172    681800 7  204  901  102  451 0.019  46.2  97.7  -6.4  -0.8
1910 223.172    682000 2    9   38    7   33 0.814  74.4  46.1   8.3 -52.4
1910 223.172    682100 2   18   68    9   36 0.289 254.2 115.0 -11.4  16.5
1910 224.608    681600 9    0   10    0    6 0.476 261.8 108.2 -10.2  28.6
1910 224.608    681700 7  112  719   62  401 0.454 268.0 106.8  -7.3  27.2
1910 224.608    681800 8  233 1334  122  699 0.312 268.1  97.9  -7.4  18.3
1910 224.608    682000 0    9   24    5   15 0.577  64.3  47.9   8.4 -31.7
1910 224.608    682100 2   14   73    8   45 0.577 260.9 115.1 -11.1  35.5
1910 225.397    681600 9    0   19    0   12 0.596 261.6 106.1 -10.8  36.9
1910 225.397    681700 7   91  565   56  352 0.606 267.7 106.8  -7.1  37.6
1910 225.397    681800 8  217 1524  122  860 0.474 267.5  97.7  -7.5  28.5
1910 225.397    682000 0    8   21    4   12 0.460  54.3  47.0   8.9 -22.2
1910 225.397    682100 3   14   54   10   40 0.736 261.5 117.1 -11.1  47.9
1910 226.503    681700 7   68  407   55  331 0.795 266.9 107.7  -6.8  53.1
1910 226.503    681800 8  197 1262  132  850 0.679 267.0  97.7  -7.3  43.1
1910 226.503    682000 0    2   17    1    9 0.300  21.1  48.3   9.1  -6.3
1910 226.503    682100 2    8   41    8   42 0.876 261.5 116.5 -10.9  61.9
1910 226.503    682200 4    0   46    0   26 0.431 113.0  30.2 -16.3 -24.4
1910 227.507    681700 7   44  314   54  387 0.915 265.9 108.1  -6.6  66.7
1910 227.507    681800 8  117  671  102  588 0.829 265.7  97.9  -7.6  56.5
1910 227.507    682000 0    0   11    0    6 0.304 347.9  45.1  10.1   3.7
1910 227.507    682200 4   21  111   10   57 0.221 131.3  31.5 -15.5  -9.9
1910 228.189    681700 7   32  234   61  453 0.969 265.2 108.7  -6.4  76.3
1910 228.189    681800 8  107  472  127  561 0.911 264.7  98.7  -7.8  66.3
1910 228.189    682200 4   21   97   10   49 0.150 173.6  31.4 -15.8  -1.0
1910 228.189   7540200 0    0    9    0    5 0.068 188.7  33.0 -11.1   0.6
1910 3 1.529    681800 7    5   23   13   63 0.983 261.9  95.2  -9.2  80.5
1910 3 1.529    682200 4    8   99    4   52 0.307 239.2  30.6 -16.0  15.9
1910 3 1.529    682300 6   22   89   12   51 0.475  28.6   0.9  17.6 -13.8
1910 3 2.176    682200 4    8   53    4   30 0.449 249.0  32.0 -15.8  25.8
1910 3 2.176    682300 6   65  317   35  175 0.432  11.5   1.0  17.8  -5.2
1910 3 3.415    682200 4    0    4    0    3 0.722 255.6  36.4 -15.4  46.5
1910 3 3.415    682300 6  108  644   60  361 0.454 339.3 359.6  18.0   9.7
1910 3 4.438    682200 4   19   88   19   91 0.877 256.4  38.5 -15.4  62.1
1910 3 4.438    682300 6   89  601   53  359 0.554 319.9 358.5  18.4  22.1
1910 3 4.438    682400 2    0   10    0    6 0.398 106.6 313.3 -13.2 -23.1
1910 3 5.418    682200 4   41  229   70  395 0.959 255.8  38.4 -15.6  74.9
1910 3 5.418    682300 6  179  828  121  561 0.678 307.2 358.2  18.3  34.7
1910 3 5.418    682400 0    5   17    2    9 0.175 125.5 315.1 -13.0  -8.4
1910 3 6.642    682300 6  115  749  102  670 0.832 297.9 358.2  18.4  50.8
1910 3 7.462    682300 6   90  560  105  655 0.909 294.2 357.5  18.5  60.9
1910 3 8.640    682300 6   23  216   60  573 0.984 290.4 357.6  18.5  76.5
1910 3 8.640    682500 4    9   47    6   35 0.729  79.4 235.3   2.7 -45.8
1910 3 9.207    682500 4   46  138   30   91 0.648  77.6 234.3   2.4 -39.3
1910 310.176    682500 4   64  223   36  126 0.450  69.3 235.9   2.6 -24.9
1910 310.176    682600 6   24  105   40  178 0.954 101.2 187.2 -12.8 -73.6
1910 311.233    682500 4   40  175   20   91 0.259  48.0 235.8   2.9 -11.1
1910 311.233    682600 6  100  390  106  418 0.882 100.3 184.2 -12.4 -62.7
1910 312.117    682500 4    9   78    4   40 0.173 349.5 237.1   2.6   1.8
1910 312.117    682600 6   83  421   65  333 0.769 100.1 184.5 -12.3 -50.8
1910 313.487    682500 4    0   37    0   20 0.363 297.6 236.0   2.9  18.8
1910 313.487    682600 6   66  361   38  209 0.492 102.0 187.7 -12.1 -29.5
1910 314.481    682500 4    0    4    0    3 0.590 283.2 239.2   1.9  35.1
1910 314.481    682600 6   72  339   37  177 0.285 109.0 188.1 -12.2 -16.0
1910 315.601    682600 6   70  313   35  157 0.081 165.3 188.1 -11.6  -1.2
1910 315.601    682700 1   13   37   23   67 0.957  95.9 115.5  -7.7 -73.8
1910 316.472    682600 6   60  314   30  160 0.195 241.6 187.9 -12.3  10.1
1910 316.472    682700 1   15   82   16   89 0.878  95.1 115.8  -7.8 -62.0
1910 316.472   7550100 0    0    9    0    7 0.741  76.1 131.5   5.4 -46.3
1910 317.406    682600 6   53  300   28  163 0.390 253.7 188.1 -12.8  22.6
1910 317.406    682700 1   16   91   12   71 0.761  94.1 115.5  -7.7 -50.0
1910 318.229    682600 6   63  294   37  176 0.550 257.4 188.1 -12.8  33.4
1910 318.229    682700 1   19  124   12   82 0.642  93.1 114.4  -7.4 -40.3
1910 319.214    682600 6   40  183   29  134 0.730 259.0 189.0 -12.8  47.3
1910 319.214    682700 1   29  115   16   65 0.448  92.3 114.9  -7.3 -26.8
1910 320.271    682600 6   22  125   22  127 0.872 259.2 189.2 -12.8  61.4
1910 320.271    682700 1   19   60    9   31 0.210  89.5 115.6  -6.7 -12.2
1910 321.243    682600 6   24  103   40  177 0.957 258.6 189.2 -12.9  74.2
1910 321.243    682700 1   21  123   10   62 0.030 257.4 116.7  -7.3   1.7
1910 322.456    682700 1    7   25    3   13 0.274 266.8 115.0  -7.5  16.0
1910 323.501    682700 1    0   31    0   18 0.479 268.1 114.0  -6.9  28.8
1910 323.501    682800 9    7   33   27  133 0.992  72.8   5.0  16.0 -80.2
1910 324.190    682700 1    4   75    2   48 0.633 266.6 115.7  -7.4  39.6
1910 324.190    682800 9   18   84   37  174 0.968  71.5   3.3  16.0 -72.8
1910 325.468    682800 9   32  157   32  158 0.860  66.8   3.9  16.0 -55.3
1910 325.468    682900 0    5   35    6   48 0.933 265.0 128.7  -7.1  69.5
1910 325.468    683000 9   24  111   12   59 0.327  10.5  55.7  12.0  -3.5
1910 325.468    683100 9    0   14    0    8 0.392 119.1  38.2 -17.3 -21.0
1910 325.468   7550200 0    0   16    0   24 0.939  62.8 354.3  22.7 -64.9
1910 326.169    682800 9   33  173   26  139 0.780  63.7   3.4  15.7 -46.6
1910 326.169    682900 0    7   35   19   96 0.983 263.4 130.3  -7.7  80.3
1910 326.169    683000 9   18   66    9   35 0.338 343.3  55.7  12.2   5.7
1910 326.169    683100 9    0   17    0    9 0.228 146.4  42.4 -17.6  -7.6
1910 327.502    682800 9   37  209   22  130 0.591  51.7   3.6  15.7 -28.8
1910 327.502    683000 9   15   54    8   31 0.501 309.3  55.8  12.4  23.4
1910 328.222    682800 9   39  207   22  119 0.495  41.0   3.2  15.7 -19.7
1910 328.222    683000 9    4   31    2   20 0.625 299.2  56.8  12.3  33.9
1910 329.533    682800 9   26  219   13  118 0.380   5.3   3.5  15.7  -2.1
1910 330.497    682800 9   27  197   14  108 0.415 335.0   3.4  15.7  10.5
1910 331.501    682800 9   23  131   13   77 0.534 313.8   3.3  15.8  23.6
1910 4 1.442    682800 9   17  108   11   72 0.668 302.2   3.3  15.7  36.0
1910 4 2.403    682800 9   13   75   10   62 0.799 295.1   3.3  15.7  48.7
1910 4 3.197    682800 9   10   26   10   29 0.888 291.7   3.2  16.0  59.1
1910 4 9.213    683200 1    9   32   41  149 0.993  97.5 140.8  -8.1 -83.9
1910 410.960    683200 1   22   86   36  143 0.949  97.0 140.8  -8.4 -72.2
1910 411.524    683200 1   23  154   19  128 0.796  95.3 141.1  -7.7 -53.1
1910 411.524    683300 2    0   32    0   48 0.936  90.8 124.7  -2.8 -69.5
1910 412.177    683200 1   33  160   23  114 0.706  95.4 140.4  -7.8 -45.2
1910 412.177    683300 2    0   29    0   31 0.878  90.3 124.1  -3.0 -61.5
1910 413.654    683200 4   11   77    6   43 0.433  96.9 140.4  -8.0 -25.7
1910 414.800    683200 4    4   91    2   49 0.360  98.0 139.3  -8.0 -21.1
1910 415.165    683200 4    2   69    1   35 0.100 113.9 140.8  -7.7  -5.3
1910 415.165    683400 2   14   55    7   30 0.393  48.6 128.7   9.9 -17.4
1910 415.165    683500 7    2   18    1   11 0.529  91.6 114.0  -5.4 -32.1
1910 416.544    683200 4    0   74    0   38 0.207 255.4 139.6  -8.2  11.7
1910 416.544    683400 1    8   61    4   32 0.279 359.6 128.0  10.9   0.1
1910 416.544    683500 7   31  147   15   76 0.226  92.3 114.8  -5.7 -13.1
1910 416.544   7560100 2   13   75    7   38 0.170 222.2 134.6 -12.5   6.7
1910 417.684    683200 4   16   77    9   44 0.483 264.6 141.9  -7.2  29.0
1910 417.684    683400 0    0   46    0   25 0.381 308.7 130.4   8.8  17.5
1910 417.684   7560200 7    0   33    0   17 0.228 265.1 126.1  -6.2  13.2
1910 418.338    683200 4    3   42    1   27 0.615 265.5 142.3  -6.8  38.1
1910 418.338    683400 0    0   37    0   21 0.456 303.4 126.9   9.8  22.7
1910 418.338   7560300 7    4   49    2   25 0.222 228.1 114.0 -13.6   9.8
1910 419.169    683200 4    2   22    1   17 0.757 265.1 142.7  -7.0  49.5
1910 420.180    683200 4    0    9    0   10 0.895 266.7 143.7  -5.2  63.8
1910 420.180    683900 2   23   65   12   36 0.406  52.2  60.9   9.7 -19.0
1910 421.177    683900 2   11   50    5   26 0.275  22.4  60.6   9.9  -6.1
1910 423.720    684000 0   13   30    7   17 0.445  53.5  20.3  11.0 -21.4
1910 424.600    684000 0    5   13    2    7 0.262 357.4  22.2  10.6   0.7
1910 426.453   7570100 2    0   17    0    9 0.058 201.0 358.2  -7.5   1.2
1910 429.529    684200 3   26  148   56  321 0.969  86.7 240.9   2.2 -75.5
1910 429.529    684300 9    0   24    0  114 0.994  85.2 233.2   4.3 -83.2
1910 430.930    684200 3   25  162   33  217 0.925  86.4 241.5   1.8 -67.4
1910 430.930    684300 9    0   18    0   38 0.968  85.3 233.8   3.5 -75.1
1910 5 1.118    684200 3   53  323   45  279 0.810  85.2 241.6   1.6 -53.8
1910 5 1.118    684300 9    0   14    0   15 0.881  83.7 234.1   3.7 -61.3
1910 5 2.148    684200 3   49  289   32  192 0.649  82.6 241.7   1.9 -40.1
1910 5 2.148    684300 9    6   25    4   19 0.730  80.5 235.6   4.3 -46.2
1910 5 3.422    684200 3   55  333   30  182 0.400  75.4 242.1   2.4 -22.8
1910 5 3.422    684300 9    0   32    0   19 0.523  79.5 233.9   2.3 -31.0
1910 5 4.482    684200 3   60  331   30  169 0.190  58.2 241.6   2.2  -9.3
1910 5 4.482    684300 9    0   26    0   14 0.325  69.2 233.2   3.2 -17.7
1910 5 4.482    684400 0    0    9    0   13 0.929  76.8 183.8  10.9 -67.1
1910 5 5.663    684200 3   36  255   18  129 0.144 316.3 241.0   2.5   5.7
1910 5 5.663    684300 9    0   25    0   13 0.127  13.5 233.6   3.6  -1.7
1910 5 5.663    684400 0    0   10    0    9 0.803  74.1 183.5  10.6 -51.8
1910 5 6.410    684200 3   28  139   14   73 0.287 288.6 241.2   2.0  15.8
1910 5 6.410    684400 2    1   32    0   23 0.713  70.7 182.1  11.2 -43.3
1910 5 7.456    684200 0    9   32    5   19 0.519 279.5 242.4   2.1  30.8
1910 5 7.456    684300 9    0   16    0    9 0.408 280.3 235.3   1.2  23.7
1910 5 7.456   7570200 2    0   26    0   14 0.481 287.0 239.1   5.2  27.5
1910 5 8.474    684200 6   15  104   10   74 0.712 274.5 243.3   1.0  45.2
1910 5 8.474    684500 9    6   30    8   42 0.932 105.9 129.3 -16.0 -68.8
1910 5 9.203    684200 6   43  244   38  217 0.833 274.2 244.7   1.8  56.2
1910 5 9.203    684500 9   12   63   12   65 0.868 107.4 128.7 -16.6 -59.8
1910 510.471    684200 6   11   93   18  155 0.956 272.3 244.6   1.3  72.9
1910 510.471    684500 9   21  122   14   86 0.695 110.0 128.9 -15.9 -42.8
1910 511.486    684500 9   33  155   19   91 0.524 116.3 129.1 -15.9 -29.2
1910 512.468    684500 9   29  211   15  113 0.358 130.0 128.7 -15.9 -16.6
1910 512.468    684700 0   14   67   40  195 0.985 101.1  65.0 -11.4 -80.3
1910 512.468   7570300 2    5   38    5   45 0.909 266.4 210.8  -4.4  65.5
1910 513.643    684500 9   38  192   19   99 0.232 177.1 129.1 -16.0  -0.7
1910 513.643    684700 0   19  118   23  144 0.908 100.8  64.6 -10.9 -65.2
1910 513.643    684800 7    7   36   12   64 0.955 103.5  56.9 -13.7 -72.9
1910 513.643    684900 5    0    9    0   41 0.991 102.8  46.9 -13.0 -82.9
1910 513.643   7570400 2    0   11    0   10 0.846  77.5  73.0   9.1 -56.8
1910 514.455    684500 9   33  189   17   99 0.290 215.0 129.0 -16.2  10.0
1910 514.455    684700 0   29  186   25  163 0.821 101.6  64.0 -10.9 -55.0
1910 514.455    684800 7    0   29    0   33 0.887 104.2  56.7 -13.7 -62.3
1910 514.455    684900 5   21   86   40  164 0.962 101.9  44.7 -12.1 -74.3
1910 515.528    684500 9   21  171   11   96 0.457 238.4 128.7 -16.0  23.9
1910 515.528    684700 0   35  255   23  172 0.662 103.5  63.9 -10.7 -40.9
1910 515.528    684800 7    7   35    5   27 0.745 105.9  57.4 -13.4 -47.4
1910 515.528    684900 5   62  458   61  457 0.859 102.2  45.8 -11.7 -59.0
1910 516.491    684500 9   29  146   18   93 0.625 246.9 128.8 -16.0  36.7
1910 516.491    684700 0   48  292   27  167 0.485 108.0  64.1 -10.6 -28.0
1910 516.491    684800 7    0   11    0    7 0.601 110.2  56.6 -13.8 -35.5
1910 516.491    684900 5  112  646   79  462 0.706 103.8  47.7 -11.3 -44.4
1910 517.107    684500 9   20  116   14   84 0.726 250.6 129.2 -15.5  45.3
1910 517.107    684700 1   43  328   23  177 0.373 113.9  63.6 -10.7 -20.3
1910 517.107    684800 7    0   21    0   12 0.479 114.6  57.3 -13.4 -26.6
1910 517.107    684900 5  148  661   92  412 0.599 107.0  48.1 -11.8 -35.8
1910 518.472    684500 9   20   88   22   99 0.896 253.2 129.0 -15.9  63.1
1910 518.472    684700 1   65  356   32  180 0.154 168.4  64.1 -10.7  -1.8
1910 518.472    684800 7    0   23    0   12 0.225 143.4  58.0 -12.4  -7.9
1910 518.472    684900 5  185  943   97  495 0.307 120.5  50.3 -10.9 -15.6
1910 519.515    684500 9    6   32   12   67 0.972 254.2 128.6 -15.8  76.5
1910 519.515    684700 1   30  174   15   90 0.258 234.3  64.4 -10.5  12.3
1910 519.515    684800 7    0   27    0   14 0.214 210.6  58.5 -12.5   6.4
1910 519.515    684900 5  154  928   77  469 0.153 171.6  50.8 -10.6  -1.3
1910 519.515    685000 0    4   21    5   29 0.931 108.7 344.0 -18.1 -68.1
1910 519.515    685100 0    0    4    0    7 0.953 110.7 340.2 -20.3 -71.9
1910 520.441    684700 1   27  189   14  105 0.428 249.9  64.0 -10.1  24.1
1910 520.441    684900 5  159  892   81  459 0.241 231.9  51.0 -10.3  11.1
1910 520.441    685000 0    9   34    8   32 0.831 110.2 344.9 -17.7 -55.0
1910 520.441    685100 0    7   28    7   30 0.881 112.5 339.5 -20.6 -60.4
1910 520.441   7570500 7    0   29    0   24 0.781  84.2 348.8   3.4 -51.1
1910 521.210    684700 1   23  121   14   74 0.578 254.1  64.1 -10.5  34.4
1910 521.210    684900 5  149  745   80  403 0.398 248.6  51.8  -9.9  22.1
1910 521.210    685000 0    2   22    1   17 0.734 113.2 344.5 -18.0 -45.2
1910 521.210    685100 0    5   12    4   11 0.809 116.1 338.2 -21.9 -51.5
1910 521.210    685210 4   26   87   16   56 0.619  76.5 352.4   7.0 -37.3
1910 521.210    685300 0    0    9    0    7 0.734 258.4  76.5  -9.6  46.8
1910 522.509    684700 1    5   21    4   17 0.788 258.1  64.1 -10.3  51.6
1910 522.509    684900 5  119  629   76  405 0.640 256.7  51.7  -9.7  39.2
1910 522.509    685000 0    2   11    1    7 0.533 121.7 344.1 -17.6 -28.4
1910 522.509    685100 0    6   18    3   12 0.631 123.8 338.1 -21.8 -34.4
1910 522.509    685210 4    9   37    4   20 0.371  64.9 352.7   7.6 -19.8
1910 522.509    685300 2   22   76   26   93 0.915 259.4  78.6 -10.3  66.1
1910 523.418    684900 5   76  489   61  395 0.791 258.9  52.4  -9.6  51.9
1910 523.418    685210 4    0   13    0    7 0.205  28.1 354.9   9.0  -5.6
1910 523.418    685300 0    0   15    0   29 0.967 258.4  75.8 -11.6  75.3
1910 523.418   7570600 2    4   17    2    9 0.330 120.8 343.7 -11.1 -16.8
1910 524.470    684900 5   53  368   63  444 0.915 259.7  52.6  -9.9  66.0
1910 524.470   7580100 7    0   40    0   21 0.254 162.3 342.0 -15.3  -4.6
1910 525.668    684900 5   25   90   72  262 0.987 259.8  51.4 -10.3  80.7
1910 525.668    685500 5    0   52    0  148 0.983  86.5 251.5   3.2 -79.2
1910 526.495    685500 5   15   65   20   91 0.928  86.4 251.7   2.9 -68.1
1910 527.177    685500 5   16   56   15   55 0.851  86.7 252.6   2.3 -58.2
1910 528.453    685500 5   12   72    8   49 0.660  84.0 252.8   3.3 -41.1
1910 528.453   7580200 2    4   21    2   11 0.142 233.9 300.5  -5.6   6.6
1910 529.181    685500 4    9   49    5   29 0.534  83.4 252.1   2.9 -32.1
1910 530.651    685500 4   13   68    6   35 0.201  68.7 254.0   3.6 -10.8
1910 530.651   7580300 0    0   17    0    9 0.394  66.2 243.4   8.6 -21.4
1910 531.390    685500 4    6   33    3   17 0.060  18.6 253.9   2.8  -1.1
1910 531.390    685600 4    9   54    4   28 0.199   0.0 255.0  11.0   0.0
1910 6 1.618    685500 4    1   17    0    9 0.246 288.8 252.3   4.2  13.5
1910 6 1.618    685600 5   45  224   23  119 0.342 303.3 255.7  10.5  16.9
1910 6 1.618   7580400 2    8   36    4   19 0.262 118.0 225.3  -7.4 -13.5
1910 6 2.607    685500 4    4   38    2   22 0.491 278.6 254.8   4.0  29.1
1910 6 2.607    685600 5   45  207   26  122 0.532 290.4 256.2  10.5  30.5
1910 6 3.475    685500 4    0    4    0    3 0.670 275.6 256.1   3.7  41.9
1910 6 3.475    685600 5   50  227   34  156 0.683 286.3 256.1  11.0  41.9
1910 6 3.475    685800 7    0    7    0   13 0.949  98.5 142.8  -8.1 -71.4
1910 6 4.353    685500 4    0    4    0    4 0.797 275.4 255.3   4.3  52.7
1910 6 4.353    685600 5   37  216   31  185 0.818 284.2 256.6  11.6  54.0
1910 6 4.353    685800 7    0    4    0    5 0.868  99.6 142.7  -8.3 -59.9
1910 6 4.353   7580500 0    2    9    1    5 0.318 215.0 213.5 -15.1  10.9
1910 6 5.558    685600 5    0   22    0   41 0.962 281.8 260.4  11.4  73.8
1910 6 5.558    685800 7    4   22    2   16 0.704 100.0 142.3  -6.9 -44.3
1910 6 6.513    685800 7    4   30    2   18 0.543 103.0 141.8  -6.8 -32.2
1910 6 7.531    685800 7    0   43    0   23 0.329 110.3 142.4  -6.2 -18.1
1910 6 8.632    685800 7    2   11    1    6 0.123 149.5 142.3  -5.6  -3.6
1910 6 9.535    685900 9    0   31    0   78 0.979 101.6  56.0 -11.2 -78.0
1910 610.563    685900 9    9   43   11   56 0.918 102.3  54.4 -11.0 -66.0
1910 610.563    686000 0    0   17    0   31 0.959 105.1  47.5 -14.3 -72.9
1910 611.318    685900 9   10   46    9   43 0.838 103.4  54.3 -10.7 -56.1
1910 611.318    686000 0    5   17    6   22 0.912 105.2  45.6 -13.5 -64.8
1910 612.690    685900 9    8   44    5   29 0.636 108.0  54.2 -10.6 -38.0
1910 612.690    686000 0    0    8    0    6 0.744 109.5  46.0 -13.7 -46.2
1910 613.553    685900 9   10   34    5   20 0.490 114.4  53.8 -10.7 -27.0
1910 613.553    685910 9    0    9    0    5 0.214 189.2  82.8 -11.1   2.0
1910 613.553    686000 0    0    4    0    3 0.624 114.8  45.0 -14.3 -35.8
1910 614.459    685900 9    0   22    0   12 0.335 129.4  53.5 -11.1 -15.3
1910 614.459    685910 9    0    5    0    3 0.357 232.1  85.5 -11.5  16.7
1910 615.674    685910 9    0    8    0    5 0.541 250.2  83.8  -9.4  31.1
1910 617.646    685900 9    7   46    4   27 0.528 248.1  56.4 -10.0  29.8
1910 618.500    685900 9    0   14    0   10 0.678 252.5  56.4 -10.5  41.1
1910 623.512    686100 7    0   54    0  134 0.977  96.9 231.7  -6.2 -77.3
1910 624.367    686100 7   11   81   14  104 0.919  97.3 231.2  -5.8 -66.4
1910 625.411    686100 7   13   49   10   41 0.799  99.3 231.4  -5.9 -52.4
1910 625.411    686200 7    0   19    0   13 0.672 260.0 325.4  -4.8  41.6
1910 626.241    686100 7   10   94    7   66 0.698 101.3 229.3  -6.0 -43.5
1910 626.241    686200 7   91  382   76  322 0.807 262.4 326.2  -4.6  53.4
1910 627.671    686100 7   29  166   16   92 0.423 111.0 230.5  -6.2 -23.4
1910 627.671    686200 7   83  465  136  768 0.953 264.2 326.0  -4.7  72.1
1910 628.435    686100 7   32  128   16   67 0.282 123.9 230.2  -6.3 -13.6
1910 628.435    686200 7   43  228  117  622 0.984 264.8 323.4  -4.6  79.6
1910 629.407    686100 7   18   94    9   48 0.164 177.0 230.4  -6.5  -0.5
1910 630.390    686100 7   12   51    6   27 0.293 238.7 232.5  -5.8  14.6
1910 630.390    686400 9    0   22    0   70 0.984  81.4 137.7   9.0 -80.2
1910 630.390    686500 1    0   15    0   60 0.991  82.4 135.1   7.9 -82.8
1910 7 1.721    686100 7    0   12    0    7 0.458 245.5 225.2  -8.1  24.9
1910 7 1.721    686300 6   15   93    9   57 0.562 114.0 168.8 -10.5 -31.5
1910 7 1.721    686400 9   36  203   37  211 0.874  83.2 139.2   7.5 -61.1
1910 7 1.721    686500 1   20  118   26  159 0.926  82.5 132.3   8.1 -68.0
1910 7 2.538    686300 6   22  105   12   58 0.429 123.3 168.1 -10.6 -21.4
1910 7 2.538    686400 9   75  326   58  256 0.769  82.7 139.2   7.7 -50.3
1910 7 2.538    686500 1   33  179   30  166 0.837  82.5 132.6   8.1 -56.9
1910 7 3.526    686300 6    2   48    1   25 0.282 149.9 168.1 -10.8  -8.3
1910 7 3.526    686400 9   87  455   54  287 0.601  81.5 139.5   7.8 -36.9
1910 7 3.526    686500 1   38  171   26  118 0.687  81.6 133.0   8.2 -43.4
1910 7 4.612    686300 6   51  141   26   73 0.255 201.3 167.4 -10.3   5.4
1910 7 4.612    686400 9   87  505   47  275 0.385  77.3 139.7   8.1 -22.3
1910 7 4.612    686500 1   18   89   10   51 0.478  78.6 133.7   8.5 -28.3
1910 7 4.612    686600 0    2   15    2   21 0.927  97.3  94.6  -5.4 -67.4
1910 7 5.459    686300 6   25   95   13   51 0.366 229.9 167.3 -10.2  16.5
1910 7 5.459    686400 9  105  529   53  271 0.202  68.3 139.9   7.8 -10.9
1910 7 5.459    686500 1   11   49    5   26 0.309  72.0 133.5   8.9 -17.3
1910 7 5.459    686600 0    4    9    3    9 0.837  98.8  94.6  -5.4 -56.2
1910 7 6.124    686300 6   11   59    6   34 0.489 241.2 167.8 -10.3  25.8
1910 7 6.124    686400 9  141  534   70  268 0.083  30.1 139.6   7.8  -2.4
1910 7 6.124    686500 1   13   58    6   30 0.196  59.1 132.2   9.4  -9.8
1910 7 6.124    686700 9    0    4    0    6 0.920  80.5  74.8  10.2 -67.2
1910 7 6.124   7590100 0    0    7    0    5 0.679 100.1  99.9  -4.1 -42.1
1910 7 7.528    686400 9  116  694   60  361 0.281 284.6 139.3   7.7  15.9
1910 7 7.528    686500 9    6   51    3   26 0.198 299.9 133.4   9.4  10.0
1910 7 7.528    686700 9    2    9    1    7 0.689  80.8  79.9   9.1 -43.5
1910 7 8.167    686400 9  119  615   65  337 0.421 280.2 139.7   7.8  24.7
1910 7 8.167    686500 9    5   24    2   13 0.315 288.7 132.6   9.5  17.6
1910 7 8.167    686700 9    5   28    3   18 0.606  80.1  77.8   9.1 -37.2
1910 7 9.435    686400 9   76  501   50  331 0.660 276.8 139.6   7.5  41.4
1910 7 9.435    686500 9    0    4    0    3 0.565 279.9 132.5   8.9  34.3
1910 7 9.435    686700 9    0    9    0    5 0.366  71.8  77.5  10.3 -20.7
1910 710.346    686400 9   52  283   42  234 0.802 276.2 139.6   7.4  53.5
1910 711.354    686400 9   25  160   30  197 0.918 277.0 139.7   8.1  66.9
1910 711.354    686800 2    0   17    0    9 0.229 285.0  85.7   7.5  12.9
1910 712.385    686400 9   13   81   35  221 0.983 278.0 139.1   8.6  80.0
1910 712.385    686800 2    9   54    5   31 0.469 279.0  87.0   8.0  27.9
1910 712.385    686900 0    0   30    0  128 0.992  95.3 336.6  -4.7 -82.5
1910 713.605    686700 9    0   25    0   16 0.610 281.0  80.5  10.2  37.5
1910 713.605    686900 0   15   84   19  110 0.922  97.4 336.4  -5.1 -66.6
1910 714.666    686900 0   26  142   21  120 0.799 100.0 336.8  -5.2 -52.2
1910 715.543    686900 0   40  149   27  101 0.665 102.9 336.8  -5.1 -40.6
1910 716.674    686900 0   36  131   20   74 0.458 111.2 337.0  -5.3 -25.4
1910 716.674    687000 9    0   21    0   11 0.256 358.2   2.9  19.5   0.5
1910 717.533    686900 1   31  131   16   69 0.299 125.9 336.9  -5.5 -14.1
1910 717.533    687000 9    2   17    1    9 0.269 321.8   1.0  16.9  10.0
1910 718.442    686900 1    4   45    2   23 0.199 166.9 336.4  -6.3  -2.6
1910 719.436    686900 0    0   25    0   13 0.265 224.7 336.7  -6.0  10.8
1910 720.447    686900 9    0    9    0    5 0.330 242.0 329.5  -4.1  17.0
1910 721.362    686900 9    0   50    0   29 0.494 247.4 327.7  -6.4  27.3
1910 726.379    687100 6    0    5    0    9 0.947 103.7 164.4 -11.1 -69.6
1910 727.435    687100 6    6   41    5   36 0.817 106.1 167.2  -9.7 -52.8
1910 727.435    687200 4    3   18    2   16 0.810  74.4 165.8  15.9 -54.2
1910 727.435    687300 5   26  135   52  275 0.966  98.0 145.8  -6.2 -74.2
1910 728.493    687100 6    7   57    4   39 0.673 111.5 166.5  -9.9 -39.5
1910 728.493    687200 4    6   22    3   15 0.643  72.4 166.5  15.6 -39.5
1910 728.493    687300 5   27  103   27  107 0.868 100.2 146.8  -6.0 -59.2
1910 729.621    687100 6    7   53    4   31 0.506 121.1 165.0 -10.0 -26.1
1910 729.621    687300 5   19   95   13   69 0.720 104.2 146.5  -6.1 -44.6
1910 730.233    687100 2   40   92   21   51 0.411 131.9 164.9 -10.4 -18.1
1910 730.233    687300 5   11   53    7   35 0.629 107.2 145.8  -6.1 -37.2
1910 731.386    687100 2   10  126    5   66 0.298 173.1 165.7 -11.3  -2.1
1910 731.386    687300 5    4  118    2   66 0.423 118.8 145.9  -6.3 -21.9
1910 8 1.436    687100 2    5   19    2   10 0.315 210.8 163.3  -9.8   9.4
1910 8 1.436    687300 5    5   40    2   21 0.280 149.7 145.7  -8.1  -8.2
1910 8 2.432    687100 2    0   12    0    7 0.457 234.5 162.9  -9.8  22.2
1910 8 2.432    687300 5   56  200   28  103 0.254 199.0 145.5  -7.9   4.8
1910 8 3.409    687300 5   76  344   40  185 0.386 232.5 145.8  -7.8  18.0
1910 8 3.409    687400 1   11   72   28  188 0.981 106.8  51.3 -15.1 -76.5
1910 8 4.458    687300 5   65  288   39  173 0.568 247.0 145.7  -7.6  31.8
1910 8 4.458    687400 1   22  171   28  226 0.922 109.8  49.7 -15.6 -64.2
1910 8 4.458    687500 9    0   13    0    9 0.675 239.4 150.9 -15.2  37.0
1910 8 5.405    687300 5   18  113   13   82 0.736 253.5 146.8  -7.7  45.4
1910 8 5.405    687400 1   59  313   52  280 0.827 113.7  49.6 -15.6 -51.8
1910 8 5.405    687500 9    7   18    5   16 0.819 244.0 151.8 -17.1  50.4
1910 8 6.512    687300 5    7   34    7   35 0.875 257.5 146.3  -7.8  59.5
1910 8 6.512    687400 1   76  517   52  354 0.682 120.3  49.2 -15.2 -37.6
1910 8 7.498    687400 1  118  631   70  377 0.538 131.2  48.9 -15.0 -24.8
1910 8 8.448    687400 1   98  695   53  381 0.420 149.1  48.3 -14.9 -12.9
1910 8 8.448    687600 9   10   86    5   46 0.336 173.3  58.9 -13.1  -2.3
1910 8 8.448   7600100 7    4   30    3   22 0.709 245.4 102.5 -12.4  41.3
1910 8 9.442    687400 1  149  731   80  393 0.366 179.5  47.8 -15.0  -0.2
1910 8 9.442    687600 9   22   85   11   46 0.377 210.2  59.2 -12.7  11.2
1910 810.529    687400 1  135  792   74  438 0.437 212.0  47.5 -15.4  13.9
1910 810.529    687600 9    6   16    3   10 0.570 236.6  62.8 -12.6  29.2
1910 811.431    687400 1  116  710   69  424 0.554 229.8  47.7 -15.1  26.0
1910 812.599    687400 1  106  513   75  368 0.723 241.4  47.5 -15.3  41.2
1910 813.423    687400 1   81  375   71  331 0.828 246.3  47.3 -15.4  51.9
1910 814.614    687400 1   42  248   62  367 0.943 251.0  47.2 -15.4  67.6
1910 815.401    687400 1   27  114   71  304 0.984 253.1  46.7 -15.3  77.5
1910 816.405    687700 4    8   65    4   35 0.353 173.1 313.5 -13.7  -2.5
1910 817.465    687700 4   23  137   12   75 0.409 210.7 314.4 -13.9  12.4
1910 818.415    687700 4    7   62    4   37 0.550 231.4 315.7 -13.9  26.3
1910 819.511    687700 4    6   58    4   41 0.710 243.3 315.6 -13.4  40.7
1910 826.614    687800 9    0   17    0   10 0.521 138.2 159.8 -16.2 -21.2
1910 827.363    687800 9    2   10    1    6 0.438 156.3 160.5 -16.6 -10.6
1910 827.363   7610100 0    2    8    1    4 0.512 120.8 144.7  -8.8 -26.4
1910 830.335    687900 4    0    9    0    5 0.373 135.6 116.6  -8.5 -15.3
1910 831.643    687900 4    2   21    1   11 0.269 178.2 114.1  -8.4  -0.5
1910 831.643    688000 1   25  141   37  214 0.943 110.1  47.4 -16.2 -67.2
1910 9 1.443    687900 4    4   20    2   11 0.344 220.3 117.1  -8.2  13.0
1910 9 1.443    688000 1   44  207   45  214 0.873 113.5  47.5 -16.5 -56.6
1910 9 2.394    687900 4   11   36    6   21 0.499 238.5 117.0  -8.6  25.5
1910 9 2.394    688000 1   47  264   36  205 0.758 119.0  47.8 -16.4 -43.7
1910 9 3.450    687900 4   24  138   16   96 0.705 250.2 119.7  -8.5  42.1
1910 9 3.450    688000 1   65  324   41  205 0.612 128.0  47.5 -15.9 -30.1
1910 9 4.340    687900 4   35  131   29  112 0.816 254.7 118.5  -8.1  52.7
1910 9 4.340    688000 1   62  317   35  183 0.492 142.2  47.5 -16.0 -18.3
1910 9 5.490    687900 4   86  367  114  490 0.933 258.1 117.9  -8.4  67.3
1910 9 5.490    688000 1   71  293   38  159 0.397 172.0  47.3 -15.9  -3.3
1910 9 6.378    687900 4   75  290  172  666 0.979 259.5 115.9  -8.7  77.0
1910 9 6.378    688000 1   59  302   32  165 0.411 199.8  47.2 -15.6   8.3
1910 9 7.461    688000 1   44  307   25  180 0.527 224.7  47.2 -15.3  22.6
1910 9 7.461    688100 0   14   66   15   74 0.894 108.0 324.0 -12.6 -60.6
1910 9 7.461    688200 0    4   16    5   22 0.927 107.5 319.4 -13.2 -65.2
1910 9 8.423    688000 1   48  247   31  165 0.664 236.7  47.1 -15.5  35.2
1910 9 8.423    688100 0   21   98   16   77 0.770 112.3 325.1 -12.1 -46.8
1910 9 8.423    688200 0    0   18    0   17 0.829 111.2 319.4 -13.1 -52.5
1910 9 9.679    688000 1   21  178   18  155 0.829 245.3  46.8 -15.8  51.5
1910 9 9.679    688100 0   11   73    6   45 0.572 123.2 326.0 -12.0 -29.3
1910 9 9.679    688200 0    2   12    1    8 0.657 120.1 319.5 -13.4 -35.8
1910 910.392    688000 1   20  130   22  146 0.900 248.6  46.4 -15.7  60.5
1910 910.392    688100 0   11   44    6   25 0.461 134.9 326.4 -12.2 -19.5
1910 910.392    688200 0    0    5    0    3 0.554 128.5 319.4 -13.7 -26.5
1910 911.535    688000 1   13   65   31  158 0.980 252.0  46.7 -16.0  75.9
1910 911.535    688100 0    3   15    1    8 0.331 167.8 326.7 -11.7  -4.1
1910 912.528    688100 0    0    7    0    4 0.362 207.1 327.4 -11.7   9.7
1910 912.528    688200 0    0   18    0   10 0.354 186.9 320.2 -13.4   2.5
1910 913.417    688100 0    0   14    0    8 0.448 225.5 324.9 -11.5  19.0
1910 913.417    688200 0    0   27    0   15 0.417 215.0 320.1 -13.0  14.2
1910 914.459    688200 0    0    6    0    4 0.569 235.5 320.9 -12.5  28.7
1910 917.408    688300 9    0    3    0    2 0.469 140.9 235.5 -14.6 -17.8
1910 918.550    688300 9    0   24    0   13 0.355 180.5 238.4 -13.7   0.2
1910 918.550    688400 9    0   12    0   12 0.858  84.3 178.5   8.5 -59.7
1910 918.550    688500 9    2   11    1   10 0.812 108.0 186.5 -10.2 -51.7
1910 919.360    688300 9   27  105   14   57 0.392 206.3 237.8 -13.6  10.3
1910 919.360    688400 9    2   13    1   10 0.742  84.8 179.1   8.6 -48.4
1910 919.360    688500 9    0    8    0    6 0.684 112.5 187.6  -9.8 -39.9
1910 920.416    688300 6    9   51    5   30 0.531 229.5 238.1 -13.8  24.6
1910 920.416    688400 9    2   17    1   11 0.615  86.3 175.2   7.8 -38.3
1910 920.416    688500 9   20   62   11   37 0.534 122.2 186.2 -10.3 -27.3
1910 921.465    688300 6    2   14    1   10 0.714 243.6 240.8 -13.3  41.1
1910 921.465    688500 9   17  113    9   61 0.359 143.9 187.3 -10.0 -12.4
1910 921.465    688600 9   37  206   66  369 0.958  98.5 127.4  -6.1 -72.3
1910 922.532    688500 9    0   47    0   25 0.315 177.8 184.9 -11.4  -0.7
1910 922.532    688600 9   60  357   59  356 0.863 101.5 127.3  -6.3 -58.3
1910 922.532    688800 9    0   15    0   21 0.930 102.1 118.7  -8.6 -66.9
1910 922.532   7620100 0    5   21    3   11 0.196 118.6 175.7   1.5  -9.9
1910 923.626    688500 9    4   33    2   18 0.356 214.4 183.0 -10.3  11.8
1910 923.626    688600 9   85  479   61  345 0.717 105.5 127.2  -6.1 -44.0
1910 923.626    688800 9    3   14    2   12 0.812 105.7 119.0  -8.5 -52.2
1910 923.626    688900 9    3   39    3   43 0.883 101.7 110.6  -7.0 -60.6
1910 924.535    688500 7   31  143   17   82 0.498 233.9 183.4 -10.8  24.2
1910 924.535    688600 9   94  560   57  341 0.562 111.6 127.5  -6.1 -31.7
1910 924.535    688800 9    2   11    1    8 0.676 110.0 119.3  -8.1 -39.9
1910 924.535    688900 9    0    6    0    5 0.748 104.9 112.5  -6.4 -46.7
1910 924.535    689000 3    6   35   10   61 0.952 103.6  88.9 -10.7 -70.3
1910 925.512    688500 7   28  230   18  153 0.665 245.5 184.3 -10.6  38.0
1910 925.512    688600 9   91  529   49  288 0.387 125.9 127.9  -6.6 -18.4
1910 925.512    688800 9    7   18    4   11 0.509 119.5 119.7  -8.4 -26.6
1910 925.512    688900 9    0   32    0   21 0.625 110.3 110.1  -7.0 -36.2
1910 925.512    689000 3   20   99   19   99 0.863 107.2  89.1 -11.1 -57.2
1910 925.512   7620200 7    4   41    2   21 0.199 151.9 140.9  -3.3  -5.4
1910 926.642    688500 7   25  116   22  107 0.840 253.0 186.1 -10.3  54.7
1910 926.642    688600 9   96  470   49  242 0.239 165.7 128.0  -6.6  -3.4
1910 926.642    688800 9    2    7    1    4 0.314 141.4 120.0  -7.5 -11.4
1910 926.642    688900 9    0   19    0   11 0.427 122.4 110.1  -6.9 -21.3
1910 926.642    689000 3   12  116    8   85 0.729 112.7  88.1 -11.4 -43.3
1910 926.642    689300 4    0   32    0   87 0.980 104.5  54.7 -12.7 -76.7
1910 927.632    688500 7   17   67   25  101 0.945 256.7 187.4 -10.2  69.1
1910 927.632    688600 9   85  451   44  235 0.288 216.4 128.2  -6.7   9.9
1910 927.632    688800 9    0   11    0    6 0.277 176.8 117.4  -9.3  -0.9
1910 927.632    689000 3   15  100    9   61 0.558 119.4  88.7 -10.0 -29.6
1910 927.632    689200 7    0   14    0    8 0.347 137.4 104.6  -8.2 -13.7
1910 927.632    689300 4   11  157   13  191 0.910 107.1  55.3 -12.5 -63.0
1910 927.632    689400 6   99  553  203 1139 0.969 107.6  45.2 -15.2 -73.1
1910 928.475    688600 9   85  455   46  250 0.419 237.3 128.0  -6.8  20.8
1910 928.475    688800 9    0    7    0    4 0.317 214.6 117.7  -8.5  10.5
1910 928.475    689000 3   12  112    6   62 0.420 134.4  89.4 -10.7 -17.8
1910 928.475    689200 7    3   21    1   11 0.260 169.7 104.5  -8.1  -2.7
1910 928.475    689300 4   32  214   28  188 0.819 110.3  55.3 -12.4 -51.9
1910 928.475    689400 6  155  934  185 1121 0.908 110.3  45.2 -15.3 -62.0
1910 929.372    688600 9   80  391   48  239 0.577 248.5 128.0  -6.6  32.7
1910 929.372    689000 3    8   66    4   35 0.309 163.9  90.3 -10.6  -5.0
1910 929.372    689200 7    2   13    1    7 0.293 211.2 104.1  -7.9   8.8
1910 929.372    689300 4   47  232   32  162 0.691 116.1  55.8 -12.6 -39.5
1910 929.372    689400 6  164 1108  140  952 0.809 115.0  45.7 -15.7 -49.6
1910 930.398    688600 9   37  310   27  231 0.746 254.6 128.2  -6.9  46.4
1910 930.398    689000 3    9   66    4   35 0.324 203.4  89.3 -10.7   7.5
1910 930.398    689300 4   68  394   39  230 0.516 128.0  57.2 -12.5 -24.6
1910 930.398    689400 6  161 1508  107 1009 0.666 122.3  46.1 -15.5 -35.7
1910 930.398   7620300 0    0    5    0    3 0.342 258.7 101.4   2.4  19.6
1910 930.398   7620400 2    0   13    0    8 0.558 109.3  49.9  -5.0 -31.9
1910 930.398   7620500 7    0   13    0    9 0.721 105.8  37.5  -6.6 -44.3
191010 1.459    688600 9   52  237   54  250 0.881 258.4 128.2  -7.0  60.4
191010 1.459    689000 3   17   74    9   42 0.473 231.9  90.1 -10.9  22.3
191010 1.459    689300 4   89  391   47  210 0.360 152.4  58.0 -12.1  -9.8
191010 1.459    689400 6  324 1632  186  942 0.499 136.0  46.8 -14.9 -21.0
191010 2.464    688600 9   29  137   54  259 0.965 260.8 128.2  -7.1  73.7
191010 2.464    689000 3    2   23    1   15 0.650 243.4  90.9 -11.7  36.4
191010 2.464    689300 4   97  474   51  251 0.327 191.4  58.3 -12.2   3.8
191010 2.464    689400 6  229 1264  124  688 0.390 159.8  46.5 -15.0  -8.0
191010 3.437    689000 3    0   21    0   17 0.790 250.0  90.9 -11.5  49.2
191010 3.437    689300 4   67  389   36  214 0.427 222.3  58.8 -12.2  17.1
191010 3.437    689400 6  260 1166  139  626 0.366 195.3  47.4 -14.2   5.7
191010 4.490    689300 4   33  202   20  127 0.606 240.1  60.3 -12.2  32.5
191010 4.490    689400 6  234  999  131  562 0.472 223.7  47.4 -13.9  19.6
191010 5.467    689300 4   17   87   13   67 0.761 247.9  61.1 -12.3  46.2
191010 5.467    689400 6  183  961  115  605 0.617 238.1  47.5 -13.7  32.6
191010 6.510    689300 4    6   46    6   49 0.880 252.7  60.3 -12.0  59.2
191010 6.510    689400 6  135  582  104  449 0.766 247.1  47.5 -13.0  46.4
191010 7.482    689300 4    0    8    0   16 0.967 255.1  61.6 -12.7  73.3
191010 7.482    689400 6  107  457  114  489 0.886 252.4  48.2 -12.5  59.9
191010 7.482    689600 9    0   20    0   26 0.917  90.7 281.7   1.8 -66.6
191010 8.371    689400 6   49  287   80  469 0.954 255.4  47.3 -11.9  70.7
191010 8.371    689500 6    3   55    1   35 0.600  86.6 299.5   7.0 -37.1
191010 8.371    689600 9   10   25    8   21 0.795  93.6 284.1   0.9 -52.5
191010 9.101    689400 6   32   88   99  276 0.987 256.8  46.3 -12.0  79.3
191010 9.101    689500 6   18   72   10   41 0.462  86.1 299.3   7.2 -27.7
191010 9.101    689600 9    7   46    4   32 0.684  94.6 284.0   1.3 -43.0
19101010.451    689500 6    5   37    2   19 0.140  79.1 301.2   7.5  -8.0
19101010.451    689600 9   20   91   11   51 0.432  99.9 284.0   1.2 -25.2
19101011.501    689500 6   29  113   14   57 0.102 279.5 301.1   6.9   5.8
19101011.501    689600 9    4   45    2   23 0.198 117.7 285.2   0.6 -10.1
19101012.105    689500 6   70  195   35  100 0.222 279.2 300.2   7.8  12.8
19101013.520    689500 6   33  166   19   97 0.524 273.9 300.5   7.0  31.8
19101014.376    689500 6   15   64    9   42 0.659 274.5 298.9   7.3  41.5
19101016.496    689700 1   10   77   14  113 0.939  86.1 159.2   5.6 -70.2
19101017.410    689700 1   34  245   31  226 0.832  87.1 160.8   5.5 -56.6
19101017.410    689800 2    7   51    4   30 0.515 126.9 192.4 -13.0 -25.0
19101017.410    689900 7    4   15   16   65 0.992  98.2 135.4  -7.4 -82.0
19101018.449    689700 1   86  400   59  276 0.682  87.6 160.5   5.6 -43.2
19101018.449    689800 9    7   48    3   26 0.341 152.1 194.3 -12.2  -9.4
19101018.449    689900 7   17   98   28  164 0.953 100.0 132.3  -7.8 -71.4
19101019.482    689700 7  193  978  112  570 0.507  88.0 159.4   5.6 -30.6
19101019.482    689900 7   17   96   16   95 0.861 102.7 132.0  -8.1 -58.0
19101019.482    690000 2   15   59    8   34 0.488 233.3 213.6 -12.1  23.6
19101020.498    689700 7  235 1342  123  704 0.293  88.4 159.5   5.5 -17.1
19101020.498    689900 7   10   67    7   51 0.746 106.1 130.2  -8.3 -46.4
19101020.498    690000 2    0   19    0   13 0.667 245.1 214.8 -12.2  38.2
19101021.547    689700 7  241 1173  122  588 0.054  82.0 159.7   5.6  -3.1
19101021.547    689900 7    8   45    5   27 0.537 112.7 132.8  -7.5 -30.0
19101021.547    690100 6   14   86   30  186 0.972 101.7  87.5 -10.1 -75.3
19101022.315    689700 7  178 1123   89  565 0.122 277.0 159.7   5.9   7.0
19101022.315    689900 7    6   41    3   23 0.419 122.6 131.8  -8.3 -20.9
19101022.315    690100 6   20  137   24  171 0.910 103.9  88.8 -10.4 -63.9
19101022.315    690200 7    4   36    2   19 0.267 128.5 140.6  -4.6 -12.1
19101023.329    689700 7  137  949   72  504 0.351 274.6 159.9   6.3  20.6
19101023.329    689900 7    5   28    2   15 0.266 151.0 131.8  -8.5  -7.5
19101023.329    690100 6   30  150   25  126 0.797 106.5  88.4 -10.0 -50.9
19101023.329    690200 7    9   76    4   39 0.169 193.1 141.5  -4.5   2.2
19101024.319    689700 7  146  740   86  440 0.549 274.7 159.6   6.7  33.4
19101024.319    689900 7    6   38    3   20 0.245 186.1 127.7  -9.2   1.5
19101024.319    690100 6   68  279   44  184 0.652 111.2  88.1  -9.8 -38.1
19101024.319    690200 7   37  143   19   75 0.299 237.1 140.8  -4.6  14.6
19101024.319   7630100 7    2    7    1    4 0.340 151.7 116.7 -12.6  -9.5
19101024.319   7630200 0    0   13    0   15 0.904 106.4  63.5 -12.6 -62.7
19101025.452    689700 9  147  944  108  699 0.743 275.9 159.5   7.6  48.2
19101025.452    689900 7   65  299   34  160 0.356 234.0 128.2  -7.5  16.9
19101025.452    690100 6   68  292   37  163 0.442 122.8  89.2  -9.4 -22.1
19101025.452    690200 7    9   87    5   51 0.525 254.1 141.7  -4.1  30.4
19101025.452    690310 0    0   20    0   16 0.764 105.6  63.2  -8.7 -48.1
19101025.452    690400 0    4   27    2   16 0.525 238.6 138.5 -11.6  27.2
19101026.608    689700 9  111  689  124  773 0.897 275.9 160.2   7.4  64.1
19101026.608    689900 7   12   99    7   60 0.559 250.2 128.1  -6.9  32.0
19101026.608    690100 6   52  221   26  115 0.271 153.7  89.1  -9.4  -7.0
19101026.608    690200 7    9   50    6   36 0.725 259.8 141.8  -4.1  45.7
19101026.608    690310 0    5   22    3   14 0.587 112.4  62.8  -9.0 -33.3
19101026.608    690400 2    0   25    0   19 0.741 246.5 140.5 -13.8  44.4
19101026.608    690500 9    1   12    0    7 0.512 127.3  71.3 -13.8 -24.8
19101027.406    689700 9   61  335  117  648 0.967 277.0 161.2   7.9  75.7
19101027.406    689900 7    7   66    4   46 0.700 255.1 128.5  -7.0  43.0
19101027.406    690100 6   45  226   23  117 0.252 195.9  89.5  -9.4   4.0
19101027.406    690200 7    0   47    0   44 0.847 262.8 142.8  -3.6  57.3
19101027.406    690310 0    2   21    1   12 0.443 123.6  63.5  -9.9 -22.0
19101028.471    689900 7    0   28    0   27 0.855 257.8 129.0  -8.0  57.5
19101028.471    690100 6   28  166   15   90 0.395 235.4  90.7  -8.7  19.2
19101028.471    690500 9    0    5    0    3 0.338 178.6  71.0 -15.2  -0.5
19101029.449    690100 6    5   88    2   52 0.534 245.6  88.1  -8.9  29.5
19101029.449    690500 9    3   13    1    7 0.358 204.1  67.3 -14.7   8.7
19101029.449    690600 9    2   32    1   18 0.393 114.9  37.6  -5.4 -21.0
19101030.534    690100 6    0   43    0   29 0.674 249.4  84.2 -10.4  39.9
19101030.534    690500 9    0   23    0   14 0.539 229.7  69.7 -16.5  25.4
19101030.534    690600 9   10   50    5   26 0.200 154.8  39.4  -6.1  -4.9
19101031.517    690600 9    0  131    0   67 0.227 220.3  39.8  -5.8   8.5
191011 1.481    690600 9   33  124   17   68 0.402 246.8  40.4  -5.3  21.8
191011 2.610    690600 9   33   39   21   25 0.624 256.0  41.2  -5.5  37.5
191011 3.408    690600 9   10   23    7   18 0.766 259.5  42.4  -5.5  49.2
191011 3.408    690700 0    9   18    6   13 0.696 279.1  37.3   9.1  44.1
191011 4.315    690600 9    3    7    3    8 0.891 262.4  43.8  -5.0  62.5
191011 4.315    690700 0    0   12    0   12 0.846 278.6  39.3   9.3  58.0
191011 7.606   7640100 7    2   21    1   11 0.138 294.3 305.2   6.7   7.3
19101114.418   7640200 0    0   10    0    6 0.531  75.1 176.7  10.1 -31.4
19101116.530    691100 4   51  261   28  147 0.444  71.2 154.9  10.4 -25.3
19101116.530   7640300 0    0   26    0   14 0.328  69.5 162.1   8.9 -18.1
19101117.443    691100 4   43  185   22   96 0.267  57.1 155.0  10.6 -13.2
19101117.443    691200 9    9   49    5   28 0.485 121.5 143.1 -12.6 -25.1
19101118.527    691100 4   17  118    8   60 0.161 355.1 154.7  11.4   0.8
19101118.527    691200 9    5   28    2   15 0.330 142.8 142.1 -13.1 -11.8
19101118.527    691300 9    3   25    1   13 0.094 273.5 159.3   2.5   5.4
19101119.430    691100 4   11   58    5   30 0.264 305.8 154.6  10.9  12.6
19101119.430    691200 9    6   52    3   27 0.237 189.1 144.2 -11.5   2.2
19101119.430    691300 9    0   46    0   24 0.247 267.2 156.3   1.3  14.3
19101120.455    691100 4    0   10    0    6 0.446 287.1 154.1   9.3  25.6
19101120.455    691200 9    0    7    0    4 0.358 232.0 145.2 -10.9  16.7
19101120.455    691400 0    5   11    7   17 0.932 104.3  60.8 -12.6 -67.7
19101121.525    691400 0    4   12    3   11 0.817 107.6  61.3 -13.2 -53.1
19101122.250    691400 0    4   12    2    9 0.714 111.1  61.5 -13.7 -43.3
19101123.510    691500 9    4   37    2   23 0.570 112.0  55.6 -11.0 -32.6
19101124.363    691400 0    0    7    0    4 0.351 143.1  64.4 -14.9 -12.6
19101124.363   7640400 0    0   19    0   10 0.283 173.5  75.1 -14.9  -1.9
19101125.355    691500 9    0   11    0    6 0.268 149.9  56.0 -12.1  -7.9
19101126.461    691500 9    0   13    0    7 0.265 205.9  56.1 -12.6   6.8
191012 9.567    691600 7   21   95   37  168 0.955  93.7 163.8  -3.7 -72.8
19101210.446    691600 7   17  107   18  114 0.879  94.2 163.5  -4.0 -61.5
19101211.488    691600 2   21  159   15  120 0.742  95.3 163.5  -4.4 -47.8
19101211.488    691700 2   10   45    9   43 0.846  93.4 153.5  -3.3 -57.8
19101211.488    691800 0    7   26    7   29 0.881  96.2 149.6  -5.8 -61.7
19101211.488   7650100 7    0   35    0   18 0.267 173.5 209.5 -16.1  -1.8
19101212.513    691600 2   44  160   26   97 0.557  96.5 164.1  -4.3 -33.7
19101212.513    691700 2   18   50   12   35 0.683  93.0 154.7  -2.7 -43.1
19101212.513    691800 0    0   10    0    8 0.746  96.6 149.7  -5.5 -48.1
19101213.397    691600 2   31  159   16   86 0.380  99.5 164.0  -4.5 -22.1
19101213.397    691700 2   21   51   12   30 0.511  94.4 155.4  -3.1 -30.7
19101213.397    691800 0    5   25    3   16 0.591  98.0 150.1  -5.5 -36.0
19101214.423    691600 2   18   90    9   46 0.151 114.6 164.7  -4.7  -7.9
19101214.423    691700 2   18   80    9   42 0.272  99.0 157.0  -3.5 -15.6
19101215.457    691600 2    4   23    2   12 0.122 237.3 164.9  -5.0   5.9
19101215.457    691700 2    8   43    4   22 0.050 114.2 156.4  -2.4  -2.6
19101217.415    691700 2    3   12    1    7 0.422 265.4 158.1  -3.3  24.9
19101218.489    691900 1    7   41   12   77 0.962 106.5  45.2 -16.3 -73.9
19101219.514    691900 1    7   70    7   73 0.872 107.3  45.6 -15.9 -60.0
19101220.521    691900 1   17   63   12   48 0.745 110.4  45.6 -16.3 -46.7
19101221.526    691900 1    7   24    4   15 0.576 114.9  46.1 -15.7 -32.9
19101222.523    691900 1    8   32    4   18 0.400 126.6  46.4 -15.8 -19.5
19101228.517   7650200 0    4   19    4   17 0.825 250.2  41.7 -17.9  54.7
19101230.169   7660100 2    3   13    1    7 0.387 251.0 347.0 -10.1  21.8
