1914 1 1.446    702200 2   26   97   14   54 0.452 344.1 237.1  22.5   7.7
1914 1 1.446    702300 9   22   50   61  142 0.925 113.1 162.2 -22.6 -67.2
1914 1 2.509    702200 2   44  141   24   79 0.566 319.8 238.7  22.5  23.3
1914 1 2.509    702300 9    8   29   10   39 0.818 115.4 162.2 -22.6 -53.2
1914 1 3.517    702200 2   16   64    9   39 0.703 306.6 239.6  22.0  37.5
1914 1 3.517   8060100 0    2    3    1    2 0.449  80.9 175.8   0.9 -26.3
1914 1 4.429    702200 2    0   11    0    8 0.821 300.2 240.1  22.1  50.0
1914 1 5.309   8060200 2    4   34    2   20 0.532 331.3 194.8  24.2  16.3
1914 1 6.513   8060300 2    1   11    1   10 0.838 115.8 107.1 -23.6 -55.5
1914 1 9.347   8060400 7    8   18    5   11 0.604  92.7  88.0  -5.0 -37.3
1914 2 2.486    702500 4   21   87   10   44 0.223 238.8 178.8 -12.8  11.3
1914 2 3.531    702500 4    7  111    3   57 0.425 253.5 178.4 -12.7  24.7
1914 2 4.486    702500 4   32  141   17   78 0.610 258.3 178.8 -12.2  37.7
1914 2 4.486   8070100 2    0   16    0   13 0.784 309.1 183.3  25.0  42.2
1914 2 5.396    702500 4   11   96    6   61 0.762 259.2 179.1 -12.4  50.0
1914 2 6.408    702500 4    5   42    3   33 0.893 259.1 179.8 -12.6  64.0
1914 218.621   8080100 0    4    5    2    3 0.476   1.6 314.2  21.4  -0.8
1914 221.360   8080200 0    1    8    1    4 0.258 236.6 291.8 -15.1  12.9
1914 227.385   8080300 0    3   11    2    6 0.335 166.2 194.5 -26.2  -5.1
1914 312.533    702800 9    0   10    0   20 0.865  69.2 329.8  14.0 -56.5
1914 312.533   8080400 0    0    8    0    5 0.509 248.5  56.0 -17.0  29.7
1914 313.393    702800 9    3   15    2   15 0.760  64.4 330.0  14.2 -45.0
1914 314.408    702800 9    0    9    0    8 0.650  59.3 326.5  13.6 -35.1
1914 315.436    702900 5    4   55    3   47 0.857 333.9  20.0  44.4  31.9
1914 316.386    702900 5   20  148   18  138 0.898 328.5  17.1  44.9  41.5
1914 317.391    702900 0   22  130   22  133 0.932 324.0  12.7  44.7  50.4
1914 318.534    702900 0    6   55    7   72 0.974 319.5  10.8  45.0  63.5
1914 330.372    703000 5   19   82   70  297 0.990  59.4  74.0  29.0 -77.1
1914 331.390    703000 5  112  306  170  464 0.943  56.1  74.1  29.0 -63.6
1914 4 1.345    703000 5  151  578  154  603 0.876  52.8  72.7  28.2 -52.4
1914 4 2.387    703000 5  130  626  103  500 0.775  45.0  72.9  28.3 -38.5
1914 4 3.354    703000 5  153  563  105  382 0.677  34.8  72.6  28.2 -26.0
1914 4 4.553    703000 5  148  619   92  384 0.589  13.8  73.6  28.8  -9.2
1914 4 5.604    703000 5  236  932  143  567 0.564 354.2  72.6  28.0   3.7
1914 4 6.362    703000 5  218  927  136  580 0.594 339.5  72.5  27.9  13.6
1914 4 7.392    703000 5  129  574   88  392 0.678 323.5  72.4  27.7  27.1
1914 4 8.355    703000 5  155  537  124  430 0.776 313.5  72.1  27.8  39.5
1914 4 9.355    703000 5  127  442  131  428 0.868 306.7  71.2  27.7  51.8
1914 410.351    703000 5   53  289   80  431 0.941 303.1  70.1  28.5  63.8
1914 411.417    703000 0    0   31    0   67 0.974 302.0  63.7  29.4  71.5
1914 412.372    703100 9    0   14    0   17 0.807 117.4 287.2 -25.3 -52.4
1914 413.315    703100 9   15   44   13   39 0.697 123.7 286.5 -27.0 -40.6
1914 414.425    703100 9    6   25    4   18 0.561 130.9 284.2 -26.4 -28.3
1914 416.353    703200 9    9   37    8   37 0.744 118.4 241.0 -24.5 -46.0
1914 417.374    703200 9   15   32   10   23 0.564 124.8 243.2 -23.3 -30.3
1914 418.351    703200 9   13   50    7   31 0.422 138.3 242.8 -23.3 -17.8
1914 419.348    703200 9   34  112   19   63 0.349 161.2 240.3 -24.3  -7.1
1914 419.348    703300 9   13   88    7   53 0.712 238.7 289.8 -25.5  42.4
1914 420.349    703200 9    8   35    4   19 0.341 192.6 238.9 -24.4   4.7
1914 420.349    703300 9   33  127   23   91 0.847 243.3 290.9 -25.2  56.7
1914 420.349   8100100 0    0    6    0    7 0.908 240.0 298.5 -29.2  64.3
1914 421.362    703200 9   11   49    5   26 0.440 222.7 239.9 -23.5  19.0
1914 421.362    703300 9    4   93    3   88 0.940 244.5 291.1 -25.6  70.2
1914 422.175    703200 9   52  130   28   72 0.555 233.5 239.2 -23.5  29.1
1914 422.175    703300 9    0   41    0   58 0.983 244.7 290.7 -25.7  80.6
1914 423.352    703200 9   22   84   13   50 0.725 241.7 238.7 -23.5  44.1
1914 423.352   8100200 0    4   14    4   12 0.795 302.2 241.1  21.9  46.5
1914 424.388    703200 9    7   44    5   32 0.854 245.1 238.6 -23.6  57.7
1914 424.388    703500 9    4   22    2   12 0.164 139.1 174.6 -11.7  -6.3
1914 425.351    703500 9   11   33    5   17 0.154 198.7 171.1 -12.9   2.9
1914 426.462    703600 5   31  145   18   85 0.485  35.0 136.4  19.2 -17.1
1914 427.529    703600 5  153  720   83  393 0.388   2.2 138.5  18.5  -0.9
1914 427.529   8100300 0    0   12    0   24 0.964  57.5  69.9  29.8 -69.5
1914 428.384    703600 5  272 1132  150  628 0.420 337.7 137.8  18.7   9.7
1914 428.384    703800 9   34   45  190  254 0.965  61.7  57.2  25.9 -70.9
1914 429.444    703600 5  289 1217  173  727 0.536 315.2 137.6  18.6  23.5
1914 429.444    703800 9   50   77  101  157 0.895  58.4  56.2  25.8 -57.9
1914 430.384    703600 5  165 1051  112  710 0.668 303.9 137.5  18.6  35.8
1914 430.384    703800 9   20   84   23   98 0.802  54.1  55.8  25.3 -45.9
1914 5 1.318    703600 5  146  780  117  638 0.791 296.5 137.4  18.1  48.1
1914 5 1.318    703800 9   35   76   29   65 0.694  46.5  55.5  25.3 -33.8
1914 5 2.540    703600 5   98  415  124  530 0.919 292.1 137.2  18.6  64.0
1914 5 2.540    703610 9    1   17    0   11 0.775 247.2 122.7 -20.0  49.5
1914 5 2.540    703800 9   17   46   12   33 0.570  31.2  54.1  25.6 -19.1
1914 5 3.155    703600 5   23  260   37  480 0.963 290.7 137.0  18.8  72.0
1914 5 3.155    703610 9    6   26    4   21 0.857 249.0 123.3 -19.9  58.3
1914 5 3.155    703800 9    2   40    1   25 0.530  20.3  53.2  26.2 -11.8
1914 5 4.406    703610 9    1    6    1    7 0.976 250.9 126.3 -19.4  77.8
1914 5 4.406    703800 9    0    8    0    5 0.497 352.0  52.9  25.9   4.4
1914 5 4.406   8100400 0    4   10    3    6 0.553 337.6  62.2  27.3  13.7
1914 5 5.579   8100500 2    4   17    2   11 0.646 333.1  53.1  31.9  20.1
1914 5 5.579   8100600 0    2    8    1    5 0.454 354.3  35.8  23.4   2.8
1914 5 6.442   8100700 0    0   13    0   13 0.871 129.2 325.8 -35.3 -55.8
1914 521.315    704200 4   24   69   13   40 0.477 350.6 189.9  26.4   5.0
1914 522.540    704200 4   42  105   23   60 0.566 325.9 189.5  26.5  20.8
1914 522.540   8110100 7    2   34    1   21 0.637  52.5 135.8  21.5 -32.9
1914 523.388    704200 4   44  167   26  100 0.663 315.3 188.9  26.9  31.5
1914 524.399    704200 4   34   92   22   60 0.772 306.8 187.8  26.6  43.7
1914 524.399   8110200 0    2    6    4    7 0.877 294.5 202.6  20.6  58.5
1914 525.325    704200 4    0   11    0    9 0.888 302.0 189.8  27.4  58.0
1914 529.359    704500 9    1   13    0    9 0.520 139.7  56.8 -24.0 -21.6
1914 530.116    704500 9   12   20    6   12 0.400 151.2  56.5 -21.1 -11.9
1914 6 8.385    704600 1   29   62   41   90 0.864  57.0 250.4  28.3 -55.4
1914 6 9.539    704600 1   44  125   42  123 0.728  50.1 251.1  28.3 -39.4
1914 610.354    704600 1   49  168   35  123 0.623  42.1 251.4  28.2 -28.3
1914 611.303    704600 1   34  152   22   99 0.537  28.7 250.0  28.9 -17.1
1914 612.592    704600 1   14   47    8   28 0.457 356.5 251.9  28.1   1.8
1914 612.592    704700 6   29   51   40   71 0.801 118.5 200.8 -21.8 -49.3
1914 613.527    704600 1   14   44    7   25 0.498 335.9 251.0  28.1  13.3
1914 613.527    704700 6   52  118   43  100 0.680 124.7 200.6 -21.9 -37.1
1914 613.527    704900 9   15   38   28   73 0.886 108.0 176.8 -15.4 -60.9
1914 613.527   8120100 2    8   21    6   17 0.769 220.5 275.2 -34.9  37.5
1914 614.361    704600 1   15   29    8   17 0.583 322.2 250.7  28.5  24.0
1914 614.361    704700 6   73  324   44  199 0.572 133.5 200.1 -22.1 -26.6
1914 614.361    704900 9   23   40   26   46 0.798 110.8 175.9 -15.7 -50.8
1914 615.304    704600 1    1   23    0   14 0.684 313.5 248.8  29.2  34.6
1914 615.304    704700 6   61  529   35  298 0.451 153.0 201.4 -22.4 -12.8
1914 615.304    704900 9   20   34   17   30 0.678 115.6 174.7 -16.0 -39.5
1914 616.452    704700 6   84  629   47  347 0.403 188.1 202.5 -22.1   3.5
1914 616.452    704900 9    0   10    0    7 0.491 128.6 175.4 -16.5 -23.6
1914 617.397    704700 6  228 1097  129  624 0.469 210.2 201.3 -22.4  14.8
1914 617.397    704900 9    0   13    0    8 0.367 150.5 175.6 -17.1 -10.9
1914 618.309    704700 6  222 1197  138  737 0.576 225.3 200.7 -22.4  26.3
1914 618.309    704900 9    1   13    0    7 0.302 186.4 176.4 -15.8   2.0
1914 619.355    704700 6  159  827  115  597 0.721 236.3 200.9 -22.2  40.4
1914 620.475    704700 6  112  557  108  543 0.858 242.8 201.1 -22.0  55.4
1914 621.571    704700 6   43  287   77  507 0.959 246.3 202.6 -22.0  71.4
1914 622.350    704700 6    0   74    0  445 0.997 247.2 205.1 -22.5  84.2
1914 7 1.376    705000 7   11   74    6   44 0.698 236.2  39.6 -20.4  38.2
1914 7 2.437    705000 7    2   12    1    9 0.839 242.9  40.3 -20.5  52.9
1914 7 2.437    705100 0    0    9    0   25 0.984 125.6 272.2 -34.2 -75.2
1914 7 2.437    705200 9    0    6    0   39 0.994 125.0 267.2 -34.3 -80.2
1914 7 3.449    705100 0   15   29   44   88 0.939 128.4 271.2 -34.2 -62.8
1914 7 3.449    705200 9    9   14   58   93 0.967 128.4 265.0 -35.8 -69.0
1914 7 4.472    705100 0   21   51   29   72 0.856 134.2 272.5 -34.3 -48.0
1914 7 4.472    705200 9   19   37   43   87 0.923 132.2 262.2 -36.5 -58.3
1914 7 5.495    705100 0   25  124   23  119 0.758 142.2 272.9 -33.8 -34.0
1914 7 5.495    705200 9   15   29   20   40 0.852 138.4 261.7 -37.1 -45.2
1914 7 6.701    705100 0   30  119   22   90 0.656 157.2 273.2 -33.7 -17.8
1914 7 6.701    705200 9    6   15    6   16 0.775 148.3 259.8 -38.1 -31.2
1914 7 7.361    705100 2   33  134   21   88 0.621 168.3 273.5 -33.7  -8.7
1914 7 7.361    705200 9    2   20    1   17 0.746 155.0 258.2 -39.1 -24.0
1914 7 7.361   8130100 0    3    7    2    6 0.757 218.5 316.5 -33.2  34.3
1914 7 8.661    705100 0   27  145   17   93 0.628 191.5 273.7 -34.1   8.7
1914 7 9.361    705100 0   15  119    9   76 0.664 202.1 273.3 -34.2  17.6
1914 710.312    705100 0   21  105   13   70 0.737 213.7 272.9 -34.3  29.7
1914 711.438    705100 0   17   72   12   53 0.835 223.5 272.4 -34.3  44.1
1914 711.438    705400 9   13   39    8   27 0.527 141.7 207.9 -20.5 -20.4
1914 712.329    705100 0   11   41    9   36 0.905 228.3 271.7 -34.6  55.2
1914 713.517    705100 0    2   10    2   12 0.972 232.8 271.0 -34.6  70.3
1914 713.517    705400 9    0    7    0    4 0.436 197.9 208.9 -20.2   8.2
1914 713.517   8130200 0    2    2    2    2 0.793  60.0 150.7  26.2 -50.0
1914 716.333    705600 9    2   21    1   15 0.614 147.5 141.8 -26.9 -21.7
1914 717.452    705600 9    5  151    3   95 0.531 169.2 142.3 -26.7  -6.4
1914 718.360    705600 9   14   75    8   45 0.534 188.7 141.9 -27.0   5.2
1914 719.367    705600 9    0    8    0    5 0.573 204.8 138.9 -26.6  15.6
1914 721.703    705700 2    2    7    5   20 0.901 113.9  31.8 -19.0 -60.6
1914 722.357    705700 2    4   11    4   13 0.835 117.3  31.9 -19.4 -51.9
1914 723.301    705700 2    2    4    1    4 0.700 124.6  33.7 -19.3 -37.6
1914 729.351   8140100 2    7   23    4   14 0.614 217.6  15.5 -23.9  24.2
1914 730.319    705800 9    0   26    0   19 0.849 241.4  31.2 -20.5  52.7
1914 730.319   8140200 0    0    5    0    3 0.314 340.3 345.1  23.0   6.6
1914 731.516    705800 9    1    8    0    8 0.961 246.4  33.0 -20.8  70.4
1914 813.368    706000 1   57  179  171  540 0.986  71.5  70.4  19.3 -82.3
1914 814.355    706000 1   74  423  106  609 0.937  71.8  68.9  19.4 -70.7
1914 815.171    706000 1   82  570   82  568 0.864  71.7  68.6  19.2 -60.3
1914 816.346    706000 1  170  876  120  620 0.709  69.3  68.6  19.4 -44.7
1914 816.346    706100 2   14   52    9   34 0.797 241.0 160.5 -18.2  47.2
1914 816.346   8140300 2    4   13    3   10 0.760 289.5 162.6  19.2  49.3
1914 816.346   8140400 7    9   22    8   19 0.810 123.6  66.6 -22.1 -46.7
1914 817.466    706000 1  162 1120   95  663 0.527  64.0  68.4  19.3 -30.1
1914 817.466    706100 2    9  113    7   95 0.917 246.9 161.0 -18.0  62.5
1914 818.310    706000 1  227 1095  123  593 0.378  54.8  68.3  19.1 -19.1
1914 818.310    706100 0    2    6    2    7 0.960 248.3 157.7 -18.6  70.3
1914 818.310    706400 0    1    6    0    6 0.751 141.6  54.7 -30.3 -32.7
1914 819.524    706000 1  255 1297  130  666 0.222  14.6  67.9  19.3  -3.4
1914 819.524    706400 0    0    5    0    4 0.625 158.9  56.4 -29.0 -14.9
1914 820.349    706000 1  230 1578  118  817 0.244 331.8  67.4  19.3   7.0
1914 821.332    706000 1  245 1284  133  700 0.391 304.3  67.4  19.3  20.0
1914 822.322    706000 1  207 1208  126  738 0.562 294.7  67.1  19.5  32.8
1914 823.629    706000 1  146  867  114  676 0.767 289.4  67.2  19.4  50.1
1914 823.629    706500 9    9   41    7   34 0.919 236.5  76.5 -27.1  59.4
1914 824.350    706000 1  127  635  125  623 0.860 288.5  67.5  19.5  59.9
1914 824.350    706500 9   10   54   12   70 0.968 239.1  77.1 -27.5  69.5
1914 825.423    706000 1   65  405  109  681 0.955 288.3  67.5  19.5  74.1
1914 826.445    706000 1   20   82   96  393 0.994 288.5  65.9  19.0  86.0
1914 830.443    706600 9   12   25    6   15 0.696 287.2 331.2  17.1  44.1
1914 831.424    706600 9    2   25    1   18 0.841 285.5 332.0  16.9  57.9
1914 9 8.469    706700 9   17   77   63  293 0.991 110.2  88.3 -18.9 -79.5
1914 9 9.408    706700 9   24  174   39  281 0.951 112.3  87.3 -18.6 -68.1
1914 910.348    706700 9   30  248   31  253 0.871 115.8  87.3 -18.3 -55.7
1914 910.348    706800 0   35  273   69  536 0.967  73.7  66.3  17.5 -76.7
1914 911.646    706700 9   58  366   42  266 0.720 124.0  87.0 -18.2 -38.9
1914 911.646    706800 0   81  479   79  470 0.859  73.8  66.0  17.6 -59.9
1914 911.646    706900 1    0   34    0  148 0.991 121.3  49.1 -29.6 -76.8
1914 912.363    706700 9   58  350   37  224 0.625 131.0  86.7 -18.0 -29.7
1914 912.363    706800 0  114  571   89  444 0.767  73.2  66.1  17.5 -50.3
1914 912.363    706900 1   16   55   67  237 0.966 123.6  48.3 -29.9 -68.1
1914 912.363    707000 0    0    3    0    8 0.927 123.8  56.0 -27.7 -60.4
1914 912.363   8150100 0    3   12    2    7 0.402 307.9 136.3  21.1  19.9
1914 913.383    706700 9   78  392   45  228 0.496 147.4  86.7 -17.8 -16.3
1914 913.383    706800 0  112  690   70  434 0.610  70.4  65.9  17.6 -37.1
1914 913.383    706900 1   28   89   57  185 0.904 127.4  47.4 -29.4 -55.6
1914 913.383    707000 0    4   10    5   13 0.828 130.2  57.6 -27.4 -45.4
1914 914.542    706700 9   70  375   39  209 0.426 176.9  86.2 -18.0  -1.4
1914 914.542    706800 0  118  842   64  460 0.406  61.6  65.6  17.8 -22.0
1914 914.542    706900 1   27  133   33  167 0.811 134.2  45.8 -29.2 -41.8
1914 915.349    706700 9   68  376   38  212 0.449 198.7  85.7 -18.1   8.7
1914 915.349    706800 0  155  864   80  449 0.268  45.2  65.5  17.9 -11.5
1914 915.349    706900 1   36  196   31  170 0.733 141.7  45.7 -29.1 -31.3
1914 916.386    706700 9   50  320   31  195 0.554 220.1  85.4 -18.5  22.1
1914 916.386    706800 1  165  871   85  449 0.187 350.8  65.1  17.8   1.8
1914 916.386    706900 9   40  132   29   97 0.639 155.3  45.6 -28.7 -17.7
1914 916.386    707200 9    3   21    1   12 0.336   7.5  60.5  26.6  -2.8
1914 917.540    706700 9   35  261   25  185 0.704 234.3  85.2 -18.6  37.1
1914 917.540    706800 1  168  926   88  485 0.336 304.5  65.0  17.8  16.9
1914 917.540    706900 9   16   39   10   26 0.588 174.5  44.4 -28.7  -3.7
1914 917.540    707200 9    2   20    1   11 0.400 328.1  61.8  26.8  13.7
1914 918.388    706700 9   47  218   40  187 0.809 240.7  85.0 -18.7  48.1
1914 918.388    706800 0  138  834   79  478 0.486 293.8  64.7  17.6  27.8
1914 918.388    706900 9    5   25    3   16 0.609 191.2  44.7 -29.7   7.8
1914 918.388    707200 9    5   42    2   23 0.505 317.9  59.6  28.6  22.7
1914 919.372    706700 9   29  163   34  194 0.908 245.4  84.7 -18.9  60.8
1914 919.372    706800 0  124  647   82  427 0.655 288.6  64.5  17.5  40.6
1914 919.372    706900 9    0   12    0    8 0.652 206.0  43.0 -29.2  19.1
1914 919.372    707200 9    4   15    2    9 0.643 308.1  59.3  29.2  35.4
1914 920.645    706700 9   13   50   38  143 0.985 249.5  83.9 -18.7  76.8
1914 920.645    706800 0   79  472   72  431 0.837 286.0  64.5  17.2  57.4
1914 920.645    706900 9    3    9    1    6 0.747 220.4  40.7 -28.9  33.6
1914 921.491    706800 0   58  332   76  432 0.923 285.4  64.3  16.9  68.4
1914 921.491    706900 9    3   18    2   14 0.830 228.1  40.7 -28.8  44.8
1914 922.358    706800 0   18  117   44  270 0.976 285.5  63.4  16.6  78.9
1914 924.416    707300 0   15   34   28   65 0.966  68.1 240.8  22.9 -76.5
1914 925.376    707300 0   18   39   36   79 0.894  67.7 240.6  23.0 -64.0
1914 926.380    707300 0   18   66   20   76 0.785  66.3 240.2  22.8 -51.2
1914 927.533    707300 0   15   94   12   78 0.628  61.7 239.3  22.8 -36.9
1914 928.435    707300 0   27  141   17   91 0.476  53.5 239.8  22.6 -24.5
1914 929.342    707300 0   25  124   14   71 0.345  36.3 239.5  22.7 -12.8
1914 930.436    707300 0   25  127   13   68 0.277 356.0 239.1  22.7   1.2
191410 1.386    707300 9   13   59    6   31 0.353 321.7 239.0  22.5  13.7
191410 2.381    707300 9   16   43    8   23 0.474 307.1 236.4  22.6  24.2
191410 2.381   8160100 0    1    8    1    7 0.835 240.2 262.9 -20.5  50.7
191410 3.415   8160200 0    2    4    1    3 0.505 111.2 170.4  -4.8 -28.2
191410 9.470    707600 4    0   23    0   12 0.420 303.8 140.4  19.2  21.7
19141010.483    707600 4   25   48   13   27 0.607 294.2 141.2  19.3  35.9
19141011.422    707600 4   11   25    6   16 0.765 290.0 142.4  19.1  49.5
19141011.422    707700 9    5   24    3   16 0.483  64.6  65.7  17.3 -27.2
19141013.455    707700 9    6   41    3   22 0.197  16.3  62.8  16.7  -3.3
19141015.335   8160300 7    3   16    3   14 0.814  90.5 346.7   2.9 -54.6
19141019.446    707900 9   22   50   16   37 0.632 153.5 328.2 -29.4 -18.9
19141020.345    707900 9   25  121   16   79 0.580 168.2 327.4 -29.4  -7.8
19141021.533    707900 9   10   19    6   12 0.573 191.9 327.4 -29.0   7.8
19141021.533    708100 6    1    8    0    8 0.704  66.7 276.1  20.0 -43.5
19141021.533   8170100 2    4   11    3    8 0.708 309.8 359.0  31.0  39.4
19141022.494    708100 6   37   85   26   61 0.564  61.8 275.0  19.8 -31.9
19141023.307    708100 6   53  104   32   63 0.424  51.2 275.5  20.1 -20.6
19141024.559    708100 6   23   54   12   29 0.268   8.1 277.4  20.3  -2.3
19141025.167    708100 6   31   79   16   41 0.289 341.6 277.2  20.7   5.6
19141025.167    708200 9    2    7    1    4 0.211  87.7 259.4   5.2 -12.2
19141026.373    708100 6   11   48    5   25 0.404 313.4 274.0  20.6  18.3
19141026.373    708200 9    3   11    1    6 0.047 274.0 258.4   4.9   2.7
19141026.373    708500 4    6   10    4    8 0.558  55.7 225.8  22.4 -29.9
19141026.373   8170200 7    4   14    2    8 0.520 233.9 281.3 -13.6  25.6
19141026.373   8170300 0    2    4    1    2 0.515 199.1 266.4 -24.5  10.7
19141027.414    708100 6   16   94    8   51 0.555 299.2 273.0  19.7  31.0
19141027.414    708500 4   49   90   29   55 0.406  39.6 225.7  22.7 -16.3
19141028.529    708100 6   28  133   16   79 0.725 292.5 272.5  19.3  45.2
19141028.529    708500 4   30   78   16   43 0.314   5.9 225.3  22.7  -2.0
19141029.380    708100 6   22   99   15   70 0.832 290.5 271.8  19.5  55.7
19141029.380    708500 4   20   93   10   49 0.349 335.0 225.3  22.8   9.2
19141030.385    708100 6    0   31    0   27 0.921 289.0 270.0  19.2  67.2
19141030.385    708500 4   14   82    7   44 0.480 312.7 225.3  23.0  22.5
19141030.385   8170400 0    0    8    0    5 0.475 292.0 229.8  14.1  27.0
19141031.424    708500 4   12   74    6   42 0.639 301.3 225.4  22.8  36.3
191411 1.569    708500 5   51  206   33  137 0.821 293.5 228.1  21.6  54.1
191411 2.460    708500 5   32  222   27  194 0.914 291.7 228.2  21.4  65.9
191411 2.460    708700 4    0   18    0   43 0.978 110.9  86.7 -19.5 -75.6
191411 3.433    708500 5    6   97    6  108 0.967 291.7 225.0  22.0  75.6
191411 3.433    708700 4   13   31   27   66 0.902 112.7  88.0 -18.5 -61.4
191411 4.417    708700 4   24   56   27   66 0.793 117.1  88.3 -18.7 -48.2
191411 5.443    708700 4   23   99   19   84 0.662 123.8  87.4 -18.6 -35.5
191411 6.450    708700 4   53  160   35  107 0.523 135.7  87.0 -18.7 -22.7
191411 6.450    708800 6    0    4    0    4 0.709  60.2  67.6  23.3 -42.1
191411 7.415    708700 4   37   83   21   49 0.413 157.0  87.1 -18.9  -9.8
191411 7.415    708800 6   97  277   69  199 0.579  50.2  67.6  24.8 -29.3
191411 8.545    708700 4   13   32    7   18 0.401 198.1  89.6 -19.1   7.6
191411 8.545    708800 6  108  487   65  294 0.414  31.8  68.2  23.9 -13.8
191411 9.580    708700 4    0   38    0   21 0.517 223.2  90.4 -19.1  22.0
191411 9.580    708800 6  104  644   56  352 0.351   0.5  68.2  23.8  -0.2
19141110.384    708700 4   15   58    8   34 0.628 233.9  90.3 -19.1  32.5
19141110.384    708800 6  157  617   83  328 0.386 335.2  68.0  23.6  10.2
19141111.378    708700 4    3   11    1    7 0.754 239.6  88.6 -20.3  43.9
19141111.378    708800 6   85  408   45  221 0.522 311.6  69.8  23.0  25.1
19141112.412    708800 6   50  231   29  135 0.684 300.3  70.8  22.4  39.7
19141113.403    708800 6   33  197   23  139 0.837 294.8  73.1  22.2  55.1
19141113.403    709100 9   10   15   14   23 0.843 112.6 323.4 -17.3 -54.6
19141113.403   8170500 7    2   18    5   47 0.982 250.6  95.4 -18.4  77.4
19141113.403   8170600 0    0    5    0    7 0.927 284.7  85.9  14.7  67.9
19141114.420    708800 0    9  139    8  129 0.939 291.8  74.1  21.4  69.5
19141114.420    709100 9   22   28   21   27 0.715 116.9 322.8 -16.9 -41.8
19141115.548    708800 0    0   80    0  128 0.997 291.8  76.1  21.9  86.4
19141115.548    709100 9   20   28   13   20 0.522 129.0 324.6 -16.9 -25.1
19141118.443    709200 9    3    8    1    5 0.403 173.3 308.7 -21.4  -2.9
19141118.443    709300 9    2    1    1    1 0.325  43.3 298.2  15.8 -13.4
19141118.443    709400 2   18   87   44  210 0.979  69.6 233.4  20.4 -78.2
19141119.372    709200 9    1    3    0    2 0.427 204.2 310.1 -20.9  10.8
19141119.372    709300 9    3   17    1    9 0.248   3.9 298.3  16.4  -1.0
19141119.372    709400 2   23   72   57  183 0.919  68.4 233.3  20.6 -66.0
19141120.462    709200 9    0    7    0    4 0.544 224.2 309.0 -21.2  24.0
19141120.462    709400 2   32  105   42  140 0.809  66.1 232.9  20.3 -52.1
19141120.462    709500 9    0    1    0    4 0.904  67.5 221.4  21.1 -63.6
19141121.355    709400 2   40  175   34  152 0.693  61.9 232.5  20.4 -40.7
19141121.355    709500 9    0    6    0    8 0.822  63.5 220.3  22.6 -52.9
19141121.355    709600 9   13   24   19   37 0.866  65.5 215.0  22.0 -58.2
19141121.355   8180100 0    2    5    1    3 0.362 143.8 260.4 -15.2 -12.8
19141122.452    709400 2   57  225   39  157 0.528  52.7 232.1  20.2 -26.6
19141122.452    709500 9    0    1    0    1 0.675  62.0 219.4  19.8 -39.3
19141122.452    709600 9   13   64   12   64 0.720  61.7 215.9  21.2 -42.8
19141122.452    709800 9    1    3    0    3 0.612  50.1 227.6  24.6 -31.1
19141122.452   8180200 0    0    5    0    4 0.740 266.3 306.3  -1.6  47.6
19141122.452   8180300 0    1    4    1    3 0.591  58.8 226.3  19.3 -32.4
19141123.381    709400 2   37  126   21   75 0.397  36.6 231.9  20.1 -14.6
19141123.381    709600 9   17   27   12   20 0.594  54.7 215.1  21.4 -31.4
19141124.522    709400 2   32  143   17   78 0.308 359.4 231.6  19.4   0.2
19141124.522    709500 9   17   25    9   15 0.376  24.7 221.7  21.4  -9.7
19141124.522    709600 9    0    9    0    6 0.464  41.2 212.2  21.8 -19.2
19141124.522    709800 9    1    8    0    5 0.412   9.5 227.1  25.4  -4.3
19141124.522    710100 2   12   79   22  147 0.964  72.6 157.2  17.1 -74.2
19141124.522   8180400 0    2    4    1    3 0.648 295.6 269.2  17.4  37.8
19141125.528    709400 2   14   66    7   35 0.376 325.3 231.3  19.3  13.1
19141125.528    710100 2   28  106   52  112 0.879  71.3 157.7  17.0 -60.5
19141126.305    709400 2   14   29    7   16 0.491 309.5 231.6  19.3  23.7
19141126.305    710100 2   35   68   38   57 0.801  69.0 156.3  17.4 -51.6
19141127.537    709400 2    4    7    2    4 0.678 297.2 231.3  18.9  39.6
19141127.537    710100 2    5   15    4    9 0.631  63.2 155.5  17.4 -36.2
19141127.537    710200 9    6   13   33   73 0.984 114.9 113.6 -24.2 -78.1
19141128.304    710200 9   21   52   60  151 0.941 115.6 113.8 -23.6 -67.8
19141128.304    710300 8   11   21   71  140 0.971 117.8 107.7 -26.7 -73.9
19141128.304   8180500 2    1   12    1    7 0.431   6.5 178.5  26.3  -3.1
19141128.304   8180600 0    4    7    3    6 0.769 117.7 135.1 -20.3 -46.5
19141129.174    710200 9   51  281   51  278 0.862 118.0 114.1 -23.4 -56.0
19141129.174    710300 8   71  260   94  351 0.928 120.7 105.6 -27.9 -64.5
19141129.174    710600 1   14   73   39  206 0.984  73.5  90.5  16.4 -79.6
19141130.333    710200 9   84  410   60  291 0.707 123.3 115.2 -22.3 -39.7
19141130.333    710300 8   85  476   75  414 0.816 124.4 105.8 -27.0 -49.1
19141130.333    710600 1   27  157   71  183 0.904  71.8  91.2  16.7 -63.7
191412 1.441    710200 9   79  477   47  283 0.531 135.0 116.4 -21.5 -23.8
191412 1.441    710300 8   80  276   54  192 0.692 131.8 104.8 -27.0 -35.4
191412 1.441    710600 1   34  239   27  190 0.776  68.6  91.2  16.8 -49.0
191412 1.441    710700 4    4   20    2   11 0.324 172.7 137.7 -18.2  -2.5
191412 2.318    710200 9  100  414   55  230 0.423 153.3 116.9 -21.8 -11.8
191412 2.318    710300 8   81  360   50  224 0.587 141.9 104.7 -27.1 -24.0
191412 2.318    710600 1   57  249   37  161 0.645  64.9  91.2  16.2 -37.5
191412 2.318    710700 4   47   95   24   52 0.349 200.2 136.0 -18.7   7.3
191412 2.318   8180700 7    8   13    6    9 0.685 121.9  90.2 -20.9 -38.5
191412 2.318   8180800 0    1    5    1    4 0.750  72.4  81.4  13.4 -47.3
191412 3.401    710200 9   58  371   31  204 0.381 186.8 117.2 -21.9   2.8
191412 3.401    710300 8   36  181   22  112 0.477 161.6 104.7 -26.6  -9.7
191412 3.401    710600 1   64  276   41  157 0.463  53.4  91.6  16.3 -22.8
191412 3.401    710700 4   29  100   15   57 0.482 228.1 136.6 -18.5  22.2
191412 3.401    711000 2    0   28    0   64 0.978  72.9  36.8  16.8 -77.6
191412 3.401   8180900 0    0    4    0    3 0.724  55.6  73.4  24.4 -41.0
191412 4.437    710200 9   66  367   35  199 0.466 213.8 117.1 -22.6  16.3
191412 4.437    710300 8   37   91   21   53 0.469 183.6 102.7 -27.7   1.9
191412 4.437    710600 1   35  234   19  123 0.322  30.9  90.9  16.2  -9.9
191412 4.437    710700 4   20   64   11   43 0.659 241.3 138.3 -18.3  37.5
191412 4.437    711000 2   37  303  185  474 0.948  71.7  30.2  17.4 -70.6
191412 5.420    710200 9   57  360   31  202 0.588 228.7 116.4 -22.8  28.6
191412 5.420    710300 8    4   17    2   10 0.521 207.8 103.7 -27.4  15.9
191412 5.420    710600 1   40  247   21  129 0.280 350.7  90.5  16.1   2.7
191412 5.420    710700 4    8   36    5   30 0.792 247.3 137.9 -17.8  50.1
191412 5.420    711000 2   74  434  123  426 0.862  69.5  29.9  17.6 -57.9
191412 5.420   8181000 0    0    4    0    2 0.560 160.4  75.0 -31.8 -12.8
191412 6.185    710200 9   52  285   31  175 0.694 236.7 116.6 -22.5  38.9
191412 6.185    710300 8    7   39    4   23 0.602 216.8 102.0 -28.9  24.3
191412 6.185    710600 1   48  227   24  121 0.360 324.2  90.4  16.9  12.7
191412 6.185    710700 4    5   13    3   12 0.852 248.4 134.3 -18.3  56.6
191412 6.185    711000 2   75  407   75  317 0.771  66.7  29.7  17.7 -48.0
191412 7.561    710200 9   25  242   16  165 0.852 243.0 115.1 -22.9  55.5
191412 7.561    710600 1   46  179   24  110 0.564 300.8  90.0  16.6  30.4
191412 7.561    711000 2   86  312   68  193 0.576  56.6  29.2  18.3 -30.4
191412 8.312    710200 9   21  158   19  150 0.922 245.2 115.0 -22.9  65.3
191412 8.312    710600 1   35  151   20  103 0.684 295.4  89.9  16.8  40.2
191412 8.312    711000 2   62  308   37  175 0.464  46.3  29.0  18.4 -20.7
191412 8.312    711300 6    1    8    2   12 0.936 115.1 342.2 -23.5 -67.5
191412 8.312   8181100 0    0    7    0    4 0.337 242.1  67.3  -9.4  17.6
191412 9.464    710200 9   11  177   33  222 0.988 246.8 114.9 -23.0  80.4
191412 9.464    710600 1   19   99   18   90 0.838 289.9  89.7  16.3  55.2
191412 9.464    711000 0   44  223   24  119 0.340  17.2  28.4  18.5  -6.1
191412 9.464    711300 6    0   13    0   12 0.860 118.9 338.5 -24.8 -56.0
191412 9.464    711400 2    0   11    0   17 0.947  64.7 325.2  23.7 -69.3
191412 9.464    711500 9   14   20    8   12 0.595 355.5  37.8  35.9   3.3
19141210.420    710600 1    8   42    7   59 0.935 288.1  90.0  16.7  68.1
19141210.420    711000 0   38  122   20   65 0.342 342.3  28.2  18.4   6.3
19141210.420    711300 6    9   65    8   48 0.735 122.5 339.3 -23.7 -42.6
19141210.420    711400 0    0    9    0    9 0.862  62.3 325.7  23.3 -56.2
19141210.420    711500 9    0    8    0    5 0.612 339.1  37.2  34.3  15.3
19141211.361    710600 1    4    7    5   23 0.987 286.6  89.8  16.3  80.3
19141211.361    711000 7   23   61   12   33 0.455 319.7  27.7  19.6  18.2
19141211.361    711300 6   78  261   56  162 0.582 130.8 340.9 -23.0 -28.6
19141211.361    711400 0    2    7    1    6 0.749  57.5 326.1  23.2 -43.4
19141211.361    711600 4   18   40    9   23 0.477 211.2  25.3 -24.8  15.8
19141212.346    711000 7   45   88   25   55 0.596 305.1  27.6  19.3  31.1
19141212.346    711300 6   77  498   47  282 0.457 145.8 340.3 -23.0 -16.2
19141212.346    711400 0    2    3    1    2 0.619  48.9 326.0  23.3 -30.5
19141212.346    711600 4   17   47    9   30 0.599 227.3  25.5 -24.7  29.0
19141212.346    711700 0    8   14    5   12 0.803 251.5  48.6 -15.3  52.1
19141213.449    711000 7    2   38    1   28 0.754 296.8  27.4  19.2  45.4
19141213.449    711300 6   88  499   49  271 0.380 174.4 339.7 -23.2  -2.3
19141213.449    711600 4    5   27    3   21 0.754 237.5  26.4 -24.6  44.4
19141213.449    711700 0    0    2    0    3 0.936 253.6  50.8 -15.7  68.8
19141214.434    711000 7    2   21    1   22 0.883 292.4  28.8  19.1  59.8
19141214.434    711300 6  127  591   68  325 0.404 201.8 338.4 -23.1   9.4
19141214.434   8190100 0    0    6    0    7 0.904 109.3 265.3 -17.9 -63.7
19141215.336    711000 7    7   29    7   54 0.961 289.5  29.8  18.3  72.6
19141215.336    711300 6   70  358   38  209 0.502 221.2 338.3 -23.3  21.1
19141216.504    711300 6   35  349   20  232 0.658 235.1 337.8 -23.2  36.0
19141217.475    711300 6   47  262   30  213 0.786 241.3 337.6 -23.2  48.6
19141217.475    711900 2    0   19    0   37 0.966  66.6 215.8  22.1 -73.2
19141218.167    711300 6   44  186   35  190 0.869 244.4 338.2 -22.9  58.3
19141218.167    711900 0   10   36   20   46 0.922  65.3 215.3  22.0 -64.6
19141219.416    711300 6    8   49    7   88 0.961 246.8 336.6 -22.7  73.2
19141219.416    711900 0   11  100   13   81 0.789  59.3 216.1  22.6 -47.3
19141220.459    711900 0   17  100   13   65 0.651  51.4 216.3  22.4 -33.4
19141220.459   8190200 2    3   11    5   17 0.949 253.1 321.1 -16.6  71.4
19141221.512    711900 0   23   66   15   39 0.515  36.8 216.3  22.5 -19.5
19141222.409    711900 0   13   77    7   42 0.433  17.0 216.1  22.4  -7.9
19141223.354    711900 0   18   44    9   24 0.424 350.2 216.0  22.5   4.5
19141224.336    711900 0   15   19    8   11 0.507 324.1 217.3  22.0  18.7
19141224.336    712100 9    4    9    3    7 0.715 119.9 156.4 -22.6 -42.2
19141225.444    711900 0    0    8    0    5 0.643 310.7 215.9  22.7  31.9
19141225.444    712100 9   18   46   12   28 0.533 131.1 158.2 -22.7 -25.8
19141225.444    712200 0    8   48   14   82 0.955 113.8 111.7 -23.4 -72.3
19141226.391    712200 0   14   55   25   59 0.886 115.0 110.6 -23.3 -60.9
19141226.391   8190300 2    2   18    1   11 0.551  22.8 157.5  28.0 -14.0
19141227.510    712200 0   16   96   17   74 0.756 118.3 110.5 -22.9 -46.3
19141228.359    712200 0   16   64   12   42 0.641 123.5 110.1 -23.0 -35.5
19141229.340    712200 0   13   49    8   29 0.500 133.9 109.7 -23.0 -23.0
19141229.340   8190400 0    0    9    0    5 0.495 148.9 115.9 -27.9 -16.8
19141230.356    712200 0   19   49   11   27 0.382 155.8 109.5 -23.4  -9.8
19141230.356    712500 9    5   34    4   54 0.949 294.5 188.1  22.1  68.8
19141230.356    712600 9   22   43   38   43 0.866 104.1  59.4 -13.7 -59.9
19141231.375    712200 0   14   29    7   16 0.351 188.6 109.2 -23.5   3.3
19141231.375    712500 9    0   15    0   44 0.987 294.1 184.3  23.2  78.4
19141231.375    712600 9   23   37   24   27 0.741 105.9  58.7 -13.9 -47.2
19141231.375    712700 7    4   19   22   62 0.989  74.4  25.6  14.9 -80.3
