1912 3 4.515   7810100 0    0    4    0    3 0.726 268.3  94.0  -6.2  46.9
1912 3 7.417    697700 1   12   23   94  188 0.963 100.5 293.5 -12.0 -75.4
1912 3 8.459    697700 1   33  265   36  292 0.890 100.3 291.5 -12.4 -63.7
1912 3 9.415    697700 1   54  252   41  193 0.757  99.9 292.9 -12.2 -49.7
1912 310.470    697700 1   57  325   35  199 0.568 101.1 293.9 -12.2 -34.8
1912 311.602    697700 1   57  327   30  175 0.346 107.1 293.9 -12.6 -19.8
1912 312.431    697700 1   47  273   23  140 0.182 123.2 293.8 -12.8  -9.0
1912 313.445    697700 1   54  270   26  135 0.137 226.9 295.3 -12.5   5.9
1912 314.605    697700 1   38  189   20  101 0.373 254.4 295.8 -12.4  21.6
1912 315.554    697700 1   42  203   25  123 0.554 257.9 295.3 -12.6  33.7
1912 316.417    697700 1   35  156   24  113 0.714 259.7 296.3 -12.3  46.0
1912 317.384    697700 1   18   73   17   70 0.852 259.4 296.6 -12.7  59.1
1912 318.455    697700 1    9   28   14   47 0.956 257.9 297.4 -13.6  74.0
1912 4 1.355   7820100 0    0    8    0    5 0.548 303.3  68.0  11.9  27.9
1912 4 7.508    697900 2    0    9    0    5 0.156  99.7 310.0  -7.4  -8.9
1912 4 8.383    697900 2    0   33    0   17 0.068 227.8 310.2  -8.5   2.9
1912 4 8.383    698000 9    9   63    4   31 0.123 144.2 303.1 -11.6  -4.2
1912 4 9.367    697900 2    4   25    2   13 0.276 262.4 310.3  -7.7  16.0
1912 4 9.367    698000 9   21  157   10   80 0.185 239.1 303.6 -11.2   9.3
1912 410.362    698000 6  135  536   73  293 0.398 256.6 304.4 -10.6  23.2
1912 411.358    698000 6  132  516   83  325 0.606 260.0 305.5 -10.6  37.4
1912 412.356    698000 6  131  664  102  518 0.766 260.7 305.2 -10.7  50.3
1912 413.408    698000 6  120  522  134  596 0.898 260.5 305.5 -10.9  64.5
1912 414.920    698000 6   64  402  107  685 0.957 259.9 305.8 -11.2  73.8
1912 421.520   7830100 7    2   29    1   18 0.572 299.7 164.5  12.3  30.6
1912 430.341    698200 7    5    5   39   47 0.958  99.6 303.5 -10.3 -73.8
1912 430.341    698300 0    0    4    0   14 0.930  97.7 308.5  -8.6 -68.8
1912 5 1.330    698200 7    8   29   15   56 0.876 100.7 302.9 -11.2 -61.4
1912 5 1.330    698300 0    0    4    0    6 0.815  97.3 309.5  -8.2 -54.8
1912 5 2.343    698200 7   19   97   19   98 0.729 101.2 304.2 -10.7 -46.7
1912 5 3.291    698200 7   17   70   12   52 0.569 104.8 304.2 -11.4 -34.1
1912 5 4.466    698200 7    2   45    1   27 0.344 114.7 304.2 -11.6 -18.6
1912 5 4.466   7840100 0    2   10    1    5 0.161 140.2 316.8 -10.6  -6.0
1912 5 4.466   7840200 2    0   31    0   17 0.364 123.6 304.5 -15.0 -18.3
1912 5 5.412    698200 7    4   65    2   35 0.191 140.0 303.1 -11.8  -7.2
1912 5 6.664    698200 7    0   21    0   11 0.234 234.4 304.9 -11.1  11.2
1912 5 7.427    698200 7    2   62    1   32 0.410 250.8 306.8 -10.7  23.2
1912 5 7.427   7840300 0    0   22    0   12 0.429 263.7 309.0  -5.6  25.4
1912 5 8.418    698200 7    8   47    4   26 0.586 253.5 305.7 -12.1  35.1
1912 5 9.338    698200 7    0    8    0    5 0.726 256.8 304.6 -11.6  46.2
1912 5 9.338    698500 0    4   17    2    9 0.324 229.6 273.2 -15.0  14.8
1912 510.320    698500 0    0    9    0    5 0.499 246.9 273.6 -13.8  28.2
1912 513.322   7840400 0    2   14    1    8 0.423  60.9 183.7   9.5 -22.0
1912 513.322   7840500 0    0   11    0    7 0.700  97.7 161.3  -7.2 -44.4
1912 514.315   7840600 0    0    8    0    5 0.354  37.3 179.8  14.0 -12.8
1912 526.486    698800 7    0    8    3   12 0.938  98.3 321.9  -8.1 -69.6
1912 527.429    698800 7    7   32   10   49 0.843  98.8 321.8  -7.9 -57.3
1912 528.353    698800 7    8   55    7   54 0.723 100.8 320.9  -8.3 -45.9
1912 529.492    698800 7    8   59    5   43 0.517 105.3 321.5  -8.4 -30.3
1912 530.431    698800 7    0   24    0   14 0.324 120.9 323.0 -10.1 -16.4
1912 531.600    698800 7    0   22    0   12 0.166 152.8 319.5  -8.9  -4.4
1912 531.600    698900 7   12   48    7   31 0.818 260.2  18.4  -8.2  54.5
1912 531.600    699000 2    8   51    4   32 0.791 258.5  15.7  -9.3  51.8
1912 6 1.308    698900 7    8   97    7   86 0.904 261.9  19.0  -7.4  64.5
1912 6 1.308    699000 2   17  101   13   80 0.872 258.7  14.7 -10.0  60.2
1912 6 2.599    698900 7    0   45    0  171 0.992 263.2  19.9  -6.8  82.5
1912 6 2.599    699000 2   11   55   21  112 0.970 258.6  13.0 -11.1  75.6
1912 6 3.307    699000 2    0   37    0   71 0.995 258.8  12.0 -11.1  84.0
1912 616.513   7850100 0    2    9    1    5 0.122 215.6 117.4  -4.2   4.1
1912 617.354    699200 0   21   25  166  204 0.968  97.1  27.0  -6.5 -75.1
1912 618.446    699200 0   30   87   58  172 0.876  98.1  27.0  -6.2 -60.7
1912 618.446   7850200 7    4   47    2   24 0.258 303.6 100.3   9.9  12.6
1912 619.353    699200 0   34  177   36  189 0.759  99.8  26.9  -6.2 -48.8
1912 620.310    699200 1   54  239   41  183 0.598 102.8  27.1  -6.0 -35.9
1912 621.316    699200 0   62  271   38  169 0.407 109.5  27.0  -5.9 -22.7
1912 622.306    699200 0   62  283   33  155 0.215 130.9  27.2  -5.9  -9.4
1912 623.474    699200 0   66  317   33  162 0.179 218.2  27.5  -5.8   6.4
1912 624.332    699200 0   55  304   27  154 0.337 245.2  27.7  -5.8  17.9
1912 625.416    699200 0   41  276   21  146 0.552 255.5  27.9  -5.8  32.5
1912 625.416    699300 9    0   15    0   10 0.462 130.6 334.1 -15.1 -21.3
1912 626.322    699200 0   43  240   25  144 0.712 259.3  28.1  -5.7  44.7
1912 626.322    699300 9    0   10    0    6 0.341 153.4 334.3 -15.1  -9.1
1912 627.430    699200 0   34  194   24  138 0.864 262.0  28.0  -5.5  59.3
1912 627.430    699300 9    0    7    0    4 0.307 192.4 332.6 -14.7   3.9
1912 628.496    699200 0   21  147   20  146 0.962 263.5  28.4  -5.5  73.8
1912 7 2.452    699400 9    0    2    0    9 0.932 105.1 194.9 -12.8 -67.4
1912 7 2.452   7860100 0    0    5    0    4 0.832 100.3 206.8  -6.7 -55.5
1912 7 3.394    699400 9    2    5    2    8 0.837 107.4 194.9 -12.5 -54.9
1912 7 4.656    699400 9    0   22    0   19 0.621 113.6 197.6 -11.5 -35.5
1912 7 5.599    699400 9    0   18    0   12 0.459 124.2 197.8 -11.6 -22.8
1912 7 5.599    699500 0    3    8    2    8 0.690  99.2 177.6  -3.7 -43.0
1912 7 6.327    699500 4   11   29    7   21 0.581  99.6 176.0  -2.5 -35.0
1912 7 7.504    699500 4   20   65   12   40 0.337 110.1 176.9  -3.0 -18.5
1912 7 8.336    699500 4    8   74    4   40 0.185 130.5 176.3  -3.0  -8.1
1912 7 9.314    699500 4   25  106   12   54 0.153 214.7 176.5  -3.2   5.0
1912 710.486    699500 4   12   57    6   29 0.365 249.1 176.0  -3.6  20.0
1912 711.298    699500 4    5   48    2   26 0.529 257.4 176.3  -3.0  31.1
1912 712.350    699500 0    0    8    0    5 0.726 261.6 177.3  -3.1  46.0
1912 713.369    699500 0    0    8    0    6 0.852 264.9 175.9  -2.0  58.1
1912 717.313    699600 0    0    5    0    5 0.644 104.4  26.8  -5.5 -38.8
1912 718.529    699600 0    0   14    0    9 0.397 117.2  28.7  -5.9 -20.8
1912 828.362   7880100 0    0   10    0    8 0.749 101.8 182.3  -4.0 -47.3
1912 9 6.356    699800 8    0    2    0   13 0.951  97.2  39.7  -4.5 -71.1
1912 9 7.352    699800 8    8   25   13   43 0.862  99.9  39.3  -4.8 -58.4
1912 9 7.352    699810 0    0   12    0    9 0.867 259.0 156.5  -5.8  58.8
1912 9 8.440    699800 8   21   68   20   68 0.707 104.1  39.8  -4.7 -43.5
1912 9 8.440    699810 0    0   18    0   17 0.955 259.9 154.8  -7.4  71.5
1912 9 9.368    699800 8   12   49    8   34 0.513 111.5  42.5  -4.5 -28.6
1912 910.870    699800 7   14   55    8   32 0.358 123.5  44.2  -4.5 -17.4
1912 911.506    699800 7    2   45    1   25 0.213 180.0  42.8  -5.1   0.0
1912 912.417    699800 7    0   51    0   26 0.309 229.4  44.4  -4.6  13.6
1912 912.417    699900 4    4   19    3   16 0.657 111.2 352.6  -8.1 -38.2
1912 913.424    699800 7    0   36    0   19 0.447 242.1  40.9  -5.5  23.4
1912 913.424    699900 4   10   51    6   34 0.484 120.7 352.7  -7.8 -24.8
1912 914.485    699900 4   29  128   16   74 0.321 145.5 352.9  -8.3 -10.6
1912 914.485   7890100 7    8   31   10   39 0.918 257.6  68.5  -8.4  65.0
1912 915.440    699900 4   42  201   22  106 0.266 188.2 353.1  -8.1   2.2
1912 916.117    699900 4   48  188   24   98 0.330 217.5 353.7  -8.2  11.7
1912 917.193    699900 4   22  114   11   60 0.480 236.5 351.7  -8.9  23.9
1912 918.389    699900 4   53  286   30  163 0.690 249.4 352.8  -8.7  40.8
1912 919.800    699900 4   71  379   48  262 0.795 253.5 353.3  -8.6  50.4
1912 920.444    699900 4   13  189   10  159 0.947 257.9 354.6  -9.1  69.7
1912 925.413    700100 4    8   18    9   21 0.782 102.4 169.2  -5.3 -50.1
1912 926.358    700100 4   21   79   17   65 0.644 107.0 168.6  -5.5 -38.2
1912 927.361    700100 4   12   45    7   29 0.447 117.4 170.1  -5.7 -23.5
1912 928.388    700100 4    2   10    1    6 0.252 145.2 171.7  -5.3  -8.3
191210 5.471    700200 6   38  130   20   71 0.247 155.6  80.6  -6.7  -5.9
191210 6.545    700200 6  136  444   70  230 0.274 211.5  80.7  -7.3   8.3
191210 7.508    700200 6  126  693   65  362 0.433 236.6  81.1  -8.0  21.4
191210 8.479    700200 6  105  696   58  386 0.606 248.1  81.5  -8.0  34.6
191210 9.462    700200 5   58  431   36  273 0.770 253.8  82.3  -8.4  48.4
19121010.440    700200 5   31  223   25  181 0.905 257.3  84.3  -8.8  63.3
19121011.508    700200 0    8  136    9  164 0.984 259.8  85.6  -8.9  78.7
19121018.420    700300 9    0    5    0   20 0.934  97.0 207.3  -4.6 -68.4
19121019.432    700300 9    2    6    2    9 0.823 100.1 207.9  -5.2 -54.5
19121020.415    700300 9    0    8    0    8 0.681 102.7 207.6  -4.7 -41.8
19121116.407    700400 9    0    4    0    8 0.895  93.9 190.1  -2.4 -63.4
19121117.406    700400 9    7   23    8   27 0.779  95.5 189.5  -2.9 -50.9
19121118.506    700400 9    6   25    4   20 0.588  97.5 190.2  -2.7 -35.7
19121119.426    700400 9   10   49    6   31 0.419 100.1 189.3  -2.4 -24.4
19121212.475    700500 7    0    1    0    6 0.950  91.0 198.1  -1.2 -71.9
19121212.475    700600 1   10   32   17   56 0.959  91.3 196.5  -1.5 -73.5
19121213.324    700500 7    4   24    5   36 0.853  91.2 200.2  -1.6 -58.6
19121213.324    700600 1   29   91   56  176 0.890  91.4 195.9  -1.7 -62.9
19121214.336    700500 7   16   58   15   55 0.697  91.0 201.3  -1.5 -44.2
19121214.336    700600 1   42  176   45  193 0.760  91.2 196.0  -1.7 -49.5
19121215.405    700500 7   28  125   19   88 0.498  91.4 201.5  -1.8 -29.9
19121215.405    700600 1   55  235   43  185 0.583  91.1 195.7  -1.7 -35.7
19121216.518    700500 7   26  174   14   98 0.220  91.9 204.0  -1.8 -12.7
19121216.518    700600 1   39  179   23  110 0.348  91.3 196.3  -1.8 -20.4
19121216.518    700700 9    0   31    0   17 0.403 335.9 226.8  20.2  10.1
19121217.427    700500 7   45  195   23  100 0.006 195.8 204.8  -1.9   0.1
19121217.427    700600 1   24  110   12   59 0.150  92.5 196.1  -1.9  -8.6
19121217.427    700700 9   26  126   14   69 0.515 315.5 227.3  20.1  22.6
19121218.375    700500 8   63  253   31  127 0.213 269.2 204.5  -1.8  12.3
19121218.375    700600 1    9   51    4   26 0.073 270.9 196.4  -1.6   4.2
19121218.375    700700 9   13   58    7   34 0.668 303.5 228.6  20.3  36.4
19121219.473    700500 8   87  548   44  279 0.433 268.9 203.5  -2.1  25.7
19121220.357    700500 8   78  570   43  318 0.615 268.9 204.1  -2.2  38.0
19121221.560    700500 8   67  394   42  250 0.808 269.0 204.2  -2.0  53.9
19121222.542    700500 8   16  157   13  136 0.926 268.6 205.1  -2.1  67.8
19121229.508    700800 4   10   64    5   37 0.517 340.3  56.8  26.2  11.2
19121230.448    700800 4    9   53    5   31 0.598 324.6  55.9  26.3  22.7
19121231.521    700800 4   12   69    7   43 0.726 310.7  56.8  25.7  37.7
