1911 1 3.450    692100 9   14   37   52  139 0.986  93.9 188.1  -4.4 -80.7
1911 1 4.392    692100 9   40   57  124  179 0.927  93.2 188.2  -4.3 -68.2
1911 1 5.544    692100 9   61  106   86  150 0.802  93.0 187.7  -4.7 -53.5
1911 1 6.290    692100 9   32   98   27   86 0.701  92.2 186.8  -4.3 -44.6
1911 1 7.402    692100 9   28  184   19  129 0.490  91.4 187.4  -4.2 -29.4
1911 1 8.372    692100 9   27  170   15   98 0.292  91.6 187.0  -4.4 -17.0
1911 1 9.433    692100 9   40  195   21  103 0.065  94.3 186.3  -4.5  -3.7
1911 110.527    692100 9   42  191   21   96 0.204 270.2 187.4  -4.2  11.8
1911 111.442    692100 9   31  143   15   73 0.401 268.7 187.3  -4.6  23.7
1911 112.437    692100 9   16  104    8   57 0.604 268.2 187.8  -4.7  37.3
1911 113.175    692100 9   23   96   14   61 0.734 268.2 188.2  -4.5  47.4
1911 114.382    692100 9    6   44    4   32 0.888 267.2 187.8  -4.7  62.9
1911 130.611    692200 9    0   13    0   14 0.710 112.2 226.8 -20.0 -44.4
1911 2 1.487    692200 9    0   14    0    9 0.398 126.3 226.6 -19.5 -19.9
1911 2 9.435    692400 9    0   17    0   11 0.739 275.0 189.2  -0.8  47.4
1911 2 9.435    692500 0    0    8    0   68 0.989 100.4  59.1 -11.2 -82.7
1911 210.441    692400 9    2   22    1   16 0.868 272.0 188.8  -1.6  60.2
1911 210.441    692500 0   13   25   51  102 0.936  99.6  58.3 -11.3 -70.3
1911 210.441    692600 9    2    9    1    5 0.605 256.2 165.8 -13.7  37.2
1911 210.441    692700 8    0   17    0   34 0.970 102.0  51.6 -13.2 -77.0
1911 211.523    692500 0   26   89   39  135 0.834  99.2  57.2 -11.4 -57.1
1911 211.523    692600 9    8   74    5   48 0.807 258.8 168.6 -13.0  54.3
1911 211.523    692700 8    0    2    0    7 0.908 101.6  48.2 -13.3 -66.1
1911 212.594    692500 0   38  156   34  143 0.673  99.8  57.6 -11.6 -42.6
1911 212.594    692600 9    0   51    0   40 0.899 257.9 165.1 -13.8  64.9
1911 212.594    692700 8   14   54   16   66 0.783 102.5  48.2 -14.0 -52.0
1911 213.526    692500 0   21  113   14   76 0.493 100.8  58.4 -11.3 -29.6
1911 213.526    692700 8   23   89   18   71 0.619 102.8  49.7 -13.3 -38.3
1911 214.440    692500 1   28  114   16   66 0.306 105.6  58.4 -11.3 -17.5
1911 214.440    692700 8   59  208   37  134 0.446 106.5  49.8 -13.5 -26.1
1911 215.475    692500 1   38  145   20   77 0.120 134.9  57.3 -11.8  -5.0
1911 215.475    692700 8   40  138   22   78 0.252 120.0  49.3 -14.0 -13.0
1911 216.455    692500 1   41  224   20  113 0.149 236.8  56.7 -11.6   7.3
1911 216.455    692700 8   17  133    8   69 0.119 177.5  49.1 -13.8  -0.3
1911 217.536    692500 1   46  204   23  103 0.369 255.6  56.5 -11.8  21.4
1911 217.536    692700 8    6   41    3   21 0.280 246.8  50.4 -13.1  15.3
1911 218.426    692500 1   29  156   15   84 0.542 258.8  56.3 -12.0  32.9
1911 218.426    692700 8    4   40    2   21 0.442 252.0  49.1 -14.2  25.7
1911 219.497    692500 1   17   77   10   47 0.751 261.3  58.5 -11.2  49.2
1911 220.500    692500 1    4   44    2   33 0.874 260.9  57.8 -11.4  61.7
1911 220.500   7680100 2    0   13    0    7 0.235 308.4   6.7   1.4  10.6
1911 226.429    692800 7    8   42   36  194 0.993  88.1 195.0   1.0 -83.0
1911 227.437    692800 7   38  209   53  295 0.937  86.1 195.5   1.1 -69.2
1911 228.462    692800 7   67  339   59  306 0.837  83.7 194.9   1.3 -56.3
1911 3 1.449    692800 7   80  481   55  332 0.689  80.3 195.4   1.4 -42.8
1911 3 2.408    692800 7  102  411   69  279 0.511  74.4 196.1   1.6 -29.5
1911 3 2.408    692900 9    0   53    0   43 0.635 103.1 186.0 -13.9 -39.6
1911 3 3.447    692800 7   78  392   45  227 0.311  61.7 196.0   1.5 -15.9
1911 3 3.447    692900 3   16   70   10   48 0.486 109.0 183.4 -15.5 -28.5
1911 3 4.428    692800 7   66  279   34  147 0.113  29.6 195.8  -1.6  -3.2
1911 3 4.428    692900 3    7   50    4   29 0.293 117.6 183.4 -14.8 -15.6
1911 3 5.494    692800 7   20  121   10   61 0.218 294.1 196.5  -2.0  11.5
1911 3 5.494    692900 9    5   71    2   37 0.126 177.7 184.7 -14.5  -0.3
1911 3 5.494   7680200 0    0   16    0   25 0.946 257.3 257.2 -14.3  72.2
1911 3 6.394    692800 4    4  135    2   69 0.366 283.4 194.0  -1.9  20.9
1911 3 6.394    692900 9    2   71    1   36 0.260 239.6 186.5 -14.6  13.4
1911 3 7.441    692800 4    0   32    0   18 0.630 275.3 198.2  -2.3  38.9
1911 3 7.441    692900 9    0   21    0   11 0.388 251.2 181.5 -13.9  22.2
1911 3 7.441   7680300 2    2   16    1   10 0.619 293.2 194.4   8.2  35.1
1911 3 7.441   7680400 0    2   11    1    7 0.698 100.4 114.6 -12.4 -44.7
1911 3 8.448    693200 0    2    4   15   33 0.984  97.0  65.3  -8.1 -80.7
1911 3 9.531    693200 0   10   19   32   62 0.918  96.3  64.4  -8.6 -67.4
1911 310.437    692910 4    6   56    5   48 0.914 257.2 186.8 -14.6  67.0
1911 310.437    693200 0    9   23   11   30 0.815  95.3  64.7  -8.5 -55.1
1911 311.451    692910 4    9  108   11  140 0.985 256.5 188.2 -14.4  81.7
1911 311.451    693200 0    9   21    7   19 0.661  94.9  64.7  -8.6 -41.8
1911 312.574    693200 0    4   19    2   13 0.454  95.1  64.5  -8.7 -27.2
1911 313.431   7680500 2    3   55    2   31 0.471  72.6  53.7   1.7 -26.7
1911 315.512    693400 0    0   11    0    6 0.415 262.9  77.6  -9.4  24.7
1911 316.462    693400 0    2   10    1    6 0.595 265.9  77.2  -8.1  36.8
1911 324.633    693600 9    4   17    4   20 0.740  96.7 244.5  -9.5 -48.2
1911 325.464    693600 9    0   29    0   23 0.633  98.3 242.1 -10.5 -39.6
1911 328.521    693700 6    5   17    7   27 0.831  87.4 185.3  -1.5 -56.1
1911 329.445    693700 6   13   41   11   36 0.664  84.7 187.8  -1.4 -41.4
1911 330.446    693700 6   52  197   35  134 0.483  81.1 187.5  -1.4 -28.5
1911 331.118    693700 6   62  314   35  179 0.324  75.9 188.9  -1.6 -18.3
1911 4 1.435    693700 1   90  389   47  204 0.091 339.7 191.6  -1.5   1.8
1911 4 1.435    693800 7   10   97   28  273 0.993  78.9 108.1  10.2 -81.7
1911 4 2.364    693700 1   64  309   32  156 0.296 284.2 194.2  -1.9  16.7
1911 4 2.364    693800 7   26   68  110  288 0.941  76.8 108.9  10.2 -68.6
1911 4 2.364    693900 2   12   68    7   43 0.754 288.2 224.0   9.3  46.5
1911 4 3.493    693700 1   37  244   19  130 0.569 275.6 197.1  -2.0  34.5
1911 4 3.493    693800 7   68  168  104  260 0.835  73.5 108.2  10.1 -54.4
1911 4 3.493    693900 0    0   18    0   14 0.901 283.2 225.3   9.1  62.7
1911 4 3.493    694000 0   20   72   39  144 0.968  97.1  86.4  -8.4 -76.2
1911 4 4.452    693700 1   48  202   36  149 0.734 273.0 197.2  -2.0  47.2
1911 4 4.452    693800 7   64  295   44  206 0.697  69.8 108.5   9.3 -41.5
1911 4 4.452    694000 0   31  177   34  196 0.892  96.5  86.3  -8.6 -63.7
1911 4 5.454    693700 1   33  364   24  273 0.877 270.6 198.2  -2.4  61.4
1911 4 5.454    693800 7   62  206   43  145 0.534  61.5 108.4   9.4 -28.4
1911 4 5.454    694000 0   31  131   34  147 0.765  95.8  86.5  -8.4 -50.3
1911 4 6.614    693700 1   16  211   17  235 0.981 269.4 200.5  -1.8  79.0
1911 4 6.614    693800 9   23   99   13   59 0.340  39.6 108.8   9.3 -12.7
1911 4 6.614    694000 0   41  203   32  160 0.570  95.7  86.5  -8.2 -35.0
1911 4 7.502    693800 9    5   31    2   17 0.262   6.8 108.0   9.1  -1.8
1911 4 7.502    694000 0   54  264   33  162 0.394  96.6  86.5  -8.1 -23.3
1911 4 8.458    693800 9   12   82    6   43 0.332 326.7 107.8  10.3  10.7
1911 4 8.458    694000 0   51  252   27  138 0.187 102.8  86.5  -8.2 -10.6
1911 4 9.402    693800 9    3   41    1   22 0.468 302.0 108.4   9.0  23.7
1911 4 9.402    694000 0   39  260   19  133 0.051 219.8  86.6  -8.1   1.9
1911 4 9.402   7690100 2   10   24    7   17 0.708 264.5 130.1  -8.0  45.4
1911 410.452    693800 9    0   31    0   18 0.653 292.8 108.5  10.1  37.7
1911 410.452    694000 0   42  239   21  120 0.272 260.6  86.5  -8.1  15.7
1911 411.619    694000 0   35  219   18  114 0.513 263.2  86.4  -8.4  31.0
1911 412.459    694000 0   25  194   14  113 0.669 263.5  86.5  -8.5  42.2
1911 413.461    694000 0   30  215   20  144 0.822 263.1  86.8  -8.8  55.7
1911 414.493    694000 0   12  147   10  127 0.933 263.0  86.8  -8.5  69.4
1911 415.466    694000 0    8  130   10  175 0.987 261.9  86.2  -8.8  81.6
1911 421.509    694200 0   10   21   64  136 0.988  91.2 203.5  -1.9 -81.3
1911 422.468    694200 0   29   41  114  166 0.936  90.1 202.7  -1.8 -69.4
1911 423.386    694200 0   28  147   25  135 0.839  89.2 202.9  -1.9 -57.1
1911 423.386    694400 0   26   90   40  138 0.946  95.9 188.6  -7.1 -71.4
1911 423.386    694500 9   18   68   26  102 0.943  99.6 188.9 -10.6 -71.1
1911 424.433    694200 0   42  234   29  162 0.691  87.7 202.5  -1.7 -43.7
1911 424.433    694300 0    7   28    7   25 0.827  90.4 190.3  -2.9 -55.9
1911 424.433    694400 0   29  199   27  182 0.838  95.0 189.0  -6.7 -57.2
1911 424.433    694500 9   16  105   15   97 0.841  99.6 188.7 -10.5 -57.5
1911 425.113    694200 0   41  227   25  139 0.571  87.1 202.4  -2.0 -34.8
1911 425.113    694300 0    5   14    4   11 0.735  89.8 189.8  -2.9 -47.4
1911 425.113    694400 0   35  208   26  156 0.744  95.1 188.9  -6.8 -48.3
1911 425.113    694500 9   21  132   16  100 0.754 100.3 188.2 -10.7 -49.0
1911 425.113   7700100 2    2   10    1    5 0.210 251.1 248.8  -8.3  11.6
1911 426.425    694200 0   54  282   28  147 0.300  82.4 202.5  -1.9 -17.3
1911 426.425    694300 0    7   25    4   15 0.495  88.0 190.1  -2.8 -29.7
1911 426.425    694400 0   48  301   28  176 0.511  95.0 189.0  -6.3 -30.8
1911 426.425    694500 9   25  117   15   69 0.530 103.0 188.1 -10.6 -31.7
1911 427.611    694200 0   59  268   31  141 0.051  32.8 202.6  -1.8  -1.6
1911 427.611    694400 0   61  276   35  161 0.263  97.1 189.0  -6.0 -15.2
1911 427.611    694500 9   25  109   14   65 0.300 111.4 187.7 -10.4 -16.5
1911 428.528    694200 0   54  277   27  139 0.188 281.8 202.6  -1.9  10.6
1911 428.528    694400 0   61  318   31  165 0.056 120.2 189.2  -5.8  -2.8
1911 428.528    694500 9   23   76   12   40 0.127 144.5 187.7 -10.1  -4.3
1911 428.528    694510 9    0   24    0   15 0.391 116.1 170.8 -13.8 -21.2
1911 429.396    694200 0   44  253   22  129 0.379 275.5 202.8  -1.7  22.2
1911 429.396    694400 0   63  333   31  167 0.154 258.4 189.3  -5.8   8.7
1911 429.396    694500 9   10   49    5   25 0.154 230.3 187.5  -9.7   6.9
1911 429.396    694510 9    0   22    0   12 0.203 133.8 172.0 -12.1  -8.6
1911 430.539    694200 0   38  282   20  153 0.610 272.1 203.1  -1.9  37.6
1911 430.539    694400 0   52  336   26  170 0.408 264.7 189.6  -5.8  24.1
1911 430.539    694500 9    7   27    3   14 0.390 252.5 187.7 -10.4  22.2
1911 430.539   7700200 2    4   25    3   17 0.686 103.6 122.5 -12.2 -43.0
1911 5 1.306    694200 0   29  190   18  120 0.739 271.2 203.0  -1.7  47.7
1911 5 1.306    694400 2   46  308   25  168 0.562 265.6 189.6  -5.7  34.3
1911 5 1.306    694500 9    7   20    3   11 0.537 256.7 187.4 -10.4  32.1
1911 5 2.525    694200 0   18  110   20  125 0.898 269.9 203.2  -1.7  64.0
1911 5 2.525    694400 0   31  191   24  151 0.773 265.6 190.0  -5.8  50.8
1911 5 2.525    694500 9    2   10    2    7 0.747 258.9 187.5 -10.8  48.3
1911 5 2.525    694700 0    0    9    0   21 0.978 103.6  60.6 -14.1 -78.6
1911 5 3.307    694200 0   15  100   17  118 0.966 269.3 204.0  -1.6  75.1
1911 5 3.307    694400 0   23  216   18  171 0.876 265.5 190.3  -5.7  61.4
1911 5 3.307    694500 9    0   26    0   20 0.851 259.4 187.3 -10.9  58.4
1911 5 3.307    694700 0    0    8    0   21 0.927 103.7  60.7 -14.1 -68.2
1911 5 4.306    694400 0   19  151   19  156 0.965 265.1 190.8  -5.7  75.1
1911 5 4.306    694700 0    8   16   10   22 0.817 104.6  61.1 -14.0 -54.6
1911 5 4.306    694800 6    2   13    1    7 0.176 238.4 124.4  -8.8   8.7
1911 5 5.306    694700 0    4   12    3   11 0.665 107.3  61.6 -14.0 -40.9
1911 5 5.306    694800 6   23  137   11   70 0.387 253.5 124.6  -9.5  22.1
1911 5 5.306    694900 4    7   47    9   68 0.825  98.8  46.8  -9.2 -55.7
1911 5 6.300    694800 6   49  193   26  106 0.601 258.5 126.0  -9.6  36.7
1911 5 6.300    694900 4   21   76   18   69 0.686  98.8  46.0  -8.5 -43.3
1911 5 7.538    694800 6   21  192   13  122 0.811 260.5 127.2  -9.6  54.2
1911 5 7.538    694900 4   11   67    7   48 0.488  99.8  44.0  -7.6 -29.0
1911 5 8.307    694800 6   13   89   11   76 0.901 260.8 127.3  -9.6  64.5
1911 5 8.307    694900 4   32  150   17   84 0.282 109.4  47.2  -8.4 -15.6
1911 5 9.313    694800 6    0   57    0   59 0.964 260.2 124.4 -10.2  74.9
1911 5 9.313    694900 4   19   80    9   42 0.097 169.8  48.5  -8.5  -1.0
1911 520.860    695000 0    9    9   58   64 0.960  96.5 193.1  -6.7 -73.9
1911 521.490    695000 0    7   11   12   21 0.819  96.8 193.5  -6.5 -54.9
1911 521.490   7710100 0    0   13    0    7 0.218 226.8 257.7 -10.2   9.3
1911 522.305    695000 0   17   36   14   32 0.698  97.5 193.5  -6.3 -44.1
1911 523.338    695000 2    5   19    3   14 0.519 102.2 193.2  -7.5 -30.8
1911 525.440    695100 1    0    2    0   23 0.960  80.1 122.9   9.2 -73.3
1911 526.363    695100 1   30  111   53  199 0.879  79.2 123.0   9.0 -61.0
1911 527.498    695100 1   51  193   53  204 0.727  76.4 123.2   9.2 -45.7
1911 528.512    695100 1   36  259   26  190 0.548  72.1 123.6   9.0 -31.9
1911 529.312    695100 1   48  331   28  197 0.385  65.1 124.2   8.7 -20.7
1911 530.306    695100 1   52  300   27  162 0.195  35.1 125.3   8.6  -6.5
1911 531.506    695100 1   43  333   21  170 0.225 313.6 125.4   8.5   9.5
1911 6 1.315    695100 1   47  290   24  149 0.380 293.1 125.9   8.3  20.7
1911 6 2.314    695100 1   36  299   19  161 0.571 284.9 125.9   8.3  33.9
1911 6 2.314    695200 9    6   27    3   14 0.339 300.8 109.2   9.8  17.2
1911 6 3.515    695100 1   33  268   20  164 0.772 280.6 126.1   8.1  50.0
1911 6 3.515    695200 9    0   15    0    8 0.555 288.0 108.5   9.8  32.4
1911 6 4.662    695100 1   20  193   15  152 0.910 278.9 126.2   8.1  65.3
1911 6 5.409    695100 1   19  146   22  176 0.968 278.3 126.4   8.1  75.4
1911 621.444    695300 0    0    4    0    4 0.657 105.5 159.0  -8.5 -39.8
1911 622.398    695300 0    0    8    0    6 0.495 112.3 158.6  -8.9 -27.6
1911 623.536   7720100 0    7   25    4   14 0.426  71.4 146.9   9.9 -24.2
1911 629.343    695500 9    3    8    4   14 0.858 107.7  37.0 -13.5 -57.2
1911 630.536    695500 9    2   18    2   19 0.710 112.2  35.9 -13.3 -42.5
1911 630.536    695600 9    8   12   11   19 0.811  91.8  24.2   0.3 -54.2
1911 7 1.312    695500 9    0    6    0    5 0.594 117.4  35.4 -13.2 -32.8
1911 7 1.312    695600 9    5   18    4   16 0.693  92.3  24.4   0.7 -43.8
1911 7 2.488    695500 9    0   11    0    7 0.416 128.2  33.1 -11.8 -19.5
1911 7 2.488    695600 9    3   35    2   25 0.468  93.0  24.7   1.5 -27.9
1911 7 2.488   7720200 4    3   35    2   18 0.182 178.9  52.4  -7.2  -0.2
1911 7 3.310    695600 9    2   22    1   13 0.310  95.6  23.7   1.5 -18.0
1911 7 4.317    695600 9    3   36    1   19 0.081 128.9  24.8   0.6  -3.6
1911 712.623    695800 5    2   26    1   22 0.585  84.9 242.6   6.5 -35.9
1911 713.310    695800 5   18   79   11   50 0.465  85.1 241.6   6.2 -27.8
1911 714.311    695800 5   31  128   17   73 0.256  82.4 241.3   6.3 -14.8
1911 715.307    695800 5   17   92    8   48 0.047  47.8 240.9   6.4  -2.0
1911 716.489    695800 5   11   67    5   34 0.232 282.3 240.5   7.4  13.2
1911 725.301    695900 0    4   12    4   15 0.786 110.7  61.8 -12.6 -48.9
1911 726.534    695900 0    0    6    0    5 0.585 120.2  63.2 -12.4 -31.2
1911 729.365   7730100 0    0   13    0    7 0.195 264.0  68.2   4.5  11.2
1911 8 1.435    696000 0    4   11    4   12 0.729 111.8 332.6 -11.4 -43.7
1911 8 5.342    696000 2    6   20    3   11 0.351 209.0 334.7 -11.7  10.0
1911 8 5.342    696100 2    7   11   31   53 0.943 104.7 256.1 -11.6 -68.6
1911 8 6.538    696100 2   11   37   15   53 0.812 109.3 257.4 -11.7 -51.5
1911 8 7.425    696100 2   37  123   32  107 0.685 115.1 257.7 -12.0 -39.4
1911 8 8.311    696100 2   32  134   21   91 0.530 124.4 258.9 -11.7 -26.5
1911 8 9.310    696100 1   46  226   27  135 0.389 144.3 258.8 -12.1 -13.4
1911 810.310    696100 1   46  212   24  115 0.320 181.2 259.4 -12.1   0.4
1911 811.666    696100 2   19   79   10   42 0.448 225.8 260.3 -12.0  19.2
1911 812.309    696100 2   15   66    8   37 0.548 235.4 260.1 -12.3  27.5
1911 813.393    696100 2   10   38    5   23 0.709 245.2 259.4 -12.3  41.2
1911 814.307    696100 2    2   19    1   14 0.842 250.3 260.4 -12.6  54.3
1911 814.307    696200 0    7   12   29   51 0.943  81.5 134.8  10.2 -71.3
1911 815.348    696200 2   10   25   14   38 0.828  82.7 135.9   9.8 -56.5
1911 815.348    696300 2   14   56    7   30 0.530 262.5 224.1   1.8  31.7
1911 816.308    696300 0    5   40    2   24 0.723 265.1 225.8   1.2  46.1
1911 817.363    696300 2    3   29    2   21 0.864 268.0 225.6   1.7  59.8
1911 9 1.348    696400 6   17   21  134  174 0.956  85.3 254.3   6.6 -73.5
1911 9 2.356    696400 6   51  261   52  267 0.871  86.1 253.4   6.9 -61.1
1911 9 3.513    696400 6   54  184   54  185 0.703  87.8 254.2   6.7 -45.0
1911 9 4.357    696400 6   67  277   47  196 0.543  89.2 254.9   6.5 -33.1
1911 9 4.357    696500 0    0    5    0   23 0.947  97.3 217.6  -4.5 -70.4
1911 9 5.438    696400 1   67  347   39  207 0.310  90.9 255.5   6.6 -18.2
1911 9 5.438    696500 0    0    3    0    5 0.838 100.6 217.9  -4.8 -55.8
1911 9 6.365    696400 1   61  322   32  170 0.102  99.0 255.7   6.3  -5.8
1911 9 7.362    696400 1   59  296   29  149 0.135 261.2 256.0   6.0   7.7
1911 9 8.349    696400 1   40  219   20  111 0.355 267.5 256.2   5.9  20.9
1911 9 9.436    696400 1   22  153   11   82 0.583 270.0 256.8   5.9  35.9
1911 910.456    696400 1    4   30    2   19 0.761 271.3 257.4   5.7  49.9
1911 922.360   7750100 2    0    9    0    5 0.131 278.4  57.8   8.0   7.5
191110 2.400    696600 1   20   34   29   50 0.834  85.4 220.8   7.4 -57.0
191110 3.482    696600 1   60  189   55  176 0.684  86.4 220.0   7.2 -43.5
191110 4.426    696600 1   40  153   27  105 0.509  86.9 220.3   7.1 -30.8
191110 5.438    696600 1   30  138   17   81 0.297  87.9 220.3   6.7 -17.4
191110 6.603    696600 1   33  122   17   64 0.037  81.4 220.3   6.6  -2.1
191110 7.439    696600 1   28  111   14   56 0.156 273.5 220.3   6.7   9.0
191110 8.528    696600 1    8   33    4   17 0.403 272.1 220.9   6.5  23.9
19111011.425   7760100 2    0    8    0    6 0.695 269.2 202.8   3.7  44.1
191111 1.477    696800 7   21   94   10   48 0.144 218.2 246.2  -2.4   5.1
191111 1.477   7770100 7    4   23    2   12 0.124 191.3 242.5  -2.9   1.4
191111 2.517    696800 0   10   45    5   23 0.367 254.2 248.1  -2.0  20.7
191111 3.406    696800 0    6   27    3   15 0.565 260.9 249.6  -1.9  33.9
191111 4.970    696800 2    8   27    4   17 0.701 263.4 250.8  -1.9  44.2
191111 9.458    697000 0    0    9    0    8 0.621 108.2  99.3  -8.6 -36.6
19111110.516    697000 0    7   20    4   13 0.409 119.1 100.7  -8.6 -21.2
19111111.402    697000 0    3   10    1    6 0.249 143.6 101.6  -8.6  -8.6
19111112.365    697000 0    4   11    2    6 0.213 201.3 102.0  -8.6   4.5
19111114.617   7770200 2    2   16    1   11 0.694  90.3  23.9   1.7 -44.0
19111121.480    697200 9   14  107   27  210 0.967  92.7 262.2  -2.2 -75.2
19111122.450    697200 9   36   80   71  161 0.886  93.6 262.3  -2.4 -62.3
19111123.411    697200 9   49  179   53  196 0.763  93.9 262.4  -2.0 -49.6
19111124.140    697200 9   54  238   42  186 0.646  94.6 262.2  -1.9 -40.1
19111124.140   7780100 2    1   13    1   11 0.806 103.9 249.6 -10.3 -52.7
19111125.417    697200 9   46  250   29  162 0.384  98.6 263.2  -2.1 -22.3
19111126.368    697200 9   57  285   30  155 0.175 111.3 263.6  -2.5  -9.4
19111127.446    697200 9   47  254   23  129 0.109 241.1 264.3  -2.0   5.5
19111128.512    697200 9   36  236   18  119 0.343 262.5 264.6  -1.7  19.9
19111129.122    697200 9   30  239   16  128 0.477 265.0 265.1  -1.7  28.4
19111130.439    697200 9   24  177   13  101 0.721 266.6 265.4  -2.0  46.1
191112 1.452    697200 9   22  129   15   93 0.862 267.5 265.5  -1.9  59.5
191112 2.139    697200 9    6   38    6   39 0.936 267.7 266.2  -2.0  69.3
19111218.533    697400 2    3   16    3   22 0.786  58.0 294.3  23.5 -46.6
19111219.514    697400 0    2   10    1    8 0.652  50.0 295.1  23.3 -32.9
19111219.514    697500 0    2   10    1    8 0.608 113.4 292.6 -15.4 -35.4
19111220.430    697500 8   34  107   21   69 0.452 119.5 291.9 -14.6 -24.0
19111221.438    697500 8   31  106   17   60 0.280 140.1 291.9 -14.4 -10.7
19111222.445    697500 8   18   78    9   41 0.214 191.9 292.0 -14.2   2.6
19111223.435    697500 8    3   19    1   10 0.346 232.2 292.7 -14.4  16.4
19111224.397    697500 7    4   13    2    7 0.527 246.3 293.6 -14.3  29.9
19111227.438    697600 4    0   45    0   24 0.556 287.7 255.7   7.4  32.3
19111228.447    697600 4    4   53    2   33 0.755 282.5 258.3   7.5  48.0
19111229.441    697600 4    6   54    4   40 0.872 279.5 257.2   6.8  60.0
19111230.246    697600 4    7   25    6   25 0.940 278.8 256.0   7.2  69.4
