1922 1 3.329    941102 4   17   63    9   32 0.135 244.0 164.7  -6.9   7.0
1922 1 3.329   9130400 0    0    5    0    3 0.155 104.3 149.0  -5.7  -8.7
1922 1 4.338    941102 4    7   31    4   17 0.347 259.9 164.5  -6.9  20.1
1922 1 5.334    941102 4   23   94   15   59 0.601 262.2 168.2  -7.7  36.9
1922 1 5.334    941202 4   11   32   13   37 0.899  80.5  68.0   6.9 -63.3
1922 1 5.334   9130500 0    1   13    1    7 0.333  83.2 111.9  -1.3 -19.3
1922 1 6.516    941102 4   13   33   11   28 0.796 263.0 168.6  -7.9  52.9
1922 1 6.516    941202 4   23   49   18   38 0.757  77.2  67.6   7.1 -48.1
1922 1 7.310    941102 4    8   74   10   83 0.893 264.2 168.8  -7.0  63.5
1922 1 7.310    941202 4   26   77   17   49 0.615  73.3  68.9   7.0 -36.4
1922 1 7.310    941301 2    3   19    2   10 0.282   9.0 102.7  12.2  -2.6
1922 1 8.324    941102 4    2   22    8   65 0.985 263.8 172.2  -6.8  80.3
1922 1 8.324    941202 4   23   45   13   25 0.416  63.5  69.9   6.9 -22.0
1922 1 8.324    941401 0    3   36    9   85 0.976  78.5  15.4  10.3 -76.5
1922 1 9.322    941202 4   32  100   17   52 0.265  41.0  68.7   7.4 -10.1
1922 1 9.322    941301 2    3   10    2    6 0.458 303.0 101.8  10.6  23.0
1922 1 9.322    941401 0    9   34   11   41 0.905  76.5  15.3  10.4 -63.5
1922 1 9.322   9130600 0    9   20    5   11 0.320 227.7  93.0 -16.5  14.3
1922 110.530    941202 4   31   80   16   41 0.210 335.1  68.0   6.7   5.1
1922 110.530    941301 8    9   45    6   30 0.645 292.4 100.3  10.8  37.4
1922 110.530    941401 0   20   59   16   46 0.765  72.6  15.0  10.4 -47.9
1922 111.470    941202 4   16   33    9   18 0.338 305.9  66.5   7.2  16.0
1922 111.470    941401 0   15   34   10   22 0.625  66.8  14.7  10.7 -35.8
1922 111.470    941501 1    4   63   20  269 0.993  94.5 327.1  -5.0 -83.4
1922 112.325    941202 4   12   54    7   31 0.467 293.3  64.8   6.6  25.6
1922 112.325    941401 0    8   17    5   10 0.475  58.2  15.0  10.4 -24.2
1922 112.325    941501 1   10   91   16  138 0.942  94.0 328.6  -5.3 -70.6
1922 113.325    941501 1   23  139   22  129 0.837  93.5 328.9  -5.4 -57.1
1922 113.325   9130700 0    3   15    2    8 0.332 251.8  44.7 -10.3  18.7
1922 114.506    941202 4   26   61   22   51 0.795 281.1  62.2   5.9  51.7
1922 114.506    941501 1   50  266   34  178 0.662  93.6 328.9  -5.9 -41.6
1922 115.361    941202 4    2   18    3   20 0.890 279.5  61.2   6.2  62.0
1922 115.361    941501 1   39  248   23  144 0.503  93.7 328.9  -6.0 -30.3
1922 116.457    941501 1   50  290   26  151 0.268  95.2 329.2  -6.1 -15.6
1922 117.463    941501 1   33  271   17  136 0.038 114.7 329.6  -5.9  -2.0
1922 118.437    941501 1   54  259   28  132 0.193 263.2 329.8  -6.3  11.1
1922 118.437   9140100 0    1   13    1    7 0.266 279.8 333.9  -2.3  15.2
1922 119.327    941501 1   46  228   25  124 0.386 265.8 329.8  -6.4  22.8
1922 120.487    941501 1   42  194   27  124 0.617 266.3 330.1  -6.4  38.3
1922 121.315    941501 1   22  146   17  112 0.754 265.9 330.0  -6.6  49.2
1922 121.315   9140200 0   13   18    7   10 0.341 261.3 300.7  -8.0  19.9
1922 122.340    941501 1   15   99   17  109 0.888 265.1 330.3  -6.8  63.0
1922 123.596    941501 1    6   37   20  110 0.984 264.3 331.1  -6.6  80.3
1922 123.596   9140300 0    1    9    1    6 0.610  88.1 213.2  -3.2 -37.6
1922 130.517   9140400 0    0    1    0    1 0.317 207.5 168.8 -22.3   9.1
1922 2 1.502    941605 4    5   19    3   10 0.304  92.3 115.8  -6.6 -17.8
1922 2 2.346    941605 4   17   43    9   22 0.137  90.0 114.5  -6.2  -7.9
1922 2 3.482    941605 4    5   23    3   12 0.121 268.2 114.5  -6.5   7.0
1922 2 4.322    941605 4    1   11    1    6 0.286 263.8 113.1  -7.9  16.7
1922 2 5.333    941701 0    2    3    2    3 0.750 288.6 129.2   9.4  46.1
1922 2 5.333   9140500 0    0   19    0   10 0.210  34.2  76.3   3.6  -6.8
1922 2 6.463    941701 2    3   17    4   20 0.893 284.2 129.6   9.6  61.4
1922 2 6.463    941801 0    1    9    1    5 0.263  16.4  63.9   8.1  -4.3
1922 2 6.463    941901 0   15   23    8   12 0.253 121.2  55.3 -13.9 -12.9
1922 2 6.463    942002 0    1    3    1    2 0.539  58.3  40.4  10.7 -27.8
1922 2 6.463   9140600 0    0   27    0   14 0.212 115.4  56.9 -11.6 -11.3
1922 2 7.548    941801 0    1    3    1    2 0.299 324.9  63.9   7.7  10.0
1922 2 7.548    941901 0    3   13    2    7 0.128 186.1  54.7 -13.9   0.8
1922 2 7.548    942002 4   44  177   24   96 0.377  35.8  40.9  11.4 -13.0
1922 2 7.548    942105 0   10   41   28  108 0.980  94.9 334.8  -6.1 -79.1
1922 2 8.443    942002 4   81  380   43  200 0.308   4.5  40.8  11.3  -1.4
1922 2 8.443    942105 0   17   74   22   95 0.919  93.7 334.9  -6.0 -67.3
1922 2 9.470    941801 0    1    4    1    3 0.604 291.5  63.1   7.3  34.5
1922 2 9.470    942002 4   68  304   37  164 0.370 320.9  42.3  10.2  13.7
1922 2 9.470    942105 0   21  134   18  113 0.803  92.0 334.9  -5.6 -53.7
1922 2 9.470   9140700 0    1    9    1    5 0.290 302.4  42.8   2.5  14.2
1922 2 9.470   9140800 0    1    9    1    5 0.334  12.6  24.3  12.4  -4.3
1922 210.441    942002 4   91  352   54  208 0.531 301.4  43.3  10.1  27.4
1922 210.441    942105 0   22  135   15   89 0.648  90.6 335.3  -5.5 -40.6
1922 210.441    942202 9   13   74    9   49 0.648  96.8 335.2  -9.5 -40.7
1922 211.458    942002 4  181  918  125  632 0.686 291.9  42.7   9.7  40.2
1922 211.458    942105 0   26  138   15   78 0.452  88.2 335.5  -5.2 -27.0
1922 211.458    942202 7  104  401   58  223 0.434  94.9 336.6  -8.2 -25.9
1922 212.433    942002 2  233 1053  207  932 0.824 286.5  42.8   9.5  53.2
1922 212.433    942105 0   32  162   17   84 0.246  83.1 335.4  -4.9 -14.2
1922 212.433    942202 7  255 1344  131  689 0.217  92.6 337.0  -7.2 -12.6
1922 213.440    942002 2  141 1016  206 1478 0.937 282.9  44.3   9.6  67.9
1922 213.440    942105 0   39  127   20   64 0.035  23.3 335.6  -5.0  -0.8
1922 213.440    942202 7  239 1439  120  720 0.015 252.5 337.2  -7.1   0.8
1922 214.329    942002 2   52  403  178 1365 0.988 281.0  44.6   9.7  79.9
1922 214.329    942105 0   33  131   17   67 0.187 278.4 335.4  -5.2  10.7
1922 214.329    942202 7  189 1264   97  648 0.218 267.8 337.4  -7.2  12.7
1922 215.432    942105 0   19   92   11   51 0.425 273.5 335.3  -4.8  25.2
1922 215.432    942202 7  124 1028   70  580 0.462 268.1 337.8  -7.0  27.7
1922 216.344    942105 0   19   73   12   46 0.605 271.2 335.5  -4.8  37.4
1922 216.344    942202 7  116  684   76  447 0.641 267.1 338.3  -7.2  40.2
1922 217.339    942105 0   16   71   13   56 0.770 269.6 335.6  -4.8  50.6
1922 217.339    942202 7   79  464   66  386 0.796 266.0 338.2  -7.4  53.2
1922 218.434    942105 0    4   27    5   33 0.904 268.1 335.7  -4.7  65.1
1922 218.434    942202 7   19  237   26  313 0.923 265.1 338.6  -7.2  68.0
1922 218.434    942301 0    1   42    4  168 0.991  95.5 187.4  -6.3 -83.2
1922 219.378    942105 0    0   13    0   31 0.974 266.7 335.6  -4.8  77.4
1922 219.378    942202 7   12   89   36  252 0.983 264.0 338.3  -7.2  80.1
1922 219.378    942301 0   16   98   25  154 0.946  94.6 186.6  -6.6 -71.6
1922 220.462    942301 0   29  168   27  154 0.835  92.9 186.9  -6.3 -57.0
1922 221.503    942301 0   32  181   22  124 0.679  91.7 187.1  -6.4 -43.1
1922 222.514    942301 0   40  205   23  118 0.489  90.8 187.4  -6.6 -29.5
1922 223.442    942301 0   45  232   24  122 0.297  89.2 187.2  -6.6 -17.4
1922 224.327    942301 0   49  246   25  124 0.097  85.4 187.4  -6.7  -5.6
1922 224.327    942402 9    0   16    2   34 0.969  77.0 119.1  10.7 -73.9
1922 224.327    942501 0   11   52   28  124 0.976  72.8 118.0  15.0 -75.0
1922 225.421    942301 0   41  221   21  112 0.154 271.4 187.5  -6.9   8.9
1922 225.421    942402 4   11   58   12   61 0.876  74.1 119.7  10.2 -58.9
1922 225.421    942501 0   24  109   28  124 0.895  69.5 118.5  14.8 -60.1
1922 225.421    942602 2    2   20    5   35 0.955  79.3 107.3   8.0 -71.3
1922 226.375    942301 0   37  197   20  106 0.365 268.9 187.6  -7.1  21.6
1922 226.375    942402 4   12   53   10   42 0.764  69.7 119.2  10.5 -46.8
1922 226.375    942501 0   25  132   21  109 0.792  65.1 118.0  14.7 -48.0
1922 226.375    942602 2   18   85   17   81 0.845  76.1 110.1   7.7 -55.9
1922 226.375    942702 4    6   24    4   15 0.565  65.5 134.8   7.4 -31.2
1922 227.430    942301 0   21  156   13   96 0.575 268.3 187.5  -6.9  35.4
1922 227.430    942402 4   39  167   25  105 0.602  61.7 119.5  10.5 -32.6
1922 227.430    942501 0   44  158   29  104 0.646  57.8 117.8  14.2 -34.3
1922 227.430    942602 2   43  192   30  132 0.681  70.5 111.7   7.7 -40.4
1922 227.430    942702 4   59  212   32  115 0.382  51.4 134.6   6.9 -17.5
1922 227.430    942802 0    1    5    1    3 0.068 203.7 153.7 -10.8   1.6
1922 228.460    942301 0   27  139   21  107 0.755 267.1 187.9  -6.9  49.4
1922 228.460    942402 4   73  296   41  165 0.436  45.6 120.0  10.9 -18.5
1922 228.460    942501 9   37  134   22   78 0.504  44.9 117.0  14.2 -21.5
1922 228.460    942602 6  211  886  123  515 0.506  60.4 112.1   8.0 -26.4
1922 228.460    942702 4   63  250   33  129 0.245  13.1 135.3   6.6  -3.2
1922 228.460    942802 2    7   22    4   12 0.287 257.9 155.1 -10.4  16.6
1922 3 1.343    942301 0   14  101   15  106 0.875 266.1 188.5  -6.9  61.6
1922 3 1.343    942402 4  101  651   54  347 0.341  21.7 119.5  11.3  -7.4
1922 3 1.343    942501 9   18   42   10   23 0.394  22.6 117.9  14.2  -9.0
1922 3 1.343    942602 6  298 1465  161  790 0.373  44.4 111.6   8.5 -15.3
1922 3 1.343    942702 4   47  210   25  110 0.295 325.4 136.6   6.9   9.7
1922 3 1.343    942802 2    1   10    1    6 0.484 263.5 156.1  -9.5  29.2
1922 3 1.343    942905 7   46  255   97  534 0.971  78.4  52.4   9.4 -74.5
1922 3 1.343    943004 0   31  223   81  575 0.980  75.6  50.4  12.5 -76.5
1922 3 1.343   9150100 0    1   29    1   16 0.398 231.8 146.5 -21.1  19.6
1922 3 1.343   9150200 0    0    5    0    3 0.437   8.3 123.1  18.4  -3.8
1922 3 2.431    942301 0    5   40   12   83 0.969 264.5 189.0  -7.1  76.4
1922 3 2.431    942402 7  238 1219  127  648 0.339 338.7 119.8  11.2   7.2
1922 3 2.431    942501 9    5   16    3    9 0.366 346.1 117.8  13.6   5.2
1922 3 2.431    942602 6  513 2370  267 1233 0.274   5.1 111.2   8.6  -1.4
1922 3 2.431    942702 4   29  133   17   76 0.475 299.6 137.2   7.0  24.6
1922 3 2.431    942905 7  102  654  107  684 0.876  75.2  53.5   9.3 -59.1
1922 3 2.431    943004 0   79  495   93  582 0.904  72.6  50.6  12.4 -62.0
1922 3 3.102    942301 0    1   16   12  104 0.996 263.4 189.8  -7.1  86.0
1922 3 3.102    942402 7  219 1329  121  732 0.417 319.7 119.8  11.6  16.0
1922 3 3.102    942602 7  578 2635  304 1384 0.305 331.0 112.4   8.3   8.6
1922 3 3.102    942702 0   12   28    8   18 0.607 292.2 138.3   7.3  34.5
1922 3 3.102    942905 7  143  870  120  730 0.801  72.9  53.0   9.1 -50.8
1922 3 3.102    943004 0  107  593   98  541 0.834  69.9  50.5  12.4 -53.3
1922 3 4.567    942402 7  129  993   83  639 0.627 298.2 118.7  11.3  34.3
1922 3 4.567    942602 7  442 1947  260 1145 0.525 300.3 111.7   8.9  27.3
1922 3 4.567    942702 0    1    6    1    5 0.771 285.9 132.8   7.4  48.4
1922 3 4.567    942905 8  172 1227  105  749 0.571  63.1  53.4   8.8 -31.0
1922 3 4.567    943004 0  131  641   84  410 0.622  59.3  51.2  12.5 -33.2
1922 3 4.567    943102 9    5   21    4   15 0.698  72.0  42.4   7.1 -42.0
1922 3 5.342    942402 8   79  870   59  649 0.740 291.8 118.6  10.8  44.4
1922 3 5.342    942602 7  357 1672  235 1098 0.647 292.5 111.4   8.6  37.2
1922 3 5.342    942905 8  147 1288   82  718 0.439  51.4  53.9   9.1 -20.3
1922 3 5.342    943004 0  141  759   82  440 0.504  49.1  51.2  12.6 -23.0
1922 3 5.342    943102 9   57  174   35  106 0.568  66.0  42.7   7.2 -31.5
1922 3 6.329    942402 8   57  528   58  530 0.865 286.9 118.6  10.7  57.4
1922 3 6.329    942602 7  259 1213  216 1011 0.797 286.7 111.8   8.7  50.6
1922 3 6.329    942905 8  125  937   66  495 0.320  25.7  53.1   9.6  -8.1
1922 3 6.329    943004 0  147  825   80  447 0.382  26.3  51.2  12.9 -10.0
1922 3 6.329    943102 9   22  191   12  104 0.385  51.7  43.5   6.9 -17.7
1922 3 6.329    943204 0   36  321   80  710 0.973  93.0 344.1  -4.6 -77.1
1922 3 7.419    942402 8   21  236   39  428 0.960 283.7 118.7  11.0  71.8
1922 3 7.419    942602 7  195  838  249 1070 0.919 282.7 111.9   8.7  65.0
1922 3 7.419    942905 8  138 1134   73  597 0.312 340.7  52.9   9.9   6.0
1922 3 7.419    943004 0  173  881   93  472 0.356 348.2  51.2  13.2   4.3
1922 3 7.419    943102 7   46  235   24  122 0.255  14.1  43.3   7.1  -3.6
1922 3 7.419    943204 7  181  640  195  688 0.883  91.5 344.6  -4.7 -62.3
1922 3 8.325    942602 7   76  391  183  939 0.977 280.4 111.2   8.5  76.3
1922 3 8.325    942905 8  133  986   74  547 0.431 312.9  53.6  10.2  18.7
1922 3 8.325    943004 0  124  741   69  411 0.430 321.8  50.7  12.8  15.8
1922 3 8.325    943102 7   19   76   10   40 0.282 326.1  44.0   6.4   9.1
1922 3 8.325    943204 7  167  908  131  712 0.768  90.4 344.5  -4.9 -50.4
1922 3 8.325    943301 2    3   10    4   11 0.884  68.2 336.5  15.5 -58.4
1922 3 9.418    942602 7    9   71   53  399 0.996 281.2 103.7  10.4  83.2
1922 3 9.418    942905 8   97  769   61  483 0.603 297.5  53.4  10.1  32.9
1922 3 9.418    943004 0  112  589   70  366 0.591 303.6  50.8  12.9  30.3
1922 3 9.418    943102 7   10   69    6   38 0.400 307.3  39.2   7.2  18.7
1922 3 9.418    943204 7  194 1247  120  770 0.584  88.7 344.6  -5.1 -35.9
1922 3 9.418    943401 7    6   29    5   24 0.786  75.3 330.5   6.9 -50.0
1922 310.326    942905 8   39  436   30  332 0.752 290.4  54.3  10.2  45.7
1922 310.326    943004 0   88  431   65  315 0.727 295.6  50.9  13.0  42.3
1922 310.326    943102 7    3   29    2   18 0.557 295.0  39.2   7.4  30.6
1922 310.326    943204 7  188 1446  103  790 0.400  86.2 345.0  -5.1 -23.6
1922 310.326    943305 2    4   15    3   10 0.599  52.8 339.0  15.0 -29.6
1922 310.326    943401 7   73  557   48  362 0.635  69.8 331.7   6.9 -36.9
1922 311.422    942905 8   27  147   29  158 0.883 285.6  53.9  10.2  59.8
1922 311.422    943004 0   62  306   63  310 0.867 289.9  51.0  13.3  56.9
1922 311.422    943204 7  175 1709   89  866 0.158  76.6 345.2  -5.0  -8.9
1922 311.422    943401 7  116  763   65  425 0.437  57.5 332.3   6.9 -21.8
1922 311.422    943505 4   18   71   11   42 0.528 248.6  25.1 -17.3  31.0
1922 312.425    942905 8    9   92   18  177 0.964 282.7  53.8  10.2  72.9
1922 312.425    943004 0   28  201   48  340 0.953 286.4  50.9  13.3  70.0
1922 312.425    943204 7  129 1686   65  847 0.091 293.3 345.7  -5.1   4.8
1922 312.425    943401 1   82  423   43  221 0.285  28.5 333.0   7.4  -7.9
1922 312.425    943505 4   41  178   29  125 0.698 252.4  25.1 -17.4  44.2
1922 312.425    943605 9   13  109    7   55 0.042  60.7 338.8  -6.0  -2.1
1922 312.425   9160100 0    1    5    1    3 0.088 211.4 343.6 -11.5   2.7
1922 313.342    943004 0    7   52   38  263 0.994 284.3  50.8  13.3  82.0
1922 313.342    943204 7  131 1174   69  615 0.296 275.6 346.0  -5.2  17.2
1922 313.342    943401 1   63  306   33  159 0.266 344.2 333.0   7.7   4.2
1922 313.342    943505 4   31  150   28  135 0.828 253.8  25.2 -17.4  56.4
1922 313.342    943605 9    5   82    3   42 0.171 277.4 338.6  -5.8   9.8
1922 314.417    943204 7   42  668   25  391 0.516 271.6 345.9  -5.3  31.2
1922 314.417    943401 1   39  208   22  115 0.417 308.4 334.0   8.3  19.3
1922 314.417    943505 4    4   30    7   45 0.938 254.4  25.6 -17.1  70.9
1922 314.417    943605 9    3   41    2   23 0.416 272.6 339.4  -5.4  24.7
1922 315.522    943204 7   44  361   32  261 0.720 269.5 346.4  -5.3  46.3
1922 315.522    943401 1   28  167   18  105 0.603 293.4 334.1   8.0  34.0
1922 315.522    943605 9    1    4    1    3 0.635 268.9 339.8  -6.2  39.7
1922 316.329    943204 7   18  109   17  101 0.838 268.0 346.7  -5.5  57.3
1922 316.329    943401 1   31  167   23  124 0.734 288.1 334.2   8.2  44.8
1922 317.101    943204 7    4   27    6   36 0.924 266.8 347.3  -5.6  68.0
1922 317.101    943401 1   27  136   26  127 0.842 284.4 334.8   8.1  55.5
1922 318.328    943401 1   10   57   19  104 0.960 280.7 335.4   8.2  72.3
1922 318.328    943705 4   20   75   15   55 0.729 259.8 310.3 -12.2  47.2
1922 319.332    943705 4   12   76   13   77 0.868 260.4 310.8 -11.8  60.9
1922 320.332    943705 4    5   29   10   49 0.954 260.2 310.2 -11.4  73.5
1922 321.445    943805 9    2   23    2   23 0.863  96.2 161.7  -8.8 -60.3
1922 322.522    943805 9    2    8    2    6 0.687  95.5 164.0  -8.8 -43.8
1922 323.386    943805 9    1    6    1    4 0.519  95.5 164.9  -8.7 -31.5
1922 323.386    943901 1   28  151   64  340 0.974  80.1 120.7   8.0 -75.7
1922 324.480    943901 1   73  402   83  457 0.896  77.8 119.9   7.8 -62.1
1922 324.480    944002 4    2    8    2    7 0.802  73.3 130.9   9.1 -51.1
1922 324.480    944101 0    3   28   12   88 0.986  81.0 102.7   7.7 -79.3
1922 325.451    943805 9    1   19    1   10 0.119 113.0 162.8  -9.4  -6.4
1922 325.451    943901 1   77  386   61  306 0.772  73.8 120.7   8.0 -48.5
1922 325.451    944002 4   10   32    7   21 0.644  67.3 132.2   9.0 -37.0
1922 325.451    944101 0   12   71   17   96 0.926  78.8 102.8   7.7 -66.4
1922 326.562    943901 1   74  347   46  215 0.586  65.5 121.9   8.4 -32.6
1922 326.562    944002 4   25   76   14   43 0.445  52.9 133.4   9.3 -21.1
1922 326.562    944101 0   15   77   13   65 0.802  75.6 102.9   7.4 -51.6
1922 327.631    943901 1   60  348   33  190 0.396  51.0 122.3   8.1 -18.1
1922 327.631    944002 4   30  112   16   59 0.294  21.2 134.2   9.3  -6.2
1922 327.631    944101 0   18  113   12   74 0.642  69.8 103.0   7.5 -37.4
1922 327.631    944205 0    1    3    1    2 0.277 348.5 143.6   9.1   3.2
1922 327.631    944305 2    1   14    1   11 0.732  79.4  94.3   3.1 -46.1
1922 328.344    943901 1   53  303   28  159 0.291  29.0 122.8   8.2  -8.2
1922 328.344    944002 4   23   92   12   48 0.278 348.2 134.3   9.2   3.3
1922 328.344    944101 0   20  114   12   67 0.523  63.0 102.9   7.9 -28.1
1922 328.344    944205 0    0    1    0    1 0.354 321.3 144.0   9.6  13.0
1922 328.344    944305 2    3    9    2    6 0.614  76.6  94.3   2.9 -36.7
1922 328.344    944401 0    7   57   21  157 0.982  77.1  53.6  11.3 -77.4
1922 329.331    943901 1   52  237   27  123 0.262 339.9 123.2   7.7   5.2
1922 329.331    944002 4   11   38    6   21 0.383 314.3 134.1   9.2  16.1
1922 329.331    944101 0    9   87    5   47 0.353  45.8 103.2   7.9 -14.8
1922 329.331    944401 0   19  106   24  134 0.915  74.8  53.9  11.1 -64.1
1922 329.331    944505 0    0    3    0    2 0.401  45.6 101.1  10.0 -16.9
1922 329.331   9160200 0    0    6    0    8 0.908  71.4  55.6  13.9 -62.4
1922 330.372    943901 1   41  202   23  111 0.409 305.7 123.9   7.7  19.6
1922 330.372    944002 4    9   28    6   17 0.562 297.2 134.7   9.3  30.4
1922 330.372    944101 0   13   77    7   40 0.249   3.6 103.4   7.9  -0.9
1922 330.372    944401 0   31  154   26  129 0.800  70.6  54.0  11.3 -50.3
1922 330.372    944505 0    1    7    1    4 0.311  10.1 101.1  11.3  -3.2
1922 331.120    943901 0   35  197   21  118 0.544 295.0 124.2   7.7  29.8
1922 331.120    944002 4    1    7    1    5 0.660 292.4 132.6   9.5  38.2
1922 331.120    944101 0   21   76   11   40 0.290 326.4 103.7   7.6   9.3
1922 331.120    944401 0   28  158   20  110 0.690  66.6  54.2  11.0 -40.2
1922 4 1.469    943901 0   22  110   17   85 0.760 285.9 124.1   7.7  47.5
1922 4 1.469    944101 0   13   22    8   13 0.511 296.7 104.0   7.6  27.4
1922 4 1.469    944401 0   36  177   21  101 0.471  51.9  54.4  11.0 -22.2
1922 4 1.469    944601 0    0    3    0    2 0.576  65.1  44.7   8.6 -31.9
1922 4 1.469    944702 4   19  114   28  167 0.937  76.1   8.8  10.7 -67.8
1922 4 1.469   9160300 0    0    7    0    4 0.406  31.1  64.1  14.1 -12.5
1922 4 2.354    943901 0   15   93   16   95 0.868 282.8 123.6   7.8  58.7
1922 4 2.354    944101 0    4   13    3    9 0.666 289.2 104.3   7.8  39.4
1922 4 2.354    944401 0   37  179   20   96 0.346  31.1  54.4  11.0 -10.5
1922 4 2.354    944601 0    1   12    1    7 0.422  53.7  44.8   8.5 -20.1
1922 4 2.354    944702 4   34  141   32  132 0.842  73.6   9.8  10.2 -55.1
1922 4 2.354   9160400 0    0   11    0    6 0.281 355.1  66.3   9.9   1.4
1922 4 3.375    943901 0    8   62   15  109 0.957 280.1 123.4   7.8  71.9
1922 4 3.375    944401 0   43  196   23  103 0.298 349.7  54.6  10.8   3.1
1922 4 3.375    944702 4   28  174   20  123 0.702  68.6   9.9  10.2 -41.6
1922 4 4.404    944401 0   36  164   20   90 0.403 316.3  54.4  11.0  16.5
1922 4 4.404    944702 4   37  163   22   97 0.535  59.7   9.9  10.2 -28.0
1922 4 4.404   9160500 0    1    3    1    2 0.492 300.4  63.3   8.8  25.4
1922 4 5.353    944401 0   33  143   20   86 0.552 300.7  54.3  11.0  28.9
1922 4 5.353    944702 4   25   90   14   49 0.370  42.8  10.6   9.8 -14.8
1922 4 6.470    944401 0   19  118   14   87 0.729 291.3  54.4  11.0  43.8
1922 4 6.470    944702 4   23  120   12   63 0.278   5.7   9.0  10.0  -1.6
1922 4 6.470   9160600 0    3    7    2    4 0.362 113.7 350.6 -14.1 -20.0
1922 4 7.372    944401 0   12   94   12   91 0.851 286.9  54.7  11.0  56.0
1922 4 7.372    944702 4   11   84    6   45 0.326 330.2   8.2  10.5   9.5
1922 4 8.349    944401 0   10   53   16   80 0.941 284.0  54.3  11.0  68.5
1922 4 9.531   9170100 0    1    8    1    6 0.694 256.9  14.2 -13.3  44.0
1922 4 9.531   9170200 0    1   10    1    6 0.530 120.2 300.9 -20.6 -29.3
1922 410.564    944805 2    0    4    0    8 0.964  98.0 241.3  -9.2 -75.3
1922 411.362    944805 2    4   11    5   13 0.901  98.1 241.2  -9.8 -64.9
1922 418.451   9170300 0    4   11    3    7 0.613  89.6 174.5  -3.8 -37.9
1922 422.312    944902 5    2   10    2   10 0.857  79.1 103.5   6.8 -57.9
1922 423.316    944902 5   20   62   15   45 0.717  76.2 103.7   6.5 -44.5
1922 424.444    944902 5   18   70   11   41 0.509  69.8 104.6   6.1 -28.7
1922 424.444    945002 0   13   63   29  136 0.971  83.1  57.7   5.6 -75.6
1922 425.440    944902 5   13   36    7   19 0.298  56.1 105.7   5.2 -14.4
1922 425.440    945002 0   13  106   15  117 0.889  80.9  58.2   6.0 -61.9
1922 426.550    944902 4    3   21    2   11 0.218  21.4 100.8   7.3  -4.6
1922 426.550    945002 0   13  105   10   81 0.754  78.1  57.5   6.0 -47.9
1922 427.553    944902 4   11   27    6   14 0.249 317.8 101.9   6.4   9.7
1922 427.553    945002 0   14   42    9   27 0.604  73.4  56.6   6.4 -35.6
1922 427.553   9170400 0    1    8    1    5 0.462  47.9  71.5  14.0 -20.7
1922 428.449    944902 4   12   41    7   23 0.426 293.7 103.5   6.0  23.1
1922 428.449    945002 0   14   55    8   31 0.432  67.1  56.8   5.8 -23.6
1922 429.355    944902 4    4   25    3   16 0.616 284.0 105.3   5.3  36.9
1922 429.355    945002 0   13   85    7   45 0.292  51.4  55.1   6.5 -13.3
1922 430.110    944902 4    1    4    1    3 0.729 280.7 104.4   5.0  46.0
1922 430.110    945002 0   15   59    8   30 0.178  11.8  56.3   6.0  -2.1
1922 430.110    945102 2   42  165   31  121 0.728  73.2  13.5   9.3 -44.9
1922 5 1.438    945002 0    5   53    3   28 0.311 305.4  55.7   6.6  14.8
1922 5 1.438    945102 6  176  917  101  525 0.484  64.1  14.8   8.7 -26.1
1922 5 2.418    945102 6  201 1018  106  537 0.312  47.3  14.5   8.5 -13.4
1922 5 2.418   9170500 0    1    3    1    3 0.799 106.3 335.2 -15.3 -52.7
1922 5 3.354    945102 6  167  961   86  493 0.216   5.5  14.3   8.7  -1.2
1922 5 4.486    945102 6  137  744   73  394 0.323 308.0  15.5   8.0  14.9
1922 5 5.510    945102 6  109  566   64  330 0.509 292.8  15.3   8.3  28.3
1922 5 6.342    945102 6   85  403   58  274 0.673 286.4  16.7   8.4  40.7
1922 5 7.325    945102 6   68  289   63  266 0.837 282.4  18.7   8.5  55.7
1922 5 8.345    945102 6   21  154   33  236 0.943 280.6  19.4   8.9  69.8
1922 5 9.353    945102 6    6   50   34  254 0.994 279.4  19.6   9.0  83.4
1922 511.399   9180100 0    3    7    2    4 0.159 334.1 273.2   5.4   4.0
1922 524.355    945201 0    8   61   18  127 0.969  81.4  22.5   8.0 -75.3
1922 525.474    945201 0   11   89   12   93 0.874  80.2  22.6   8.0 -60.4
1922 526.492    945201 0   12   62    9   47 0.741  78.2  22.4   8.0 -47.1
1922 527.347    945201 0   27   91   17   57 0.596  75.5  22.6   7.8 -35.6
1922 528.328    945201 0   16   45    9   25 0.414  68.4  22.3   8.0 -22.9
1922 529.354    945201 0   13   48    7   25 0.217  45.6  22.7   8.0  -9.0
1922 529.354    945305 0    1   15    1    8 0.333  50.6  16.5  11.5 -15.2
1922 530.347    945201 0    9   29    5   15 0.170 337.3  22.3   8.4   3.8
1922 530.347    945305 0    0   11    0    6 0.206  16.4  15.1  10.8  -3.4
1922 530.347   9180200 0    0    5    0    4 0.727  65.9 334.6  16.8 -43.9
1922 531.354    945201 7   37  163   20   87 0.337 297.5  22.8   8.5  17.6
1922 6 1.343    945201 7    8   15    5    9 0.522 282.9  22.9   6.4  30.8
1922 6 7.342    945402 9    7   32    5   23 0.699  77.7 229.0   8.8 -43.7
1922 6 8.348    945402 9    5   25    3   15 0.500  72.6 230.5   9.0 -28.9
1922 6 9.461    945505 3    3   23    2   14 0.565  82.9 210.5   4.5 -34.2
1922 611.308    945402 9    1   17    1    9 0.251 303.6 232.4   8.8  12.2
1922 611.308    945505 3   11   45    6   23 0.196  63.8 210.0   5.8 -10.2
1922 611.308    945602 2    0    4    0   16 0.987  81.5 139.4   8.5 -80.8
1922 611.308   9190100 0    1    5    1    3 0.175 347.6 222.4  10.7   2.2
1922 612.347    945402 9    5   30    3   17 0.452 287.8 232.3   8.8  25.8
1922 612.347    945505 3    5   19    3   10 0.106 315.4 210.8   5.3   4.3
1922 612.347    945602 2   10   29   14   41 0.930  80.4 138.2   9.3 -68.3
1922 613.362    945402 9    7   15    5   10 0.622 284.0 230.7   9.5  37.7
1922 613.362    945602 2   13   29   11   25 0.801  79.6 140.1   9.0 -52.9
1922 614.362    945402 9    4   31    4   26 0.795 280.6 232.1   9.1  52.3
1922 614.362    945602 2    7   30    5   20 0.650  77.7 139.8   8.9 -40.0
1922 615.332    945402 9    6   27    9   35 0.920 280.2 233.7   9.9  66.8
1922 615.332    945702 2   10   30    6   18 0.525 252.8 197.3  -7.8  30.4
1922 616.343    945702 2   26   98   19   69 0.702 256.2 197.2  -8.6  43.6
1922 617.357    945702 2   10   45   10   43 0.850 258.6 197.6  -8.8  57.5
1922 619.389   9190200 0    0    1    0    1 0.519 358.1 114.4  33.0   1.2
1922 619.389   9190300 0    3   14    2    8 0.406 114.4  91.3  -8.0 -21.9
1922 621.401    945801 4   11   33    6   17 0.203 216.5  93.6  -7.4   7.0
1922 622.349    945801 0    7   23    4   13 0.401 247.4  96.0  -6.9  21.9
1922 623.343    945801 0    0    1    0    1 0.557 255.0  93.7  -6.4  32.8
1922 624.447    945801 0    1    9    1    7 0.739 257.3  93.0  -7.7  46.7
1922 624.447   9190400 0    1    6    1    4 0.511  17.9  35.7  31.4 -10.6
1922 625.405    945801 0    1    5    2    6 0.902 259.9  97.3  -8.0  63.7
1922 7 4.219    945902 4    8   16    5   10 0.570  77.2 242.5  10.1 -34.4
1922 7 5.437    945902 4    5   15    3    8 0.318  73.8 242.8   8.5 -18.0
1922 7 5.437    946001 0    3   15    6   30 0.963 101.9 187.5 -10.4 -73.3
1922 7 6.398    945902 4   43  217   22  110 0.132  43.9 242.8   9.1  -5.3
1922 7 6.398    946001 0    8   30    9   33 0.881 103.6 187.6 -10.2 -60.5
1922 7 7.363    945902 4   19   94   10   48 0.186 303.3 244.4   9.6   9.1
1922 7 7.363    946001 0   12   33    9   25 0.743 106.4 189.0  -9.5 -46.3
1922 7 7.363    946102 2    0    5    0   14 0.978  78.9 156.8  11.6 -78.5
1922 7 8.739    945902 4   17   86   10   49 0.467 283.5 244.5   9.7  27.4
1922 7 8.739    946001 0   17   53   10   31 0.515 116.6 189.2  -9.9 -27.9
1922 7 8.739    946102 2   13   34   13   32 0.844  78.6 159.4  11.7 -57.7
1922 7 9.739    945902 4    1   13    1    9 0.658 281.1 244.9  10.3  41.0
1922 7 9.739    946001 0   16   26    9   14 0.333 134.3 189.9  -9.6 -14.0
1922 7 9.739    946102 2   17   60   12   41 0.673  77.4 161.8  11.4 -42.1
1922 710.345    946001 0   17   44    9   23 0.247 159.2 190.8  -9.3  -5.1
1922 710.345    946102 2   13   41    8   25 0.564  75.9 162.0  11.3 -33.9
1922 710.345   9200100 0    1   13    1    7 0.152   5.1 195.0  12.8  -0.8
1922 711.358    946102 2    7   18    4   10 0.333  68.4 164.1  11.0 -18.4
1922 711.358   9200200 0    1   20    1   11 0.317 223.2 195.2  -9.3  12.7
1922 712.357    946102 0    9   19    5   10 0.127  29.9 165.5  10.6  -3.7
1922 714.356   9200300 0    1    8    1    6 0.697 102.2  99.6  -5.2 -43.2
1922 719.339    946202 6   91  359   77  302 0.802 101.5  24.7  -6.2 -52.2
1922 720.386    946202 6  120  773   78  502 0.636 106.2  25.1  -6.3 -37.9
1922 721.455    946202 6  140  807   78  449 0.437 115.3  25.5  -6.1 -23.4
1922 722.419    946202 6  144  707   75  367 0.266 135.9  25.4  -5.9 -10.7
1922 722.419   9200400 0    1    6    1    4 0.593 220.8  60.8 -22.0  24.7
1922 723.241    946202 6  151  774   77  394 0.187 184.3  26.0  -5.5   0.8
1922 723.241    946302 9    3   13    2    8 0.542 112.1 354.8  -7.2 -30.4
1922 724.413    946202 6  108  536   58  287 0.356 238.9  27.5  -5.5  17.8
1922 724.413    946302 9    5   13    3    7 0.302 132.7 356.8  -6.6 -12.9
1922 725.424    946202 0   72  445   44  269 0.558 251.3  28.4  -5.7  32.1
1922 725.424    946302 9    7   15    4    8 0.211 185.7 357.5  -6.7   1.2
1922 726.450    946202 9   42  277   32  209 0.746 257.4  29.8  -5.6  47.0
1922 727.345    946202 9   28  157   29  160 0.868 259.6  30.1  -6.2  59.2
1922 728.343    946202 9   14   58   27  108 0.961 261.7  30.8  -6.4  73.1
1922 8 2.341    946401 0    5   13   15   41 0.985  81.0 170.7   9.9 -80.9
1922 8 3.396    946401 0    7   34   10   44 0.919  81.8 170.3   9.9 -67.4
1922 8 4.110    946401 0    9   40    9   38 0.847  81.9 169.8  10.1 -58.4
1922 8 5.582    946401 0    7   14    5    9 0.614  81.4 170.7  10.2 -38.1
1922 8 6.363    946401 0    1   10    1    6 0.467  80.3 170.6  10.1 -27.9
1922 8 6.363   9210100 0   13   39    7   21 0.308 159.5 192.1 -10.5  -6.3
1922 8 7.684   9210200 0    1    7    1    4 0.308 190.6 184.3 -11.3   3.3
1922 821.346    946502 0    1    5    1    3 0.440 131.8 340.9 -10.5 -19.5
1922 821.346   9210300 0    1    1    1    1 0.646 294.6  39.4  21.1  39.0
1922 821.346   9210400 0    1    1    1    1 0.464 277.2  28.2   9.5  27.8
1922 823.376    946502 3    9   34    5   18 0.325 196.8 339.1 -11.1   5.5
1922 824.370    946502 4   74  257   42  144 0.451 226.2 339.8 -11.5  19.4
1922 825.424    946502 4  140  645   90  415 0.626 240.3 340.3 -12.2  33.8
1922 826.353    946502 4   92  645   72  503 0.765 247.2 340.4 -12.4  46.2
1922 827.381    946502 4   57  318   65  359 0.894 252.3 341.3 -12.4  60.7
1922 827.381    946602 4    3    9    2    5 0.258 260.2 295.4   4.4  14.8
1922 828.416    946502 4   23  203   52  449 0.973 256.1 341.7 -11.7  74.7
1922 828.416    946602 4   27  114   16   66 0.500 265.4 297.0   3.9  30.0
1922 829.357    946602 4   85  315   58  215 0.677 267.8 297.2   3.8  42.7
1922 830.452    946602 4   42  205   40  193 0.844 270.1 297.9   3.9  57.8
1922 830.452    946705 2    7   28    6   23 0.789 274.2 292.7   7.7  52.6
1922 830.452    946805 2    0    9    0    5 0.190  56.7 230.7  13.1  -9.4
1922 831.523    946602 4   11   62   20  111 0.959 272.2 299.8   4.1  73.9
1922 831.523    946705 0    0    8    1   11 0.927 274.7 294.5   7.0  68.6
1922 9 1.359    946805 0    1    9    1    5 0.293 284.1 231.7  11.0  16.8
1922 9 7.358   9220100 0    1    5    1    3 0.328 162.4 129.8 -11.0  -5.8
1922 911.340   9260100 0    2    5    2    5 0.917 270.0 149.6   2.9  66.6
1922 913.350    946901 1   19  126   35  231 0.961 105.0 344.8 -12.2 -71.7
1922 914.553    946901 1   40  212   39  202 0.849 108.5 345.4 -11.6 -55.3
1922 915.408    946901 1   34  228   26  171 0.741 112.8 345.2 -11.6 -44.2
1922 916.341    946901 0   39  223   25  140 0.601 120.3 345.0 -11.6 -32.0
1922 917.352    946901 0   53  250   30  140 0.448 134.6 344.7 -11.6 -19.0
1922 918.353    946901 0   48  224   26  119 0.334 163.7 345.0 -11.6  -5.5
1922 919.398    946901 0   43  232   23  124 0.347 203.1 344.7 -11.6   8.0
1922 920.366    946901 0   28  206   16  117 0.465 227.8 344.5 -11.6  20.6
1922 920.454   9260200 0    0   17    0    9 0.803 276.0  89.7   0.6 127.0
1922 921.451   9260300 0    3   13    2    8 0.472 265.1 101.2  -8.5 151.6
1922 921.599    946901 0   33  170   22  113 0.655 242.7 344.1 -11.9  36.5
1922 921.599   9230100 0    1    4    1    3 0.703  96.4 263.3   0.5 -44.3
1922 922.360    946901 0   30  155   24  121 0.763 247.9 343.9 -11.9  46.3
1922 923.327    946901 0   15  111   16  118 0.879 252.2 343.7 -12.1  58.9
1922 924.364    946901 0    9   38   19   73 0.964 255.3 343.6 -12.2  72.5
1922 927.336   9230200 0    3   15    2    8 0.170 111.7 222.8   3.1  -9.1
1922 929.418    947002 0    1    7    1    4 0.320 149.0 194.8  -9.3  -9.6
1922 930.337    947002 0    7   21    4   11 0.278 192.9 195.9  -9.1   3.6
192210 1.401    947002 4   22   64   12   35 0.385 228.0 195.1  -8.6  16.8
192210 2.371    947002 4   13   45    8   27 0.545 243.3 195.0  -8.5  29.5
192210 2.371   9230300 0    0    3    0    2 0.141 342.6 168.0  14.3   2.5
192210 3.347    947002 4   11   23    8   17 0.720 251.7 196.3  -8.4  43.7
192210 4.353    947002 4    5   21    5   21 0.862 256.2 197.1  -8.5  57.8
192210 5.448    947002 4    1    3    2    6 0.944 258.4 194.3  -8.8  69.4
192210 9.393    947102 4    0    2    0    4 0.965  75.6 356.9  15.5 -75.9
192210 9.393   9230400 0    1   13    1    7 0.083  86.4  68.0   6.4  -4.8
19221010.342    947102 4   33  140   35  148 0.878  76.8 358.3  14.5 -62.0
19221010.342    947201 0    3   10    7   24 0.974 103.6 345.0 -11.8 -75.3
19221011.473    947102 4   40  160   30  120 0.740  75.4 357.6  14.8 -47.8
19221011.473    947201 0    2   10    3   12 0.894 106.5 344.3 -11.9 -61.1
19221012.400    947102 4   27  104   17   65 0.598  72.1 357.0  15.4 -36.2
19221012.400    947201 0    1    3    1    3 0.788 110.0 344.0 -11.8 -49.2
19221013.407    947102 4   14   39    8   22 0.421  65.5 356.5  15.4 -23.4
19221013.407    947201 0    1    4    1    3 0.647 116.2 343.5 -11.9 -36.4
19221014.398    947102 4    1    9    1    5 0.249  48.8 355.6  15.1 -11.2
19221016.391    947102 4    0   11    0    6 0.319 297.7 357.4  13.9  16.9
19221016.391    947302 4   13   57    7   29 0.122 342.9 342.6  12.3   2.1
19221017.460    947302 4   17   75    9   40 0.322 293.0 344.1  12.5  17.7
19221018.451    947302 4   16   33   10   20 0.531 282.6 345.2  11.3  31.9
19221018.451    947401 0    0    5    0    4 0.739 282.6   1.0  13.0  47.7
19221019.450    947302 4    4    9    3    7 0.737 279.5 347.9  10.6  47.7
19221019.450    947401 0    0    8    1    9 0.875 281.6   1.7  12.7  61.5
19221019.450    947502 3   25  136   21  114 0.798 258.4 352.0  -5.9  51.8
19221020.408    947302 4    3    8    3    7 0.808 283.1 341.6  13.7  54.1
19221020.408    947502 3   45  364   57  452 0.913 260.9 352.6  -6.1  65.1
19221021.439    947502 3   40  248  111  678 0.982 262.3 352.3  -6.5  78.4
19221029.148    947602 4    1    6    3   16 0.981 105.7  95.1 -14.5 -77.2
19221030.350    947602 4    4   15    5   18 0.900 108.1  94.4 -14.2 -62.0
19221031.408    947602 4   14   58   12   49 0.800 110.8  92.1 -13.8 -50.4
192211 1.366    947602 4   19   51   13   35 0.670 115.3  91.3 -13.4 -38.5
192211 2.473    947602 4   10   36    6   21 0.480 129.0  92.6 -13.9 -22.6
192211 3.537    947602 4    3   16    2    9 0.332 159.2  94.2 -14.2  -7.0
192211 5.418    947701 1   28  221   59  463 0.970  97.7   1.0  -6.5 -75.4
192211 6.530    947701 1   65  388   70  414 0.880  99.0   0.8  -6.2 -61.0
192211 7.386    947701 1   96  469   77  374 0.776 101.2   0.5  -6.4 -50.0
192211 8.330    947701 1   76  466   49  299 0.622 103.7   0.6  -5.8 -37.4
192211 9.321    947701 1   98  586   55  326 0.435 110.3   0.8  -5.7 -24.2
19221110.363    947701 1  118  574   61  296 0.239 129.3   0.5  -5.6 -10.7
19221111.309    947701 1  114  556   58  282 0.154 193.0   0.7  -5.6   2.0
19221112.343    947701 1  118  599   62  315 0.301 241.3   0.5  -5.5  15.4
19221113.454    947701 1   87  467   51  274 0.518 254.4   0.6  -5.6  30.1
19221113.454    947801 0    2    6    3    9 0.922  86.4 263.1   4.4 -67.4
19221114.364    947701 1   62  374   43  257 0.682 258.5   0.7  -5.8  42.2
19221114.364    947801 0    9   17    8   15 0.814  86.8 263.9   4.2 -54.6
19221114.364    947905 0    1    5    1    5 0.841 144.9 278.3 -41.5 -40.2
19221115.323    947701 1   57  273   51  242 0.822 261.0   0.5  -5.9  54.7
19221115.323    947801 0    2   11    2    8 0.663  86.3 264.2   4.4 -41.6
19221115.323    947905 0    0    3    0    3 0.770 152.5 277.8 -40.8 -28.0
19221116.517    947701 1   23  149   37  233 0.946 262.6   0.7  -6.2  70.6
19221117.326    947701 1   11   61   39  207 0.988 263.4   0.2  -6.2  80.8
19221120.396    948002 4   11   28    6   15 0.304 279.0 256.5   4.6  17.5
19221121.320    948002 4   22   77   13   45 0.500 275.8 256.7   4.5  29.9
19221122.412    948002 4    5   55    4   39 0.705 274.7 257.2   4.5  44.8
19221125.309    948105 0    0    3    0    2 0.232  34.9 166.4  12.3  -7.8
19221127.346    948105 0    0    3    0    2 0.372 297.2 167.1  10.8  19.7
19221128.526    948201 2   12   97   39  303 0.986  93.6  51.4  -3.4 -80.4
19221129.383    948201 2   23  227   40  383 0.953  94.1  48.2  -3.7 -72.3
19221130.355    948201 2   71  392   75  413 0.877  94.5  46.5  -3.6 -61.2
192212 1.421    948201 2   59  409   43  294 0.714  95.2  48.3  -3.3 -45.4
192212 2.353    948201 3   79  427   47  254 0.536  97.1  49.2  -3.4 -32.2
192212 2.353    948301 0    6   24   17   62 0.979  96.0   3.4  -5.8 -78.0
192212 3.357    948201 3   53  377   28  199 0.314 101.9  50.2  -3.4 -17.9
192212 3.357    948301 0   14   56   17   68 0.906  96.4   3.3  -5.7 -64.8
192212 4.368    948201 3   71  475   36  239 0.096 130.6  50.6  -3.4  -4.2
192212 4.368    948301 0   16   72   13   58 0.782  97.1   3.6  -5.4 -51.2
192212 5.337    948201 5   65  392   33  199 0.169 250.9  51.3  -3.1   9.2
192212 5.337    948301 0   20  109   13   70 0.622  98.8   4.0  -5.4 -38.1
192212 6.491    948201 5   54  294   30  163 0.423 263.3  51.7  -2.9  24.9
192212 6.491    948301 0   16   79    9   43 0.393 103.2   4.2  -5.2 -22.6
192212 7.357    948201 5   51  313   32  195 0.591 266.0  51.6  -2.5  36.2
192212 7.357    948301 0   11   89    6   46 0.206 114.0   4.5  -5.0 -10.9
192212 8.343    948201 5   40  211   32  165 0.765 267.1  52.3  -2.4  49.9
192212 8.343    948301 0   15   59    8   30 0.091 200.2   4.2  -5.2   1.8
192212 9.321    948201 5   31  147   34  160 0.885 267.6  51.8  -2.3  62.3
192212 9.321    948301 1   23   73   12   38 0.239 249.3   2.5  -5.3  13.0
19221210.349    948201 5   18   75   40  161 0.971 267.8  52.2  -2.3  76.2
19221210.349    948301 1    7   32    4   18 0.449 259.1   2.3  -5.4  26.3
19221211.348    948301 1    1   41    1   27 0.641 261.0   2.4  -6.3  39.6
19221222.434    948402 6   21  111  122  622 0.996  83.7  92.3   6.1 -84.5
19221223.318    948402 6   94  679  177 1277 0.963  83.9  91.1   5.3 -74.1
19221224.456    948402 6  239 1323  239 1323 0.865  82.0  90.8   5.7 -59.4
19221225.311    948402 6  288 1787  218 1349 0.747  80.3  91.2   5.6 -47.7
19221225.311    948502 0    5   20   10   36 0.956  80.3  66.6   8.5 -72.3
19221225.311    948601 0    0   18    0   73 0.992  93.1  56.2  -3.4 -82.7
19221226.466    948402 6  448 2396  269 1438 0.552  75.8  91.2   5.6 -32.5
19221226.466    948502 0   10   63   10   59 0.841  77.8  67.4   8.8 -56.3
19221226.466    948601 0   12   55   18   78 0.933  93.2  54.6  -3.9 -69.1
19221227.346    948402 6  373 2281  202 1234 0.381  67.4  91.4   5.9 -20.7
19221227.346    948502 0    8   26    6   19 0.708  74.7  68.4   8.8 -43.7
19221227.346    948601 0   11   71   11   66 0.840  93.6  54.9  -4.5 -57.2
19221227.346    948705 0    1    4    1    4 0.855 275.9 170.5   3.6  58.4
19221228.330    948402 6  448 2471  229 1262 0.204  40.1  91.5   6.2  -7.6
19221228.330    948502 7   22   50   14   31 0.574  70.1  66.0   8.9 -33.1
19221228.330    948601 0   15   90   11   63 0.694  93.3  55.1  -4.3 -44.0
19221228.330    948705 2    8   35   13   55 0.944 275.2 169.5   4.0  70.4
19221229.454    948402 6  450 2344  230 1197 0.204 319.3  92.0   6.0   7.7
19221229.454    948502 7   16   99    9   53 0.340  54.7  68.0   8.5 -16.3
19221229.454    948601 0   10   75    6   43 0.486  93.8  55.2  -4.4 -29.1
19221230.451    948402 6  317 1850  172 1004 0.387 293.4  92.1   6.0  20.9
19221230.451    948502 7   27   74   14   38 0.216  22.5  66.4   8.5  -4.8
19221230.451    948601 0    9   50    5   26 0.273  95.7  55.4  -4.5 -15.8
19221231.343    948402 6  274 1558  165  937 0.553 286.0  91.7   6.1  32.3
19221231.343    948502 7    7   52    4   27 0.249 329.3  66.8   9.2   7.4
19221231.343    948601 0    7   33    4   17 0.075 104.0  55.2  -4.2  -4.2
