1923 1 1.502    948402 6  209 1095  159  831 0.750 280.7  92.0   5.8  47.8
1923 1 1.502    948502 7   26   89   15   50 0.445 296.7  67.9   8.5  23.7
1923 1 1.502    948601 0   13   19    7   10 0.201 265.4  55.8  -4.2  11.6
1923 1 2.661    948402 6   97  667  110  755 0.895 278.8  91.8   6.3  62.9
1923 1 2.661    948601 0    0   12    0    7 0.455 267.5  56.0  -4.2  27.1
1923 1 3.444    948402 6   56  430  103  779 0.960 277.5  91.9   6.2  73.3
1923 1 3.444    948601 0    1    4    1    3 0.610 267.7  56.3  -4.2  37.7
1923 1 3.444   9260400 0    0    2    0    2 0.675 283.1  60.0   6.1  41.4
1923 1 4.330    948402 6   10   91   27  229 0.979 278.0  84.6   7.1  77.7
1923 1 4.330    948502 2    1   10    2   12 0.891 281.5  68.9   8.5  62.0
1923 1 4.330    948601 0    1    3    1    3 0.760 268.3  56.5  -3.7  49.6
1923 121.349    948805 0    0    3    0   11 0.983  90.5  63.3  -1.5 -79.5
1923 122.449    948805 0    3   14    4   17 0.906  89.5  63.4  -1.9 -65.0
1923 123.484   9270100 0    1    3    1    2 0.327  81.6  95.8  -2.5 -18.9
1923 123.484   9270200 0    7   20    5   14 0.664  74.8  74.6   5.8 -40.1
1923 128.340    948902 1    6   26    4   16 0.557 290.9  82.4   6.4  31.6
1923 129.336    948902 1   17   51   13   37 0.722 284.3  82.4   6.0  44.7
1923 130.331    948902 1    6   48    7   51 0.879 280.3  85.0   6.1  60.4
1923 131.316    948902 1    7   33   15   71 0.971 277.0  87.1   5.3  75.5
1923 212.439    949002 9    1    3    1    2 0.558  56.2 183.7  12.1 -28.3
1923 212.439   9280100 0    2    8    3   11 0.922 265.2 279.8  -7.0  67.8
1923 213.337    949002 9    3   14    2    8 0.419  41.9 183.6  11.6 -16.6
1923 214.338    949002 9    1    9    1    5 0.326   6.9 184.7  12.0  -2.3
1923 215.350    949002 9    7   22    4   12 0.359 328.3 184.8  11.0  11.1
1923 216.419    949002 9    1    5    1    3 0.488 305.5 183.4  10.1  23.8
1923 219.310   9280200 0    0    7    0    4 0.326   4.5 120.0  11.9  -1.5
1923 220.395   9280300 0    1    5    1    3 0.255 338.0 112.7   6.6   5.5
1923 223.325   9280400 0    1    5    1    3 0.429  32.8  54.7  14.2 -13.9
1923 315.336    949105 2    4   17    5   21 0.910  82.0 100.3   4.3 -64.7
1923 316.328    949105 2    7   15    6   13 0.796  79.0 100.3   4.4 -51.6
1923 317.505   9290100 0    3   12    2    7 0.424 160.2 126.8 -30.5  -9.6
1923 320.640   9290200 0    1    3    1    2 0.440 258.5 121.1 -11.3  26.1
1923 322.339    949202 8   26  103   14   55 0.302 305.3  87.0   3.4  14.3
1923 323.374    949202 8   12   48    7   28 0.513 293.5  87.2   5.8  28.2
1923 324.457    949202 8    4   12    3    9 0.731 285.2  89.9   6.3  45.2
1923 325.641    949202 8   17   27   18   29 0.876 282.0  88.8   7.1  59.7
1923 326.675    949202 8    1    8    2   16 0.962 279.5  88.6   7.2  73.1
1923 329.476    949302 4   21   80   15   57 0.704  76.5 295.1   4.7 -43.4
1923 330.390    949302 4   75  240   45  144 0.545  70.9 295.4   4.7 -31.1
1923 331.332    949302 4   46  215   25  116 0.365  59.7 295.7   4.5 -18.4
1923 4 1.497    949302 4   43  147   22   75 0.190   5.8 297.6   4.5  -1.1
1923 4 2.439    949302 4   13   71    7   37 0.248 315.7 296.3   4.0  10.0
1923 4 3.596    949302 0    0    1    0    1 0.435 295.1 294.3   4.9  23.3
1923 410.341   9300100 0    0    5    0    7 0.907  61.1 122.1  23.2 -59.8
1923 414.387    949405 7    7   22    4   12 0.327 268.1 147.8  -5.8  19.2
1923 415.365    949405 7    3   11    2    7 0.545 266.4 148.8  -6.5  33.2
1923 415.365   9300200 0    3    9    2    5 0.194  18.8 112.0   5.2  -3.6
1923 417.393    949505 7   19   63   11   36 0.473 291.2 115.2   5.2  26.3
1923 418.301    949505 7    9   28    6   19 0.651 283.7 116.3   4.9  39.4
1923 419.331    949505 7    0    5    0    5 0.825 277.9 118.3   3.6  55.0
1923 419.331    949602 5    3   24    4   26 0.876  94.1   1.8  -6.0 -61.5
1923 420.481    949602 5   31  113   23   82 0.722  93.3   1.7  -5.8 -46.4
1923 421.466    949602 5   65  211   39  126 0.544  93.5   2.0  -6.0 -33.1
1923 422.115    949602 5   39  236   22  130 0.418  93.5   1.7  -5.8 -24.8
1923 423.383    949602 5   19   83   10   42 0.131 101.2   2.4  -6.1  -7.4
1923 424.346    949602 5   27   83   14   42 0.094 247.8   2.0  -6.6   5.0
1923 425.103    949602 5   15   78    8   41 0.271 264.2   2.7  -5.9  15.7
1923 426.559    949602 5   13   60    8   37 0.579 266.2   3.3  -5.8  35.5
1923 427.358    949602 5   21   52   16   38 0.726 266.1   3.9  -5.8  46.7
1923 428.361    949602 5   25   91   26   92 0.866 267.0   4.2  -4.7  60.2
1923 429.114    949602 5    5   28    8   45 0.946 266.6   5.4  -4.5  71.4
1923 430.359   9310100 0    0   11    0    8 0.709  81.6 232.9   3.1 -44.6
1923 511.577    949702 0    1    3    1    2 0.329  56.7 113.2   7.7 -16.1
1923 512.405    949702 2   15   41    8   21 0.199  25.1 113.4   7.7  -4.9
1923 513.498    949702 2    9   29    5   15 0.245 315.9 113.8   7.6   9.9
1923 514.562    949702 0    0    8    0    5 0.475 289.7 116.6   7.0  26.8
1923 520.374    949805 0    3   10    3    8 0.750  77.7 325.2   8.0 -47.7
1923 521.396    949805 0    1    6    1    4 0.564  74.3 326.2   7.4 -33.2
1923 523.617    949902 4    6   55    5   44 0.773 102.1 279.8 -10.2 -50.2
1923 524.347    949902 4   31   76   21   51 0.664 104.0 279.5 -10.2 -40.9
1923 525.507    949902 4   21   73   12   41 0.449 110.5 279.7 -10.1 -25.3
1923 526.349   9320100 0    1    1    1    1 0.187  83.3 283.1   0.2 -10.7
1923 527.364    950001 0    0   16    5   81 0.994  80.2 196.8   9.6 -83.6
1923 527.364   9320200 0    2    7    2    6 0.799 304.8 327.5  26.5  47.1
1923 528.354    950001 0   11   70   17  108 0.944  79.8 196.9   9.4 -70.4
1923 529.422    950001 0   16  100   15   93 0.840  78.3 196.7   9.4 -56.5
1923 530.561    950001 0   19  111   13   75 0.668  75.0 197.2   9.5 -40.9
1923 531.459    950001 0   17   82   10   48 0.508  70.2 197.3   9.5 -29.0
1923 6 1.118    950001 0   20   47   11   26 0.384  63.6 197.1   9.5 -20.4
1923 6 1.118    950102 4    2    9    2    8 0.801  97.7 164.5  -6.4 -53.0
1923 6 2.337    950001 0    3    7    2    4 0.179  25.1 197.0   9.1  -4.4
1923 6 2.337    950102 4   24   83   15   52 0.594 101.4 165.5  -6.9 -35.9
1923 6 2.337   9320300 0    1    7    1    4 0.263  47.1 190.1  10.1 -11.3
1923 6 3.396    950102 4   20   49   11   27 0.384 108.6 165.9  -7.1 -21.5
1923 6 3.396   9320400 0    0    5    0    4 0.736  75.2 141.0  10.8 -46.4
1923 6 4.372    950102 4    0    7    0    4 0.228 122.4 163.3  -7.0 -11.2
1923 6 5.579   9320500 0    0    5    0    3 0.302 248.2 174.9  -6.3  16.4
1923 618.352    950202 2    8   49    6   34 0.680  96.7 306.8  -3.3 -42.6
1923 619.357    950202 2   17   98   10   57 0.504  99.9 306.3  -3.4 -29.8
1923 620.449    950202 2   19   50   10   26 0.269 109.6 307.0  -3.3 -14.7
1923 621.354    950202 2   19   63   10   32 0.098 158.2 307.6  -3.2  -2.1
1923 621.354   9330100 0    0    6    0    7 0.897 302.6  10.4  29.9  60.7
1923 622.518    950202 2   15   88    8   46 0.258 249.4 308.3  -3.1  14.0
1923 623.351    950202 0   12   41    7   23 0.446 259.1 309.3  -2.8  26.0
1923 624.447    950202 0    5   22    4   15 0.667 263.1 310.3  -2.8  41.5
1923 624.447   9330200 0    0    5    0    3 0.221 292.5 280.6   7.2  11.9
1923 625.419    950202 0    7   14    7   13 0.824 265.1 311.2  -2.6  55.3
1923 625.419    950302 9   22  112   20  101 0.829 273.0 312.0   3.9  56.1
1923 625.419    950402 1   43  183   27  114 0.589  79.8 220.1   8.0 -35.8
1923 626.637    950302 9   10   69   19  129 0.962 273.5 314.0   4.1  74.2
1923 626.637    950402 1   56  307   30  164 0.344  72.8 220.4   8.3 -19.4
1923 627.427    950402 1   60  331   31  169 0.194  58.5 219.7   8.5  -9.6
1923 628.430    950402 1   67  259   34  131 0.124 320.2 220.6   8.3   4.6
1923 629.379    950402 7  178  767   93  400 0.278 290.0 218.8   8.3  15.3
1923 630.353    950402 7  150 1067   86  611 0.484 282.1 219.2   8.5  28.6
1923 7 1.107    950402 1   99  782   65  509 0.637 279.5 220.0   8.5  39.4
1923 7 2.516    950402 1   26  169   26  166 0.858 277.9 221.1   8.5  59.2
1923 7 3.370    950402 1   10   39   17   65 0.952 277.4 223.0   8.1  72.4
1923 711.371   9330300 0    1    5    1    5 0.859  85.3 345.3   6.2 -59.4
1923 722.391    950501 1   10   43    6   24 0.429  84.2 233.4   7.2 -25.5
1923 723.391    950501 0    9   23    5   12 0.180  80.6 235.4   6.9 -10.3
1923 724.366    950501 0    5   15    3    8 0.076 290.7 236.9   6.9   4.1
1923 725.325    950501 0    7   17    4    9 0.307 276.6 238.0   7.2  17.9
1923 726.344    950501 0    3    6    2    4 0.531 275.1 238.8   7.4  32.2
1923 727.384    950602 9    1    5    1    3 0.178 256.3 202.9   3.1  10.0
1923 728.512    950602 9    1    5    1    3 0.426 268.7 203.3   4.6  25.3
1923 729.329    950602 9   19   41   12   26 0.602 270.7 204.4   5.0  37.2
1923 730.450    950602 9    4   19    4   16 0.791 271.6 204.8   4.8  52.5
1923 730.450    950702 0    5   23   10   41 0.957 119.2  84.2 -25.8 -68.1
1923 731.532    950602 9    1    6    2    8 0.908 272.0 203.5   4.3  65.5
1923 731.532    950702 0    4    9    5   10 0.879 123.8  83.7 -25.9 -54.3
1923 8 1.354    950702 0    2    8    2    7 0.802 129.3  83.3 -26.3 -43.8
1923 8 3.388    950702 0    1   27    1   17 0.584 155.1  84.3 -26.1 -15.9
1923 8 4.350    950702 0    1    5    1    3 0.536 174.6  84.3 -26.1  -3.2
1923 8 7.347   9340100 0    0    7    0    6 0.794 229.9  90.4 -26.2  42.6
1923 816.487   9350100 0    3   23    2   12 0.282  56.3 272.9  15.6 -14.1
1923 820.349   9350200 0    1    5    1    3 0.420 351.9 240.0  31.5   4.0
1923 820.349   9350300 0    1    6    1    4 0.572 179.5 235.7 -27.9  -0.3
1923 821.652   9350400 0    0    3    0    2 0.498 336.1 232.9  33.9  14.1
1923 9 1.380    950802 4   19   66   17   57 0.813 133.7  34.9 -28.9 -42.2
1923 9 2.335    950802 4   37  101   26   71 0.697 144.7  37.2 -28.3 -27.2
1923 9 3.360    950802 4   95  346   60  218 0.606 161.5  38.3 -28.0 -12.6
1923 9 4.509    950802 4   90  453   55  277 0.573 184.0  38.3 -27.6   2.6
1923 9 5.448    950802 4   71  361   45  228 0.608 202.5  38.5 -27.2  15.2
1923 9 6.559    950802 4   46  256   33  183 0.712 219.6  39.3 -27.1  30.6
1923 9 7.623    950802 4   27  217   24  192 0.822 229.7  39.4 -27.1  44.8
1923 9 7.623    950902 8    1   17    3   31 0.956  68.4 280.2  22.7 -74.4
1923 9 8.435    950802 4   19  152   22  171 0.894 234.8  39.0 -27.0  55.1
1923 9 8.435    950902 8   20  132   21  134 0.866  68.7 283.4  22.0 -60.5
1923 9 8.435   9360100 0    8   17    5   10 0.518 173.3 340.0 -23.7  -3.8
1923 9 9.363    950802 4   15   83   28  148 0.958 239.1  38.7 -26.9  67.1
1923 9 9.363    950902 8   30  202   23  152 0.745  67.1 283.9  21.8 -47.7
1923 910.569    950902 8   62  267   37  158 0.531  60.2 286.0  21.6 -29.7
1923 911.505    950902 0   40  213   22  115 0.366  45.5 287.0  21.8 -16.3
1923 912.357    950902 0   44  187   23   97 0.265  16.3 287.5  21.9  -4.6
1923 913.360    950902 0   36  213   19  111 0.280 334.7 286.2  21.8   7.4
1923 914.429    950902 0   27  192   15  106 0.413 308.7 285.0  21.7  20.3
1923 915.370    950902 0   26  185   16  112 0.560 298.8 284.2  21.8  31.9
1923 916.359    950902 0   17  112   13   83 0.732 293.1 285.7  21.7  46.4
1923 917.396    950902 0    7   70    8   72 0.868 290.8 286.4  21.6  60.8
1923 918.396    950902 0    7   24   13   41 0.952 290.4 286.0  21.5  73.6
1923 918.396    951001 0    7   25    4   13 0.271 277.7 228.2   8.9  15.8
1923 919.399    951001 0    1   17    1   10 0.490 275.4 228.7   8.8  29.6
1923 924.397    951102 7    5   21   14   53 0.978 109.8  58.1 -17.7 -75.0
1923 925.395    951102 7   32  200   40  247 0.912 112.6  58.1 -17.4 -61.9
1923 926.357    951102 7   52  291   45  251 0.811 116.7  58.0 -17.0 -49.3
1923 927.578    951102 7   54  285   36  188 0.647 126.7  58.3 -17.1 -32.9
1923 928.399    951102 7   47  250   28  147 0.521 139.9  59.7 -17.2 -20.6
1923 928.399    951202 9    5   19    5   17 0.826 130.3  35.0 -27.7 -45.3
1923 929.138    951102 0   48  291   27  162 0.435 155.9  59.9 -16.8 -10.7
1923 929.138    951202 9    0   13    0   10 0.741 135.3  35.0 -26.4 -35.6
1923 930.645    951102 7   54  304   30  168 0.420 199.4  59.1 -16.8   8.4
192310 1.111    951102 0   60  309   34  175 0.462 212.0  59.3 -16.7  14.8
192310 2.414    951102 0   59  257   38  166 0.627 233.0  58.9 -16.6  31.5
192310 3.156    951102 0   38  213   28  156 0.726 240.4  58.7 -16.2  41.1
192310 4.513    951102 0   28  131   32  146 0.889 247.4  58.7 -16.8  59.0
192310 5.330    951102 0   21   92   37  160 0.955 250.3  58.8 -16.7  69.9
192310 5.330   9370100 0    0    4    0    6 0.920  62.6 281.6  27.7 -67.2
192310 6.323    951102 0    2   23   30  264 0.999 252.4  60.9 -17.1  85.1
192310 9.460    951301 0   11   75   18  124 0.951  88.3 222.2   3.5 -72.2
19231010.347    951301 0   19  105   20  107 0.868  89.5 222.3   3.4 -60.4
19231011.330    951301 0   25  141   19  104 0.730  90.7 222.7   3.6 -47.0
19231012.328    951301 0   38  180   23  108 0.550  92.4 223.2   3.6 -33.4
19231013.399    951301 0   32  185   17   98 0.323  95.6 223.6   3.7 -18.8
19231014.431    951301 0   33  167   17   84 0.091 114.0 224.0   3.6  -4.8
19231015.393    951301 1   33  178   17   90 0.145 256.0 224.2   3.6   8.1
19231016.449    951301 1   35  144   19   78 0.370 265.2 223.9   3.4  21.7
19231016.449   9370200 0    0    3    0    2 0.227 277.8 215.3   7.2  13.1
19231017.414    951301 1   16   95   10   58 0.570 267.8 224.3   3.3  34.8
19231018.358    951301 1    9   42    7   31 0.731 269.7 224.1   3.5  47.1
19231019.346    951301 1    7   28    7   28 0.860 271.0 223.5   3.6  59.5
19231020.428    951301 1    2   16    4   28 0.955 272.1 222.7   3.6  73.0
19231021.364    951401 0    4   18   12   55 0.985 108.3  59.4 -17.0 -78.0
19231022.396    951401 0    8   27   11   37 0.926 110.8  58.9 -17.1 -64.9
19231022.396    951502 5   17   82   10   48 0.514 109.2  94.6  -5.3 -29.2
19231023.207    951401 0   10   68   10   66 0.851 113.4  58.4 -16.9 -54.7
19231023.207    951502 5   46  422   25  226 0.351 119.8  95.3  -5.3 -17.8
19231024.396    951401 0   11   66    8   47 0.700 120.3  58.2 -16.9 -39.2
19231024.396    951502 5  113  514   58  262 0.184 168.0  95.2  -5.5  -2.2
19231024.396   9370300 0    1    4    1    3 0.687 229.7 131.8 -22.4  34.5
19231025.396    951401 0   18   71   11   43 0.557 130.7  58.0 -17.0 -26.2
19231025.396    951502 5   75  479   39  249 0.265 227.5  95.5  -5.6  11.3
19231026.402    951401 0   30   77   17   43 0.427 149.8  57.9 -17.1 -13.0
19231026.402    951502 5   65  303   37  171 0.460 247.5  96.2  -5.9  25.3
19231027.471    951401 0   18   55   10   30 0.368 181.6  57.4 -17.0   0.6
19231027.471    951502 5   25  194   17  129 0.653 255.0  96.2  -6.2  39.4
19231028.477    951401 0   10   57    6   32 0.428 211.7  57.2 -17.0  13.6
19231028.477    951502 5   15   64   14   59 0.836 258.6  99.2  -7.0  55.6
19231029.480    951401 0    9   31    6   19 0.557 230.3  56.9 -16.9  26.6
19231029.480    951502 5    4   14    6   21 0.936 261.5  99.0  -6.4  68.7
19231030.360    951401 0   13   24    9   17 0.686 239.5  56.9 -17.0  38.2
19231031.596    951401 0    5   11    5   11 0.841 246.8  56.3 -16.9  53.9
19231031.596    951602 8   18   74   13   51 0.678 141.3 333.6 -28.3 -28.8
192311 1.394    951401 0    0   11    1   14 0.915 250.0  55.6 -16.5  63.7
192311 1.394    951602 8   33  264   21  166 0.598 152.9 333.9 -28.3 -18.0
192311 2.438    951602 8  100  424   60  254 0.546 171.6 332.9 -28.7  -5.2
192311 3.618    951602 8   70  443   43  269 0.561 194.9 332.1 -29.0   9.5
192311 4.402    951602 8   53  288   34  184 0.614 210.8 333.2 -28.3  20.9
192311 4.402    951702 1   10   76   32  228 0.985  60.2 231.5  30.0 -80.8
192311 5.479    951602 8   12  114    9   84 0.728 223.8 333.1 -28.7  35.1
192311 5.479    951702 1   34  232   45  304 0.923  59.2 232.0  29.8 -66.0
192311 6.512    951602 7    5   14    5   14 0.844 233.7 334.6 -27.7  50.2
192311 6.512    951702 1   44  315   39  276 0.819  56.0 233.1  29.5 -51.3
192311 7.472    951702 1   52  280   37  197 0.701  50.7 233.4  29.1 -38.4
192311 8.455    951702 1   63  283   39  173 0.575  40.4 233.6  29.0 -25.2
192311 9.440    951702 1   40  334   23  189 0.471  22.7 233.8  28.9 -12.0
19231110.450    951702 1   48  378   27  211 0.447 356.5 234.3  29.6   1.8
19231111.435    951702 1   31  350   18  201 0.493 335.3 233.2  29.5  13.7
19231112.393    951702 1   27  253   17  158 0.599 319.7 233.4  29.8  26.5
19231113.257    951702 1   18  123   13   88 0.713 311.1 234.0  30.1  38.4
19231114.482    951702 1   18   73   17   68 0.840 304.5 232.5  30.0  53.1
19231115.353    951702 1    5   50    7   63 0.914 302.0 231.6  30.1  63.7
19231116.487    951702 1    2   16    7   41 0.979 300.1 230.8  29.9  77.9
19231124.361    951801 0    3   27    8   57 0.968 114.0 335.5 -22.8 -73.6
19231125.367    951801 0   15   64   17   73 0.894 116.1 335.5 -22.5 -60.4
19231126.533    951801 0   15   47   12   37 0.764 121.3 335.5 -22.6 -45.0
19231127.516    951801 1   12   30    8   20 0.629 129.5 335.8 -22.7 -31.7
19231128.309    951801 0    6   11    4    7 0.512 140.8 336.6 -22.5 -20.5
19231129.316    951801 0    3    9    2    5 0.416 163.6 336.5 -22.7  -7.3
192312 3.344   9390100 0    0    2    0    2 0.741 241.1 334.6 -20.8  43.9
19231218.476    951902 0    0    4    1    5 0.905  56.4  31.6  29.3 -59.8
19231219.342    951902 7    2    6    2    6 0.846  53.0  29.0  29.5 -51.0
19231220.438    951902 7   35  100   26   73 0.725  45.1  29.4  29.3 -36.1
19231221.311    951902 7   50  255   32  161 0.611  33.7  31.3  28.7 -22.7
19231222.456    951902 7   37  269   22  157 0.515  10.6  32.7  28.3  -6.2
19231223.476    951902 7   46  268   27  156 0.514 346.8  33.1  27.8   7.6
19231224.339    951902 5   22  152   14   93 0.573 330.5  32.7  27.7  18.6
19231225.466    951902 5   10   43    7   30 0.687 314.8  32.4  26.9  33.1
19231225.466    952005 3    3   18    2   12 0.650  38.2 332.1  28.5 -27.2
19231226.356    951902 5    7   28    6   23 0.791 309.0  31.7  28.0  44.1
19231226.356    952003 0    3    8    2    5 0.545  24.2 333.0  27.3 -14.6
19231227.361    951902 5    7   43    9   49 0.898 303.9  32.4  28.6  58.1
19231227.361    952005 0    1    5    1    3 0.489   3.7 332.3  26.5  -2.0
19231228.328    951902 5    2   14    5   25 0.959 300.5  31.2  28.2  69.6
