1921 1 1.407    927801 0   11   80   29  197 0.978 279.7  37.9   8.8  77.3
1921 1 1.407    928002 6   57  266   33  152 0.476 250.2 347.9 -12.2  27.3
1921 1 1.407    928102 4    9   28    5   16 0.431 330.4 333.6  18.8  13.0
1921 1 1.407    928202 1   34  217   36  230 0.879  97.3 258.9  -8.0 -61.7
1921 1 2.330    928002 6   24  140   16   93 0.655 254.5 348.7 -12.7  40.3
1921 1 2.330    928202 1   57  311   44  237 0.751  97.5 259.7  -7.9 -48.7
1921 1 3.474    928002 6   18   87   17   80 0.834 256.8 349.7 -12.9  56.4
1921 1 3.474    928202 1  148  476   89  285 0.546  98.7 260.3  -7.7 -33.0
1921 1 4.395    928002 6   14   57   20   79 0.930 256.9 349.9 -13.5  68.7
1921 1 4.395    928202 1  141  502   75  267 0.334 100.8 261.9  -7.0 -19.3
1921 1 4.395   9000100 0    0    4    0    9 0.973 277.7 357.4   6.6  76.2
1921 1 5.332    928002 6    4   16   15   52 0.986 256.8 349.9 -13.6  81.0
1921 1 5.332    928202 1  124  600   63  303 0.133 113.1 261.8  -6.7  -7.1
1921 1 6.338    928202 1   71  370   36  187 0.125 246.2 262.2  -6.7   6.6
1921 1 7.305    928202 1   38  207   21  112 0.377 263.5 265.0  -6.1  22.1
1921 1 8.304    928202 1   34  146   21   89 0.570 265.1 264.5  -6.1  34.8
1921 1 8.304    928302 4    0   20    5  112 0.996  98.1 144.6  -8.4 -85.1
1921 1 9.329    928202 0   12   31   10   25 0.776 266.6 267.3  -5.3  51.1
1921 1 9.329    928302 4   47  391   94  781 0.967  98.9 140.4  -9.7 -75.8
1921 1 9.329   9000200 0    1   11    1    6 0.137 123.8 209.6  -8.5  -6.6
1921 110.347    928202 0    0    4    0    5 0.904 265.6 267.8  -5.8  65.0
1921 110.347    928302 4  103  658  113  719 0.887  98.9 140.0  -9.9 -62.8
1921 110.347    928402 3    9   37    5   19 0.177 199.0 206.2 -13.9   3.4
1921 110.347   9000300 0    1   17    1    9 0.283 252.1 218.6  -9.1  15.8
1921 111.442    928302 6  157  939  118  703 0.742  99.0 140.4  -9.6 -48.0
1921 111.442    928402 6  155  614   83  329 0.354 242.7 207.3 -13.5  18.9
1921 111.442    928502 4    1    6    1    4 0.587  71.5 154.3   7.1 -34.1
1921 111.442   9000400 0    0    4    0    5 0.878 260.2 250.1 -10.7  61.7
1921 111.442   9000500 0    6   16    4   10 0.569  64.4 156.9  10.5 -31.5
1921 112.341    928302 6  186  910  116  565 0.589 100.3 140.6  -9.7 -36.0
1921 112.341    928402 6  221 1051  133  632 0.553 251.6 209.3 -13.8  32.7
1921 112.341    928502 4   27  112   15   62 0.425  64.0 154.0   6.6 -22.6
1921 112.341    928601 5    0   20    0   37 0.958  85.3 103.7   3.2 -72.9
1921 113.342    928302 5  159  971   87  528 0.390 103.9 140.8  -9.6 -22.6
1921 113.342    928402 6  164  935  118  671 0.714 254.1 208.6 -14.5  45.2
1921 113.342    928502 4   40  195   21  101 0.258  41.0 153.6   6.7  -9.8
1921 113.342    928601 5    5   25    6   26 0.871  83.8 103.3   3.1 -60.1
1921 114.442    928302 5  256 1090  130  553 0.167 121.3 140.6  -9.6  -8.3
1921 114.442    928402 6  158  846  164  874 0.873 255.4 209.9 -15.0  61.0
1921 114.442    928502 4   36   91   19   47 0.230 327.8 156.0   6.6   7.1
1921 114.442    928601 5   29  103   21   74 0.712  81.0 104.1   3.1 -44.8
1921 115.509    928302 5  170  732   86  370 0.139 230.8 141.2  -9.8   6.3
1921 115.509    928402 6   61  376  114  698 0.961 256.0 209.6 -14.8  74.7
1921 115.509    928502 4   16   49    9   27 0.402 298.8 155.7   6.7  20.8
1921 115.509    928601 5   43  150   26   89 0.533  76.2 103.7   3.2 -31.2
1921 116.474    928302 5  112  573   60  305 0.337 254.1 141.3  -9.9  19.2
1921 116.474    928402 6    0   29    3  111 0.991 254.0 205.3 -16.5  83.2
1921 116.474    928502 4    8   21    5   13 0.570 289.9 154.8   7.1  32.7
1921 116.474    928601 5   92  221   49  118 0.340  65.1 104.1   3.6 -18.0
1921 116.474    928702 9    8   15    5    9 0.464  99.3  94.5  -8.6 -27.6
1921 117.341    928302 5   81  387   48  229 0.530 257.5 142.5 -10.8  31.8
1921 117.341    928601 7   74  543   38  278 0.208  44.6 102.3   3.6  -8.4
1921 117.341    928702 9    3   17    2    9 0.259 105.6  96.1  -8.8 -14.6
1921 118.466    928302 5   38  244   28  178 0.725 259.3 142.5 -11.2  46.6
1921 118.466    928601 7  104  570   53  290 0.182 323.7 102.1   3.4   6.2
1921 118.466    928702 9    0    5    0    3 0.076 161.5  94.5  -9.2  -1.4
1921 119.506    928302 0   20  127   22  134 0.877 259.6 143.9 -11.6  61.7
1921 119.506    928601 7  109  542   59  291 0.362 292.4 101.8   3.1  19.6
1921 119.506    928702 9    1    7    1    4 0.283 262.0  98.6  -7.2  16.4
1921 119.506    928801 0    1   34    6  106 0.986  99.0   1.0  -9.7 -81.2
1921 120.310    928302 0   18   98   30  158 0.948 259.5 143.8 -11.6  72.1
1921 120.310    928601 7   86  410   51  241 0.522 284.7 102.1   3.1  30.4
1921 120.310    928702 9   23   55   13   31 0.459 264.7  99.1  -7.1  27.4
1921 120.310    928801 0    6   37   10   55 0.938  98.4   1.5  -9.7 -70.2
1921 120.310    928902 1    5   33   12   70 0.970 101.0 355.0 -11.9 -76.7
1921 120.310    929005 1    3   32   12  100 0.986 102.5 350.4 -13.2 -81.3
1921 121.499    928601 7   46  294   34  216 0.729 279.3 102.1   3.1  46.1
1921 121.499    928702 9   14  105   10   74 0.698 265.3 100.5  -7.1  44.5
1921 121.499    928801 0   17   83   15   72 0.812  98.3   1.4  -9.8 -54.6
1921 121.499    928902 0   15   35   16   36 0.870 100.6 355.1 -11.8 -60.9
1921 121.499    929005 1    8   47   11   58 0.912 101.5 349.6 -12.7 -66.4
1921 122.324    928601 7   38  206   36  194 0.845 277.4 102.2   3.3  57.1
1921 122.324    928702 9   11   68   10   58 0.808 265.0  99.3  -7.2  54.2
1921 122.324    928801 0   14   74   10   52 0.692  98.7   1.1  -9.9 -44.0
1921 122.324    928902 0    6   16    5   13 0.759 100.7 355.5 -11.6 -49.6
1921 122.324    929005 1    9   29    8   26 0.820 102.0 349.7 -12.9 -55.4
1921 123.329    928601 7   18   93   29  145 0.946 275.2 102.5   3.1  70.6
1921 123.329    928702 9    7   43   10   60 0.932 263.9 101.1  -7.7  69.2
1921 123.329    928801 0   15   44    9   26 0.517 100.6   0.8 -10.2 -31.1
1921 123.329    928902 0   11   22    7   14 0.595 102.6 355.5 -11.9 -36.4
1921 123.329    929005 0    7   16    5   11 0.672 102.9 349.7 -12.7 -42.2
1921 123.329   9000600 0    3   19    2   10 0.302  28.8  23.4   9.9  -8.5
1921 124.318    928601 7    3   32   16  138 0.992 273.3 101.5   2.6  82.6
1921 124.318    928702 9    0    4    0   11 0.975 262.8  96.7  -8.2  77.8
1921 124.318    928801 2   15   62    8   33 0.326 108.1   0.5 -11.1 -18.4
1921 124.318    928902 0   12   18    7   10 0.406 106.6 355.5 -11.8 -23.4
1921 124.318    929005 0    6   12    4    7 0.492 106.0 349.9 -12.7 -29.0
1921 124.318    929101 0    2    6    4   11 0.960  75.3 307.0  12.4 -71.9
1921 124.318   9000700 0    1   28    1   16 0.434 301.7  40.7   8.0  21.9
1921 125.348    928801 2    5   31    3   16 0.118 135.8   0.5 -10.5  -4.8
1921 125.348    928902 0   13   19    7   10 0.193 124.8 356.0 -11.9  -9.3
1921 125.348    929005 0    3    7    2    4 0.291 117.5 349.9 -13.2 -15.4
1921 125.348    929101 0    7   21    8   22 0.866  72.5 307.7  12.1 -57.6
1921 126.170    928902 0   31   57   16   29 0.107 189.2 355.5 -11.8   1.0
1921 126.170    929005 0    5    9    3    5 0.154 148.8 349.8 -13.3  -4.7
1921 126.170    929101 0    2    3    2    3 0.767  68.7 307.5  12.3 -47.0
1921 126.170   9010100 0    3   15    2    8 0.170 245.0   3.5  -9.8   9.0
1921 127.391    928902 0   13   75    7   40 0.317 249.6 356.1 -11.9  17.7
1921 127.391    929101 1    7   43    5   27 0.600  56.8 307.2  14.2 -31.2
1921 128.331    928902 0   20   49   12   29 0.513 256.6 356.7 -11.9  30.7
1921 128.331    929101 1    1   12    1    7 0.445  43.3 307.7  13.3 -18.3
1921 128.331    929205 9    3   18    2   10 0.405 259.3 349.8  -9.7  23.8
1921 128.331    929301 3    0   12    0   14 0.892  97.8 262.3  -9.6 -63.7
1921 128.331   9010200 0    0   12    0    7 0.399 240.6 347.3 -16.8  21.3
1921 129.316    928902 0   15   33   11   23 0.690 259.0 356.9 -11.9  43.8
1921 129.316    929205 9    0    3    0    2 0.566 259.2 347.6 -11.0  34.5
1921 129.316    929301 0    0    3    0    3 0.790  98.3 260.5 -10.2 -52.6
1921 130.340    928902 0    3   11    3   11 0.839 259.6 357.1 -12.0  57.5
1921 130.340    929401 1   13   43   53  172 0.992 104.1 215.6 -14.7 -84.0
1921 131.321    928902 0    0    7    1   11 0.934 259.9 356.6 -11.6  69.9
1921 131.321    929401 1   15  140   25  223 0.948 103.3 214.4 -14.5 -72.3
1921 131.321    929502 4    4   31    6   42 0.925 106.7 218.2 -17.7 -68.5
1921 2 1.470    929205 9    0    3    0    8 0.970 261.4 348.2  -9.8  76.7
1921 2 1.470    929401 1   41  233   38  216 0.840 103.9 213.9 -15.0 -57.6
1921 2 1.470    929502 4   21   55   18   46 0.795 106.8 218.7 -17.1 -52.8
1921 2 1.470    929601 0    3   17    5   23 0.922  79.1 205.5   7.6 -66.0
1921 2 2.529    929101 0    0    2    0    2 0.794 289.4 307.4  11.3  49.8
1921 2 2.529    929401 1   38  264   27  185 0.696 105.0 213.5 -14.9 -44.1
1921 2 2.529    929502 4   46  171   30  110 0.621 109.1 219.8 -16.7 -37.8
1921 2 2.529    929601 0    5   25    5   22 0.811  76.2 205.0   7.4 -52.6
1921 2 2.529   9010300 0    0    4    0    4 0.826  71.9 204.4  11.2 -53.2
1921 2 3.494    929401 1   55  279   33  166 0.536 108.2 213.1 -15.0 -31.8
1921 2 3.494    929502 4   60  217   34  122 0.453 115.6 219.6 -17.0 -25.3
1921 2 3.494    929601 1   10   16    7   11 0.659  71.2 205.9   7.4 -39.0
1921 2 4.475    929401 1   63  321   34  172 0.353 117.1 213.0 -15.3 -19.0
1921 2 4.475    929502 4   32  194   17  101 0.274 134.0 220.1 -17.2 -11.9
1921 2 4.475    929601 0    1    8    1    5 0.487  62.4 206.2   7.3 -25.8
1921 2 4.475   9010400 0    0   17    0    9 0.157  98.4 223.0  -7.6  -9.0
1921 2 5.459    929401 1   68  341   35  174 0.186 146.5 212.9 -15.3  -6.1
1921 2 5.459    929502 4   27  113   14   58 0.191 185.5 220.1 -17.4   1.1
1921 2 5.459    929702 5    4   20    8   35 0.954  99.9 145.6 -11.3 -73.4
1921 2 5.459   9010500 0    7   13    4    7 0.353 109.8 199.1 -12.9 -19.9
1921 2 6.356    929401 1   62  359   32  183 0.185 213.0 213.2 -15.4   6.0
1921 2 6.356    929502 4   21   94   11   49 0.271 224.6 218.7 -17.5  11.5
1921 2 6.356    929702 5    6   37    7   41 0.886  99.0 144.2 -11.0 -63.0
1921 2 7.401    929401 0   50  268   27  144 0.364 243.6 213.3 -15.5  19.8
1921 2 7.401    929502 4    1   18    1   10 0.424 242.3 216.7 -17.4  23.2
1921 2 7.401    929702 5    2   10    2    8 0.731  99.8 146.2 -11.6 -47.3
1921 2 7.401    929805 0   26  111   22   91 0.788  96.5 141.0  -9.1 -52.5
1921 2 8.443    929401 0   51  255   31  155 0.561 251.8 213.3 -15.6  33.6
1921 2 8.443    929702 5    3   13    2    8 0.550 101.5 146.3 -11.8 -33.4
1921 2 8.443    929805 0   37  181   23  112 0.587  95.9 143.5  -8.8 -36.2
1921 2 8.443    929901 4   23   72   15   47 0.633 110.0 141.1 -17.7 -38.6
1921 2 9.321    929401 0   23  161   17  115 0.707 255.0 213.3 -15.3  45.1
1921 2 9.321    929702 5   29  194   16  107 0.410  96.9 143.9  -8.9 -24.3
1921 2 9.321    929901 4   14   54    8   31 0.471 115.5 141.7 -17.7 -26.5
1921 210.473    929401 0   26  160   26  160 0.864 255.8 213.4 -15.6  60.4
1921 210.473    929702 5   23  207   12  105 0.150 108.1 144.7  -9.3  -8.3
1921 210.473    929901 4    7   45    4   24 0.285 134.2 140.6 -18.0 -12.4
1921 210.473    930002 2    3   16    2    9 0.406 110.9 129.9 -14.5 -23.1
1921 211.313    929401 0   17  100   27  151 0.942 255.9 213.3 -15.5  71.4
1921 211.313    929702 5   31  207   16  104 0.073 225.0 144.9  -9.7   3.0
1921 211.313    929901 4    0   23    0   12 0.199 178.1 141.5 -18.2  -0.4
1921 211.313    930105 0    3   14    5   23 0.951 284.8 211.8  11.8  69.9
1921 212.325    929401 0    9   50   41  212 0.992 255.3 213.0 -15.4  84.4
1921 212.325    929702 5   36  192   19  100 0.277 259.2 144.6  -9.5  16.0
1921 212.325    930002 2    9   31    5   16 0.124 189.5 129.8 -13.8   1.2
1921 212.325    930105 0    3   14   13   49 0.988 282.8 208.2  11.5  79.6
1921 212.325    930201 5    7   17    9   22 0.914  99.1  61.7 -11.0 -66.9
1921 212.325    930302 0    0    6    0   27 0.992  97.5  45.2  -8.3 -83.4
1921 213.344    929702 5   20   52   12   30 0.487 262.3 144.5  -9.7  29.3
1921 213.344    930002 2    5   15    3    8 0.281 242.0 130.0 -14.2  14.8
1921 213.344    930201 5   23   80   19   66 0.792  98.6  62.3 -11.0 -52.9
1921 213.344    930302 0    2    5    4    8 0.931  96.5  45.9  -8.5 -69.3
1921 214.304    929702 0   16   36   11   25 0.683 262.8 146.1  -9.9  43.5
1921 214.304    930201 5   31   85   20   55 0.625  98.7  63.6 -10.8 -39.0
1921 214.304    930302 0    4   11    4   10 0.824  95.6  46.6  -8.5 -56.0
1921 215.326    929702 0    4   15    4   14 0.831 262.5 145.9 -10.1  56.8
1921 215.326    930201 0   11   42    6   23 0.396 100.8  65.8 -10.6 -23.3
1921 215.326    930302 0    5   10    4    7 0.664  95.0  47.1  -8.5 -42.0
1921 216.500    930201 0    7   13    4    7 0.147 117.6  66.0 -10.8  -7.6
1921 216.500    930302 1    7   17    4   10 0.458  94.8  46.1  -8.4 -27.5
1921 216.500   9010600 0    0    3    0    2 0.155  61.1  65.8  -2.6  -7.8
1921 217.323    930201 0    3    9    2    5 0.082 221.8  66.0 -10.5   3.2
1921 217.323    930302 1   11   28    6   15 0.307  91.8  44.8  -7.2 -18.0
1921 217.323   9010700 0    3    7    2    4 0.358 104.5  42.1 -11.7 -20.7
1921 217.323   9010800 0    2    8    2    7 0.779 103.3  11.2 -14.7 -51.6
1921 218.172    930201 0    5   17    3    9 0.260 256.4  66.5 -10.3  14.9
1921 218.172    930302 4   87  321   44  162 0.128  90.3  44.2  -7.0  -7.4
1921 219.638    930302 4  150  980   78  507 0.252 271.3  47.0  -6.5  14.7
1921 220.465    930302 4  283 1548  158  864 0.442 268.8  47.8  -6.9  26.4
1921 221.468    930302 4  207 1162  135  755 0.636 268.2  48.0  -6.6  39.8
1921 221.468   9010900 0    1   10    1    6 0.421 106.4 343.7 -13.3 -24.5
1921 222.442    930302 4  149  859  126  723 0.801 266.8  49.1  -6.8  53.7
1921 222.442    930402 4   40  101   21   53 0.279 257.9  11.5 -10.2  16.1
1921 223.321    930302 5   80  477  102  602 0.917 265.8  50.8  -6.7  67.0
1921 223.321    930402 4   19  132   11   76 0.487 261.9  13.1 -10.2  29.3
1921 224.446    930302 5   34  176  129  658 0.990 263.7  51.6  -7.2  82.6
1921 224.446    930402 4   38  144   27  100 0.690 263.5  13.1  -9.7  44.1
1921 224.446   9020100 0    3    5    2    3 0.294 279.1 345.9  -4.2  16.9
1921 225.205    930402 4   32  132   28  113 0.809 263.0  13.6  -9.9  54.6
1921 226.458    930402 4   11   39   16   56 0.936 261.9  12.7 -10.1  70.2
1921 227.349    930501 1    9   63   20  129 0.968  75.7 217.3  11.9 -73.4
1921 227.349    930601 0    6   21   13   46 0.971 103.7 213.1 -15.0 -77.6
1921 228.393    930501 1   18   98   20  106 0.884  72.8 217.5  11.6 -59.5
1921 228.393    930601 1    6   43    7   48 0.891 103.5 213.1 -15.3 -63.9
1921 3 1.452    930501 1   21   94   16   71 0.745  67.7 218.3  11.3 -44.7
1921 3 1.452    930601 0    2   10    2    8 0.752 104.3 213.9 -15.5 -49.1
1921 3 2.412    930501 1   17   92   11   58 0.606  59.9 218.0  11.6 -32.4
1921 3 3.327    930501 1    5   26    3   15 0.479  48.2 216.9  11.9 -21.4
1921 3 3.327    930701 0    1   13    1    7 0.154 128.5 231.2 -12.7  -7.1
1921 3 3.327   9020200 0    1    7    1    4 0.376  45.1 222.7   8.4 -15.6
1921 3 4.330    930501 1    3   14    2    8 0.395  21.0 216.7  14.5  -8.4
1921 3 5.325    930701 0    1   13    1    7 0.309 256.3 229.8 -11.1  17.8
1921 3 7.474   9020300 0    1    8    1    5 0.436 117.6 159.7 -18.3 -24.0
1921 3 7.474   9020400 0    0    1    0    1 0.549 115.0 151.8 -19.6 -31.9
1921 3 7.474   9020500 0    2    5    2    4 0.724 107.0 137.2 -17.3 -46.5
1921 3 8.612    930801 2    6   24   10   40 0.952  82.0  97.5   5.3 -71.2
1921 3 9.412    930801 5   42  144   45  153 0.879  80.3  97.8   5.0 -60.4
1921 310.463    930801 5   78  385   57  280 0.724  76.4  99.4   4.7 -44.9
1921 310.463    930905 9    1    3    1    2 0.517  86.8 113.1  -4.5 -31.2
1921 310.463    931001 0    0    5    0   26 0.993  96.9  60.0  -7.6 -84.3
1921 311.313    930801 5   69  347   42  211 0.567  71.9 100.4   4.1 -32.7
1921 311.313    930905 9   16   63    9   34 0.364  84.7 111.8  -4.8 -21.3
1921 311.313    931001 0    8   37   15   65 0.957  95.9  59.3  -7.7 -73.8
1921 312.309    930801 5   94  399   51  215 0.369  57.5 101.8   4.6 -18.2
1921 312.309    930905 9    5   33    3   17 0.129  72.5 112.9  -4.9  -7.1
1921 312.309    931001 0   11   70   11   70 0.862  95.3  59.9  -8.2 -60.1
1921 312.309    931101 0    4   85   19  340 0.991 101.1  36.3 -11.9 -83.7
1921 312.309   9020600 0    0    4    0    7 0.952  95.0  47.2  -6.9 -72.8
1921 313.616    930801 4   86  389   44  199 0.208 355.7 103.7   4.8   0.9
1921 313.616    931001 1   13   55    9   38 0.678  94.1  59.7  -8.0 -43.1
1921 313.616    931101 0   25  159   31  193 0.909  99.7  36.5 -11.8 -66.3
1921 313.616    931205 9    3   12    2    8 0.602  91.0  65.5  -6.3 -37.3
1921 314.513    930801 4   45  245   24  129 0.304 311.6 104.1   4.7  13.2
1921 314.513    931001 1   13   30    8   18 0.510  93.3  60.0  -7.8 -30.9
1921 314.513    931101 0   25  181   22  154 0.806  99.2  36.6 -11.6 -54.3
1921 314.513    931205 9    3   21    2   12 0.418  91.0  66.0  -6.9 -24.9
1921 315.413    930801 4   31  229   18  130 0.465 295.2 104.1   5.0  25.0
1921 315.413    931001 1   11   67    6   36 0.328  93.0  59.8  -7.7 -19.3
1921 315.413    931101 1   35  216   24  146 0.668  99.1  36.8 -11.4 -42.3
1921 315.413    931205 9    0    3    0    2 0.215  91.1  66.6  -7.2 -12.5
1921 316.315    930801 4   22  121   14   77 0.610 287.8 102.9   5.0  35.7
1921 316.315    931001 1    9   53    5   27 0.116  93.9  60.5  -7.5  -6.7
1921 316.315    931101 1   41  221   24  128 0.500 100.9  37.1 -11.6 -30.1
1921 316.315    931205 9    1   15    1    8 0.012  56.4  66.6  -6.7  -0.6
1921 316.315   9020700 0    0    5    0    4 0.747 102.7  18.5 -14.2 -48.7
1921 317.412    930801 4    3   26    3   22 0.799 281.2 104.5   4.6  51.8
1921 317.412    931001 1   17   43    9   22 0.109 273.0  59.0  -6.7   6.3
1921 317.412    931101 1   40  213   21  111 0.276 107.2  37.1 -11.5 -15.6
1921 317.412    931205 9    1    7    1    4 0.225 271.7  65.8  -6.5  13.1
1921 317.412    931302 4    5   10    4    7 0.693 304.8  89.4  17.7  36.7
1921 318.380    931001 1    1    9    1    5 0.354 266.8  60.9  -7.7  20.9
1921 318.380    931101 1   33  137   17   69 0.095 153.3  37.5 -11.9  -2.5
1921 318.380    931205 9    0    3    0    2 0.443 267.1  66.5  -7.6  26.5
1921 318.380    931302 4   34  124   30  107 0.811 298.2  88.7  18.0  48.7
1921 319.476    931101 1   27  118   14   61 0.223 249.2  37.8 -11.4  12.3
1921 319.476    931302 4   14  120   20  168 0.932 293.4  90.2  18.9  64.7
1921 320.334    931101 1    9   74    5   41 0.405 257.8  38.0 -11.3  23.8
1921 320.334    931302 4    5   36   15   99 0.982 290.7  90.2  18.8  76.0
1921 320.334   9020800 0    1    9    1    9 0.842 265.2  72.1  -7.8  57.9
1921 321.486    931101 1    0   16    0   10 0.590 257.4  35.2 -13.0  36.2
1921 321.486    931402 1   26  103   27  107 0.871 290.5  56.3  14.1  57.3
1921 321.486    931502 6   22  167   61  455 0.982  78.8 281.3   9.6 -77.7
1921 322.621    931402 1   23  122   45  234 0.964 287.1  56.1  14.4  72.0
1921 322.621    931502 6   92  488  122  643 0.924  77.3 278.3   8.9 -65.8
1921 323.421    931402 1    7   44   43  250 0.996 285.3  56.2  14.5  82.7
1921 323.421    931502 6  148  779  141  740 0.848  75.1 277.5   8.8 -56.0
1921 323.421   9030100 0    2    3    2    3 0.798 289.0  23.7  10.7  50.2
1921 324.406    931502 6  181  901  125  621 0.686  69.3 280.0   8.9 -40.5
1921 324.406    931601 4    0   11    0   33 0.983  96.9 240.3  -8.0 -80.2
1921 325.338    931502 6  179  969  104  563 0.507  58.9 282.1   9.1 -26.1
1921 325.338    931601 4   17   95   25  135 0.933  96.5 238.6  -8.5 -69.6
1921 326.318    931502 6  208  983  112  528 0.361  39.6 281.8   9.6 -13.5
1921 326.318    931601 4   46  254   41  225 0.822  95.7 239.5  -8.5 -55.8
1921 327.469    931502 6  232 1050  121  547 0.279 353.3 282.0   9.4   1.9
1921 327.469    931601 4   89  533   58  345 0.632  95.6 240.6  -8.7 -39.5
1921 327.469    931705 4    7   31    9   37 0.902  79.5 216.9   6.5 -63.2
1921 328.356    931502 6  194  949  104  508 0.353 322.1 281.1   9.7  12.7
1921 328.356    931601 4   92  528   52  297 0.456  95.7 241.1  -8.5 -27.3
1921 328.356    931705 4    9   38    8   32 0.791  76.3 217.7   6.6 -50.7
1921 329.400    931502 6  185  876  108  511 0.512 301.4 281.0   9.6  26.3
1921 329.400    931601 4   76  455   39  232 0.195  99.0 243.5  -8.2 -11.2
1921 329.400    931705 4    1    9    1    6 0.629  71.5 217.8   6.3 -36.9
1921 329.400    931805 0    4   11    6   16 0.936  73.0 187.7  13.4 -67.0
1921 329.400   9030200 0    0    3    0    2 0.597 296.4 287.5   9.9  32.9
1921 330.397    931502 6  138  635   95  437 0.684 291.7 281.6   9.7  40.1
1921 330.397    931601 4   87  471   44  236 0.047 237.1 243.8  -8.0   2.3
1921 330.397    931705 4    1    8    1    5 0.454  61.6 217.8   6.5 -23.7
1921 330.397    931805 0    3   10    3   10 0.842  69.2 187.4  13.6 -54.1
1921 330.397    931905 0    8   27    7   24 0.816 254.4 296.5 -16.5  55.0
1921 331.503    931502 6  105  493   98  457 0.840 286.1 281.9   9.8  55.0
1921 331.503    931601 4   72  419   38  220 0.299 263.9 244.4  -8.0  17.5
1921 331.503    931805 0    0    4    0    3 0.698  62.8 187.2  13.7 -39.7
1921 331.503    931905 0    2   11    4   15 0.928 255.0 296.0 -16.3  69.1
1921 4 1.382    931502 6   50  300   69  409 0.928 283.3 281.8   9.8  66.5
1921 4 1.382    931601 4   68  347   39  199 0.485 264.7 244.5  -8.2  29.2
1921 4 1.382    931905 0    1    7    5   21 0.982 255.0 295.8 -15.9  80.5
1921 4 1.382    932001 9    2   10    2    9 0.822 104.2 159.6 -15.3 -55.7
1921 4 2.462    931502 6   11  101   46  401 0.992 280.7 282.4   9.7  81.3
1921 4 2.462    931601 4   55  342   38  234 0.679 264.3 244.2  -8.5  43.1
1921 4 2.462    932001 9    1   12    1    8 0.660 106.0 160.0 -15.3 -41.1
1921 4 3.392    931601 4   41  261   36  230 0.819 263.8 244.3  -8.7  55.5
1921 4 3.392    932001 9    3   16    2   10 0.528 116.1 158.7 -18.9 -30.1
1921 4 3.392    932105 9    3   10    2    6 0.546 295.6 218.6   8.2  29.8
1921 4 3.392    932201 2    1    5    1    3 0.088 186.7 189.4 -11.3   0.6
1921 4 3.392   9030300 0    3   11    2    6 0.336   7.0 186.4  13.2  -2.4
1921 4 4.439    931601 4   13  181   20  264 0.938 263.2 245.3  -8.5  70.3
1921 4 4.439    932105 9    2   12    2    9 0.731 288.2 219.6   8.8  44.6
1921 4 4.439    932201 2   15  103    8   54 0.271 253.6 190.3 -10.4  15.3
1921 4 5.430    932105 9    1    7    2    8 0.867 284.0 220.3   8.9  58.4
1921 4 5.430    932201 2   20  101   12   59 0.514 259.1 192.8 -10.9  30.9
1921 4 5.430    932302 2    5   46   13  121 0.980  71.7  85.8  16.5 -76.1
1921 4 5.430   9030400 0    1    8    1    6 0.686  99.5 118.3 -11.0 -43.6
1921 4 6.334    932201 2   36  196   25  136 0.690 260.5 193.9 -11.0  43.9
1921 4 6.334    932302 7   39  313   50  393 0.916  68.4  87.1  17.0 -62.9
1921 4 7.381    932201 2   14   87   14   83 0.849 261.0 194.8 -10.8  58.6
1921 4 7.381    932302 7   57  474   48  398 0.800  63.3  87.8  17.1 -48.4
1921 4 8.368    932201 2    8   29   13   47 0.948 260.8 195.2 -10.6  72.1
1921 4 8.368    932302 7   70  409   48  278 0.674  56.2  87.2  17.2 -35.9
1921 4 8.368   9030500 0    1   20    1   11 0.395  72.2 101.0   1.4 -22.1
1921 4 8.368   9030600 0    0    6    0    7 0.870  69.0  65.9  15.0 -57.2
1921 4 9.400    932302 7   74  281   44  167 0.534  44.4  86.5  17.0 -23.0
1921 410.410    932302 7   56  182   31  101 0.421  22.7  86.4  17.1  -9.8
1921 410.410    932401 1   13  137   42  427 0.986  78.8  17.0  10.0 -79.2
1921 411.314    932302 7   38  231   21  126 0.392 356.1  85.8  17.3   1.6
1921 411.314    932401 1   37  218   52  303 0.931  77.0  17.1   9.9 -67.1
1921 411.314   9030700 0    0    6    1    9 0.926 285.3 150.1  11.9  65.9
1921 412.410    932302 7   40  187   23  108 0.489 320.4  88.8  16.8  19.0
1921 412.410    932401 1   55  341   48  295 0.813  73.8  17.4   9.7 -52.4
1921 412.410    932502 0    0    7    0    4 0.358  23.3  61.4  13.6  -8.4
1921 412.410   9030800 0    1    6    1    4 0.623 102.0  31.2 -11.9 -38.5
1921 413.337    932302 7   43  139   28   90 0.632 306.2  89.8  17.2  32.3
1921 413.337    932401 1   72  441   50  304 0.685  69.4  16.9   9.7 -40.6
1921 414.348    932302 9   15   61   13   50 0.785 297.3  91.2  17.4  47.0
1921 414.348    932401 1   75  574   44  336 0.516  60.5  17.1   9.8 -27.1
1921 414.348   9030900 0    0    7    0    4 0.400  18.9  36.4  16.8  -7.8
1921 415.337    932302 0    6   20    8   26 0.918 292.3  94.3  18.0  63.2
1921 415.337    932401 1   99  612   53  327 0.350  43.3  17.0   9.5 -14.1
1921 415.337    932502 7    3   22    2   14 0.598 300.9  62.9  13.3  31.8
1921 416.339    932302 0    7   26   21   72 0.982 290.1  94.5  18.6  76.6
1921 416.339    932401 1  100  555   52  288 0.259   4.2  16.8   9.6  -1.1
1921 416.339    932502 3    8   23    6   17 0.730 294.4  61.1  13.7  43.2
1921 416.339    932602 4   59  238   33  133 0.441 304.2  39.6   9.4  21.7
1921 416.339    932705 0    0    3    0    2 0.478  38.8 359.7  16.8 -18.2
1921 416.339    932802 5   13   60   28  129 0.971 105.3 300.8 -16.1 -77.1
1921 417.374    932401 1   71  463   38  246 0.335 319.8  16.9   9.7  12.7
1921 417.374    932602 4   62  343   40  219 0.617 291.5  39.7   8.8  35.5
1921 417.374    932705 0    1    9    1    5 0.361  15.7 358.4  15.1  -5.8
1921 417.374    932802 5   27   95   30  105 0.888 104.9 301.2 -15.6 -63.0
1921 417.374    932901 0   18   95   58  297 0.986  79.0 284.9   9.9 -79.3
1921 417.374   9031000 0    0    6    2   14 0.975 262.8  82.0  -8.2  77.8
1921 418.347    932401 1   72  392   42  226 0.493 299.9  17.1   9.6  25.7
1921 418.347    932602 4   64  377   51  299 0.774 286.2  40.2   9.1  48.8
1921 418.347    932802 5   46  193   36  149 0.758 106.2 302.3 -15.6 -49.1
1921 418.347    932901 0   34  178   46  238 0.925  77.4 285.1   9.6 -66.3
1921 418.347   9040100 0    4   21    6   26 0.911 281.5  55.7   8.3  64.4
1921 419.344    932401 1   49  249   33  167 0.664 290.3  17.3   9.4  39.1
1921 419.344    932602 4   32  267   37  301 0.894 283.4  40.1   9.6  61.9
1921 419.344    932802 5   72  400   46  253 0.611 109.4 301.4 -15.8 -36.8
1921 419.344    932901 0   57  256   50  224 0.818  74.9 285.1   9.3 -53.1
1921 419.344    933002 4    3    7    6   15 0.965  96.7 262.9  -7.8 -75.3
1921 420.337    932401 1   23  157   20  135 0.810 285.3  17.4   9.3  52.3
1921 420.337    932602 4   17  106   38  234 0.973 281.2  40.7   9.7  75.6
1921 420.337    932802 5   79  349   44  193 0.421 117.7 302.3 -15.9 -22.8
1921 420.337    932901 0   72  311   49  211 0.671  70.4 285.3   9.2 -39.8
1921 420.337    933002 4   10   32   11   34 0.873  95.4 263.9  -7.1 -61.2
1921 421.343    932401 0   13   89   17  116 0.920 282.4  17.4   9.4  65.6
1921 421.343    932802 5   58  321   30  166 0.253 140.6 302.2 -16.1  -9.6
1921 421.343    932901 0   83  346   48  200 0.498  62.7 285.2   8.8 -26.6
1921 421.343    933002 4   10   70    8   53 0.740  95.3 263.8  -7.2 -48.0
1921 422.463    932802 5   50  318   26  163 0.208 202.3 301.7 -15.9   4.7
1921 422.463    932901 0   77  401   41  212 0.315  40.2 285.1   9.2 -11.9
1921 422.463    933002 4   13   69    8   42 0.561  96.1 262.8  -7.4 -34.2
1921 423.637    932802 5   57  278   31  150 0.372 237.8 300.6 -15.9  19.1
1921 423.637    932901 0   77  392   40  203 0.249 344.8 285.3   9.2   3.8
1921 423.637    933002 4    1   26    1   14 0.335  96.7 261.9  -6.7 -19.6
1921 424.370    932802 5   58  245   34  143 0.512 246.4 301.0 -15.9  29.2
1921 424.370    932901 0   88  388   47  206 0.332 316.0 285.3   9.3  13.5
1921 425.561    932802 5   46  189   33  134 0.706 252.5 300.4 -15.5  44.3
1921 425.561    932901 0   62  293   37  174 0.534 295.6 285.3   9.4  29.2
1921 425.561    933002 7   15   65    8   33 0.170 257.4 265.7  -6.6   9.6
1921 426.634    932802 5   55  173   51  160 0.839 255.2 298.9 -14.8  57.0
1921 426.634    932901 0   46  241   33  173 0.713 287.8 285.4   9.4  43.5
1921 426.634    933002 7    7   41    4   23 0.408 263.8 266.0  -6.6  24.1
1921 427.577    932802 5   12  105   18  151 0.936 255.6 299.2 -15.0  69.8
1921 427.577    932901 0   34  174   32  163 0.843 284.0 285.4   9.4  56.0
1921 427.577    933105 2   15   39    8   21 0.333  43.7 215.9   9.7 -13.5
1921 428.337    932802 5    5   24   16   68 0.983 255.2 299.6 -15.3  80.2
1921 428.337    932901 0   19  108   25  141 0.921 281.7 285.4   9.1  66.0
1921 428.337    933105 2   11   27    6   14 0.249  11.5 216.5   9.9  -2.9
1921 429.351    932901 0    9   67   28  197 0.984 279.9 285.0   9.0  79.0
1921 5 1.557    933205 0    1    6    1    4 0.571 291.7 209.3   8.9  32.5
1921 5 2.341    933205 2    4   15    3   11 0.699 288.5 208.8  10.0  42.3
1921 5 2.341    933305 1   26  121   27  125 0.871 284.1 225.7  10.3  59.2
1921 5 2.341   9040200 0    1    3    1    2 0.493  49.6 143.5  15.1 -22.9
1921 5 3.375    933305 1   30  164   53  284 0.955 282.4 224.5  10.7  71.7
1921 5 4.348    933305 1    5   44   37  287 0.997 281.5 224.3  11.1  84.4
1921 5 8.433    933404 7    8   98   43  493 0.995  89.3   1.9   0.4 -84.0
1921 5 9.611    933404 7  141 1105  200 1558 0.934  88.7   1.4   0.1 -69.0
1921 5 9.611    933505 0    2    7    2    7 0.832  76.3  15.3   9.6 -55.1
1921 510.348    933404 7  216 1741  211 1695 0.856  88.4   1.8  -0.2 -58.8
1921 511.344    933404 7  375 2386  269 1709 0.714  87.5   2.0  -0.2 -45.5
1921 511.344   9040300 0    1   11    1    6 0.228   0.0  47.4  10.3   0.0
1921 512.362    933404 7  477 2372  280 1391 0.520  85.1   2.8   0.2 -31.2
1921 512.362   9040400 0    1    8    1    5 0.489 260.8  63.1  -6.9  29.1
1921 513.375    933404 7  547 2606  287 1367 0.300  80.6   3.4   0.3 -17.2
1921 513.375    933505 2    1    9    1    5 0.251  16.2  16.5  11.3  -4.1
1921 513.375    933605 2    1   16    2   22 0.928  83.5 312.9   5.0 -67.7
1921 514.435    933404 7  542 2759  272 1384 0.074  48.6   3.4   0.3  -3.2
1921 514.435    933605 0    1    8    1    7 0.798  81.5 314.2   5.2 -52.4
1921 515.424    933404 7  401 2272  204 1155 0.177 288.2   3.2   0.8   9.7
1921 516.332    933404 7  490 2170  266 1177 0.385 278.1   3.9   1.0  22.4
1921 517.341    933404 7  361 1892  223 1169 0.585 274.6   3.8   0.9  35.7
1921 518.349    933404 7  288 1331  221 1021 0.757 273.1   3.9   1.0  49.1
1921 518.349    933705 2    2   10    2    8 0.768 284.7   3.7   9.9  48.9
1921 518.349    933805 9    5   22    3   13 0.519 256.4 345.5  -8.8  30.7
1921 518.349    933901 1    0   33    0  154 0.994  78.9 231.8  10.8 -83.0
1921 519.343    933404 7  187  914  206 1003 0.888 272.4   4.2   1.2  62.5
1921 519.343    933705 0    0    4    0    5 0.874 284.1   1.5  11.3  59.8
1921 519.343    933805 9    5    9    4    7 0.710 259.9 346.7  -8.5  45.0
1921 519.343    933901 1   17   72   27  112 0.944  77.9 231.7  10.8 -70.0
1921 520.418    933404 7   83  526  201 1261 0.977 271.2   5.1   0.8  77.7
1921 520.418    933901 1   28  104   26   94 0.829  75.7 232.5  10.8 -54.9
1921 521.344    933404 7   17   77   86  388 0.995 271.1 359.2   0.9  84.0
1921 521.344    933901 1   25  116   18   82 0.698  72.5 232.5  10.9 -42.7
1921 521.344    934005 2    8   32    5   18 0.436  67.4 251.2   8.1 -24.0
1921 522.359    933901 1   35  118   21   70 0.527  65.8 232.5  11.1 -29.3
1921 522.359    934005 0    1    9    1    5 0.219  40.7 253.5   8.0  -8.3
1921 523.375    933901 1   37  178   20   96 0.363  51.7 231.4  11.6 -16.9
1921 524.392    933901 1   29  132   15   68 0.216   8.6 232.9  11.0  -1.9
1921 524.392   9050100 0    0    3    0    3 0.807 281.3 287.9   8.3  53.1
1921 524.392   9050200 0    0    5    0    3 0.324  31.6 224.7  14.7 -10.1
1921 525.347    933901 1   17   34    9   18 0.282 320.2 232.8  11.3  10.6
1921 526.361    933901 1    7   39    4   22 0.445 298.1 232.4  11.1  23.6
1921 527.441    933901 1    6   19    4   13 0.637 289.0 232.4  11.2  37.9
1921 527.441    934101 0    3   15    6   23 0.944 106.0 124.3 -15.4 -70.2
1921 527.441    934201 0    0   26    4  119 0.994  96.5 110.9  -6.6 -83.6
1921 528.347    933901 1    1   12    1    9 0.741 285.7 229.1  11.0  46.6
1921 528.347    934101 0    5   14    5   14 0.855 107.4 124.7 -15.3 -57.8
1921 528.347    934201 0    6   53   11   85 0.948  96.7 111.0  -6.6 -71.5
1921 529.439    934101 0    1    4    1    3 0.702 110.8 125.3 -15.0 -42.8
1921 529.439    934201 0   20   77   19   72 0.840  97.4 111.1  -6.6 -57.0
1921 530.356    934101 0    6   28    4   17 0.552 116.5 125.2 -14.8 -30.7
1921 530.356    934201 0   14   63   10   45 0.710  99.1 111.0  -6.9 -44.9
1921 531.359    934305 9    2    4    2    4 0.787 285.2 193.5  11.6  50.8
1921 531.359   9050300 0    1    5    1    3 0.313  70.2 125.4   5.6 -17.2
1921 531.359   9050400 0    1    7    1    4 0.378  98.3 120.6  -3.6 -22.0
1921 6 1.507    934201 0    9   32    5   17 0.284 111.7 112.1  -6.4 -15.4
1921 6 1.507    934305 9    6   29    9   42 0.933 282.5 195.9  11.5  68.4
1921 6 1.507    934402 4   22   87   15   57 0.640  68.4  89.8  13.3 -37.7
1921 6 2.333    934201 0    3    9    2    5 0.136 141.5 111.6  -6.4  -4.9
1921 6 2.333    934305 9    2   10    5   26 0.978 282.5 194.1  12.2  77.6
1921 6 2.333    934402 4   36  129   21   74 0.486  61.0  90.6  13.4 -25.9
1921 6 3.346    934201 1    5   35    3   18 0.197 240.1 113.0  -5.8   9.9
1921 6 3.346    934402 4   45  196   24  104 0.322  43.7  89.9  13.3 -13.2
1921 6 4.395    934402 4   23   89   12   46 0.228 356.6  90.1  13.1   0.8
1921 6 4.395    934501 0   11   74   22  149 0.967  89.3  14.0   0.7 -75.3
1921 6 5.526    934402 4   18   57   10   31 0.352 309.4  90.5  13.0  16.2
1921 6 5.526    934501 0   18  142   18  142 0.862  89.1  14.8   0.8 -59.5
1921 6 5.526    934602 9    0    7    0    8 0.890  81.5  11.7   7.6 -62.6
1921 6 6.411    934402 4   31  124   18   72 0.495 298.2  89.3  13.7  26.7
1921 6 6.411    934501 0   34  192   26  143 0.738  89.6  15.0   0.4 -47.6
1921 6 6.411    934602 9    1    8    1    7 0.771  80.3  12.5   7.6 -50.1
1921 6 7.415    934402 4   64  263   44  181 0.681 289.1  90.7  13.1  41.4
1921 6 7.415    934501 0   46  216   28  131 0.561  89.8  15.2   0.4 -34.1
1921 6 7.415    934705 0    0    5    0    4 0.716 261.8  94.7  -5.6  45.4
1921 6 7.415   9050500 0    0    4    0    3 0.653  75.4   9.4   9.7 -39.9
1921 6 8.404    934402 4   30  155   27  139 0.828 285.3  91.2  12.9  55.0
1921 6 8.404    934501 0   48  236   26  127 0.358  90.1  15.2   0.4 -21.0
1921 6 8.404    934602 4   14   83    8   46 0.417  72.3  12.6   7.7 -23.6
1921 6 8.404    934705 0    4   14    5   15 0.876 262.9  97.1  -6.0  60.9
1921 6 8.404    934801 9    1    7    1    4 0.169 204.7  40.3  -8.4   4.1
1921 6 8.404    934902 4   14   27   10   19 0.687  70.8 354.4  13.4 -41.8
1921 6 8.404   9050600 0    4    6    3    4 0.617 112.2   0.3 -13.1 -35.9
1921 6 9.734    934402 4    9   44   15   71 0.948 282.5  89.8  12.0  71.2
1921 6 9.734    934501 0   51  273   26  137 0.054  87.6  15.5   0.7  -3.1
1921 6 9.734    934602 4   43  330   22  167 0.140  34.6  14.0   7.2  -4.6
1921 6 9.734    934705 0    6   18   14   38 0.969 263.0  94.2  -6.6  75.6
1921 6 9.734    934801 9   18   59   10   33 0.435 248.9  42.8  -8.5  24.2
1921 6 9.734    934902 4    7   16    4    9 0.421  59.2 356.8  13.0 -21.8
1921 610.347    934402 4    1    9    3   25 0.980 282.6  88.9  12.5  78.4
1921 610.347    934501 0   67  257   34  129 0.085 270.1  15.4   0.7   4.9
1921 610.347    934602 4   93  464   47  234 0.121 339.1  13.0   7.2   2.5
1921 610.347    934801 9    1   41    1   25 0.566 253.5  43.8  -8.7  33.3
1921 611.383    934501 0   54  238   29  126 0.272 270.4  12.6   0.9  15.8
1921 611.383    934602 4   53  307   28  162 0.312 291.0  13.9   7.2  17.1
1921 611.383    934801 9    2    7    2    6 0.779 257.1  47.1  -9.5  50.3
1921 611.383    935002 2   15   61    8   32 0.293 333.5   4.6  16.0   7.8
1921 611.383    935102 4    1   19    1   10 0.247 189.1 359.1 -13.3   2.3
1921 612.361    934501 0   59  261   35  154 0.525 270.0  15.5   0.8  31.7
1921 612.361    934602 4   40  217   24  128 0.525 281.7  15.0   6.9  31.2
1921 612.361    935002 2    7   21    4   12 0.433 306.8   4.9  15.9  21.1
1921 612.361    935102 4   22   82   12   44 0.359 227.2 359.5 -13.2  15.7
1921 613.341    934501 0   33  199   24  141 0.706 270.4  15.7   1.0  44.9
1921 613.341    934602 4   22  116   16   83 0.710 279.7  15.7   7.6  44.9
1921 613.341    935102 4    6   23    4   14 0.521 241.6 358.9 -13.4  28.1
1921 613.341    935202 2    9   19    5   10 0.160 140.2 324.9  -6.0  -5.9
1921 614.367    934501 0   25  132   25  129 0.857 270.6  16.3   1.1  59.0
1921 614.367    934602 7   19  147   19  140 0.849 278.6  15.2   7.9  57.9
1921 614.367    935102 4    5   13    4   10 0.718 248.8   1.0 -14.2  43.7
1921 614.367    935202 2    7   17    4    9 0.193 227.1 325.5  -6.4   8.2
1921 615.344    934501 0   17   93   29  152 0.949 270.8  16.0   1.2  71.7
1921 615.344    934602 7    7   87   14  159 0.960 278.3  18.0   8.3  73.7
1921 616.548    935301 0    6   25   34  129 0.995  80.0 204.2  10.1 -84.2
1921 617.380    935301 0   11   92   20  158 0.954  80.1 204.8   9.9 -72.6
1921 618.131    935301 0   18  116   21  129 0.890  79.6 204.7  10.0 -62.7
1921 619.395    935301 0   37  243   27  176 0.721  77.2 205.1  10.4 -45.6
1921 620.156    935301 0   43  249   27  155 0.591  75.1 205.1  10.3 -35.5
1921 621.522    935301 0   67  426   36  226 0.329  62.0 205.3  10.8 -17.2
1921 622.370    935301 0   72  419   37  214 0.194  33.6 205.0  11.4  -6.3
1921 623.549    935301 0   91  465   47  239 0.229 315.0 205.2  11.5   9.5
1921 623.549    935401 0    8   31   11   40 0.916  77.5 129.4  12.3 -66.3
1921 624.339    935301 0   68  384   37  207 0.371 296.1 205.2  11.6  19.9
1921 624.339    935401 1   12   30   11   28 0.835  76.8 129.0  12.3 -56.3
1921 624.339    935501 2    1   26    9  119 0.993  76.9 101.6  13.3 -83.7
1921 624.339   9060100 0    0   28    0   16 0.439 130.6 165.1 -14.4 -20.1
1921 624.339   9060200 0    0    4    0    3 0.686 108.8 143.8 -11.0 -41.4
1921 625.336    935301 0   66  303   40  184 0.561 287.2 205.3  11.6  33.2
1921 625.336    935401 0    8   14    6   10 0.691  74.8 129.1  12.2 -43.0
1921 625.336    935501 2   19   83   29  127 0.942  77.1 101.6  13.0 -70.5
1921 625.336    935602 0    0    5    0    6 0.907  98.7 107.6  -6.8 -64.5
1921 626.655    935301 0   34  244   28  196 0.778 282.6 205.4  11.4  50.8
1921 626.655    935401 0    7   14    4    8 0.462  68.1 128.6  12.2 -26.0
1921 626.655    935501 2   17  116   15   98 0.804  74.9 101.6  13.6 -53.0
1921 626.655    935602 5  110  421   82  313 0.737 102.9 108.1  -7.7 -46.5
1921 626.655    935702 6   25   76   29   88 0.899  75.8  90.7  13.9 -63.9
1921 627.356    935301 0   27  177   28  183 0.872 281.7 205.9  11.5  60.6
1921 627.356    935401 0    5   13    3    7 0.327  59.9 128.5  12.0 -16.8
1921 627.356    935501 2   14  126   10   89 0.703  73.1 101.5  13.7 -43.8
1921 627.356    935602 5  131  670   84  429 0.623 106.4 108.2  -8.0 -37.1
1921 627.356    935702 6   30  200   27  180 0.828  75.4  89.8  13.6 -55.5
1921 627.356   9060300 0    1    7    1    4 0.451 230.4 166.3 -14.2  21.0
1921 628.358    935301 0   18   87   34  160 0.961 281.0 206.2  11.3  74.1
1921 628.358    935501 2   25  133   15   79 0.531  67.7 101.7  14.0 -30.4
1921 628.358    935602 5  200 1281  111  711 0.433 114.6 108.7  -7.8 -23.4
1921 628.358    935702 6   44  221   30  150 0.671  72.7  90.9  13.6 -41.2
1921 629.340    935501 2   27  136   15   73 0.358  56.3 101.2  14.2 -17.9
1921 629.340    935602 5  272 1578  141  817 0.257 133.7 108.3  -7.4 -10.8
1921 629.340    935702 6   93  385   54  222 0.492  67.8  91.2  13.3 -27.9
1921 630.585    935501 2   25   86   13   44 0.196   7.4 101.1  14.2  -1.5
1921 630.585    935602 5  254 1570  130  803 0.211 213.2 109.3  -7.2   6.7
1921 630.585    935702 6   67  602   35  313 0.267  48.2  90.8  13.2 -11.8
1921 630.585    935805 4   17   39   16   35 0.826 103.9  48.2  -9.7 -54.4
1921 630.585    935901 7   12   54   35  159 0.984  81.1  22.6   9.3 -80.0
1921 630.585    936004 2   15   93   49  291 0.987  85.9  21.8   4.5 -80.8
1921 7 1.342    935501 2   31   91   16   47 0.238 325.5 100.6  14.4   8.0
1921 7 1.342    935602 5  205 1215  109  645 0.335 237.8 109.2  -7.3  16.6
1921 7 1.342    935702 6   92  529   47  269 0.176  12.8  90.3  13.0  -2.3
1921 7 1.342    935805 4   16   51   12   37 0.715 107.2  48.7 -10.0 -43.9
1921 7 1.342    935901 7   24   96   36  144 0.941  81.4  22.2   9.1 -70.4
1921 7 1.342    936004 2   39  182   62  287 0.947  86.6  21.2   4.2 -71.4
1921 7 1.342    936101 0    8   40   66  324 0.998  78.9   6.0  11.3 -86.6
1921 7 2.341    935501 2   14   31    8   17 0.402 298.3 100.7  14.0  21.4
1921 7 2.341    935602 5  139  927   82  547 0.529 251.1 109.6  -7.1  30.3
1921 7 2.341    935702 6   67  372   35  193 0.259 311.3  90.8  13.0  11.5
1921 7 2.341    935805 4    8   18    5   11 0.524 115.7  50.6 -10.3 -28.7
1921 7 2.341    935901 7   11   99   11   92 0.838  80.8  22.3   9.5 -57.0
1921 7 2.341    936004 2   55  312   51  289 0.838  87.1  22.2   4.2 -57.1
1921 7 2.341    936101 0   50  357   82  578 0.950  78.1   7.3  12.3 -72.0
1921 7 2.341    936205 9    2   14    2   12 0.789  79.6  27.3  10.2 -52.0
1921 7 3.358    935501 2   11   19    7   12 0.587 289.3 100.7  13.9  34.8
1921 7 3.358    935602 5  133  601   95  428 0.710 257.0 110.1  -6.8  44.2
1921 7 3.358    935702 6   50  327   28  183 0.447 294.2  90.7  13.6  24.8
1921 7 3.358    935805 0    1    3    1    2 0.325 138.8  53.3 -10.9 -12.6
1921 7 3.358    935901 7    7   50    5   35 0.687  79.1  22.7   9.9 -43.2
1921 7 3.358    936004 4   91  421   64  294 0.696  87.4  21.7   4.2 -44.2
1921 7 3.358    936101 3  118  585  115  570 0.856  77.3   7.1  12.6 -58.8
1921 7 3.358    936205 9    1    9    1    6 0.619  80.0  27.8   8.8 -38.1
1921 7 3.358    936302 4    8   22    8   20 0.826  83.4  10.1   7.3 -55.8
1921 7 3.358    936405 2    0    5    1    7 0.924  79.1 358.2  11.3 -67.7
1921 7 4.399    935501 0    2    6    2    5 0.754 285.7 100.5  14.1  48.4
1921 7 4.399    935602 5   67  374   67  369 0.860 260.2 110.7  -6.6  58.6
1921 7 4.399    935702 6   19   85   13   56 0.640 287.7  91.0  13.9  38.9
1921 7 4.399    935901 7    1    6    1    4 0.492  76.1  23.1   9.8 -29.0
1921 7 4.399    936004 4  102  513   60  300 0.516  88.2  21.0   3.9 -31.1
1921 7 4.399    936101 3  141  833  102  599 0.715  75.6   6.9  12.7 -45.2
1921 7 4.399    936205 9    0    5    0    3 0.406  75.2  28.7   9.1 -23.4
1921 7 4.399    936302 4   36   88   24   59 0.659  82.7  10.9   7.4 -41.2
1921 7 4.399    936505 9    3   12    2    7 0.440  82.2  26.1   6.5 -26.0
1921 7 5.411    935602 5   25  204   46  366 0.958 261.8 111.5  -6.8  72.8
1921 7 5.411    935702 6    9   32    8   27 0.798 284.5  91.4  13.7  52.7
1921 7 5.411    936004 4  136  684   72  360 0.309  90.2  20.7   3.3 -18.0
1921 7 5.411    936101 3  216 1020  129  609 0.543  71.4   6.8  13.0 -31.9
1921 7 5.411    936302 4   14   51    8   29 0.462  80.8  11.3   7.4 -27.4
1921 7 5.411    936405 7    3   29    2   19 0.630  77.2   0.0  10.8 -38.7
1921 7 5.411    936505 9    0    5    0    3 0.200  67.9  27.9   7.8 -10.8
1921 7 5.411    936601 7    3   35    2   18 0.159  24.0  34.9  11.9  -3.8
1921 7 5.411    936705 0    1   11    1    6 0.298  59.2  23.5  12.2 -15.2
1921 7 6.355    935602 5    0   32    0   85 0.981 261.1 104.4  -8.0  78.2
1921 7 6.355    936004 4  129  631   65  317 0.096  95.6  20.7   3.1  -5.5
1921 7 6.355    936101 3  202 1166  109  627 0.365  63.2   6.7  12.9 -19.5
1921 7 6.355    936302 0    5   17    3    9 0.215  65.0  14.8   8.8 -11.4
1921 7 6.355    936405 7   23   69   13   39 0.452  73.2   0.1  10.8 -26.1
1921 7 6.355    936601 2    5    9    3    5 0.218 311.5  35.8  11.9   9.6
1921 7 6.355    936705 0    0   13    0    7 0.155  14.6  23.9  12.3  -2.3
1921 7 7.109    936004 4  105  629   53  316 0.087 265.0  21.2   3.3   5.0
1921 7 7.109    936101 3  171  991   88  508 0.215  44.0   7.4  12.6  -8.8
1921 7 7.109    936405 7    1   22    1   12 0.300  64.6   0.2  11.0 -16.0
1921 7 8.429    936004 4  121  520   66  283 0.392 269.6  21.9   3.4  23.1
1921 7 8.429    936101 3  134  698   69  358 0.220 314.1   8.1  12.6   9.3
1921 7 8.429    936405 7    1   29    1   15 0.153 346.5   0.9  12.4   2.1
1921 7 8.429    936705 0    1    7    1    4 0.464 286.7  25.7  11.1  26.9
1921 7 8.429    936802 4    5   15    3    8 0.316 167.3 354.7 -14.1  -4.1
1921 7 8.429    936902 5   31   75   24   58 0.760  90.0 309.3   2.5 -49.5
1921 7 8.429   9070100 0    1    8    1    5 0.501 281.5  28.5   9.1  29.8
1921 7 9.343    936004 4  107  414   66  254 0.577 269.8  22.0   3.1  35.3
1921 7 9.343    936101 3  106  564   58  307 0.391 291.7   8.5  12.0  21.8
1921 7 9.343    936405 7    0    5    0    3 0.216 299.5 357.7  10.0  11.0
1921 7 9.343    936601 0    1    5    1    4 0.729 282.2  33.4  11.6  46.7
1921 7 9.343    936802 4   35  155   19   83 0.354 204.4 355.4 -14.9   8.7
1921 7 9.343    936902 5   42  165   27  105 0.611  90.7 309.0   2.7 -37.7
1921 7 9.343   9070200 0    0    5    0    3 0.371 303.0   5.5  15.4  18.8
1921 710.294    936004 4   52  240   40  182 0.749 271.0  22.7   3.4  48.6
1921 710.294    936101 3   79  458   49  281 0.577 285.0   8.8  11.9  34.7
1921 710.294    936405 7    0   14    0    8 0.461 285.5   1.0  10.7  26.9
1921 710.294    936802 4   43  168   25   96 0.483 228.2 356.0 -15.0  21.9
1921 710.294    936902 5   47  141   26   78 0.421  92.1 309.2   2.8 -24.9
1921 710.294   9070300 0    1    3    1    2 0.591 274.6  10.4   6.0  36.3
1921 711.394    936004 4   26  111   30  127 0.897 272.0  23.4   3.6  63.9
1921 711.394    936101 3   44  301   34  232 0.758 282.4   8.7  12.1  49.2
1921 711.394    936802 4   47  188   31  124 0.648 241.6 355.6 -14.6  36.1
1921 711.394    936902 5   31  135   16   69 0.194  97.1 308.4   2.7 -11.1
1921 711.394    937005 4    1    9    1    6 0.622 247.3 355.2 -10.5  35.7
1921 712.336    936004 4   15   59   32  127 0.971 272.7  23.5   3.6  76.4
1921 712.336    936101 3   35  217   37  230 0.878 281.2   8.8  11.9  61.7
1921 712.336    936802 4   35  119   29   97 0.786 247.9 355.9 -14.4  48.8
1921 712.336    936902 5   27  145   14   73 0.034 204.5 307.9   2.5   0.8
1921 712.336    937005 4   17   68   14   53 0.765 252.9 355.1 -10.2  48.0
1921 712.336    937102 5    9   40   13   53 0.924  96.3 240.1  -4.2 -67.0
1921 713.343    936101 3   27  115   53  224 0.965 281.5   9.0  12.2  75.3
1921 713.343    936802 4   15   66   18   79 0.905 251.9 356.3 -14.4  62.6
1921 713.343    936902 5   23  100   12   52 0.250 263.9 308.1   2.7  14.4
1921 713.343    937005 4   22  110   25  123 0.892 256.0 355.3 -10.4  61.6
1921 713.343    937102 5   22   85   19   74 0.813  98.6 240.0  -4.4 -53.7
1921 714.347    936802 4    5   24   12   57 0.976 253.9 356.3 -14.7  75.8
1921 714.347    936902 5    8   14    5    8 0.452 267.4 307.4   2.8  26.9
1921 714.347    937005 4   13   75   28  155 0.969 258.0 355.1 -10.5  74.6
1921 714.347    937102 5   40  198   28  137 0.686 102.1 238.2  -5.0 -42.3
1921 714.347   9070400 0    1    5    1    3 0.227 318.0 289.4  14.1   9.0
1921 715.398    936902 5    0    7    0    5 0.684 268.7 309.7   2.4  43.2
1921 715.398    937102 5   61  244   36  142 0.510 108.4 237.4  -5.3 -29.1
1921 716.400    937102 5   30  154   16   81 0.302 123.1 238.6  -5.0 -14.7
1921 717.528    937102 5   15  108    8   55 0.166 197.1 241.2  -4.4   2.8
1921 718.380    937102 5   23   96   12   50 0.276 233.7 240.0  -4.7  12.9
1921 719.372    937102 0    8   35    5   21 0.516 254.0 243.8  -3.9  29.8
1921 719.372    937202 2    7   28    5   19 0.645 113.7 177.0 -11.1 -37.0
1921 719.372   9070500 0    2    9    2    9 0.839  76.6 156.8  13.9 -57.2
1921 720.363    937102 0    7   24    5   17 0.691 258.6 243.7  -4.2  42.8
1921 720.363    937202 2   10   58    6   33 0.450 124.6 178.8 -10.2 -22.1
1921 721.343    937102 0    1    8    1    8 0.835 261.7 243.8  -4.1  55.9
1921 721.343    937202 2    1   11    1    6 0.282 151.3 180.0  -9.3  -7.9
1921 721.343    937301 0    2    5    3    7 0.931  97.4 119.9  -5.0 -68.0
1921 722.386    937301 1    6   18    6   16 0.816 100.1 120.3  -5.2 -53.8
1921 723.430    937301 1    6   10    4    7 0.657 104.6 120.6  -5.5 -39.7
1921 724.415    937301 0    5   13    3    8 0.491 111.2 119.8  -5.5 -27.4
1921 724.415    937402 4    8   25    5   16 0.588 230.9 175.7 -17.1  28.5
1921 725.427    937402 4    9   33    7   25 0.744 241.9 177.1 -16.6  43.2
1921 725.427    937502 4    6   18    5   14 0.754  76.3  84.9  13.9 -49.0
1921 725.427    937602 2   16   64   36  140 0.972 101.1  58.7  -9.4 -75.2
1921 726.570    937402 4    0    8    1   10 0.909 249.7 181.1 -15.9  62.4
1921 726.570    937502 4   16   60   10   37 0.575  74.3  84.0  13.5 -34.7
1921 726.570    937602 4   50  390   51  392 0.865 104.4  60.5  -9.6 -58.2
1921 727.487    937502 4   12   42    7   23 0.404  68.7  83.8  13.6 -22.8
1921 727.487    937602 4  129  585   96  435 0.739 108.4  61.3  -9.6 -45.3
1921 728.355    937502 4    5   27    3   14 0.201  46.2  86.5  13.6  -8.6
1921 728.355    937602 4  135  913   84  567 0.591 114.4  62.0  -9.4 -33.1
1921 729.478    937502 4   19   41   10   21 0.176 323.4  86.5  13.8   6.2
1921 729.478    937602 4  224  962  122  522 0.387 129.8  62.8  -8.9 -17.5
1921 729.478   9070600 0    1    5    1    3 0.251 293.4  93.9  11.3  13.6
1921 729.478   9070700 0    0    1    0    1 0.709  77.3  35.1  13.0 -45.2
1921 730.342    937502 4    7   22    4   12 0.336 294.7  87.1  13.6  18.3
1921 730.342    937602 4  225 1163  117  603 0.265 158.6  63.2  -8.5  -5.6
1921 731.662    937602 4  132  995   70  527 0.328 222.4  64.3  -8.3  12.9
1921 8 1.673    937602 1  133  752   78  439 0.514 242.0  65.3  -8.7  27.3
1921 8 2.444    937602 1   81  505   54  333 0.649 248.9  65.6  -8.8  37.8
1921 8 2.444   9070800 0    1    5    1    3 0.458  61.9   2.7  17.9 -25.1
1921 8 3.510    937602 1   46  277   40  237 0.808 254.3  65.6  -8.9  51.9
1921 8 4.399    937602 1   17  142   22  177 0.913 257.2  66.4  -9.1  64.4
1921 8 5.355    937602 1    5   25   15   64 0.979 259.5  66.4  -8.9  77.1
1921 8 9.342   9080100 0    5   13    3    7 0.351 282.8 317.0  10.5  20.4
1921 811.477    937701 7   45  148   24   79 0.342 114.7 250.3  -2.0 -18.1
1921 812.490    937701 7   53  225   27  114 0.152 152.8 251.0  -1.2  -4.0
1921 813.364    937701 7   39  223   20  114 0.190 228.0 251.5  -0.7   8.1
1921 813.364    937801 0    0    9    0   17 0.962  87.2 168.8   4.5 -74.6
1921 814.323    937701 7   22  145   12   79 0.389 252.5 252.6  -0.5  21.8
1921 814.323    937801 0    1    6    2    7 0.876  88.9 169.4   4.2 -61.4
1921 815.666    937701 2   17  105   12   71 0.670 262.2 254.6  -0.2  41.6
1921 815.666   9080200 0    0    7    0   12 0.946 260.3 282.9  -6.9  69.9
1921 816.372    937701 0    8   56    7   46 0.789 264.8 255.5   0.1  51.8
1921 816.372    937901 0   16   95   34  193 0.968  96.7 129.0  -4.7 -74.7
1921 817.477    937701 0    8   41   11   53 0.918 267.1 255.6   0.1  66.5
1921 817.477    937901 0   32  189   34  196 0.874  99.3 129.1  -4.7 -60.0
1921 818.345    937701 0    0   19    0   48 0.978 269.3 255.6   0.7  78.0
1921 818.345    937901 0   38  245   30  191 0.765 102.2 129.0  -4.8 -48.6
1921 818.345    938002 5   15   54    9   31 0.479 216.1 194.7 -16.2  17.1
1921 819.346    937901 0   44  284   28  178 0.600 107.2 129.3  -4.6 -35.1
1921 819.346    938002 5   57  248   37  160 0.629 233.6 196.2 -16.1  31.8
1921 820.342    937901 0   45  268   25  148 0.417 117.4 129.4  -4.6 -21.8
1921 820.342    938002 5   43  234   34  183 0.766 242.4 196.1 -15.9  44.9
1921 821.158    937901 0   57  267   30  139 0.274 137.0 129.6  -4.7 -10.8
1921 821.158    938002 5   39  190   40  192 0.867 246.8 196.5 -16.2  56.1
1921 821.158    938101 9    3   16    3   14 0.803  81.1  86.4  11.3 -54.0
1921 822.477    937901 0   38  192   20   99 0.237 211.4 130.1  -4.7   7.1
1921 822.477    938002 5   10   74   27  186 0.979 252.2 198.6 -15.8  75.6
1921 822.477    938101 9   16   63   10   39 0.576  80.8  87.6  11.0 -35.4
1921 822.477    938202 8    1   15    2   19 0.909  81.7  56.8  10.4 -66.2
1921 823.395    937901 2   40  197   22  107 0.385 239.9 130.4  -4.5  19.5
1921 823.395    938101 9    5   58    3   32 0.405  77.9  87.1  11.3 -23.8
1921 823.395    938202 8    4   18    4   16 0.811  82.5  56.1  10.2 -54.8
1921 823.395    938302 4   26  114   15   66 0.495 236.0 135.5  -9.7  24.6
1921 823.395    938402 0    1    5    1    3 0.107  57.7 105.6  10.3  -5.3
1921 824.364    937901 2   11  115    7   70 0.567 252.3 130.9  -4.0  32.8
1921 824.364    938101 9    7   27    4   14 0.156  63.5  89.9  11.0  -8.2
1921 824.364    938202 8   27  132   20   95 0.713  81.1  52.2  11.3 -45.9
1921 824.364    938302 4   34  114   23   76 0.656 247.0 135.8  -9.3  37.7
1921 825.313    937901 2    8   60    6   44 0.725 257.6 130.7  -4.0  45.2
1921 825.313    938202 8  132  495   79  296 0.544  79.6  52.4  11.6 -33.1
1921 825.313    938302 4    7   18    6   16 0.807 253.6 137.1  -8.8  51.6
1921 825.313   9080300 0    6   16    4   11 0.634 251.0 122.6  -6.3  37.1
1921 826.378    938101 9    1   11    1    6 0.311 284.3  89.3  11.2  17.9
1921 826.378    938202 8  193 1252  102  659 0.311  76.3  53.5  11.0 -17.9
1921 826.378    938402 6    4   25    3   16 0.604 279.8 108.8  11.6  37.4
1921 827.347    938202 8  138 1350   70  680 0.119  55.1  52.9  11.0  -5.7
1921 827.347    938402 6   66  239   52  187 0.767 279.2 109.2  11.6  50.6
1921 828.423    938202 8  187  866   95  440 0.172 294.1  53.6  11.1   9.2
1921 828.423    938402 6   45  229   57  288 0.915 279.3 111.5  11.4  67.1
1921 828.423   9080400 0    3    9    2    5 0.156  75.6  35.6   9.3  -8.8
1921 829.354    938202 2  121  673   66  365 0.386 282.2  54.7  11.3  22.6
1921 829.354    938402 6   41  155  109  412 0.981 280.2 112.0  11.3  79.9
1921 830.436    938202 2  104  475   66  299 0.604 278.2  55.3  10.7  37.5
1921 831.340    938202 2   58  352   45  273 0.760 277.3  55.9  10.2  50.0
1921 831.340    938502 4   20   79   13   51 0.619 244.4  40.4  -9.6  34.5
1921 9 1.474    938202 2   10   55   12   67 0.907 278.2  56.8  10.4  65.9
1921 9 1.474    938502 4   18   71   16   60 0.803 252.3  41.8  -9.6  50.9
1921 9 2.176    938202 2    2    6    4   13 0.965 279.7  57.4  11.2  75.8
1921 9 2.176    938502 4    9   46   11   51 0.890 256.0  42.5  -9.0  60.9
1921 9 3.405    938502 4    1   20    2   41 0.966 257.7  38.7  -9.9  73.3
1921 9 3.405    938602 2   20   58   13   37 0.603 281.5   2.7  12.7  37.3
1921 9 4.343    938602 2    3   18    3   14 0.755 280.3   2.5  12.5  49.5
1921 9 7.338    938702 0    1    4    1    3 0.639 117.2 238.1 -11.1 -35.4
1921 910.500    938702 4    9   31    5   17 0.347 205.0 240.3 -11.2   8.6
1921 911.366    938702 4   48  169   27   95 0.454 227.1 240.1 -11.2  19.8
1921 912.563    938702 4   56  256   38  174 0.674 244.7 242.9 -11.1  38.4
1921 912.563    938801 1    0   43    0  346 0.998  80.2 117.0  10.2 -87.5
1921 913.347    938702 4   63  280   52  231 0.793 250.1 243.5 -11.0  49.4
1921 913.347    938801 1   45  266   96  568 0.971  81.2 117.0  10.2 -77.1
1921 914.326    938702 4   24  139   30  171 0.912 254.5 244.7 -11.0  63.5
1921 914.326    938801 1   84  441   95  495 0.893  82.5 117.2   9.9 -64.0
1921 915.636    938702 4    1   11   11   64 0.996 258.7 247.0 -10.5  83.1
1921 915.636    938801 1  162  699  118  508 0.722  83.1 117.2   9.9 -46.7
1921 915.636    938902 7    8   75    8   72 0.848 100.6 107.1  -5.1 -56.8
1921 916.358    938801 1  170  784  107  492 0.600  83.0 117.2   9.9 -37.2
1921 916.358    938902 7   46  191   36  148 0.759 103.3 106.5  -5.3 -47.9
1921 917.367    938801 1  166  883   91  484 0.407  81.7 117.0   9.9 -24.1
1921 917.367    938902 7   34  135   21   83 0.576 109.8 108.1  -5.3 -33.0
1921 918.175    938801 1  237  985  122  507 0.233  77.1 117.1   9.9 -13.3
1921 918.175    938902 7   48  142   27   80 0.449 118.4 107.0  -5.8 -23.4
1921 918.175    939002 4   50  102   27   55 0.366 195.3 136.1 -13.6   5.7
1921 919.110    938801 1  183  924   92  463 0.052  17.4 117.1   9.9  -0.9
1921 919.110    938902 7   26   61   14   32 0.265 146.7 109.6  -5.8  -8.4
1921 919.110    939002 4   24   55   14   31 0.455 221.9 136.2 -13.1  18.2
1921 920.358    938801 1  177  829   92  431 0.270 281.6 117.2   9.9  15.6
1921 920.358    938902 7   38  126   20   66 0.278 222.1 112.4  -5.0  10.8
1921 921.625    938801 1  164  681   97  403 0.532 276.9 117.3   9.6  32.4
1921 921.625    938902 1   33  200   20  121 0.557 250.0 116.6  -5.0  31.7
1921 922.341    938801 1  136  598   91  399 0.660 276.9 117.1   9.8  41.7
1921 922.341    938902 1   50  208   35  144 0.689 255.0 117.3  -5.1  41.9
1921 923.429    938801 1   81  385   73  344 0.826 277.0 117.3   9.7  56.3
1921 923.429    938902 1   26  132   26  130 0.859 259.3 119.0  -5.5  58.0
1921 923.429   9090100 0    0    2    0    3 0.923 259.3 127.1  -7.1  66.1
1921 924.463    938801 1   41  242   58  339 0.932 277.7 117.0   9.6  69.6
1921 924.463    938902 1   18   56   33  100 0.959 262.4 120.0  -5.3  72.6
1921 924.463    939102 4    9   33    5   17 0.100 289.4  52.9   8.8   5.5
1921 925.373    938801 1   24  127   82  430 0.988 278.7 117.6   9.6  82.2
1921 925.373    939102 4   45  134   24   71 0.319 277.1  54.1   8.8  18.7
1921 926.346    939102 4   73  280   44  167 0.541 275.1  55.5   8.5  33.0
1921 927.334    939102 4   77  387   56  280 0.719 274.6  55.9   8.0  46.4
1921 928.364    939102 7   76  433   74  418 0.853 275.5  55.0   8.2  59.1
1921 929.362    939102 7   57  353   91  560 0.948 276.2  54.9   8.0  72.1
1921 930.349    939102 7    5   53   15  161 0.985 277.2  50.7   8.2  81.0
192110 1.391   9100100 0    1    5    1    3 0.465   8.0 311.4  34.0  -4.5
192110 8.505    939202 4   14   38   11   29 0.753  95.7 173.6  -0.2 -48.5
192110 8.505   9100200 0   10   25    6   15 0.508 233.6 246.8 -11.9  24.7
192110 8.505   9100300 0    1    9    1    5 0.374  85.6 200.0   7.4 -22.1
192110 9.428    939202 4    7   33    5   21 0.599  97.9 173.5   0.2 -36.4
192110 9.428   9100400 0    8   25    5   15 0.542 125.8 183.1 -13.0 -26.8
19211010.439    939301 0    4   32   12   81 0.979  79.7 117.4  11.3 -79.2
19211011.412    939202 4   13   72    7   37 0.195 121.3 174.2   0.1  -9.6
19211011.412    939301 0   13   47   17   59 0.913  80.2 117.2  11.4 -66.6
19211011.412    939402 9    7   11    5    8 0.663 124.5 148.9 -17.2 -34.9
19211012.334    939202 4   45  123   23   62 0.113 205.7 174.4   0.1   2.8
19211012.334    939301 0   12   32   11   28 0.812  80.0 116.9  11.6 -54.7
19211012.334    939402 9    5   21    3   13 0.543 134.8 147.8 -17.1 -23.8
19211013.395    939202 4   28  136   15   72 0.313 251.6 174.9  -0.1  17.3
19211013.395    939301 0   15   54   10   36 0.652  79.0 116.8  11.6 -40.8
19211013.395    939402 9    1    7    1    4 0.393 159.5 149.4 -15.8  -8.2
19211014.470    939202 4    3   11    2    7 0.528 260.4 174.8  -0.1  31.4
19211014.470    939301 0   17   42   10   24 0.461  73.9 116.4  12.5 -27.0
19211014.470    939501 0   11   56   46  222 0.992  83.3  60.2   7.4 -83.2
19211014.470   9100400 0    1   12    2   13 0.877  83.5  81.6   8.5 -61.8
19211015.384    939202 4    0    4    0    3 0.642 266.8 171.3   2.3  39.9
19211015.384    939301 0    3    9    2    5 0.271  66.2 116.7  11.8 -14.7
19211015.384    939501 0   21  118   32  176 0.940  84.3  60.8   7.3 -70.6
19211016.440    939301 7    1   39    1   20 0.156  16.4 114.8  14.2  -2.6
19211016.440    939501 0   34  172   31  157 0.834  85.1  60.5   7.2 -56.9
19211017.383    939301 7    0   33    0   17 0.228 313.0 114.9  14.4   9.9
19211017.383    939501 0   40  202   28  141 0.693  85.1  60.9   7.4 -44.1
19211018.382    939301 7    1   49    1   27 0.417 294.5 114.9  15.0  23.1
19211018.382    939501 0   53  252   31  147 0.511  84.5  60.9   7.5 -30.9
19211019.543    939301 7    3    7    2    5 0.635 286.2 115.5  14.4  39.0
19211019.543    939501 0   40  227   21  118 0.269  82.5  60.9   7.2 -15.6
19211020.397    939501 0   39  199   20  100 0.081  66.9  60.9   7.1  -4.3
19211020.397    939602 0    1    8    1    5 0.545  81.4  32.1   9.1 -33.1
19211021.400    939501 0   35  167   18   85 0.155 281.4  60.8   6.9   8.8
19211022.392    939501 0   33  144   18   78 0.375 274.9  61.0   6.6  22.1
19211022.392    939702 0    2   11    3   16 0.935  87.8 329.4   3.9 -69.5
19211022.392   9100600 0    0   12    0   26 0.972  93.0 322.8  -1.7 -76.1
19211023.429    939501 0   16   64   10   40 0.581 273.8  61.0   6.3  35.7
19211023.429    939602 7   13   64    7   33 0.187 285.4  35.8   7.8  10.5
19211023.429    939702 6  109  465  105  446 0.851  88.9 326.8   3.6 -58.5
19211023.429   9100700 0    3    9    2    5 0.417 288.5  49.1  12.2  23.9
19211024.384    939501 0    7   22    6   17 0.745 274.2  61.1   6.4  48.4
19211024.384    939602 7  135  509   74  278 0.401 278.7  36.3   8.0  23.6
19211024.384    939702 6  152  950  109  679 0.712  89.5 327.2   3.8 -45.5
19211025.385    939501 0    4   11    5   12 0.878 274.5  61.2   6.3  61.7
19211025.385    939602 4  184  757  116  477 0.606 276.5  36.9   7.8  37.4
19211025.385    939702 6  190 1055  113  625 0.535  90.4 327.1   3.9 -32.4
19211026.304    939602 4  160  959  125  746 0.763 276.2  37.3   7.8  50.0
19211026.304    939702 6  196 1229  105  657 0.351  92.4 326.7   3.6 -20.6
19211027.324    939602 4  107  676  127  799 0.907 276.6  39.4   7.9  65.5
19211027.324    939702 6  216 1015  109  512 0.126  98.1 326.7   3.6  -7.2
19211027.324    939802 0    0    3    0    3 0.747  79.7 285.5  10.8 -48.4
19211028.363    939602 4   71  384  184  991 0.980 277.4  39.3   8.1  79.1
19211028.363    939702 6  168  963   85  485 0.118 261.2 326.9   3.5   6.7
19211028.363    939802 4    8   41    5   25 0.556  77.4 286.7  10.8 -33.5
19211029.485    939702 6  150  620   81  335 0.375 269.4 327.5   3.9  22.1
19211029.485    939802 4   22   84   12   45 0.333  67.4 287.1  11.6 -18.3
19211030.455    939702 6  108  466   67  289 0.589 271.2 328.8   4.2  36.2
19211030.455   9110100 0    0   19    0   10 0.123   4.8 292.0  11.4  -0.6
19211031.330    939702 6   77  323   58  241 0.739 271.5 328.9   4.0  47.8
192111 1.341    939702 6   38  190   41  201 0.880 272.8 329.5   4.4  61.8
192111 1.341   9110200 0    2   12    2    9 0.735 256.2 313.7  -7.2  46.0
192111 2.338    939702 6   13   83   26  157 0.963 273.4 329.2   4.4  74.6
19211110.392   9110300 0    1    7    1    4 0.276  31.2 139.8  16.8  -8.6
19211112.326    939901 1   28  190   68  456 0.977  83.3  45.0   7.2 -77.9
19211112.326   9110400 0    1    4    1    3 0.707 246.5 164.9 -14.2  42.0
19211113.424    939901 1   94  442  108  505 0.897  83.4  44.5   7.2 -63.9
19211113.424   9110500 0    1    3    1    2 0.451  58.5  84.8  16.2 -23.6
19211114.325    939901 1  110  624   91  514 0.792  82.7  44.1   7.4 -52.4
19211115.970    939901 1  165  773  113  527 0.677  82.2  43.9   7.2 -42.5
19211116.329    939901 1  160  956   90  535 0.447  78.3  43.9   7.4 -26.2
19211117.390    939901 1  182  926   94  476 0.231  67.3  43.7   7.4 -12.4
19211117.390    940001 0    4   52   20  224 0.992  85.8 333.0   4.5 -83.1
19211118.317    939901 1  173  956   87  480 0.090   4.4  43.5   7.4  -0.4
19211118.317    940001 0   12   77   20  121 0.947  86.1 332.6   4.4 -71.3
19211118.317   9110600 0    3    9    2    5 0.245  27.4  37.2  14.8  -6.7
19211119.324    939901 1  134  899   69  463 0.239 294.3  43.3   7.7  12.7
19211119.324    940001 0   16  128   16  122 0.849  86.1 332.4   4.4 -58.2
19211119.324    940102 7   52  343  100  655 0.963  97.0 316.5  -6.2 -74.1
19211120.382    939901 1  171  859   96  482 0.450 283.7  42.9   7.9  26.2
19211120.382    940001 0   36  157   26  111 0.703  85.3 332.0   4.7 -44.7
19211120.382    940102 7  103  628  106  647 0.872  98.0 316.5  -6.0 -60.2
19211120.382   9110700 0    0    5    0    3 0.336 301.8  33.7  12.1  17.0
19211121.339    939901 1   98  640   64  414 0.632 280.6  43.0   8.1  38.9
19211121.339    940001 0   42  198   25  117 0.525  84.8 332.5   4.3 -31.6
19211121.339    940102 7  171  837  128  627 0.742  99.9 316.8  -6.1 -47.3
19211121.339   9110800 0    0    6    0    4 0.487 279.2  33.0   6.1  28.9
19211122.345    939901 1   64  396   53  326 0.792 279.1  43.0   8.3  52.2
19211122.345    940001 0   36  193   19  102 0.320  82.0 332.3   4.2 -18.5
19211122.345    940102 7  166 1082  101  655 0.561 103.2 317.5  -5.9 -33.3
19211123.324    939901 1   52  330   61  385 0.901 278.4  42.2   8.3  64.3
19211123.324    940001 0   43  198   22  100 0.105  67.7 332.3   3.9  -5.6
19211123.324    940102 8  266 1290  144  696 0.373 111.1 317.4  -6.2 -20.5
19211124.475    939901 1   23  136   67  382 0.983 278.1  42.3   8.2  79.5
19211124.475    940001 0   33  220   17  112 0.170 282.0 332.4   3.5   9.6
19211124.475    940102 8  266 1362  135  689 0.147 149.5 318.5  -5.8  -4.3
19211125.316    940001 0   28  160   15   86 0.355 276.0 332.4   3.4  20.7
19211125.316    940102 7  228 1165  116  592 0.171 225.9 318.8  -5.5   7.1
19211126.378    940001 0   22  147   14   90 0.573 274.0 332.6   3.3  34.9
19211126.378    940102 7  207 1029  112  555 0.371 251.5 318.4  -5.6  20.7
19211127.447    940001 0   18   92   14   71 0.756 272.9 332.7   2.9  49.1
19211127.447    940102 7  180  830  112  515 0.588 258.7 319.0  -5.7  35.4
19211128.471    940001 0   14   67   16   75 0.890 272.6 333.0   2.8  62.9
19211128.471    940102 7  158  782  122  604 0.760 261.6 319.2  -5.7  49.1
19211129.335    940001 0    3    9    7   18 0.961 272.7 332.7   2.8  74.0
19211129.335    940102 7   90  524   92  536 0.870 263.3 318.9  -5.4  60.2
19211130.541    940102 7   36  315   82  709 0.974 264.3 319.5  -5.4  76.7
192112 1.366    940205 9    3   17    2   10 0.497 292.1 259.9  11.3  28.0
192112 2.331    940205 9    2   13    2    9 0.676 285.9 260.7  11.0  41.5
192112 2.331    940305 0    5   19    3   11 0.479 257.3 247.2  -5.6  28.0
192112 3.327    940205 9    4   17    4   16 0.826 282.1 261.2  10.2  55.1
192112 3.327    940305 2    1   10    1    7 0.652 260.4 246.4  -6.0  40.3
192112 6.449   9120100 0    1   16    1   14 0.809 105.4 111.9 -12.4 -53.0
192112 9.584    940401 2   17   85   51  248 0.984  82.1  44.0   7.7 -79.7
19211210.334    940401 2   32  149   47  218 0.938  81.6  44.4   7.7 -69.4
19211211.398    940401 2   61  375   54  327 0.817  80.1  45.5   7.7 -54.3
19211211.398    940502 2   33  115   17   59 0.192 328.7 105.6   8.8   5.8
19211212.368    940401 7   88  489   60  332 0.673  77.5  45.5   7.8 -41.5
19211212.368    940502 2   35  108   19   58 0.363 296.9 106.1   8.7  19.1
19211212.368    940602 9   14   35    9   22 0.595  76.4  51.3   7.4 -35.7
19211213.314    940401 7  154  887   89  512 0.497  72.7  45.9   7.7 -28.6
19211213.314    940502 2   18   47   11   29 0.562 286.7 107.5   8.5  33.0
19211213.314    940602 9   11   31    6   17 0.393  68.8  52.8   7.3 -21.7
19211213.314   9120200 0    0    5    0    3 0.298  72.0  58.0   4.4 -16.5
19211214.325    940401 7  172 1111   91  585 0.313  59.6  45.4   8.1 -15.8
19211214.325    940502 2   15   40   12   31 0.755 281.6 109.5   8.0  48.3
19211214.325    940602 9   25   97   13   50 0.213  49.6  51.8   6.9  -9.4
19211215.414    940401 7  179 1431   91  725 0.163   7.3  45.6   8.1  -1.2
19211215.414    940602 9   17   68    9   35 0.178 329.0  52.1   7.6   5.3
19211215.414    940701 1   19   89   81  379 0.992  96.5 323.8  -6.6 -83.0
19211216.411    940401 7  171 1336   89  693 0.264 307.6  45.9   8.0  12.2
19211216.411    940602 9   20  146   11   78 0.341 293.0  52.1   6.4  18.4
19211216.411    940701 1   50  324   74  480 0.940  95.7 323.7  -5.8 -70.0
19211217.488    940401 7  187 1148  106  651 0.470 290.1  46.0   8.0  26.5
19211217.488    940602 9    8   43    5   27 0.579 283.7  54.0   6.7  34.5
19211217.488    940701 1   79  551   71  493 0.826  96.0 323.8  -5.8 -55.7
19211217.488    940805 4    3   11    2    6 0.337  44.5   5.5  12.5 -14.0
19211218.470    940401 7  188 1119  124  735 0.646 284.3  45.8   8.0  39.2
19211218.470    940602 9   11   36    9   28 0.760 280.1  55.5   6.6  48.9
19211218.470    940701 1  111  715   76  488 0.677  96.4 324.1  -5.5 -42.5
19211218.470    940805 4   42  184   22   95 0.243   3.2   5.8  12.5  -0.8
19211219.330    940401 7  121  650   96  516 0.774 282.8  45.1   8.8  49.8
19211219.330    940602 9    6   30    7   31 0.867 278.4  55.0   6.4  59.7
19211219.330    940701 1  121  790   71  464 0.520  97.2 324.1  -5.2 -31.2
19211219.330    940805 4   43  157   23   83 0.310 324.2   6.0  12.9  10.7
19211220.461    940401 7   26  218   33  269 0.913 279.9  45.6   8.3  65.3
19211220.461    940602 9    3   23    8   50 0.971 276.8  56.1   6.2  75.8
19211220.461    940701 1  159  798   83  416 0.280 103.2 324.4  -5.4 -15.9
19211220.461    940805 4   31  100   18   57 0.464 301.5   4.2  12.4  23.9
19211221.338    940401 7    6   67   18  175 0.981 280.3  47.0   9.7  78.2
19211221.338    940701 1  139  856   70  430 0.095 131.2 324.7  -5.5  -4.1
19211221.338    940805 4   50  126   32   80 0.612 293.6   3.9  12.6  35.1
19211222.329    940701 9  135  788   69  400 0.167 250.1 324.9  -5.3   9.1
19211222.329    940805 4   21   47   17   37 0.762 287.8   3.7  12.1  47.9
19211222.329   9130100 0   17   68    9   35 0.215 179.6 315.6 -14.5  -0.1
19211223.451    940701 9  143  682   79  375 0.414 261.3 325.3  -5.6  24.3
19211223.451    940805 4    4   16    5   20 0.904 283.1   4.7  10.9  63.7
19211224.315    940701 9   98  587   61  363 0.584 263.8 325.3  -5.5  35.7
19211224.315    940805 4    1   10    4   23 0.971 281.9   5.1  11.0  75.5
19211225.320    940701 9   84  408   65  314 0.757 264.8 325.5  -5.5  49.2
19211225.320   9130200 0    1    3    1    2 0.432 302.9 298.0  11.3  21.7
19211226.496    940701 9   29  220   35  262 0.905 265.2 325.8  -5.4  65.0
19211226.496    940905 2    3   38    2   20 0.250 255.4 274.9  -6.1  14.1
19211227.435    940701 9   23  117   55  276 0.976 265.2 326.1  -5.3  77.6
19211227.435    940905 0    0    3    0    2 0.434 261.5 274.1  -6.1  25.6
19211227.435    941005 4   24   91   15   56 0.573  66.2 216.2  11.1 -32.3
19211228.543    941005 4   18   81   10   44 0.374  50.9 216.7  11.0 -17.2
19211228.543    941102 0    0    5    0    9 0.948  96.8 162.2  -7.3 -71.7
19211229.469    941005 4    7   27    4   14 0.252  17.4 217.3  11.0  -4.4
19211229.469    941102 0    0    4    0    4 0.848  96.7 163.6  -7.2 -58.1
19211230.325    941102 0    0    4    0    3 0.712  97.0 165.0  -7.1 -45.4
19211231.555   9130300 0    1   13    1    7 0.258 220.6 204.2 -14.4  10.0
