1924 1 5.425    952105 0    0    4    0    3 0.727 314.2 250.9  27.5  36.0
1924 1 6.357    952105 0    2    5    2    5 0.816 310.5 248.1  29.4  45.4
1924 123.403   9410100 0    3   23    2   12 0.277 273.5 354.3  -4.3  16.1
1924 126.324   9410200 0    1   19    1   16 0.788  51.9 256.5  25.0 -43.2
1924 128.443   9410300 0    2    8    4   16 0.967  56.1 202.9  30.7 -68.9
1924 2 3.485   9410400 0    2   19    2   17 0.821 243.4 246.6 -25.3  54.3
1924 212.364   9410500 0    0    7    0    7 0.859  54.8  24.3  25.6 -51.1
1924 215.407    952203 0    3   10    2    6 0.502 347.0  42.3  22.4   7.0
1924 216.333    952203 0    1    3    1    2 0.576 328.0  42.4  22.7  19.3
1924 216.333   9410600 0    0   19    1   24 0.911 113.6 316.8 -24.3 -66.3
1924 225.430    952302 6   43  229   30  160 0.694  37.4 235.0  27.2 -28.3
1924 226.411    952302 6  120  678   76  428 0.607  22.4 235.3  27.2 -15.1
1924 226.411   9420100 0    3    9    2    5 0.242 241.8 263.1 -13.6  12.7
1924 227.321    952302 6  127  784   78  480 0.574   5.1 235.1  27.7  -3.3
1924 228.416    952302 6  148  774   92  479 0.587 345.9 233.3  27.6   9.3
1924 229.484    952302 6   92  547   62  365 0.660 328.2 233.0  27.5  23.1
1924 3 1.399    952302 6   71  434   54  329 0.749 316.7 233.2  27.2  35.3
1924 3 1.399   9420200 0    1   11    1    6 0.260 131.9 186.2 -17.1 -11.7
1924 3 2.429    952302 6   63  288   60  273 0.847 308.6 232.4  27.2  48.1
1924 3 3.459    952302 6   26  151   37  210 0.932 302.4 232.4  26.7  61.7
1924 3 4.410    952302 0   14   54   42  158 0.984 298.3 233.1  26.1  74.9
1924 321.326   9430100 0    3    9    2    5 0.051 224.8 297.3  -9.0   2.1
1924 322.564    952401 2    5   22    4   16 0.706 234.0 320.0 -29.8  41.1
1924 322.564    952502 2    6   25    4   15 0.542  38.8 257.9  18.6 -21.0
1924 323.370    952401 2    1    9    1    8 0.804 238.4 320.0 -29.3  51.7
1924 323.370    952502 2    5   12    3    7 0.470  21.7 257.7  19.2 -10.6
1924 324.330    952502 0    0    7    0    4 0.435 352.6 259.0  18.8   3.4
1924 4 6.607   9430200 0    0   12    0    7 0.456   0.4  80.3  21.1  -0.2
1924 410.329    952605 0    0    4    0    3 0.587 356.2  34.0  30.1   2.6
1924 414.611    952605 2    4   21    5   26 0.911 305.5  33.0  29.2  58.2
1924 416.405    952702 4    3   11    3   11 0.843  60.8 259.1  21.1 -52.1
1924 417.353    952702 4   22   65   17   49 0.739  55.4 258.0  20.9 -40.6
1924 418.363    952702 4   70  285   45  183 0.623  46.2 256.5  21.1 -28.8
1924 418.363    952803 4   37  181   26  125 0.687 127.7 246.9 -28.9 -38.4
1924 419.459    952702 4   67  298   39  173 0.504  27.9 256.1  21.6 -14.7
1924 419.459    952803 4   70  383   42  230 0.551 139.3 246.5 -29.3 -24.3
1924 419.459    952905 5   17   36   10   21 0.493 142.6 251.0 -27.8 -19.8
1924 420.460    952702 4   33  152   19   86 0.455   3.7 255.8  22.1  -1.8
1924 420.460    952803 4   71  682   40  382 0.450 154.6 244.9 -28.8 -12.7
1924 420.460    952905 5   16   69    9   38 0.397 165.6 251.2 -27.5  -6.4
1924 421.365    952702 4   19   83   11   48 0.488 341.6 255.2  22.8   9.6
1924 421.365    952803 4  106  755   58  413 0.404 175.2 243.4 -28.6  -2.2
1924 421.365    952905 5   38  241   21  131 0.385 190.4 250.1 -27.1   4.5
1924 422.449    952702 4    3   27    2   17 0.585 321.7 254.5  23.0  23.2
1924 422.449    952803 4   80  658   45  366 0.438 202.7 242.4 -28.5  11.1
1924 422.449    952905 5   56  386   32  220 0.479 217.6 250.4 -26.8  19.1
1924 423.510    952803 4   77  500   46  299 0.545 222.4 241.9 -28.0  24.6
1924 423.510    952905 5   52  228   34  147 0.628 231.2 250.6 -27.1  33.3
1924 424.353    952803 4   33  271   22  180 0.655 231.2 241.5 -28.0  35.3
1924 424.353    952905 6   71  447   53  334 0.741 236.6 250.4 -27.4  44.2
1924 425.479    952803 4   19  189   16  157 0.796 237.5 241.0 -28.3  49.7
1924 425.479    952905 6   52  320   54  331 0.873 240.5 250.5 -27.8  59.2
1924 426.328    952803 4    7   51    8   56 0.888 239.5 241.1 -29.0  61.0
1924 426.328    952905 6   21  170   36  282 0.953 241.7 252.3 -28.3  72.2
1924 427.339    952905 6    7   57   18  133 0.975 242.0 244.3 -28.2  77.6
1924 428.354   9440100 0    2   11    2    8 0.697 319.8 184.1  28.6  30.8
1924 5 4.413   9440200 0    1    2    1    2 0.851  50.3  23.6  30.7 -49.6
1924 5 6.347   9440300 0    1    6    1    4 0.572 333.4  64.4  27.6  16.8
1924 5 7.360    953002 6   18   88   13   63 0.707  36.4   4.7  31.9 -29.6
1924 5 8.450    953002 6   32  279   21  179 0.621  22.2   3.8  32.1 -16.1
1924 5 9.355    953002 6   32  202   20  124 0.572   7.9   2.6  31.5  -5.3
1924 510.457    953002 6   38  167   24  103 0.579 348.5   1.1  31.7   7.8
1924 511.398    953002 6   23   68   15   44 0.628 333.2   0.3  31.5  19.4
1924 511.398    953102 2   16   49   13   40 0.785 115.3 291.2 -21.4 -49.7
1924 512.382    953002 6    5   24    4   18 0.723 319.8   0.9  31.3  33.1
1924 512.382    953102 2   85  311   57  207 0.656 120.4 290.3 -21.5 -37.5
1924 512.382    953202 0    1   12    5   33 0.980 120.0 249.4 -29.9 -78.4
1924 513.627    953002 6    2    8    2    8 0.855 310.1   1.7  31.8  50.3
1924 513.627    953102 2   89  557   50  313 0.455 133.7 290.8 -20.7 -20.6
1924 513.627    953202 0   14   53   18   64 0.909 121.7 248.5 -29.7 -62.9
1924 514.352    953002 6    0    5    0    7 0.912 306.4   1.3  31.6  59.5
1924 514.352    953102 2  100  610   54  327 0.363 150.3 290.7 -20.8 -11.1
1924 514.352    953202 0    9   51    9   48 0.845 124.2 248.1 -29.8 -53.7
1924 514.352    953305 0    1    7    2   12 0.946 117.5 231.8 -26.8 -70.0
1924 515.491    953102 2  157  937   83  495 0.322 191.7 290.7 -20.7   4.0
1924 515.491    953202 0    9   37    7   27 0.726 130.1 247.0 -29.7 -39.7
1924 515.491    953305 0    2    6    2    6 0.856 120.2 230.7 -26.8 -56.0
1924 516.348    953102 2  169 1188   92  646 0.394 215.6 289.6 -20.8  14.2
1924 516.348    953202 0    6   15    4   10 0.628 138.1 246.5 -29.8 -28.9
1924 516.348    953305 0    2    6    2    5 0.760 124.1 230.6 -26.8 -44.8
1924 517.354    953102 2  166  913   99  542 0.538 232.9 289.4 -20.8  27.3
1924 517.354    953202 0    6   13    4    8 0.523 152.7 246.1 -29.7 -16.0
1924 517.354    953401 0    0    6    0   34 0.995 112.9 177.7 -23.0 -84.4
1924 518.475    953102 2   86  533   61  376 0.704 241.1 288.7 -21.4  41.4
1924 518.475    953202 0    1    7    1    4 0.468 176.5 245.4 -29.8  -1.9
1924 518.475    953401 0    9   29   16   47 0.949 113.3 176.4 -22.7 -70.9
1924 518.475    953502 0    4   14    7   24 0.951  49.5 181.8  37.4 -65.5
1924 519.351    953102 2   40  336   36  296 0.822 245.1 288.9 -21.4  53.2
1924 519.351    953401 0   11   82   12   85 0.871 115.0 176.9 -22.6 -58.8
1924 519.351    953502 0    6   15    8   18 0.898  46.4 181.0  37.2 -54.7
1924 520.606    953102 2   17  115   28  187 0.950 248.8 290.3 -20.7  71.2
1924 520.606    953401 0   17   91   13   66 0.721 119.7 176.5 -22.2 -42.6
1924 520.606    953502 0    6   18    5   15 0.795  38.5 180.7  37.1 -38.4
1924 521.353    953102 2    1   40    4  160 0.991 249.8 291.8 -20.2  82.6
1924 521.353    953401 0   17   93   11   59 0.613 125.5 176.6 -22.2 -32.6
1924 521.353    953502 1   21   78   17   63 0.778  36.1 173.8  37.6 -35.4
1924 522.360    953202 9    0    3    0    3 0.819 231.2 244.6 -31.9  48.7
1924 522.360    953401 0   17   84   10   48 0.468 138.0 176.2 -21.8 -19.7
1924 522.360    953502 1   27  131   19   92 0.694  26.6 173.0  37.0 -22.9
1924 522.360   9450100 0    1    3    1    2 0.550  71.8 164.0   8.6 -31.9
1924 523.364    953202 9   13   49   16   59 0.906 237.0 244.2 -30.2  61.6
1924 523.364    953401 2   11   52    6   28 0.365 161.4 175.4 -21.6  -7.2
1924 523.364    953502 1   27  102   18   67 0.640  11.3 173.5  37.5  -9.1
1924 524.411    953202 9    2   17    6   38 0.971 238.3 243.3 -31.0  74.6
1924 524.411    953401 2   11   46    6   25 0.358 195.8 174.7 -21.4   6.0
1924 524.411    953502 1   10   37    7   24 0.624 353.7 173.6  37.1   4.9
1924 525.461    953401 0   10   17    6   10 0.470 221.8 174.5 -21.6  19.7
1924 526.352    953401 0    6    9    4    6 0.596 233.6 174.1 -21.6  31.1
1924 527.382    953401 0    1    8    1    6 0.742 241.3 173.8 -21.5  44.4
1924 527.382    953603 9   18   87   10   47 0.354  17.0 123.1  18.9  -6.3
1924 528.359    953502 9    7   27    8   29 0.881 314.8 168.8  37.9  52.3
1924 528.359    953603 9    5   59    3   32 0.361 342.2 123.2  19.3   6.7
1924 529.364    953603 9    0   13    0    8 0.491 310.5 126.3  18.0  23.1
1924 529.364    953702 5    9   55   74  442 0.997  58.9  18.6  30.9 -84.6
1924 530.378    953702 5   47  366  127  969 0.980  57.4  13.6  31.7 -76.2
1924 531.450    953702 5   83  718  108  934 0.921  55.3  13.1  31.4 -62.5
1924 531.450    953805 0    1    4    2    9 0.964 119.8   3.0 -28.8 -72.6
1924 531.450   9450200 0    1    5    1    3 0.355  28.7  65.3  17.7 -10.3
1924 6 1.446    953702 5  116  952  106  868 0.832  50.8  13.2  31.5 -49.2
1924 6 1.446    953901 0    1    7    1    4 0.180 282.9  72.5   2.0  10.1
1924 6 2.593    953702 5  168 1205  123  878 0.722  43.4  11.6  31.5 -35.6
1924 6 2.593    953805 0    0    8    0    7 0.770 130.1   4.4 -29.9 -42.8
1924 6 2.593    953901 0    1    7    1    4 0.388 280.3  69.7   3.8  22.5
1924 6 3.422    953702 5  244 1363  160  892 0.640  34.8  10.9  31.6 -25.4
1924 6 4.391    953702 5  204 1681  123 1013 0.552  19.6  10.9  31.4 -12.5
1924 6 5.412    953702 5  222 1838  130 1076 0.517   0.5   9.6  31.3  -0.3
1924 6 6.370    953702 5  225 1840  135 1101 0.542 341.3   8.9  31.2  11.7
1924 6 7.439    953702 5  229 1523  148  984 0.628 324.9   8.1  31.3  25.0
1924 6 7.439    954005 0    1    5    1    5 0.829 116.0 290.1 -21.1 -53.0
1924 6 8.303    953702 5  151  996  111  728 0.724 314.1   8.9  30.7  37.2
1924 6 9.375    953702 5  101  677   94  630 0.840 306.8   8.9  30.6  51.4
1924 610.364    953702 5   56  371   77  506 0.927 303.0   9.1  30.7  64.7
1924 610.364    954102 9    1    5    1    4 0.659  56.1 268.2  22.2 -36.2
1924 611.585    953702 5   19  153   70  544 0.989 301.1   8.9  30.9  80.7
1924 611.585    954005 0    0    5    0    3 0.390 183.3 289.6 -22.0   1.4
1924 611.585    954102 9    5   26    3   15 0.479  40.5 268.6  22.2 -19.6
1924 612.360    954102 9    7   44    4   24 0.392  24.0 268.1  22.0  -9.9
1924 612.360   9460100 0    1    5    1    5 0.845  64.3 222.6  22.1 -55.3
1924 613.375    954102 9   26  119   14   64 0.361 350.2 268.3  22.0   3.8
1924 613.375    954202 6   15   44    9   26 0.526 146.9 246.0 -25.1 -18.5
1924 614.467    954102 6   42  262   24  148 0.458 321.9 267.9  22.3  17.8
1924 614.467    954202 6   17   61   10   34 0.442 172.0 246.2 -24.7  -3.9
1924 615.387    954102 6   61  351   39  223 0.612 306.8 270.0  22.7  32.1
1924 615.387    954202 6   14   72    8   41 0.462 197.9 246.9 -24.7   9.0
1924 616.345    954102 6   46  258   36  199 0.757 298.9 271.0  22.5  45.8
1924 616.345    954202 6   11   36    7   22 0.558 217.5 247.2 -24.9  22.0
1924 617.570    954102 6   32  151   40  185 0.910 294.5 273.0  22.9  64.0
1924 617.570    954202 6   19   99   14   71 0.713 231.6 247.1 -25.0  38.1
1924 618.506    954102 6    7   41   17   89 0.971 293.4 272.4  23.1  75.8
1924 618.506    954202 6   21  102   19   91 0.826 237.7 247.0 -25.1  50.4
1924 619.397    954202 6    9   56   12   72 0.918 241.5 247.8 -25.1  63.0
1924 619.397    954301 7   14   48   13   44 0.828  45.5 137.3  36.7 -47.5
1924 620.583    954301 7   23  138   17   99 0.712  35.6 137.8  37.1 -31.3
1924 620.583    954402 9    5   16    3    9 0.417 352.7 172.5  26.4   3.4
1924 621.360    954301 7   16  155   11  102 0.645  25.9 138.0  37.4 -20.8
1924 621.360    954402 9    8   31    5   18 0.463 333.6 172.1  26.5  13.3
1924 622.395    954301 7   27  140   17   86 0.573   6.1 140.7  36.9  -4.4
1924 622.395    954402 9    3    6    2    4 0.577 316.3 171.6  26.6  26.5
1924 623.359    954301 7   19  135   12   83 0.576 349.8 139.7  36.8   7.3
1924 623.359   9460200 0    0    1    0    2 0.884  62.8  72.2  25.0 -60.1
1924 624.395    954301 0   23  142   15   93 0.636 332.9 139.9  36.7  21.2
1924 624.395    954402 9    1   13    1   13 0.843 300.6 173.1  26.8  54.4
1924 625.301    954301 0   18  119   13   86 0.714 322.6 139.4  36.7  32.7
1924 625.301    954402 9    4   17    6   23 0.919 298.5 171.8  27.1  65.1
1924 626.304    954301 0   16   99   14   85 0.806 314.8 138.7  36.5  45.3
1924 626.304    954402 9    0   19    0   43 0.974 297.8 169.9  27.7  76.5
1924 627.367    954301 0   14   59   17   68 0.896 310.1 138.1  36.7  58.8
1924 627.367    954501 2   15  127   50  413 0.987  58.5 358.5  31.5 -80.8
1924 628.304    954301 0    1    2    2    5 0.953 307.5 136.9  36.5  70.0
1924 628.304    954501 2   40  247   64  392 0.947  57.1 357.3  32.0 -69.6
1924 629.422    954501 2   59  313   60  316 0.865  53.9 356.3  32.3 -55.8
1924 630.421    954501 2   49  344   39  271 0.768  49.0 355.5  32.5 -43.4
1924 7 1.368    954501 2   54  333   37  226 0.670  41.6 354.4  32.8 -31.9
1924 7 1.368    954602 4    2   16    2   16 0.848  71.3 328.9  17.5 -57.4
1924 7 1.368    954702 4   17   88   18   89 0.865  61.5 328.5  26.1 -57.8
1924 7 2.478    954501 2   46  343   28  208 0.558  27.9 353.6  32.7 -18.1
1924 7 2.478    954602 4    8   44    6   32 0.709  66.7 328.3  18.7 -43.4
1924 7 2.478    954702 4   24  105   18   79 0.740  57.8 327.7  25.6 -44.0
1924 7 3.435    954501 2   60  329   35  191 0.498   9.8 353.2  32.8  -5.8
1924 7 3.435    954602 4   15   61    9   36 0.521  58.5 331.0  18.8 -28.0
1924 7 3.435    954702 4   25   89   16   57 0.613  49.9 327.5  26.2 -31.5
1924 7 4.497    954501 2   50  297   29  172 0.497 348.1 351.9  32.6   7.0
1924 7 4.497    954602 4   29   87   16   47 0.361  41.9 330.1  19.0 -14.8
1924 7 4.497    954702 4   24   45   14   26 0.482  37.5 325.9  25.8 -19.0
1924 7 5.368    954501 2   56  247   34  149 0.553 332.1 351.3  32.7  17.9
1924 7 5.368    954602 4   47  253   25  132 0.275  16.4 328.7  18.9  -4.7
1924 7 5.368    954702 4    9   38    5   21 0.398  18.8 325.2  25.7  -8.2
1924 7 5.368    954802 9    0    4    0    4 0.850 118.5 279.8 -21.8 -53.6
1924 7 6.402    954501 2   29  176   20  119 0.670 317.8 352.1  32.9  32.4
1924 7 6.402    954602 5   45  229   24  122 0.332 326.9 330.8  19.8  11.1
1924 7 6.402    954802 9    6   23    5   17 0.713 125.4 281.0 -21.5 -38.7
1924 7 6.402    954902 6    9   60   34  213 0.989  68.5 237.5  21.8 -82.2
1924 7 7.570    954501 2    8   47    7   39 0.786 309.0 350.6  32.3  46.3
1924 7 7.570    954602 5   40  202   24  120 0.531 302.2 332.8  19.8  28.5
1924 7 7.570    954802 9    0   26    0   16 0.577 138.7 280.0 -22.2 -24.3
1924 7 7.570    954902 6   61  387   83  527 0.928  67.7 236.4  22.1 -67.9
1924 7 7.570    955001 9    0   15    1   17 0.896 121.6 246.2 -26.0 -58.1
1924 7 8.308    954501 0    1   13    1   13 0.851 305.8 349.1  32.2  54.6
1924 7 8.308    954602 5   34  182   23  121 0.655 296.2 333.2  19.9  38.7
1924 7 8.308    954802 9    0   34    0   20 0.499 152.2 279.9 -22.4 -14.6
1924 7 8.308    954902 6   83  485   82  476 0.857  66.9 236.4  21.8 -58.1
1924 7 8.308    955001 9    1    7    1    7 0.825 125.6 246.2 -26.1 -48.3
1924 7 8.308   9470100 0    1   13    1    8 0.505 339.7 306.4  32.1  11.9
1924 7 9.350    954501 0    0    9    0   20 0.968 304.5 355.9  34.4  75.2
1924 7 9.350    954602 5   19  115   17   99 0.809 291.9 333.7  20.0  53.0
1924 7 9.350    954902 6  119  584   87  426 0.725  63.5 236.4  21.8 -44.3
1924 7 9.350    955001 9    5   17    4   13 0.741 133.0 243.2 -27.2 -37.5
1924 7 9.350    955105 9    1   14    1    9 0.617 140.3 255.0 -24.7 -25.7
1924 7 9.350    955202 9   31   76   18   44 0.491  86.4 251.2   5.3 -29.5
1924 710.307    954602 5   11   78   14   97 0.913 290.5 333.8  20.4  65.8
1924 710.307    954902 6   92  635   57  392 0.581  58.1 236.0  21.4 -32.0
1924 710.307    955001 9    6   33    4   22 0.642 143.8 242.7 -27.5 -25.3
1924 710.307    955105 9    0    6    0    4 0.527 154.5 253.6 -24.4 -14.4
1924 710.307    955202 6   30  179   16   94 0.290  87.4 251.1   4.7 -16.9
1924 711.349    954602 5    6   35   19   99 0.983 290.1 334.5  20.5  80.3
1924 711.349    954902 6  105  624   58  345 0.419  43.6 236.1  21.7 -18.1
1924 711.349    955001 9    6   23    4   14 0.558 160.5 242.1 -27.6 -12.1
1924 711.349    955202 6  107  555   54  278 0.025  25.1 253.6   5.5  -0.6
1924 711.349   9470200 0    1    5    1    3 0.332 326.0 265.6  20.1  11.4
1924 712.306    954902 6   81  455   43  240 0.308  17.5 235.9  21.4  -5.7
1924 712.306    955001 9    0    8    0    5 0.533 180.5 241.9 -27.9   0.3
1924 712.306    955202 6  191  968   98  496 0.217 275.9 254.1   5.5  12.5
1924 713.367    954902 6   71  371   38  197 0.326 334.5 236.2  21.5   8.7
1924 713.367    955202 6  161  884   91  497 0.454 273.0 254.6   5.3  27.1
1924 714.306    954902 6   73  435   41  243 0.441 313.1 235.4  21.8  20.3
1924 714.306    955202 6  116  695   76  452 0.637 272.7 254.8   5.2  39.7
1924 715.307    954902 6   50  367   32  231 0.604 300.7 235.9  21.8  34.0
1924 715.307    955202 6   70  461   59  388 0.802 273.1 255.4   5.2  53.5
1924 716.517    954902 6   64  395   51  314 0.774 294.1 235.3  21.5  49.4
1924 716.517    955202 6   31  175   48  269 0.944 274.0 256.9   5.3  71.0
1924 717.305    954902 6   43  292   44  297 0.867 292.5 235.1  21.9  59.7
1924 717.305    955202 6   15   63   58  238 0.990 274.9 257.7   5.5  82.3
1924 718.405    954902 6   20  120   38  220 0.961 291.5 235.5  22.0  74.6
1924 719.374    954902 6    0   41    0  207 0.995 292.1 233.8  22.4  85.7
1924 719.374   9470300 0    0    3    0    2 0.487  48.5 124.7  23.4 -23.4
1924 720.347    955302 0    0    6    1    8 0.918  71.3  68.2  19.2 -67.0
1924 721.453    955302 0    4   15    4   13 0.788  68.7  69.3  19.9 -51.3
1924 721.453    955401 3    2   10    2    8 0.726 304.8 163.2  28.3  42.6
1924 721.453    955502 4    6   29    4   18 0.576  47.3  92.1  27.5 -28.5
1924 722.357    955302 0    1    4    1    3 0.650  65.2  69.7  19.9 -38.9
1924 722.357    955401 2   12   41   12   40 0.853 298.1 165.9  26.6  57.3
1924 722.357    955502 4   31   93   18   53 0.470  35.7  90.6  27.4 -18.0
1924 723.370    955302 0    1    5    1    3 0.482  56.2  69.9  20.4 -25.3
1924 723.370    955401 2   11   50   19   80 0.948 296.4 167.0  26.7  71.8
1924 723.370    955502 4   16   60    9   33 0.383   7.7  91.9  27.6  -3.3
1924 723.370   9470400 0    2    5    2    5 0.824 324.4 138.9  46.0  43.7
1924 724.364    955302 0    3    9    2    5 0.321  37.1  70.1  20.1 -11.9
1924 724.364    955502 4   36  153   20   85 0.430 335.3  93.8  28.3  11.8
1924 725.397    955502 4   11   44    7   26 0.525 319.6  91.2  28.6  22.8
1924 725.397    955602 6    0    3    0    6 0.966  55.5 352.9  34.7 -75.5
1924 726.392    955502 4   10   29    7   19 0.642 308.9  89.8  28.4  34.6
1924 726.392    955602 6   13   47   15   54 0.893  53.7 354.0  34.7 -61.2
1924 727.315    955502 4    5   17    4   14 0.772 302.0  90.9  28.0  47.9
1924 727.315    955602 6   55  222   46  183 0.791  49.6 355.8  34.8 -47.2
1924 728.188    955502 4   13   73   12   68 0.838 298.0  87.1  26.5  55.7
1924 728.188    955602 6   45  231   31  159 0.682  42.8 357.0  34.8 -34.4
1924 729.369    955502 4   12   80   20  128 0.947 295.0  87.7  25.5  71.9
1924 729.369    955602 6   56  253   34  153 0.555  28.4 357.1  34.7 -18.7
1924 730.411    955602 6   51  280   30  162 0.493   9.8 356.2  34.9  -5.9
1924 730.411    955701 4    0    6    0   18 0.984  50.7 280.5  39.7 -81.6
1924 731.363    955602 6   43  296   25  171 0.495 349.2 356.0  35.0   6.5
1924 731.363    955701 4    2   16    4   25 0.943  52.3 279.5  37.4 -70.0
1924 8 1.383    955602 6   41  317   25  192 0.561 330.3 355.8  34.8  19.8
1924 8 1.383    955701 4    2   23    3   24 0.871  49.6 279.0  37.8 -57.0
1924 8 1.383    955801 0   29  170   53  308 0.960  86.0 261.9   5.5 -74.1
1924 8 2.427    955602 6   59  267   40  180 0.667 317.0 355.6  34.3  33.4
1924 8 2.427    955701 4    9   22    8   18 0.781  44.1 278.1  38.6 -44.1
1924 8 2.427    955801 0   42  246   43  251 0.869  86.9 261.5   5.7 -60.7
1924 8 3.362    955602 6   38  191   31  153 0.777 310.1 355.9  34.4  46.1
1924 8 3.362    955701 4    4   11    3    8 0.694  37.2 277.2  38.8 -32.6
1924 8 3.362    955801 0   64  335   49  253 0.747  87.7 261.2   5.8 -48.6
1924 8 3.362    955901 1    6   18    8   25 0.923  61.9 242.3  28.2 -67.5
1924 8 3.362    956001 0    9   41   21   89 0.972  66.3 232.0  24.4 -77.8
1924 8 3.362   9480100 0    1    3    1    2 0.579 333.1 328.9  36.9  19.1
1924 8 4.387    955602 6   35  127   37  134 0.878 306.3 355.6  34.6  59.3
1924 8 4.387    955701 0    1    3    1    2 0.639  27.6 273.5  40.2 -22.8
1924 8 4.387    955801 0   75  370   46  226 0.571  88.7 261.3   5.8 -35.0
1924 8 4.387    955901 0   10   38    9   33 0.814  60.0 243.4  27.9 -52.9
1924 8 4.387    956001 0   10   67   13   80 0.905  65.6 231.2  24.7 -65.1
1924 8 5.352    955602 6   16   69   26  109 0.945 304.2 354.7  34.3  71.2
1924 8 5.352    955801 0  111  491   60  265 0.373  90.0 261.5   5.8 -22.0
1924 8 5.352    955901 0    5   14    4   10 0.686  55.1 243.9  28.0 -39.6
1924 8 5.352    956001 0   20   79   17   67 0.804  64.0 230.9  24.5 -52.6
1924 8 6.482    955602 6    4   25   20  110 0.992 304.1 354.2  34.5  85.7
1924 8 6.482    955801 0  113  456   57  230 0.125  93.7 261.3   5.8  -7.2
1924 8 6.482    955901 0    1   11    1    7 0.530  43.5 244.0  28.4 -24.5
1924 8 6.482    956001 0   21   92   14   61 0.651  59.9 230.4  24.1 -38.1
1924 8 7.615    955801 1   89  509   45  257 0.135 267.7 261.4   6.0   7.8
1924 8 7.615    956001 0   19   80   11   46 0.480  48.6 230.3  24.4 -23.3
1924 8 7.615    956101 2    1    8    1    5 0.517 215.7 272.2 -18.8  18.6
1924 8 8.366    955801 1  104  415   55  218 0.302 269.6 261.3   6.0  17.7
1924 8 8.366    956001 0   14   38    8   21 0.379  35.2 229.7  24.3 -13.9
1924 8 8.366    956101 2    4   12    3    8 0.641 230.1 274.9 -18.8  31.3
1924 8 9.377    955801 0   85  388   50  227 0.517 271.1 261.6   6.1  31.3
1924 8 9.377    956001 0    9   34    5   18 0.303   2.7 229.4  24.1  -0.9
1924 8 9.377    956101 2   10   40    8   32 0.776 239.0 275.0 -19.0  44.7
1924 810.417    955801 0   60  286   43  204 0.710 272.1 262.0   6.1  45.5
1924 810.417    956001 0    1    7    1    4 0.360 327.6 228.7  24.1  12.2
1924 810.417    956101 2    0   11    0   13 0.888 245.1 274.7 -18.6  58.2
1924 811.391    955801 1   42  233   41  223 0.850 273.1 262.2   6.1  58.6
1924 811.391    956001 0    0    5    0    3 0.508 303.1 230.9  22.0  27.3
1924 812.373    955801 0   29  165   46  257 0.945 274.2 262.2   6.1  71.5
1924 812.373    956202 9    7   16    6   13 0.778 229.2 231.5 -25.6  40.8
1924 813.370    955801 0    8   30   43  153 0.994 275.4 262.1   6.0  84.6
1924 813.370    956202 9   16   64   17   65 0.868 235.6 230.0 -25.4  52.5
1924 814.399    956202 9   14   64   23  100 0.946 240.3 229.3 -25.3  65.4
1924 815.367    956301 6   13  108   35  279 0.980  74.6  71.0  16.4 -80.1
1924 816.380    956301 6   38  272   51  359 0.923  74.6  69.3  16.8 -68.4
1924 817.609    956301 6   74  441   60  357 0.784  73.8  69.5  16.9 -51.9
1924 818.575    956301 6   75  461   49  301 0.639  71.3  69.4  17.2 -39.3
1924 819.394    956301 6  106  519   61  298 0.486  66.8  70.0  17.2 -27.9
1924 820.448    956301 6   77  391   40  203 0.261  50.4  71.8  16.4 -12.1
1924 821.379    956301 6   65  347   33  176 0.160 341.0  74.7  15.7   3.1
1924 822.363    956301 6   56  283   30  149 0.312 298.5  75.1  15.3  16.5
1924 823.416    956301 6   53  291   31  169 0.505 287.5  74.6  14.9  29.9
1924 824.229    956301 6   42  266   28  176 0.650 284.8  74.6  15.0  40.6
1924 825.376    956301 6   29  186   26  165 0.822 283.1  74.7  14.8  55.9
1924 826.358    956301 6    7  105   10  140 0.924 282.8  74.4  14.5  68.6
1924 827.387    956301 6    4   25   16   82 0.987 283.5  74.5  14.4  82.3
1924 828.331    956402 8   23  100   14   60 0.546  62.5 308.6  20.8 -31.2
1924 828.331    956501 0   27  100   57  211 0.970  86.8 263.5   4.8 -76.3
1924 829.462    956402 6  210 1159  113  624 0.367  44.5 308.7  22.1 -16.1
1924 829.462    956501 0   50  190   52  197 0.874  88.5 263.6   4.8 -61.2
1924 830.475    956402 6  416 1910  216  990 0.260  11.1 308.3  22.0  -3.1
1924 830.475    956501 0   50  250   37  185 0.733  90.4 264.1   4.6 -47.3
1924 830.475   9490100 0    0    3    0    2 0.611 214.3 333.5 -23.7  22.1
1924 831.564    956402 6  417 2199  220 1159 0.312 325.5 308.1  22.0  11.0
1924 831.564    956501 0   57  309   34  184 0.539  92.7 264.4   4.6 -32.7
1924 9 1.575    956402 6  395 2172  222 1220 0.452 305.0 307.2  21.7  23.5
1924 9 1.575    956501 0   60  339   32  180 0.332  97.0 264.4   4.5 -19.3
1924 9 1.575   9490200 0    3    8    2    5 0.488 358.3 284.7  36.4   1.0
1924 9 2.328    956402 6  349 2090  214 1281 0.575 297.7 307.0  21.6  33.2
1924 9 2.328    956501 0   59  354   30  180 0.172 104.9 264.2   4.6  -9.6
1924 9 3.622    956402 6  225 1620  177 1275 0.770 291.6 306.9  21.2  50.2
1924 9 3.622    956501 0   63  348   32  176 0.139 251.8 264.3   4.7   7.6
1924 9 4.343    956402 5  127 1212  124 1180 0.856 290.7 306.6  21.4  59.4
1924 9 4.343    956501 0   59  329   31  173 0.301 262.6 264.6   4.7  17.4
1924 9 5.441    956402 5   89  527  142  837 0.948 289.7 305.4  20.9  72.8
1924 9 5.441    956501 0   42  272   25  160 0.524 267.2 264.3   4.7  31.7
1924 9 5.441    956602 4    1    3    1    2 0.580 186.2 236.7 -28.0   4.1
1924 9 6.428    956402 5   17  131   52  381 0.984 290.1 301.5  21.0  81.9
1924 9 6.428    956501 0   43  244   31  173 0.706 269.4 264.7   4.7  45.1
1924 9 6.428    956602 4    6   21    4   14 0.633 208.0 239.1 -27.2  19.5
1924 9 7.233    956501 0   30  176   27  158 0.827 270.8 265.1   4.7  56.1
1924 9 7.233    956602 4   18   70   13   50 0.707 218.6 238.8 -27.3  29.8
1924 9 8.382    956501 0   18  111   29  171 0.943 272.2 264.8   4.5  71.0
1924 9 8.382    956602 4   10   47    9   41 0.815 228.6 237.4 -27.5  43.6
1924 9 9.437    956501 0    1   44   11  250 0.996 273.8 265.1   4.4  85.2
1924 9 9.437    956602 0    4   14    6   21 0.936 238.5 242.6 -26.1  62.7
1924 910.361    956601 4    0   10    0   21 0.965 239.8 236.7 -26.7  69.0
1924 910.361    956702 2   20   95   17   81 0.805  67.1 114.2  22.7 -53.5
1924 911.412    956702 4   57  407   39  277 0.675  62.3 113.0  23.8 -40.8
1924 912.326    956702 5  104  561   61  328 0.515  55.7 114.1  23.3 -27.6
1924 913.422    956702 5  112  620   60  331 0.347  37.5 114.0  23.0 -13.3
1924 914.378    956702 5   81  434   42  225 0.263   3.2 113.7  22.4  -0.9
1924 915.507    956702 5   61  443   33  238 0.360 317.9 114.8  22.4  15.1
1924 916.377    956702 5   22  166   13   97 0.513 302.0 116.3  22.1  28.0
1924 917.340    956702 5   30  180   21  124 0.684 294.5 117.6  21.8  42.1
1924 918.329    956702 5   17   96   16   88 0.834 291.7 119.2  22.0  56.7
1924 918.329    956802 2    1    3    3    6 0.945 117.7 356.8 -23.3 -65.7
1924 919.321    956702 5    4   22    6   31 0.931 291.0 119.2  22.1  69.8
1924 919.321    956802 8   27  107   27  107 0.864 123.3 357.1 -24.1 -52.3
1924 920.336    956802 8   23  153   18  118 0.755 130.7 357.2 -24.1 -38.8
1924 920.336    956902 9    5   24    3   14 0.450  47.1  14.8  24.4 -21.2
1924 921.380    956802 8   55  205   37  136 0.652 142.4 356.2 -24.9 -26.0
1924 921.380    956902 9    0    9    0    5 0.297  10.2  18.9  24.0  -3.3
1924 922.414    956802 8   83  414   51  252 0.566 159.8 356.1 -25.3 -12.5
1924 922.414    956902 9    0   18    0   10 0.336 330.2  19.1  23.8  10.5
1924 923.648    956802 8   52  393   31  233 0.534 185.3 355.4 -25.2   3.1
1924 924.393    956802 8   42  239   26  145 0.561 200.3 354.8 -25.0  12.4
1924 924.393    956902 9    6   17    4   11 0.578 303.9  14.3  24.7  31.9
1924 924.393    957001 0    8   81   20  183 0.974  85.4 264.8   6.0 -77.6
1924 925.366    956802 8   28  132   19   87 0.646 216.5 354.7 -25.1  25.1
1924 925.366    956902 9    0    8    0    6 0.704 301.0  12.0  26.4  42.4
1924 925.366    957001 0   25  118   29  137 0.899  86.2 265.1   6.4 -64.5
1924 925.366    957102 2    3   21    2   11 0.254 335.7 336.0  20.2   6.4
1924 926.348    956802 8   14   57   11   44 0.754 228.2 354.9 -24.9  38.3
1924 926.348    957001 1   24  173   20  140 0.783  87.3 264.7   6.3 -51.9
1924 927.420    956802 8    0    6    0    6 0.851 232.2 351.6 -27.1  49.1
1924 927.420    957001 1   22  146   14   92 0.605  88.8 265.0   6.1 -37.5
1924 927.420   9500100 0    1    7    2   13 0.954  61.5 228.8  29.2 -73.7
1924 928.430    957001 3   54  279   30  153 0.403  89.4 265.3   6.4 -23.9
1924 928.430    957102 4    4   17    3   13 0.720 291.8 334.7  20.3  45.5
1924 928.430    957202 9    3   29    2   15 0.243 359.2 289.4  20.8   0.2
1924 928.430    957301 0   23  132   46  257 0.965  68.7 212.8  22.3 -76.4
1924 928.430   9500200 0    0    3    0    2 0.286 314.4 301.6  18.1  12.4
1924 929.420    957001 3   47  294   24  150 0.197  92.3 264.7   6.1 -11.4
1924 929.420    957102 4    8   51    9   52 0.867 289.3 336.7  20.0  60.6
1924 929.420    957202 9    3    7    2    4 0.339 323.8 288.6  22.4  12.5
1924 929.420    957301 0   26  207   29  229 0.890  68.2 212.7  22.4 -63.4
1924 930.425    957001 3   27  103   14   52 0.035 263.7 264.8   6.4   2.0
1924 930.425    957102 4    0    6    2   14 0.970 288.0 340.1  19.0  77.3
1924 930.425    957202 9    7   32    4   18 0.412 309.4 282.8  21.4  20.0
1924 930.425    957301 0   34  239   28  192 0.780  66.1 212.2  22.7 -50.6
1924 930.425   9500300 0    0    4    0    7 0.941  81.5 191.7  10.2 -71.1
192410 1.362    957001 3   17  118    9   61 0.244 270.9 264.7   6.6  14.2
192410 1.362    957301 0   57  330   38  217 0.647  62.3 212.1  22.7 -38.4
192410 1.362    957401 0   10   72   19  127 0.956  65.3 176.2  25.5 -74.3
192410 2.334    957001 9   23  101   13   56 0.421 273.1 262.8   7.2  25.1
192410 2.334    957301 1   87  420   51  244 0.506  54.9 211.0  22.8 -26.7
192410 2.334    957401 0   13  102   15  110 0.884  64.3 175.5  25.7 -62.2
192410 2.334   9500400 0    9   21    9   21 0.856 302.0 295.1  30.6  57.5
192410 3.452    957001 9   18   70   12   46 0.634 273.8 262.5   7.4  39.6
192410 3.452    957301 1   67  376   36  200 0.337  33.4 211.3  22.7 -11.6
192410 3.452    957401 0   20  109   16   85 0.762  61.4 174.9  25.8 -48.0
192410 3.452    957502 6    8   77   28  252 0.987 119.1 146.8 -27.3 -76.1
192410 4.327    957001 9    2   27    2   22 0.777 274.1 262.8   7.2  51.4
192410 4.327    957301 0   72  372   38  194 0.286 359.4 211.6  23.0   0.2
192410 4.327    957401 0   26  111   17   73 0.642  56.6 174.8  25.9 -36.6
192410 4.327    957502 6   24  220   55  487 0.973 121.3 140.3 -28.5 -71.1
192410 4.327   9500500 0    1    7    1    4 0.421  78.6 186.5  10.6 -24.8
192410 5.510    957301 0   59  349   32  189 0.383 320.1 211.2  23.2  15.5
192410 5.510    957401 1   21   85   12   49 0.480  43.2 174.2  26.4 -21.5
192410 5.510    957502 6   51  416   63  513 0.911 125.2 137.8 -28.5 -57.9
192410 6.413    957301 0   58  318   34  186 0.514 306.0 210.7  23.2  26.9
192410 6.413    957401 0    9   33    5   18 0.370  23.9 174.2  26.0  -9.6
192410 6.413    957502 6   91  535   86  502 0.843 130.1 136.5 -28.7 -47.3
192410 6.413   9500600 0    0    3    0    3 0.822 296.3 238.3  25.1  54.5
192410 7.429    957301 0   48  260   33  176 0.669 298.4 210.3  23.4  39.9
192410 7.429    957401 1    7   43    4   23 0.347 353.5 172.9  26.4   2.5
192410 7.429    957502 6   89  583   67  439 0.744 138.4 136.1 -28.7 -34.3
192410 8.627    957301 0   26  207   24  187 0.831 294.1 210.3  23.4  55.7
192410 8.627    957401 1    5   19    3   11 0.441 320.9 172.6  25.9  18.0
192410 8.627    957502 6  113  676   73  434 0.623 153.0 135.9 -27.9 -18.7
192410 9.432    957301 0   17  130   21  160 0.911 293.0 210.1  23.4  66.1
192410 9.432    957502 6   81  425   50  261 0.576 167.7 136.0 -28.2  -8.0
19241010.405    957301 0    4   57   11  126 0.973 293.0 209.2  23.7  78.0
19241010.405    957502 6   59  296   36  180 0.564 190.4 137.8 -27.7   6.6
19241011.347    957502 6   42  346   27  221 0.618 205.9 136.5 -28.1  17.8
19241012.369    957502 6   46  282   34  206 0.724 221.1 138.0 -28.2  32.7
19241013.447    957502 6   18  117   18  117 0.862 233.7 142.3 -27.1  51.3
19241013.447    957601 2   11  101   39  344 0.988  67.9   8.2  22.7 -82.8
19241014.467    957502 6   16   66   25  100 0.942 238.7 142.1 -26.9  64.5
19241014.467    957601 2   46  321   73  505 0.947  66.8   5.6  23.8 -72.0
19241015.368    957502 6    3   23   13   79 0.988 241.9 142.9 -26.6  77.2
19241015.368    957601 2  115  566  117  572 0.867  65.9   5.9  23.7 -59.8
19241016.339    957601 1  126  749   95  562 0.743  64.3   6.4  22.7 -46.5
19241017.339    957601 1  131  899   82  559 0.593  58.7   6.4  22.6 -33.3
19241018.405    957601 1  151  998   84  553 0.430  45.4   6.2  22.7 -19.4
19241019.383    957601 1  144  992   76  523 0.317  19.5   6.1  22.7  -6.6
19241020.352    957601 1  167 1055   88  556 0.314 344.3   5.3  22.8   5.3
19241021.319    957601 1  154  783   85  431 0.417 317.8   4.9  22.9  17.7
19241021.319   9510100 0    2   12    3   13 0.865 298.5  45.9  27.1  58.7
19241022.620    957601 1   97  730   62  463 0.614 301.2   4.7  22.7  34.7
19241023.438    957601 1  101  610   75  450 0.733 296.8   4.5  22.8  45.2
19241023.438    957701 9    4   36    4   31 0.805 295.9  11.5  23.7  52.2
19241023.438   9510200 0    0    4    0    7 0.955  67.9 245.9  22.6 -73.4
19241024.509    957601 1   97  434   98  438 0.866 293.9   4.5  23.1  59.4
19241024.509    957701 9   11   30   16   42 0.930 293.9  13.6  24.0  68.5
19241025.322    957601 1   43  280   62  402 0.935 292.8   3.9  23.0  69.5
19241025.322    957701 9    0    4    0   14 0.983 293.5  15.0  23.9  80.6
19241025.322    957802 2   11   49    7   29 0.533  56.1 266.0  21.5 -28.4
19241025.322    957901 0    0   26    0  134 0.994  68.6 209.2  21.7 -85.2
19241026.357    957601 1   10  105   42  416 0.992 292.6   4.8  23.0  84.0
19241026.357    957802 4   76  312   41  168 0.370  38.8 266.4  21.3 -14.4
19241026.357    957901 0   10   47   16   75 0.948  69.0 209.0  21.4 -71.8
19241027.393    957802 4   95  384   50  201 0.293   2.5 266.3  21.6  -0.8
19241027.393    957901 0   12   63   12   62 0.856  68.2 208.7  21.0 -58.4
19241028.516    957802 4   66  310   36  168 0.380 320.6 267.3  21.4  15.0
19241028.516    957901 0   12   83    9   60 0.713  64.9 208.6  20.9 -43.7
19241029.323    957802 4   44  199   26  116 0.506 306.6 267.6  21.5  25.9
19241029.323    957901 0   11   43    7   27 0.594  59.8 208.3  21.1 -33.4
19241030.368    957802 4   23  153   16  104 0.672 297.2 267.8  21.2  39.9
19241030.368    957901 0    7   34    4   19 0.428  47.7 208.1  20.8 -19.8
19241031.549    957802 4   20   79   19   74 0.844 291.7 269.1  20.5  56.8
19241031.549    958005 0    1   16    2   28 0.956 119.2 143.6 -26.4 -68.7
192411 1.411    957802 4    8   50   10   63 0.914 291.0 266.8  20.8  65.9
192411 1.411    958005 0    0   10    0   12 0.896 122.1 143.1 -26.3 -57.8
192411 2.415    957802 4    2   16    6   48 0.985 290.2 268.4  20.6  80.7
192411 2.415   9510300 0    2   13    2   10 0.731 232.0 226.7 -23.7  39.0
192411 5.359   9510400 0    1    7    1    4 0.472 320.5 168.2  24.8  19.3
192411 7.330   9510500 0    1   21    1   11 0.292  30.3 114.0  18.0  -8.9
19241111.403    958102 4    8   25    8   24 0.852  66.6  12.1  21.4 -57.1
19241112.255    958102 4   10   40    8   30 0.742  62.9  12.7  21.8 -45.3
19241112.255   9510600 0    1    7    1    5 0.638 312.5  90.1  28.0  32.2
19241113.000         0 0    0    0    0    0 0.000   0.0   0.0   0.0   0.0
19241114.310    958102 4   28  111   16   63 0.460  46.0  10.1  21.1 -20.8
19241114.310    958205 0    1    7    1    6 0.789  60.4 341.9  24.7 -49.0
19241115.316    958102 4   20   54   11   29 0.344  20.2  10.3  21.3  -7.3
19241115.316    958302 8   10   58    6   33 0.464  26.9   4.0  26.9 -13.6
19241115.316    958402 6   21  191   62  555 0.985  72.5 297.4  17.7 -80.2
19241116.608    958102 0    1   29    1   16 0.356 340.9   7.8  22.0   7.2
19241116.608    958302 8   12  159    7   88 0.420 352.4   4.2  27.0   3.6
19241116.608    958402 6   46  497   53  565 0.896  71.3 297.5  17.8 -63.1
19241117.424    958205 0    1    9    1    5 0.383  14.9 343.6  24.0  -6.2
19241117.424    958302 8   45  254   26  144 0.471 334.1   3.2  27.3  13.4
19241117.424    958402 6  141  614  121  525 0.809  69.6 297.0  17.8 -52.8
19241117.424   9520100 0    1    5    1    3 0.452   1.7 348.9  29.1  -0.9
19241117.424   9520200 0    2    9    2    7 0.758  57.2 304.7  25.9 -45.1
19241118.321    958302 8   17  125   11   77 0.576 318.5   3.5  27.5  25.5
19241118.321    958402 6  132  753   90  511 0.676  65.7 297.7  17.8 -40.3
19241118.321    958502 1   22  179   63  504 0.983  66.2 258.6  23.8 -79.4
19241119.343    958302 8   10   83    7   58 0.691 309.6   1.5  27.8  37.0
19241119.343    958402 6  155  765   90  444 0.506  57.0 298.0  17.8 -26.5
19241119.343    958502 1   63  571   87  778 0.928  65.2 257.5  23.7 -67.0
19241120.327    958302 8    2   17    2   15 0.813 301.9   2.2  26.7  50.6
19241120.327    958402 6  142  919   76  492 0.357  39.6 297.8  17.8 -13.8
19241120.327    958502 1  118  803  114  770 0.852  62.1 255.7  24.6 -55.9
19241121.406    958402 6  205 1365  107  711 0.281   2.0 296.7  18.1  -0.6
19241121.406    958502 1  169 1026  124  752 0.730  57.1 254.9  24.7 -42.4
19241122.308    958402 6  223 1432  119  762 0.343 327.2 296.8  18.4  11.3
19241122.308    958502 1  147 1145   93  724 0.612  49.6 254.6  24.8 -30.9
19241122.308    958601 0    1    3    2    4 0.877 117.1 227.7 -22.7 -57.8
19241123.365    958205 0    1    9    2   17 0.963 294.2 345.1  23.7  73.6
19241123.365    958402 6  249 1512  143  866 0.487 307.4 295.6  18.6  24.1
19241123.365    958502 1  152 1235   87  705 0.481  34.6 254.0  24.8 -17.5
19241123.365    958601 0    1    8    1    7 0.764 122.4 227.0 -23.1 -44.5
19241124.496    958402 6  121  951   81  636 0.662 296.5 295.2  18.3  38.6
19241124.496    958502 1  148 1133   81  618 0.400   7.0 253.5  24.8  -3.1
19241124.496   9520300 0    0    5    0    3 0.352 189.5 260.1 -18.9   3.5
19241124.496   9520400 0    0    3    0    2 0.585 140.2 232.1 -25.4 -24.5
19241124.496   9520500 0    0    4    0    3 0.681 131.9 222.3 -25.9 -34.3
19241125.308    958402 6  163 1029  127  798 0.762 293.1 293.5  18.3  47.6
19241125.308    958502 1   95  866   52  474 0.407 345.1 252.5  24.4   6.6
19241126.327    958402 6  133 1080  141 1142 0.880 291.1 292.8  19.0  60.3
19241126.327    958502 1  111  557   64  321 0.497 322.7 251.8  24.4  19.3
19241127.527    958402 6   51  538  132 1387 0.980 288.9 294.9  18.7  78.2
19241127.527    958502 1  113  570   75  376 0.650 306.9 251.3  23.8  34.6
19241128.508    958402 6    1   80    7  300 0.991 290.1 285.7  20.0  82.0
19241128.508    958502 1   70  489   56  389 0.776 300.4 250.7  23.7  47.0
19241129.322    958502 1   55  413   56  416 0.867 297.4 250.4  23.9  57.4
19241130.369    958502 1   28  206   47  337 0.951 294.8 249.8  23.7  70.6
192412 1.446    958502 1   12   48   62  244 0.994 293.6 248.6  23.5  83.6
192412 3.493    958702 2   16   95    9   53 0.430 318.0 155.7  18.9  17.7
192412 4.405    958702 2    6   26    4   16 0.577 303.9 156.4  18.9  30.4
192412 5.480    958702 0    0    9    0    7 0.758 293.9 158.6  17.9  46.7
192412 7.373    958801 0   13  109   25  200 0.961  68.0  14.2  21.0 -72.7
192412 8.349    958801 2   22  139   24  151 0.885  66.1  14.1  20.8 -60.0
192412 8.349   9520600 0    1    8    1    5 0.503  37.9  54.4  23.0 -19.6
192412 9.437    958801 2   27  137   21  105 0.754  61.4  14.6  20.8 -45.1
192412 9.437    958902 4    6   22    7   25 0.896  58.6   0.1  27.6 -59.6
19241210.321    958801 2   21  142   14   92 0.631  54.6  14.7  20.9 -33.4
19241210.321    958902 4   22   97   19   82 0.804  54.4   0.6  27.5 -47.5
19241210.321   9520700 0    2    7    2    6 0.775  49.3   5.4  29.9 -42.7
19241211.329    958801 2   29  169   17   97 0.485  40.8  15.0  20.8 -19.8
19241211.329    958902 4   24  189   17  130 0.683  46.9   0.7  27.2 -34.1
19241212.353    958801 3   25   95   14   52 0.387  15.8  14.8  21.0  -6.5
19241212.353    958902 4   27  108   17   67 0.588  35.1 358.8  27.9 -22.5
19241212.353    959002 2    9   53   24  135 0.979  68.0 304.2  21.3 -77.1
19241213.313    958801 2   18   64   10   35 0.391 344.3  15.2  21.1   6.5
19241213.313    958902 4   22  113   13   65 0.493  15.8   0.0  27.3  -8.7
19241213.313    959002 2   47  175   70  259 0.940  67.4 300.6  20.8 -68.1
19241214.468    958801 2   22   43   13   25 0.511 316.8  15.4  20.8  22.0
19241214.468    958902 4    3   69    2   40 0.498 351.1 358.4  28.3   5.0
19241214.468    959002 2   45  257   42  239 0.841  64.2 299.3  20.8 -54.1
19241215.341    958801 0   12   24    8   16 0.648 305.6  16.3  21.1  34.4
19241215.341    958902 4    1   20    1   12 0.549 336.9 356.2  29.1  14.3
19241215.341    959002 2   56  327   42  243 0.737  59.9 298.9  20.8 -43.0
19241215.341    959101 9    1    3    1    3 0.851  66.8 286.2  18.9 -55.7
19241216.335    958801 0    3   12    3   10 0.789 298.3  16.9  21.0  48.1
19241216.335    959002 2   48  304   31  193 0.614  51.4 297.8  21.3 -31.0
19241216.335    959101 9    1    4    1    3 0.723  62.4 286.3  18.5 -42.5
19241217.315    959002 2   52  258   30  147 0.479  37.8 297.6  20.8 -18.3
19241217.315    959202 9    3   13    2    8 0.532  59.3 287.7  14.4 -28.2
19241218.510    959002 2   53  295   29  160 0.389   5.8 297.8  21.1  -2.4
19241218.510    959202 9   13   56    7   30 0.346  39.9 287.0  13.8 -13.2
19241218.510    959305 0    1    6    1    6 0.851  60.6 246.1  23.7 -54.1
19241219.616    959002 2   43  302   24  168 0.436 335.3 296.9  21.6  11.3
19241219.616    959101 2    7   82    4   44 0.357   3.2 284.4  19.1  -1.2
19241219.616    959202 9    1   21    1   11 0.279 353.0 287.6  14.3   2.0
19241219.616    959305 0    1   12    1    9 0.726  53.8 245.7  24.0 -39.9
19241220.430    959002 2   56  302   33  176 0.513 319.3 295.9  21.1  21.0
19241220.430    959101 2   18   46   10   25 0.377 336.2 284.1  18.3   9.2
19241220.430    959202 9    1    9    1    5 0.340 323.6 286.9  14.0  12.0
19241220.430   9530100 0    1    3    1    2 0.458 340.3 284.6  23.7   9.7
19241221.380    959002 2   24  134   16   88 0.642 308.0 295.4  21.6  33.0
19241221.380    959101 7    1   17    1   10 0.494 314.2 284.3  18.3  21.9
19241221.380    959202 9    8   30    5   18 0.514 301.3 289.3  13.7  26.9
19241221.380    959402 6   49  282   27  155 0.405 201.6 271.8 -24.1   9.4
19241222.328    959002 0   14   74   11   58 0.763 300.4 294.8  21.2  44.9
19241222.328    959101 7    0    4    0    3 0.626 304.9 282.8  19.2  32.9
19241222.328    959202 9    8   38    6   26 0.672 293.1 289.4  13.6  39.5
19241222.328    959402 6  126  740   74  432 0.512 221.8 271.9 -24.4  22.0
19241222.328    959502 6    5   27    3   15 0.415 336.2 260.2  20.2  10.3
19241222.328   9530200 0    1    5    1    3 0.501 338.6 261.6  25.7  11.7
19241223.402    959002 0    2    9    3   12 0.911 295.9 298.1  22.4  62.4
19241223.402    959202 9   22   69   19   59 0.806 288.9 287.4  13.7  51.7
19241223.402    959402 6  133  680   89  453 0.656 233.7 271.3 -24.7  35.6
19241223.402    959502 6   28  114   17   68 0.544 312.7 260.8  19.6  25.1
19241224.421    959202 9    3   17    4   21 0.908 286.2 286.1  13.6  63.8
19241224.421    959305 0    0    8    0    5 0.533 322.9 242.7  22.9  20.4
19241224.421    959402 6   97  524   79  423 0.782 239.8 270.4 -24.8  48.1
19241224.421    959502 6    0   15    0   11 0.691 301.6 260.9  19.4  38.6
19241225.437    959402 6   52  308   60  356 0.899 243.6 271.3 -24.7  62.4
19241226.515    959402 6   16  119   38  274 0.975 245.0 271.8 -25.0  77.1
19241227.331    959402 6    0   10    3   36 0.988 249.2 265.6 -21.0  81.6
19241228.454    959305 0    0    3    0    9 0.974 297.4 243.2  25.9  74.0
19241229.430   9530300 0    0    7    0    6 0.795 121.5 107.0 -26.5 -49.3
19241231.335   9530400 0    0    5    1    7 0.915 245.1 196.6 -24.0  65.4
19241231.335   9530500 0    1   18    1   11 0.567  23.6 116.3  28.2 -14.9
