1932 1 1.382   1145701 0   66  277   36  151 0.389 241.0 241.8 -13.9  20.5
1932 1 1.382   1145902 9    8   20    5   13 0.590  76.6 186.1   5.2 -35.2
1932 1 2.397   1145701 1   53  268   33  165 0.579 250.4 242.2 -14.0  34.2
1932 1 2.397   1145902 9    7   42    4   23 0.368  70.2 187.7   4.0 -20.3
1932 1 3.392   1145701 0   41  183   31  137 0.740 254.3 242.1 -13.9  47.2
1932 1 3.392   1145902 9    0   29    0   15 0.153  42.9 188.9   3.0  -6.0
1932 1 4.437   1145701 0   27  142   28  148 0.874 256.0 242.0 -14.0  60.9
1932 1 4.437   1145902 9    5   37    3   19 0.178 322.8 187.3   4.6   6.2
1932 1 4.437   1146005 0    1    6    2    7 0.902  75.9 118.1  11.1 -63.0
1932 1 5.115   1145701 0   25  107   38  159 0.939 256.3 242.4 -14.1  70.2
1932 1 5.115   1145902 9    3    7    2    4 0.289 297.5 187.1   4.1  14.9
1932 1 5.115   1146005 0    2    4    2    4 0.829  72.7 118.1  12.1 -54.1
1932 1 6.412   1146005 2   11   46    7   29 0.603  64.0 121.4  12.2 -33.7
1932 1 7.432   1146005 0    3   14    2    8 0.463  53.2 119.4  12.5 -22.3
1932 1 8.509  10470400 0    1    5    1    3 0.281   8.4 125.0  12.1  -2.4
1932 1 9.447   1146102 0    0    1    0    2 0.944  99.1  43.9  -9.9 -71.2
1932 1 9.447  10470500 0    1    5    1    3 0.197  31.3 109.2   5.6  -5.9
1932 110.379  10470600 0    2    5    3    8 0.927 285.9 169.0  13.0  66.2
1932 113.503  10470700 0    3   13    2    7 0.239 245.6  74.5 -10.1  12.8
1932 115.432   1146102 6    3   17    2    9 0.187 243.8  46.1  -9.4   9.8
1932 115.432   1146201 4    7   23    4   12 0.199 255.0  47.5  -7.6  11.2
1932 115.432  10470800 0    2    9    2    8 0.810  11.4  22.4  48.0 -13.9
1932 116.550   1146102 6   47  110   26   61 0.424 257.2  46.4  -9.8  24.8
1932 116.550   1146201 4   33   75   19   42 0.444 263.1  48.0  -7.4  26.4
1932 117.471   1146102 6   23  111   15   72 0.627 259.8  48.3 -10.2  38.8
1932 117.471   1146201 4   10   46    7   30 0.627 265.3  48.5  -6.8  39.0
1932 118.447   1146102 0   16   74   14   63 0.805 259.9  50.5 -11.1  53.9
1932 118.447   1146301 2    5   12    3    7 0.489  45.7 335.3  15.3 -21.3
1932 119.116   1146102 0   11   59   13   65 0.887 260.0  50.8 -11.2  63.0
1932 119.116  10480100 0    3   13    2    7 0.305 234.3   2.7 -15.2  14.9
1932 121.479   1146401 1   18   81   35  157 0.965 102.2 241.1 -13.1 -75.6
1932 122.422   1146301 2   17   49   11   32 0.627 303.6 337.2  15.8  32.9
1932 122.422   1146401 1   29  132   31  141 0.879 102.1 242.3 -13.2 -62.0
1932 123.304   1146301 2   24   60   19   47 0.765 294.6 338.7  14.8  46.0
1932 123.304   1146401 1   23  149   19  120 0.781 102.9 241.2 -13.5 -51.5
1932 124.387   1146301 2    4   16    5   20 0.907 289.0 340.8  14.7  62.4
1932 124.387   1146401 1   34  179   22  114 0.614 104.7 240.8 -13.4 -37.6
1932 124.387   1146501 0    1    9    1    5 0.149 256.4 286.8  -7.5   8.4
1932 125.415   1146301 2    3   12   10   33 0.980 286.1 341.6  14.6  76.7
1932 125.415   1146401 1   34  184   19  102 0.429 110.1 240.4 -13.6 -24.5
1932 125.415   1146501 5   22  120   12   65 0.381 266.9 287.4  -6.4  22.5
1932 126.460   1146401 1   40  204   21  105 0.230 127.1 240.2 -13.6 -10.9
1932 126.460   1146501 5   22   54   14   34 0.603 267.1 288.4  -6.3  37.3
1932 126.460   1146602 7   14   54    8   30 0.410 304.8 271.0   8.2  19.9
1932 126.460   1146701 0   12   72   39  224 0.986  75.8 172.2  13.0 -78.9
1932 126.460  10480200 0    3   17    2   11 0.594  81.9 215.1   0.2 -36.0
1932 127.506   1146401 1   43  221   22  112 0.140 198.4 239.9 -13.4   2.6
1932 127.506   1146501 0    3   10    3    9 0.813 267.4 292.0  -5.5  54.7
1932 127.506   1146602 4   22   90   14   56 0.584 292.2 270.4   7.9  33.1
1932 127.506   1146701 0   42  179   55  232 0.921  73.4 172.5  12.8 -64.8
1932 128.400   1146401 1   46  194   24  101 0.275 240.3 239.8 -13.5  14.2
1932 128.400   1146501 0    0    3    0    5 0.920 267.1 292.8  -5.0  67.2
1932 128.400   1146701 0   35  194   32  173 0.826  70.5 172.7  12.5 -52.9
1932 129.429   1146401 1   45  184   26  105 0.475 251.8 239.7 -13.8  27.7
1932 129.429   1146701 0   49  234   34  161 0.684  64.6 172.7  12.5 -39.3
1932 130.322   1146401 1   21  138   14   90 0.636 255.6 239.7 -13.8  39.4
1932 130.322   1146701 0   41  273   25  163 0.545  55.8 172.8  12.5 -27.5
1932 131.474   1146401 1   19   76   17   66 0.813 257.5 239.9 -13.7  54.8
1932 131.474   1146701 0   62  268   34  145 0.377  33.5 172.8  12.4 -12.3
1932 2 1.497   1146401 1   15   46   20   62 0.924 257.7 239.9 -13.7  68.3
1932 2 1.497   1146701 0   47  246   25  130 0.322 356.4 172.8  12.6   1.2
1932 2 2.408   1146401 1    5   16   15   43 0.980 257.2 239.3 -13.7  79.7
1932 2 2.408   1146701 0   25  171   14   93 0.388 325.0 172.8  12.5  13.2
1932 2 3.486   1146701 0   28  172   17  103 0.547 304.9 172.8  12.7  27.4
1932 2 3.486  10480300 0    6   10    4    6 0.515 157.8 131.7 -34.6 -13.7
1932 2 4.432   1146701 0   22  146   16  102 0.694 296.0 172.8  12.9  39.8
1932 2 5.524   1146701 0   17   94   16   87 0.839 289.8 172.7  12.8  54.1
1932 2 6.435   1146701 0   13   55   18   76 0.929 286.7 172.5  12.9  65.9
1932 2 7.375   1146701 0    7   35   23  102 0.984 284.2 172.2  12.7  78.0
1932 210.412   1146802 4   15   53    8   27 0.127  80.2  47.0  -5.4  -7.2
1932 211.516   1146802 4   15   73    8   37 0.145 277.4  48.0  -5.6   8.3
1932 212.456   1146802 0    1    9    1    5 0.380 269.7  49.8  -6.4  22.5
1932 220.409  10490100 0    3   15    2    8 0.317  92.2 264.0  -7.4 -18.6
1932 222.400   1146902 4    1    4    2    5 0.915  82.1 191.1   4.3 -65.3
1932 223.395   1146902 4   14   37   12   30 0.784  78.2 192.9   4.7 -50.4
1932 223.395   1147002 0    3   15    2    8 0.174 125.0 234.9 -12.8  -8.4
1932 224.572   1146902 4   33  114   21   71 0.586  72.0 193.8   4.5 -34.0
1932 224.572   1147002 9   17   73    9   37 0.143 229.8 234.2 -12.4   6.4
1932 224.572  10490200 0    5   17    3    9 0.242 231.0 239.0 -15.8  11.3
1932 225.456   1146902 4   80  411   44  226 0.414  61.0 194.8   4.9 -21.3
1932 225.456   1147002 0    3   15    2    8 0.342 256.0 235.9 -11.5  19.8
1932 226.307   1146902 4  123  794   64  413 0.270  39.8 194.9   4.9 -10.0
1932 227.401   1146902 5  184 1051   95  540 0.227 336.1 195.8   4.8   5.3
1932 227.401   1147102 4    1    8    6   28 0.987  76.3 111.5  12.2 -79.0
1932 228.499   1146902 5  134  850   73  462 0.391 300.3 195.8   4.6  19.8
1932 228.499   1147102 4   39  146   61  226 0.945  74.1 107.5  12.4 -68.5
1932 228.499   1147202 0    1    4    1    3 0.709  89.7 130.6  -4.9 -45.4
1932 229.364   1146902 5  107  604   65  364 0.555 289.2 196.4   4.4  31.7
1932 229.364   1147102 4   69  276   67  265 0.851  70.7 109.4  12.3 -55.3
1932 229.364   1147202 0    3    8    2    5 0.548  88.6 131.3  -5.3 -33.4
1932 3 1.464   1146902 5   82  419   64  327 0.764 281.9 198.8   4.3  48.6
1932 3 1.464   1147102 4   71  398   50  278 0.697  63.8 110.4  12.4 -39.8
1932 3 1.464   1147202 2   18   59   10   32 0.353  85.0 129.5  -5.0 -20.7
1932 3 1.464   1147302 0    4   12    3    8 0.628 100.0 111.0 -11.9 -39.2
1932 3 2.390   1146902 5   70  444   75  472 0.880 279.2 198.6   4.6  60.6
1932 3 2.390   1147102 4  103  485   62  291 0.551  54.8 110.6  12.1 -27.4
1932 3 2.390   1147202 0    3   15    2    8 0.155  76.6 129.3  -5.1  -8.7
1932 3 2.390   1147302 0    1    3    1    2 0.436 100.8 112.1 -11.2 -25.9
1932 3 2.390   1147401 2    2   10    3   15 0.930  79.2  70.9   7.3 -67.1
1932 3 3.436   1146902 5   22  150   47  310 0.969 276.9 199.1   4.8  74.9
1932 3 3.436   1147102 7  110  511   60  278 0.389  33.3 111.6  11.9 -12.6
1932 3 3.436   1147202 0    0    3    0    2 0.102 288.1 129.8  -5.4   5.6
1932 3 3.436   1147401 2    5    9    5    9 0.834  75.3  69.6   8.1 -54.6
1932 3 4.399   1147102 7   98  556   52  294 0.323   0.9 111.2  11.6  -0.3
1932 3 4.399   1147401 0    1    8    1    6 0.726  72.1  67.3   7.7 -44.2
1932 3 5.495   1147102 7   98  512   54  281 0.406 321.7 111.9  11.6  14.9
1932 3 5.495   1147401 0    3   11    2    7 0.547  64.8  67.1   7.2 -29.9
1932 3 6.395   1147102 7   83  469   50  280 0.542 305.2 112.1  11.8  26.9
1932 3 6.395   1147401 0    1    7    1    4 0.396  51.1  67.1   7.5 -18.1
1932 3 6.395  10490300 0    0    3    0    9 0.974  84.4   8.9   3.8 -76.3
1932 3 7.392   1147102 7  105  395   74  276 0.696 295.3 112.1  11.8  40.0
1932 3 8.426   1147102 7   47  219   46  212 0.854 289.1 114.1  12.2  55.7
1932 3 9.393   1147102 7   23  141   37  218 0.945 286.0 114.2  12.5  68.5
1932 310.511   1147102 7    8   34   55  226 0.997 283.7 114.5  12.9  83.5
1932 316.428   1147502 9    1    4    2    5 0.899  95.5 248.3  -8.0 -64.7
1932 317.394   1147502 9   29   86   23   67 0.762  94.5 250.1  -8.0 -50.1
1932 318.404   1147502 9   25   44   16   28 0.611  93.4 248.9  -7.6 -38.0
1932 319.436   1147502 9   29   80   16   44 0.408  93.0 249.0  -7.6 -24.3
1932 320.379   1147502 9    9   31    5   16 0.223  93.2 247.9  -7.5 -13.0
1932 320.379  10500100 0    3   13    2    7 0.361 104.3 240.0 -11.6 -20.9
1932 321.422   1147602 0    9   17    5    9 0.218 267.5 259.9  -7.3  12.7
1932 322.402   1147602 0    1    9    1    5 0.428 268.9 259.7  -6.7  25.5
1932 325.479   1147701 0    6   35   21  109 0.986  75.1 115.2  13.4 -78.4
1932 325.479  10500200 0    1    3    1    2 0.293 302.5 207.9   2.5  14.3
1932 326.340   1147701 0    8   55   13   81 0.938  73.1 115.0  13.3 -67.3
1932 327.391   1147701 0   23   91   22   85 0.839  69.9 114.5  12.9 -53.9
1932 327.391   1147802 0   13   16    8   10 0.548  90.2 135.0  -5.7 -33.4
1932 328.422   1147701 0   24  127   17   90 0.701  64.1 114.5  12.8 -40.3
1932 328.422   1147802 2    7   24    4   13 0.334  87.5 135.2  -5.4 -19.6
1932 329.385   1147701 0   28  154   17   93 0.553  54.6 114.6  12.9 -27.5
1932 329.385   1147802 0    1    9    1    5 0.101  87.8 136.3  -6.3  -5.8
1932 330.391   1147701 0   36  138   20   76 0.404  36.7 114.5  12.6 -14.3
1932 330.391   1147802 0    1   13    1    7 0.140 268.1 136.9  -6.7   8.1
1932 331.390   1147701 0   26  124   14   66 0.325   3.6 114.5  12.5  -1.2
1932 4 1.422   1147701 0   27  105   15   57 0.381 326.0 114.7  12.2  12.6
1932 4 2.376   1147701 0   15   68    9   40 0.515 306.7 114.5  12.2  25.0
1932 4 3.378   1147701 0   14   25   10   17 0.669 296.1 114.2  12.2  37.9
1932 4 3.378   1147902 4   21   64   18   54 0.797 261.7 129.6 -10.4  53.3
1932 4 4.517   1147902 4   12   65   18   94 0.936 262.7 131.2  -9.0  70.0
1932 4 4.517   1148002 0    2    3    2    3 0.789 261.9 113.7 -10.2  52.5
1932 4 5.414   1148002 0    0    1    1    2 0.900 260.7 114.2 -11.0  64.8
1932 410.403   1148101 0    0    4    0    7 0.953  97.3 270.6  -8.7 -72.9
1932 410.403  10510100 0    3    9    2    5 0.313 242.3   0.1 -13.9  16.6
1932 411.417   1148101 2    6   11    6   11 0.862  96.3 270.2  -8.3 -60.0
1932 412.391   1148101 0    1    7    1    5 0.693  97.0 273.2  -8.9 -44.1
1932 413.418  10510200 0    0    1    0    1 0.064 256.4 307.3  -6.4   3.6
1932 415.552   1148202 4   17   43    9   22 0.191 176.5 274.9 -16.4  -0.7
1932 416.368   1148202 4    7   21    4   11 0.262 229.4 276.7 -15.0  11.9
1932 417.371   1148202 4   28   69   16   39 0.444 244.4 276.1 -15.8  24.6
1932 418.344   1148202 4    7   12    5    8 0.626 253.0 276.8 -14.6  38.2
1932 421.357   1148302 4   38  122   35  112 0.834 263.4 255.7  -8.2  56.8
1932 421.357   1148402 6   16   29   15   27 0.834  76.5 143.8   8.5 -55.1
1932 422.344   1148302 4   37  156   58  239 0.938 262.8 256.0  -8.4  70.2
1932 422.344   1148402 6  120  461   81  311 0.679  72.3 145.0   8.3 -40.8
1932 422.344  10510300 0    1    9    1    6 0.616 284.5 222.6   5.1  36.8
1932 423.359   1148302 4   27  123  107  491 0.992 262.3 255.7  -8.2  83.3
1932 423.359   1148402 6  186  818  108  474 0.502  63.3 145.4   8.9 -27.0
1932 424.306   1148402 6  191  772  102  411 0.339  46.0 145.6   9.2 -14.3
1932 425.367   1148402 6  277 1272  143  656 0.241   4.5 144.8   9.4  -1.1
1932 426.349   1148402 6  320 1599  169  844 0.317 319.7 144.9   9.7  12.0
1932 427.437   1148402 6  307 1374  178  796 0.503 298.4 145.3  10.0  26.7
1932 428.552   1148402 6  174 1120  121  775 0.688 289.7 145.0  10.3  41.2
1932 429.475   1148402 6  146  651  133  590 0.832 285.4 146.2  10.4  54.6
1932 430.391   1148402 6   75  402  106  568 0.933 282.9 147.2  10.5  67.7
1932 5 1.366   1148402 6   21   94   80  353 0.990 281.0 147.7  10.3  81.1
1932 5 7.406   1148501 0   10   34   53  172 0.995  97.0 262.4  -7.3 -84.4
1932 5 8.375   1148501 0   16   67   25  105 0.945  96.9 262.8  -7.5 -71.2
1932 5 8.375   1148601 0    1    4    2    6 0.916  91.7 267.6  -2.8 -66.4
1932 5 9.149   1148501 0   35  138   37  143 0.873  97.1 262.7  -7.7 -61.0
1932 5 9.149   1148601 0    0    8    0    7 0.813  91.5 269.2  -3.0 -54.5
1932 510.369   1148501 0   31  158   22  112 0.704  97.7 262.9  -7.5 -44.7
1932 511.407   1148501 0   34  235   20  138 0.518  99.9 262.9  -7.5 -31.0
1932 512.385   1148501 0   54  306   29  162 0.325 106.7 262.7  -7.9 -18.3
1932 513.405   1148501 0   43  246   22  124 0.127 138.3 262.6  -8.0  -4.9
1932 513.405   1148702 9    2    7    2    6 0.796  70.6 216.9  13.7 -50.6
1932 513.405   1148802 4    1    8    4   20 0.974  83.1 190.9   6.1 -76.6
1932 514.441   1148501 0   43  275   22  140 0.181 237.6 262.7  -8.0   8.9
1932 514.441   1148702 9   10   27    7   19 0.681  67.1 213.6  13.5 -40.2
1932 514.441   1148802 4    6   11    7   13 0.894  82.7 190.8   5.4 -63.0
1932 515.370   1148501 0   48  246   26  133 0.376 253.6 262.9  -8.3  21.4
1932 515.370   1148702 9   11   69    7   41 0.522  57.8 214.4  14.1 -27.1
1932 515.370   1148802 4   40  161   32  127 0.769  80.7 191.8   5.6 -49.7
1932 515.370  10520100 0    1    3    1    2 0.224  32.1 234.5   8.6  -6.9
1932 516.417   1148501 0   35  177   22  110 0.587 258.9 263.2  -8.3  35.6
1932 516.417   1148802 4   42  189   26  116 0.576  76.5 193.3   5.9 -34.3
1932 516.417   1148901 0   21  166   51  391 0.976  78.1 150.8  11.1 -76.8
1932 517.343   1148501 0   25  136   19  103 0.745 260.7 263.4  -8.3  48.0
1932 517.343   1148702 9    5   17    3    9 0.282   4.5 214.1  14.2  -1.3
1932 517.343   1148802 6   54  219   29  117 0.345  67.8 196.7   5.5 -18.7
1932 517.343   1148901 0   51  288   64  355 0.912  77.3 150.5  10.7 -64.9
1932 517.343   1149005 0    9   18    9   18 0.864  94.7 155.6  -5.1 -59.8
1932 518.363   1148501 0   11   53   12   57 0.879 261.5 263.4  -8.4  61.5
1932 518.363   1148802 6   74  343   38  174 0.162  33.1 196.8   5.8  -5.1
1932 518.363   1148901 0   71  389   59  322 0.793  75.0 150.7  10.6 -51.2
1932 518.363   1149005 0    5   13    4   10 0.719  94.7 155.9  -4.8 -46.0
1932 519.344   1148802 6   56  337   29  172 0.192 313.2 197.0   5.7   8.1
1932 519.344   1148901 3   93  410   61  268 0.640  71.4 150.8  10.3 -38.1
1932 520.553   1148802 6   48  279   27  155 0.427 287.3 197.1   5.7  24.2
1932 520.553   1148901 3  106  464   59  257 0.427  61.3 150.5  10.2 -22.4
1932 520.553   1149101 1   20  113   53  292 0.980  86.6  94.5   3.0 -78.4
1932 521.362   1148801 0   36  185   23  117 0.607 280.9 199.0   5.3  36.8
1932 521.362   1148901 3   88  413   46  216 0.285  45.0 150.4  10.0 -11.8
1932 521.362   1149101 1   44  248   60  333 0.926  86.0  94.5   3.1 -67.7
1932 522.428   1148802 0   27  131   22  106 0.781 277.8 199.1   5.1  51.0
1932 522.428   1148901 3   80  471   41  241 0.206 348.0 150.6  10.1   2.5
1932 522.428   1149101 1   66  391   57  336 0.811  84.6  94.1   3.5 -54.0
1932 522.428   1149201 2    4   15    6   22 0.935  72.8  80.1  15.5 -68.0
1932 523.639   1148802 0   13   76   18  101 0.924 276.3 199.3   5.3  67.2
1932 523.639   1148901 3   80  376   43  202 0.360 303.1 149.9  10.0  17.8
1932 523.639   1149101 1  104  523   66  332 0.613  82.6  94.6   3.4 -37.5
1932 523.639   1149201 0    5    8    5    8 0.832  71.0  77.6  14.9 -54.5
1932 524.382   1148802 0    8   35   20   80 0.974 275.4 199.1   5.0  76.8
1932 524.382   1148901 3   74  355   43  205 0.495 293.2 149.8  10.1  27.5
1932 524.382   1149101 1  111  571   63  324 0.470  79.9  94.7   3.6 -27.6
1932 525.461   1148901 3   50  218   35  151 0.686 286.1 150.0  10.1  42.0
1932 525.461   1149101 1  159  682   82  352 0.240  69.0  95.0   3.8 -13.0
1932 526.367   1148901 3   30  156   26  135 0.813 283.5 149.5  10.3  53.5
1932 526.367   1149101 1  139  677   70  340 0.087   9.2  95.2   3.9  -0.8
1932 527.357   1148901 3   13   57   17   75 0.921 281.5 149.4  10.2  66.5
1932 527.357   1149101 1  118  607   61  313 0.237 291.1  95.7   4.0  12.8
1932 528.373   1148901 3    6   26   20   76 0.984 280.7 148.9  10.4  79.5
1932 528.373   1149101 1  113  556   64  313 0.455 280.0  96.1   3.8  26.7
1932 529.416   1149101 1   91  413   61  275 0.658 276.4  96.5   3.7  40.9
1932 530.356   1149101 1   80  368   68  311 0.803 274.9  96.5   3.6  53.3
1932 531.351   1149101 1   51  232   66  296 0.918 274.1  96.6   3.6  66.6
1932 531.351  10520200 0    0    2    0    3 0.921  75.9 323.7  12.8 -66.3
1932 6 1.357   1149101 1   21   92   60  260 0.983 273.3  96.1   3.2  79.4
1932 6 3.457   1149302 4   12   53   21   87 0.951  96.5 277.1  -6.2 -71.8
1932 6 3.457  10530100 0    2   11    4   23 0.966  98.9 274.0  -8.6 -74.9
1932 6 4.427   1149302 4   28  129   28  126 0.857  97.5 277.3  -6.4 -58.8
1932 6 5.384   1149302 4   62  238   46  174 0.726  99.1 277.2  -6.5 -46.2
1932 6 6.344   1149302 5   80  337   48  202 0.548 102.4 278.1  -6.5 -32.6
1932 6 6.344   1149401 0    4   15    9   29 0.961  76.4 237.1  13.1 -73.6
1932 6 7.350   1149302 5   80  452   43  241 0.346 110.9 278.4  -6.7 -19.0
1932 6 7.350   1149401 0    8   33    9   35 0.873  74.7 237.4  13.5 -60.0
1932 6 7.350   1149502 0    8   16    8   15 0.835  82.0 241.0   6.9 -56.4
1932 6 7.350  10530200 0    2    6    2    6 0.825  80.0 242.2   8.5 -55.2
1932 6 7.350  10530300 0    4    7    6    9 0.914  79.0 231.7  10.2 -65.7
1932 6 8.398   1149302 5   90  599   46  303 0.153 146.3 278.6  -6.8  -4.9
1932 6 8.398   1149401 0    9   27    7   20 0.728  71.8 238.2  13.5 -45.3
1932 6 8.398   1149502 0    8   13    6    9 0.672  81.0 241.6   6.4 -41.9
1932 6 9.365   1149302 5   90  508   46  259 0.194 227.5 279.0  -6.9   8.3
1932 6 9.365   1149401 0    8   21    5   13 0.565  67.0 238.4  13.3 -32.3
1932 6 9.365   1149502 1   13   24    8   14 0.488  77.8 242.0   6.5 -28.7
1932 6 9.365  10530400 0    0    0    0    1 0.909 282.0 335.7  11.2  65.0
1932 610.354   1149302 5   97  445   53  242 0.393 250.6 279.6  -6.8  21.9
1932 610.354   1149401 0    9   22    5   12 0.386  56.0 238.5  13.2 -19.2
1932 610.354   1149502 1   19   43   10   23 0.297  67.7 241.6   7.2 -16.1
1932 611.359   1149302 5   67  367   42  228 0.591 257.5 279.8  -6.6  35.5
1932 611.359   1149401 0    9   13    5    7 0.233  24.9 238.5  13.1  -5.8
1932 611.359   1149502 0    0    7    0    4 0.128  42.5 239.3   6.3  -5.0
1932 612.342   1149302 5   50  258   39  199 0.759 260.7 280.2  -6.4  48.9
1932 613.382   1149302 5   32  209   36  235 0.893 262.1 280.5  -6.5  62.9
1932 614.376   1149302 5   29  143   63  306 0.971 263.0 280.4  -6.5  76.0
1932 615.413   1149602 2   10   24    6   14 0.455 269.5 217.8   1.0  27.1
1932 616.346   1149602 0    4   12    3    8 0.628 271.0 217.2   1.8  38.9
1932 616.346   1149702 0   17   85   49  241 0.983  89.4  98.8   0.9 -79.5
1932 617.363   1149702 0   33  168   40  203 0.908  90.0  99.6   0.7 -65.3
1932 617.363   1149802 6   38  171   73  323 0.962  86.3  90.6   4.0 -74.3
1932 618.332   1149702 0   41  263   34  216 0.791  90.7  99.8   0.5 -52.3
1932 618.332   1149802 6   58  313   62  331 0.879  86.3  90.5   4.1 -61.6
1932 619.346   1149702 0   45  274   29  175 0.620  92.0 100.3   0.2 -38.3
1932 619.346   1149802 6   83  466   62  347 0.738  86.1  91.0   4.1 -47.6
1932 620.607   1149702 0   59  335   32  180 0.363  94.7 100.7   0.1 -21.2
1932 620.607   1149802 6  111  571   65  332 0.506  85.4  91.5   4.0 -30.4
1932 621.399   1149702 0   86  326   44  166 0.184 101.6 101.0  -0.1 -10.4
1932 621.399   1149802 6  133  727   71  388 0.345  84.3  91.3   3.9 -20.1
1932 622.404   1149702 0   65  299   33  150 0.065 236.2 101.3   0.1   3.1
1932 622.404   1149802 6  154  698   78  352 0.128  73.9  91.1   4.2  -7.1
1932 623.361   1149702 0   46  255   24  133 0.281 262.5 101.7   0.1  16.2
1932 623.361   1149802 6  226  844  114  424 0.095 288.4  90.7   4.0   5.2
1932 624.340   1149702 0   22  149   13   86 0.496 266.6 102.2   0.4  29.7
1932 624.340   1149802 6  186  793   98  418 0.313 275.5  90.7   4.0  18.2
1932 624.340   1149902 2    4   26   30  171 0.996  79.2 347.0  11.0 -85.5
1932 625.378   1149702 0   17  115   12   80 0.692 268.2 102.6   0.6  43.8
1932 625.378   1149802 6  131  589   78  349 0.534 273.7  91.1   4.1  32.3
1932 625.378   1149902 2   31  114   49  176 0.944  79.4 347.9  10.8 -70.9
1932 626.320   1149702 0   15   64   14   59 0.833 269.1 102.7   0.7  56.4
1932 626.320   1149802 6   79  362   57  259 0.713 273.4  91.8   4.3  45.5
1932 626.320   1149902 2   47  191   47  188 0.858  78.6 347.3  11.1 -59.0
1932 626.320  10530500 0    4   16    3   11 0.670 279.6  88.2   8.4  41.9
1932 627.343   1149702 0    4    8    7   13 0.940 269.5 102.9   0.5  70.1
1932 627.343   1149802 6   45  219   46  222 0.867 273.3  93.0   4.2  60.2
1932 627.343   1149902 2   51  252   37  182 0.717  77.0 347.4  11.2 -45.4
1932 628.412   1149802 6   12   96   24  184 0.964 273.9  93.3   4.5  74.7
1932 628.412   1149902 2   66  357   39  210 0.522  72.9 348.0  11.3 -30.6
1932 628.412   1150001 0    3   12    6   21 0.950  90.8 306.8   0.1 -71.8
1932 629.455   1149902 2   92  393   49  208 0.318  61.7 348.2  11.5 -16.6
1932 629.455   1150001 0    4   10    4   10 0.848  91.7 306.8   0.1 -58.0
1932 629.455   1150101 0    6   31   31  145 0.993  97.5 281.8  -7.1 -83.0
1932 630.493   1149902 2   76  325   39  165 0.162  19.0 348.0  11.9  -3.1
1932 630.493   1150001 0    0    4    0    3 0.689  93.1 307.6   0.1 -43.5
1932 630.493   1150101 0   16   65   23   94 0.936  98.8 282.4  -7.1 -68.7
1932 7 1.426   1149902 2   73  157   38   81 0.228 314.3 348.3  12.3   9.6
1932 7 1.426   1150101 0   13   95   13   90 0.846 100.7 281.8  -7.3 -56.9
1932 7 2.451   1149902 2   45  151   25   84 0.424 292.1 348.9  12.2  23.7
1932 7 2.451   1150101 0   14  101   10   71 0.700 104.1 282.0  -7.4 -43.2
1932 7 2.451   1150202 6    7   16    7   16 0.859 100.8 266.9  -7.5 -58.3
1932 7 2.451  10540100 0    1    7    1    4 0.339 292.9 343.6  10.7  18.5
1932 7 3.347   1150101 0   18  101   11   61 0.551 109.1 281.6  -7.5 -31.7
1932 7 3.347   1150202 6   49  123   37   93 0.745 103.5 266.3  -7.7 -47.0
1932 7 4.370   1149902 2    2    5    2    4 0.775 283.2 350.4  12.4  50.6
1932 7 4.370   1150101 1   26   98   14   53 0.371 120.4 281.0  -7.5 -18.8
1932 7 4.370   1150202 6   69  266   42  162 0.568 109.5 267.1  -8.0 -32.7
1932 7 4.370   1150305 0    4   10   10   22 0.969 102.5 225.1 -11.2 -74.7
1932 7 5.407   1150101 1   13   58    7   30 0.210 155.2 280.9  -7.4  -5.1
1932 7 5.407   1150202 6   68  308   37  166 0.371 123.6 267.8  -8.4 -18.2
1932 7 5.407   1150305 0    1    7    2    8 0.890 105.6 224.8 -12.1 -61.2
1932 7 6.346   1150102 0    5    9    3    5 0.244 216.0 281.9  -7.7   8.3
1932 7 6.346   1150202 6   89  338   46  174 0.229 158.4 268.7  -8.6  -4.9
1932 7 7.371   1150202 6   77  244   40  127 0.269 219.7 270.0  -8.2  10.0
1932 7 8.389   1150202 6   79  362   45  205 0.465 243.6 271.5  -8.4  24.9
1932 7 9.339   1150202 6   50  292   33  192 0.647 252.3 272.5  -8.2  38.5
1932 710.314   1150202 6   46  225   39  190 0.803 256.6 273.2  -8.2  52.1
1932 711.349   1150202 6   29  163   39  216 0.924 259.4 274.0  -8.1  66.6
1932 712.383   1150202 6   13   76   46  259 0.989 261.0 274.3  -8.2  80.6
1932 713.550   1150405 0    8   23    6   16 0.672 109.2 138.3  -9.4 -40.0
1932 714.352   1150405 0    5   14    3    8 0.455 117.7 143.7  -8.1 -24.0
1932 718.186  10540200 0    9   50    5   27 0.366 122.5  98.8  -6.7 -18.1
1932 720.309   1150505 0    3   12    4   13 0.874  93.5  28.1  -0.6 -60.7
1932 721.354   1150505 0    2    9    2    7 0.758  96.0  26.1  -1.2 -48.9
1932 722.545   1150505 0    5    8    3    5 0.501 100.7  29.7  -0.8 -29.5
1932 727.375   1150601 0    8   89   25  259 0.984  99.5 276.5  -8.3 -78.8
1932 728.411   1150601 0   30  181   41  240 0.925 101.5 275.3  -8.4 -66.3
1932 728.411  10550100 0    4   22    4   20 0.828 100.1 286.7  -5.1 -54.9
1932 729.563   1150601 0   47  286   40  239 0.799 105.4 275.2  -8.7 -51.2
1932 729.563  10550200 0    5   13    3    8 0.518  80.0 295.2  10.1 -31.2
1932 730.421   1150601 0   66  321   45  218 0.674 109.6 275.1  -8.6 -40.0
1932 730.421  10550300 0    3   11    2    6 0.097  64.7 310.0   8.2  -5.1
1932 731.467   1150601 0   82  380   48  220 0.502 118.5 274.7  -8.6 -26.5
1932 8 1.434   1150601 0   75  424   40  226 0.344 136.3 274.5  -8.6 -13.9
1932 8 2.432   1150601 0   71  390   37  202 0.253 176.1 274.1  -8.6  -1.0
1932 8 3.572   1150601 0   80  377   43  201 0.347 223.6 274.2  -8.6  14.0
1932 8 4.507   1150601 0   63  335   37  194 0.503 241.0 274.2  -8.6  26.4
1932 8 5.463   1150601 0   50  277   34  187 0.667 249.4 274.4  -8.8  39.2
1932 8 6.355   1150601 0   40  240   34  202 0.803 253.8 274.7  -9.0  51.3
1932 8 7.355   1150601 0   26  169   33  213 0.915 257.6 274.9  -8.7  64.7
1932 8 8.347   1150601 0   13   71   37  194 0.982 260.0 275.0  -8.5  78.0
1932 810.345   1150702 9    3   15    4   16 0.871 266.1 230.9  -0.2  60.3
1932 811.388   1150702 9   10   22   20   45 0.966 267.9 231.6  -0.3  74.8
1932 823.348   1150801 0    4   17   22   79 0.993  98.5 276.4  -7.6 -82.4
1932 824.460   1150801 0   13   61   20   90 0.938 101.3 275.8  -8.0 -68.3
1932 824.460   1150902 4    1    5    1    3 0.319 130.5 330.0  -5.1 -14.1
1932 824.460  10560100 0    1    5    1    3 0.431  88.4 318.3   7.1 -25.7
1932 825.350   1150801 0   13   77   13   74 0.851 103.8 275.8  -7.8 -56.5
1932 825.350   1150902 4   29   95   15   49 0.232 178.3 331.9  -6.3  -0.4
1932 826.388   1150801 0   19   85   14   61 0.708 108.8 276.0  -8.0 -42.6
1932 826.388   1150902 4   32  140   17   74 0.322 226.1 332.1  -6.0  13.5
1932 827.408   1150801 0   25  100   15   60 0.541 118.0 276.2  -8.5 -28.9
1932 827.408   1150902 4   56  186   33  109 0.512 246.3 333.2  -5.6  28.1
1932 828.320   1150801 0   27  114   15   62 0.384 132.6 276.5  -8.2 -16.6
1932 828.320   1150902 4    8   32    6   22 0.683 253.3 334.2  -5.9  41.1
1932 829.356   1150801 0   25   71   13   37 0.270 168.9 276.4  -8.2  -3.0
1932 829.356   1150902 4    9   50    9   46 0.836 258.8 334.9  -5.3  55.5
1932 830.447   1150801 0   13   35    7   19 0.335 216.8 276.7  -8.5  11.7
1932 831.338   1150801 0    8   17    5   10 0.471 236.9 276.7  -8.3  23.5
1932 9 1.326   1150801 0    4   13    3    9 0.634 247.4 276.4  -8.3  36.3
1932 9 2.391   1150801 0    4   10    4    9 0.796 253.9 276.7  -8.2  50.6
1932 9 3.399   1150801 0    4    8    5   11 0.912 257.9 277.0  -7.9  64.2
1932 9 4.340  10560200 0    5   13    3    7 0.199 203.7 204.9  -3.3   4.6
1932 912.339  10560300 0    1   14    2   17 0.909  82.6  28.5   9.7 -66.2
1932 919.386  10560400 0    3   19    2   11 0.465 115.6 336.7  -5.2 -24.9
1932 921.367   1151002 2    5   35    3   21 0.523  78.8 303.9  11.8 -31.6
1932 921.367  10570100 0   19   44   26   58 0.922 265.4  42.3  -1.5  66.8
1932 922.362   1151002 0    1    9    1    5 0.284  72.1 306.4  11.7 -16.0
1932 924.396   1151002 2    9   21    5   11 0.179 301.1 304.5  12.1   9.0
1932 925.454   1151002 0    1    3    1    2 0.403 283.8 305.2  11.8  23.6
1932 927.554   1151102 2    5   20    3   11 0.375 287.5 275.4  12.8  21.5
1932 928.354   1151102 2    3   25    2   15 0.532 283.8 275.3  13.0  32.0
1932 929.361   1151202 9   17   68   12   46 0.668 253.4 270.1  -5.9  40.1
1932 930.340   1151202 9   10   25   10   23 0.833 258.6 272.3  -5.7  55.2
1932 930.340  10570200 0    1    4    1    3 0.726 250.3 261.0  -9.4  43.9
193210 1.375   1151202 9    2    6    4   12 0.960 262.3 276.3  -5.5  72.9
193210 1.375   1151302 0    1    7    3   11 0.944  81.5 131.8  10.2 -71.6
193210 3.339   1151302 0    4   11    3    8 0.700  82.3 132.7  10.0 -44.8
193210 3.339   1151405 2    0   18    0   16 0.803  78.1 123.6  13.4 -53.9
193210 6.392   1151302 2    1    3    1    2 0.131  55.6 131.0  10.5  -6.3
193210 7.465   1151405 0    0   11    0    6 0.131 336.3 126.2  13.1   3.1
19321012.408   1151502 0    1    9    2   10 0.890  81.3 354.4  10.4 -63.5
19321013.549   1151502 4    9   19    7   15 0.745  81.8 354.3  10.0 -48.5
19321014.468   1151601 1    3   23    8   48 0.969  83.3 314.5   7.9 -76.2
19321015.421   1151601 1   12   36   14   41 0.893  84.1 314.4   7.8 -63.7
19321016.419   1151601 1   12   37   10   29 0.760  84.4 315.2   7.9 -49.8
19321017.637   1151601 1    4   23    3   14 0.564  84.2 314.4   7.8 -34.5
19321018.476   1151601 1    1   16    1    9 0.410  81.3 313.7   8.5 -24.2
19321018.476   1151701 0   17   95   38  207 0.972  80.3 260.8  10.7 -77.1
19321019.402   1151502 0    1   10    1    6 0.473 279.7 353.8   9.3  28.2
19321019.402   1151601 1   11   76    6   39 0.218  78.0 313.2   7.8 -12.4
19321019.402   1151701 0   37  180   46  220 0.910  80.9 259.5  10.5 -66.1
19321019.402  10580100 0    1    9    1    6 0.655 278.2   6.7   9.4  41.1
19321020.403   1151701 0   34  325   28  266 0.789  81.3 260.0  10.1 -52.4
19321020.403   1151805 9    4   22    4   20 0.831 273.8   8.9   6.1  56.5
19321021.342   1151601 0    3   19    2   10 0.192 278.6 311.0   6.7  11.0
19321021.342   1151701 7   74  308   49  203 0.649  80.2 259.5  10.3 -40.5
19321021.342   1151805 9    6   19    9   28 0.939 274.6  10.2   6.1  70.2
19321022.475   1151601 0    3   43    2   25 0.501 277.6 315.2   8.2  30.1
19321022.475   1151701 7   54  294   30  163 0.428  76.3 260.1  10.4 -25.0
19321023.379   1151701 7   54  300   28  155 0.245  67.6 259.9  10.2 -13.3
19321024.360   1151701 7   51  219   26  110 0.093   5.3 259.8  10.2  -0.5
19321025.389   1151701 0   46  252   24  130 0.242 291.3 259.9   9.7  13.2
19321026.402   1151701 0   37  193   21  108 0.445 283.1 259.4  10.0  26.1
19321027.516   1151701 0   32  127   22   86 0.667 279.7 260.5   9.9  41.9
19321028.367   1151701 0   19  102   16   86 0.801 279.5 260.8  10.3  53.4
19321029.396   1151701 0   13   41   17   54 0.921 279.4 261.2  10.4  67.4
19321030.379   1151701 0    3   14   12   45 0.987 279.7 262.1  10.3  81.2
19321030.379  10580200 0    1    7    1    4 0.338 311.2 196.2  17.0  15.4
19321031.461   1151901 0    8   10    7    9 0.799  98.5 114.2  -4.2 -52.4
193211 1.396   1151901 0    1    7    1    5 0.643 101.5 115.1  -4.2 -39.2
193211 2.404   1152005 4    3   13    2    7 0.216 167.1 138.2  -8.2  -2.8
193211 2.404   1152102 0    7   30    4   16 0.257 153.9 134.4  -9.4  -6.6
193211 3.603   1152005 4   18   47   10   25 0.312 229.2 139.0  -8.0  13.8
193211 3.603   1152102 0    3   13    2    7 0.280 215.2 134.6  -9.4   9.4
193211 4.390   1152005 4   17   78   10   44 0.457 243.6 139.2  -8.3  24.4
193211 4.390   1152102 0    3   18    2   10 0.408 236.7 135.0  -9.4  20.2
193211 5.387   1152005 4    4   18    3   12 0.628 251.4 138.7  -8.6  37.0
193211 7.389   1152102 0    1    8    2    9 0.878 256.5 135.5 -10.1  60.2
19321111.401   1152201 9    4   20    3   13 0.624  93.4 343.9   0.2 -38.5
19321111.401  10580300 0    1    6    3   10 0.950  97.2 311.1  -5.9 -71.3
19321112.326   1152201 9    1   12    1    7 0.437  94.6 344.4   0.6 -25.8
19321113.372   1152201 9    7   37    4   19 0.197  99.7 345.2   0.8 -11.2
19321114.357   1152201 9   19   55   10   28 0.055 222.0 345.5   0.3   2.1
19321114.357   1152302 0    1    3    1    2 0.453  79.7 316.7   7.0 -26.7
19321115.404   1152201 9    3   28    2   15 0.271 263.6 345.2   0.7  15.6
19321115.404  10590100 0    3   11    2    6 0.115  72.3 323.3   4.5  -6.3
19321116.494   1152302 0    3    7    2    4 0.131   3.0 314.8   9.9  -0.4
19321117.400   1152302 9   54  128   28   66 0.229 302.5 314.6   9.3  11.3
19321118.306   1152302 9  100  576   55  316 0.409 287.4 314.7   9.0  23.3
19321119.306   1152302 7  121  592   78  380 0.623 281.3 316.4   8.6  38.2
19321119.306  10590200 0    1    5    1    3 0.310  56.5 262.8  11.8 -15.3
19321120.381   1152302 5  159  891  138  771 0.814 279.3 318.3   8.7  54.3
19321121.467   1152302 5  146  813  208 1155 0.935 279.3 318.9   9.3  69.2
19321122.433   1152302 5   44  241  119  638 0.981 278.7 315.9   8.9  79.0
19321129.420   1152402 4    5   16   12   34 0.970  84.5  68.9   5.5 -76.0
19321129.420  10590300 0    3    7    2    4 0.418 270.9 169.5   1.1  24.7
19321130.404   1152402 4   27  136   30  150 0.889  84.3  69.2   5.4 -62.7
193212 1.414   1152402 4   46  174   36  136 0.764  83.9  68.9   5.0 -49.7
193212 2.404   1152402 4   27  161   17   99 0.575  82.2  70.6   4.8 -34.9
193212 3.541   1152402 4   39  198   21  106 0.346  76.2  70.8   5.0 -19.7
193212 4.436   1152402 4   19  130   10   66 0.149  57.0  71.6   4.8  -7.2
193212 5.408   1152402 4    7   27    4   14 0.135 317.1  71.3   5.7   5.3
193212 6.541   1152402 0    1    3    1    2 0.276 293.1  65.8   6.1  14.8
193212 6.541   1152501 0   24   74  138  415 0.996  79.8 326.5  10.1 -84.5
193212 7.488   1152501 0   83  316  144  546 0.956  79.4 325.9  10.1 -72.6
193212 8.443   1152501 0  102  583  104  590 0.867  78.1 326.5  10.1 -59.5
193212 9.400   1152501 0  194  828  144  615 0.737  75.8 326.8  10.1 -46.5
19321210.403   1152501 0  180  927  110  564 0.567  71.0 327.1  10.1 -33.0
19321211.375   1152501 0  208 1023  113  555 0.386  61.2 327.2  10.0 -20.1
19321212.437   1152501 0  224 1027  115  526 0.217  29.8 327.0  10.0  -6.3
19321212.437   1152605 0    3   11    2    6 0.087 272.0 338.3  -0.7   5.0
19321212.437   1152705 9    6   17    4   10 0.524  64.4 304.4  12.3 -28.9
19321213.603   1152501 1  209 1028  108  530 0.243 319.7 327.2   9.7   9.2
19321213.603   1152705 9   13   30    7   16 0.300  42.4 306.1  11.8 -11.9
19321214.462   1152501 1  182  932   99  507 0.393 298.6 327.2   9.8  20.5
19321214.462   1152605 0    1    8    1    5 0.539 272.0 339.3   0.1  32.6
19321214.462   1152705 9    9   34    5   18 0.238   4.9 305.5  12.6  -1.2
19321215.365   1152501 1  133  701   81  426 0.566 289.4 327.5   9.8  32.8
19321215.365   1152802 0    0    5    0    3 0.420 289.0 318.3   6.7  23.6
19321216.107   1152501 1  117  654   82  455 0.694 286.1 327.6  10.1  42.6
19321217.410   1152501 1   87  433   89  443 0.870 282.2 327.5   9.8  59.7
19321218.420   1152501 1   44  223   81  404 0.960 280.7 327.7   9.8  73.2
19321218.420   1152802 9   24   67   26   72 0.883 280.6 315.9   8.6  61.4
19321219.577   1152705 9   49   97   67  132 0.928 283.7 306.5  12.0  67.2
19321219.577   1152802 9   15   82   32  169 0.969 279.4 314.5   8.7  75.2
19321220.424   1152705 9   31  143   91  416 0.984 281.8 307.3  11.3  79.2
19321220.424   1152802 9    3   12   29   96 0.998 277.9 314.1   7.8  86.0
19321221.438  10600100 0    1    3    5   10 0.981 284.5 292.7  13.8  78.0
19321227.358   1152902 4   28   80   15   42 0.304 311.7 150.1   9.0  13.3
19321228.441   1152902 4   20   46   12   27 0.515 291.3 151.5   8.3  29.0
19321229.423   1152902 4   12   54    9   38 0.699 283.8 152.8   7.4  43.2
19321230.413   1152902 4   19   98   19   95 0.854 279.9 154.4   6.8  57.9
19321231.341   1152902 4   10   71   16  106 0.941 278.5 153.9   6.9  69.6
