1931 1 2.502   1134302 2    6   26    4   17 0.631 286.7  21.7   7.7  37.6
1931 1 2.502   1134405 0    1    3    5   10 0.981  75.2 266.4  13.8 -77.7
1931 1 3.368   1134405 0    0    7    0   10 0.923  73.4 267.1  13.8 -65.6
1931 1 4.203   1134505 7    5   29   18   91 0.986 108.3 240.6 -18.6 -81.1
1931 1 4.203  10340100 0    3    7    6   13 0.963 105.0 247.0 -15.4 -74.7
1931 1 5.492   1134505 7   20  100   26  125 0.914 109.0 238.8 -18.9 -66.0
1931 1 6.498   1134505 7   43  199   36  167 0.798 110.4 239.4 -18.6 -52.1
1931 1 7.519   1134505 7   43  209   22  106 0.638 114.7 240.4 -18.6 -37.7
1931 1 8.311   1134505 7   20   98   12   57 0.507 121.5 240.4 -19.0 -27.2
1931 1 9.512   1134505 7   55  191   29  101 0.308 143.2 240.6 -18.4 -11.2
1931 110.337   1134505 7   30   81   16   42 0.249 179.2 240.8 -18.7  -0.2
1931 111.509   1134505 7   13   93    7   50 0.353 225.5 240.9 -18.6  15.4
1931 112.352   1134505 7   17   55   10   32 0.494 239.0 241.0 -18.8  26.6
1931 113.327   1134505 7   16   33   11   22 0.654 246.4 240.9 -18.8  39.3
1931 113.327   1134603 2   26   86   14   45 0.271 317.1 212.3   6.9  10.7
1931 113.327   1134705 0    1    5    8   24 0.992  84.6 119.1   4.8 -82.5
1931 114.324   1134505 7    3    8    3    7 0.797 250.2 240.8 -18.6  52.3
1931 114.324   1134603 2   23  121   13   68 0.451 296.0 212.6   7.1  24.1
1931 114.324   1134705 0    4   16    6   25 0.940  82.9 119.1   5.0 -69.4
1931 114.324  10340200 0    8   37    6   26 0.692 286.3 230.6   7.7  42.1
1931 114.324  10340300 0    1    7    4   17 0.970  90.3 112.4  -1.4 -76.1
1931 115.372   1134505 0    1   10    2   13 0.910 251.6 240.4 -18.7  65.8
1931 115.372   1134603 8   57  375   36  236 0.606 288.4 210.0   7.1  35.4
1931 115.372   1134705 2   11   54   13   59 0.887  80.3 113.0   6.3 -61.6
1931 116.313   1134603 8   98  943   76  730 0.761 284.1 210.4   7.4  48.1
1931 116.313   1134705 2    7   17    6   13 0.753  78.7 114.4   5.2 -47.9
1931 117.431   1134603 8  109  798  124  907 0.896 280.8 210.2   7.4  62.6
1931 118.338   1134603 8   77  599  159 1232 0.969 278.8 210.5   7.2  74.9
1931 118.338   1134803 0   28  146   16   83 0.464  68.0 110.0   5.4 -25.6
1931 119.351   1134603 8    7   48   49  311 0.997 277.7 206.8   7.2  84.5
1931 119.351   1134803 1   61  201   32  105 0.279  47.9 110.3   5.7 -12.0
1931 119.351   1134901 0    3   16    8   35 0.970  88.0  46.5   0.7 -75.8
1931 120.340   1134803 1   54  253   28  129 0.191 350.6 111.1   5.6   1.8
1931 120.340   1134901 0    3   25    4   26 0.873  86.2  48.7   0.7 -60.6
1931 121.335   1134803 1   47  237   25  125 0.311 305.0 110.9   5.1  14.8
1931 121.335   1134901 0    4   17    3   13 0.735  83.5  49.2   1.1 -46.9
1931 122.314   1134803 1   41  196   24  114 0.503 290.2 111.6   5.2  28.3
1931 122.314   1134901 0    3    8    2    5 0.549  79.6  50.6   1.1 -32.7
1931 123.124   1134803 1   82  323   53  208 0.628 285.8 110.0   5.5  37.4
1931 123.124   1135001 1    1    8    4   19 0.974  76.5 357.2  11.8 -75.4
1931 124.411   1134803 1   24   76   22   69 0.830 280.4 110.8   5.4  55.1
1931 124.411   1135001 1   11   27   11   27 0.855  72.3 359.3  12.0 -56.4
1931 125.402   1134803 1    2    7    3   11 0.940 277.4 111.9   5.0  69.3
1931 125.402   1134901 2    3   13    2    7 0.164 310.9  49.7   0.5   7.1
1931 125.402   1135001 0    8   14    6   10 0.704  66.9   1.2  11.8 -41.4
1931 126.492   1135001 0    6   23    4   14 0.531  56.9   1.2  11.7 -27.0
1931 127.501   1135001 1    3   11    2    6 0.371  38.5   1.4  11.2 -13.6
1931 128.308   1134901 3    4   13    3    9 0.687 281.5  46.8   3.5  42.4
1931 2 2.305   1135102 1    7   38   35  176 0.994  80.6 216.2   8.6 -82.4
1931 2 3.324   1135102 1   45  148   66  214 0.937  78.9 216.9   8.1 -68.2
1931 2 3.324   1135202 9    8   33    6   25 0.733 102.3 237.7 -13.3 -47.4
1931 2 4.526   1135102 1   39  235   34  204 0.815  74.8 216.6   8.5 -52.7
1931 2 4.526   1135202 9    5   18    3   11 0.531 105.9 237.6 -13.8 -31.7
1931 2 4.526  10350100 0    3   12    5   18 0.932 284.9 336.0  11.4  66.7
1931 2 5.298   1135102 1   86  446   61  314 0.698  70.6 217.3   8.6 -41.8
1931 2 5.298   1135202 9    3   16    2    9 0.342 116.8 240.7 -15.0 -18.4
1931 2 6.125   1135102 1  156  621   96  382 0.581  64.3 216.3   9.1 -32.0
1931 2 7.301   1135102 1  109  630   59  340 0.376  46.8 216.7   8.6 -16.1
1931 2 8.524   1135102 1  111  580   58  301 0.263   0.8 216.5   8.6  -0.2
1931 2 8.524   1135202 9    1    8    1    5 0.484 250.6 244.9 -15.1  28.2
1931 2 9.447   1135102 1   71  401   38  213 0.335 321.1 216.8   8.6  12.3
1931 2 9.447   1135202 9    4   20    3   13 0.615 254.4 242.3 -14.8  37.8
1931 2 9.447   1135302 2    7   31    6   24 0.757 259.5 254.1 -12.3  49.6
1931 210.551   1135102 1   69  317   41  186 0.520 299.1 217.4   8.7  27.4
1931 210.551   1135302 2   31  118   37  139 0.902 259.2 255.2 -12.6  65.2
1931 211.406   1135102 1   43  282   29  189 0.664 291.0 217.5   8.5  38.8
1931 211.406   1135302 2    5   35   11   67 0.964 259.0 254.3 -12.4  75.6
1931 212.405   1135102 1   25  173   22  149 0.811 285.4 217.8   8.3  52.2
1931 212.405   1135401 4   17   93   14   75 0.781  79.3 115.3   4.0 -50.3
1931 213.574   1135102 1   12   58   18   83 0.934 281.3 217.9   8.0  67.7
1931 213.574   1135401 4   42  184   26  112 0.568  73.6 117.1   3.5 -33.1
1931 214.511   1135401 4   35   83   19   45 0.379  64.3 117.8   3.0 -20.0
1931 214.511   1135502 9   12   12   41   41 0.987  85.0  57.5   3.8 -80.3
1931 215.530   1135401 4    7   31    4   16 0.202  22.8 119.9   3.8  -4.5
1931 215.530   1135502 9   21  102   35  166 0.950  82.5  53.5   4.9 -70.9
1931 215.530   1135602 4    3   22    2   12 0.327 332.5 133.2  10.0   8.8
1931 215.530   1135702 2   15   73    8   38 0.248 133.7 113.6 -16.7 -10.8
1931 215.530   1135802 1   16   86   23  118 0.928  92.0  55.9  -4.4 -68.5
1931 216.504   1135401 4    7   23    4   12 0.198 332.8 116.8   3.2   5.2
1931 216.504   1135502 9   34  158   34  154 0.856  79.8  53.8   5.0 -57.8
1931 216.504   1135602 4    3    8    2    5 0.488 306.5 135.1  10.5  23.5
1931 216.504   1135702 0    3    9    2    5 0.175 200.2 115.2 -16.4   3.6
1931 216.504   1135802 1   35  172   31  150 0.817  89.9  56.6  -3.9 -55.0
1931 216.504  10350200 0    1    3    1    2 0.369 311.3 127.8   7.4  16.2
1931 217.557   1135401 4    1   11    1    6 0.334 300.3 114.5   3.0  16.8
1931 217.557   1135502 9   60  225   43  161 0.710  75.6  54.0   5.1 -43.7
1931 217.557   1135602 4   37  119   25   80 0.661 295.5 135.1  11.0  37.4
1931 217.557   1135802 1   46  203   30  133 0.639  87.4  57.9  -3.7 -39.8
1931 218.459   1135502 9   92  488   56  296 0.562  69.9  53.8   5.2 -32.0
1931 218.459   1135602 4   32  114   26   93 0.786 289.9 134.6  10.9  48.8
1931 218.459   1135802 1   39  218   22  123 0.460  84.7  58.5  -3.8 -27.3
1931 219.412   1135502 6  256 1579  139  856 0.384  56.7  54.5   5.5 -18.8
1931 219.412   1135802 1   38  190   20   99 0.262  78.0  58.4  -3.7 -14.9
1931 219.412   1135902 2   13   44    7   23 0.286  19.4  67.8   8.6  -5.5
1931 219.412  10350300 0    3   12    3   10 0.761 289.5 120.0   9.9  46.7
1931 220.546   1135502 6  695 3169  358 1631 0.238   8.8  56.2   6.5  -2.1
1931 220.546   1135802 1   27  151   14   76 0.060   8.4  57.8  -3.7  -0.5
1931 220.546   1135902 2   32  140   17   74 0.318 327.0  68.4   8.5  10.1
1931 221.422   1135502 6  629 3506  328 1828 0.281 326.4  55.8   6.5   9.0
1931 221.422   1135802 1   25  161   13   82 0.188 285.0  57.3  -4.2  10.5
1931 221.422   1135902 2   24   69   14   39 0.453 304.3  69.0   8.2  22.2
1931 222.403   1135502 6  631 3295  351 1831 0.435 302.0  55.7   6.7  21.8
1931 222.403   1135802 1  142  603   77  326 0.378 276.7  56.0  -4.1  22.1
1931 222.403   1135902 2   21   72   14   46 0.620 292.8  69.2   8.1  35.3
1931 222.403   1136002 4   28   79   23   64 0.782  70.2 345.4  10.7 -48.5
1931 222.403   1136102 9    3   12   21   69 0.995  83.0 310.2   6.2 -83.7
1931 222.403  10350400 0    1    6    5   19 0.982 274.0 112.6   2.6  78.7
1931 223.485   1135502 6  584 2904  379 1882 0.634 290.7  56.3   7.2  36.7
1931 223.485   1135802 1  196 1066  122  662 0.590 273.2  55.8  -3.9  36.2
1931 223.485   1135902 2    4   20    4   18 0.824 283.7  73.4   7.1  53.8
1931 223.485   1136002 4   60  328   38  206 0.603  62.8 346.6  10.0 -33.0
1931 223.485   1136102 9   16   45   24   66 0.938  80.4 311.1   6.4 -68.5
1931 224.595   1135502 6  317 1951  270 1660 0.807 284.8  56.9   7.5  51.9
1931 224.595   1135802 1  151  694  122  559 0.782 271.0  56.6  -3.7  51.6
1931 224.595   1136002 4   73  218   41  121 0.432  46.9 346.3  10.4 -18.7
1931 224.595   1136102 9   31   87   28   77 0.819  76.0 311.8   7.2 -53.2
1931 225.363   1135502 6  246 1570  283 1801 0.898 282.0  57.3   7.5  62.4
1931 225.363   1135802 1   90  491   95  517 0.878 269.8  56.5  -3.6  61.6
1931 225.363   1136002 4   52  206   28  109 0.323  24.8 347.0   9.9  -7.9
1931 225.363   1136102 9   20   63   15   46 0.719  72.4 311.2   7.4 -43.7
1931 226.436   1135502 6   79  579  200 1455 0.979 278.9  57.8   7.1  77.0
1931 226.436   1135802 1   20  171   44  371 0.972 268.1  57.5  -3.5  76.7
1931 226.436   1136002 4   56  187   30   99 0.319 338.3 347.7  10.1   6.9
1931 226.436   1136102 9    8   32    5   19 0.511  62.6 313.6   7.2 -27.2
1931 226.436   1136202 2   12   31    8   20 0.617 297.7  14.6  10.7  33.8
1931 226.436   1136302 2   12   51   10   41 0.780  74.7 291.5   7.2 -49.3
1931 226.436   1136402 5   29   94   48  155 0.950  95.9 268.2  -7.8 -72.6
1931 227.441   1135502 6    7   41   50  267 0.997 278.7  51.7   8.0  84.2
1931 227.441   1136002 4   30  103   17   58 0.444 311.7 347.2  10.4  19.7
1931 227.441   1136202 2   16   76   13   59 0.761 291.0  13.8  10.9  46.3
1931 227.441   1136302 2   18   46   12   30 0.624  69.5 291.4   6.8 -36.1
1931 227.441   1136402 5   30  162   28  149 0.837  94.6 270.1  -7.8 -57.4
1931 227.441   1136505 9    3   12    4   14 0.884  99.6 264.5 -11.8 -63.0
1931 228.442   1136002 4   12   33    8   21 0.611 296.8 348.0  10.0  33.6
1931 228.442   1136102 9    3    9    2    5 0.283   1.0 314.1   9.2  -0.3
1931 228.442   1136202 2   10   36   11   40 0.886 286.2  14.4  10.8  60.0
1931 228.442   1136302 2    5   23    3   13 0.444  58.4 292.0   6.8 -22.4
1931 228.442   1136402 5   63  304   44  210 0.686  93.9 270.7  -7.9 -43.7
1931 228.442   1136505 9    3   13    3   10 0.744  98.4 265.8 -11.1 -48.6
1931 3 1.350   1136002 4    2    6    2    5 0.752 290.7 348.1  10.4  45.7
1931 3 1.350   1136102 9    1    9    1    5 0.310 334.7 310.1   9.1   7.7
1931 3 1.350   1136202 2    5   27   11   52 0.964 283.3  15.2  10.8  72.8
1931 3 1.350   1136402 5  115  641   67  372 0.505  92.7 271.8  -7.6 -30.6
1931 3 1.350   1136602 4    3   12   14   47 0.990  99.0 219.4  -9.9 -83.0
1931 3 1.350  10360100 0    3   13    2    7 0.213 112.6 290.8 -11.8 -11.6
1931 3 2.537   1136402 5  116  619   60  320 0.253  93.1 272.0  -7.8 -14.8
1931 3 2.537   1136602 4   16   73   22   96 0.922  97.8 218.7 -10.0 -68.1
1931 3 3.501   1136402 5  101  533   51  267 0.014 123.0 273.4  -7.7  -0.7
1931 3 3.501   1136602 4   47  190   40  159 0.799  97.2 220.5 -10.1 -53.6
1931 3 4.388   1136402 5  112  619   57  315 0.183 266.9 273.0  -7.7  10.6
1931 3 4.388   1136602 4   96  481   67  335 0.694  97.6 218.0 -10.5 -44.4
1931 3 5.469   1136402 6   92  503   51  279 0.429 267.1 273.7  -7.8  25.6
1931 3 5.469   1136602 4   76  359   43  203 0.464  98.2 220.3 -10.2 -27.8
1931 3 6.517   1136402 6   89  454   58  296 0.638 265.9 274.3  -8.2  40.0
1931 3 6.517   1136602 4   69  296   36  153 0.241 102.8 220.5 -10.1 -13.8
1931 3 7.451   1136402 6   46  324   38  265 0.788 265.2 274.5  -8.2  52.5
1931 3 7.451   1136602 4   63  279   32  140 0.055 159.9 220.9 -10.2  -1.1
1931 3 8.404   1136402 6   33  198   41  246 0.913 264.4 276.1  -8.0  66.6
1931 3 8.404   1136602 4   46  169   24   87 0.224 255.3 222.2 -10.3  12.7
1931 3 9.394   1136402 6   13   85   35  220 0.980 262.9 275.9  -8.3  79.5
1931 3 9.394   1136602 4   67  184   38  103 0.447 262.5 223.1  -9.8  26.7
1931 3 9.394   1136702 6   30  161   74  396 0.978  84.0 119.1   4.3 -77.3
1931 310.504   1136602 4   61  276   41  186 0.666 262.7 224.0 -10.2  42.2
1931 310.504   1136702 6   85  532   98  611 0.898  81.9 118.7   4.0 -63.1
1931 310.504   1136802 4    3    8   12   27 0.986  81.6 102.4   7.0 -79.4
1931 311.498   1136602 4   30  138   26  118 0.807 262.8 223.1 -10.0  54.4
1931 311.498   1136702 6  248 1227  198  977 0.776  79.3 118.9   3.7 -49.8
1931 311.498   1136802 4   16   53   23   75 0.931  79.2 101.4   7.3 -67.3
1931 312.401   1136602 4   17   63   23   84 0.923 262.2 225.0  -9.9  68.2
1931 312.401   1136702 6  258 1553  170 1022 0.648  74.8 118.0   4.2 -38.8
1931 312.401   1136802 4   41  138   38  128 0.839  76.2 101.5   7.5 -55.3
1931 313.388   1136602 4    5   34   17  103 0.985 261.1 224.9  -9.9  81.1
1931 313.388   1136702 6  228 1515  130  861 0.472  67.2 117.9   4.1 -25.9
1931 313.388   1136802 4   26   84   18   58 0.684  71.1 103.1   7.4 -40.7
1931 313.388   1136901 0   28  172   64  389 0.974  81.6  67.9   6.5 -75.9
1931 314.436   1136702 6  233 1397  122  729 0.284  48.4 117.7   3.9 -12.3
1931 314.436   1136802 4   20   81   12   47 0.504  61.8 103.4   7.4 -26.6
1931 314.436   1136901 0   47  311   52  343 0.889  79.1  68.6   6.3 -61.4
1931 314.436  10360200 0    1    7    1    4 0.207 335.1 135.0   3.7   5.0
1931 315.455   1136702 6  172  911   88  465 0.196 353.9 117.7   4.1   1.2
1931 315.455   1136802 4   22   73   12   39 0.323  40.0 104.4   7.4 -12.1
1931 315.455   1136901 0   66  380   51  293 0.758  75.5  68.9   6.2 -47.6
1931 316.434   1136702 6  159  969   84  510 0.309 306.4 118.0   3.7  14.4
1931 316.434   1136802 4    9   34    5   18 0.259   4.6 102.4   7.9  -1.2
1931 316.434   1136901 0   87  485   55  304 0.598  70.0  69.2   6.0 -34.4
1931 317.477   1136702 6  142  640   83  372 0.505 290.5 118.2   4.0  28.3
1931 317.477   1136802 4   18   73   10   39 0.330 323.7 101.3   8.5  11.4
1931 317.477   1136901 0  110  552   61  304 0.417  58.2  69.0   6.1 -20.9
1931 317.477   1137001 9   22   75   40  135 0.959 268.3 163.7  -3.6  73.8
1931 317.477   1137102 4   16   44   10   27 0.564 298.0 120.2   9.3  30.3
1931 317.477  10360300 0    1    3    1    2 0.502 253.4 119.7 -14.4  29.8
1931 318.415   1136702 6  120  584   81  393 0.665 284.1 117.8   4.0  40.3
1931 318.415   1136802 4   10   47    6   27 0.482 301.7 102.0   8.3  24.5
1931 318.415   1136901 0  117  579   61  301 0.267  33.0  69.1   6.0  -8.4
1931 318.415   1137001 9   12   83   46  311 0.990 266.3 160.0  -4.6  82.5
1931 318.415   1137102 4   26   76   19   55 0.718 290.7 120.4   9.6  42.9
1931 319.387   1136702 6   59  299   51  255 0.807 279.9 117.5   3.8  52.8
1931 319.387   1136901 0  118  512   61  264 0.236 340.7  69.2   5.9   4.5
1931 319.387   1137102 4    4   13    4   13 0.860 284.4 122.1   8.6  57.4
1931 319.387   1137202 4   32  102   17   53 0.258 151.2  57.1 -20.0  -7.6
1931 319.387  10360400 0    1    7    1    4 0.451 319.5  82.2  13.4  17.5
1931 320.386   1136702 6   22   74   31  102 0.929 276.8 119.0   3.7  67.5
1931 320.386   1136901 0   83  484   45  262 0.378 305.6  69.5   6.1  18.0
1931 320.386   1137102 4    9   21   14   33 0.944 281.2 120.8   8.2  69.3
1931 320.386   1137202 4   23   67   12   35 0.240 203.8  57.4 -19.6   5.9
1931 320.386   1137301 2   16   37    9   20 0.339  42.2  38.2   7.8 -13.3
1931 321.384   1136702 6    2    6    6   20 0.984 277.5 117.4   6.1  79.0
1931 321.384   1136901 0   82  385   50  233 0.560 291.8  69.9   6.1  31.5
1931 321.384   1137202 0    7   18    4   10 0.370 234.1  56.9 -19.1  18.5
1931 321.384   1137301 0    1    9    1    5 0.241 353.0  40.1   6.9   1.7
1931 321.384  10360500 0    9   21    5   11 0.115 346.0  39.9  -0.5   1.6
1931 322.429   1136901 0   48  250   36  186 0.736 284.7  70.3   6.0  45.7
1931 322.429   1137202 0    3    9    2    6 0.601 243.7  59.9 -21.1  35.3
1931 322.429   1137301 0    7    9    4    5 0.389 308.3  42.5   7.4  17.9
1931 323.624   1136901 0   30  153   34  169 0.889 280.4  70.4   6.0  61.6
1931 323.624   1137301 7    6   14    4    9 0.601 291.5  43.1   7.1  34.3
1931 323.624  10360600 0    1    4    1    3 0.616 315.9  36.1  20.2  27.2
1931 324.368   1136901 0   14  110   25  185 0.953 278.4  70.3   5.9  71.3
1931 324.368   1137401 0   14   83   33  188 0.974  97.2 281.3  -8.5 -77.7
1931 325.498   1137401 0   18  157   20  174 0.889  95.9 280.7  -8.3 -63.4
1931 326.501   1137401 0   41  233   32  181 0.761  95.1 280.9  -8.2 -50.0
1931 326.501  10370100 0    7   17   11   27 0.944 293.1  37.7  19.2  66.8
1931 327.416   1137401 0   52  278   33  176 0.612  94.6 280.8  -8.1 -38.0
1931 328.538   1137401 0   68  315   37  171 0.387  94.4 281.1  -7.8 -22.9
1931 329.354   1137401 0   62  307   32  157 0.207  96.2 281.3  -7.7 -12.0
1931 329.354   1137505 2    9   17    5    9 0.191 131.1 284.8 -13.7  -8.5
1931 329.354  10370200 0    3   11    2    6 0.273 151.5 285.3 -20.4  -8.0
1931 330.506   1137401 0   55  319   28  160 0.057 250.3 281.2  -7.6   3.1
1931 330.506   1137602 2    7   21    6   18 0.799  76.4 226.6   6.8 -51.5
1931 331.410   1137401 0   71  311   37  161 0.257 265.5 281.2  -7.4  15.0
1931 331.410   1137602 2   14   39   10   27 0.669  71.5 226.4   7.3 -39.8
1931 331.410   1137702 9   19   71   19   68 0.850 255.7 325.0 -15.5  58.8
1931 4 1.388   1137401 0   53  286   30  162 0.465 266.3 281.2  -7.4  27.9
1931 4 1.388   1137602 2   20   74   12   43 0.489  62.8 227.3   7.2 -26.0
1931 4 1.388   1137702 9   21  145   32  219 0.942 255.9 324.6 -15.4  71.3
1931 4 1.388   1137802 0   10   54   38  192 0.989  91.9 171.4  -2.8 -81.9
1931 4 2.542   1137401 0   34  168   24  116 0.684 265.8 281.5  -7.5  43.5
1931 4 2.542   1137602 2   13   30    7   16 0.280  32.4 229.3   7.4  -8.7
1931 4 2.542   1137702 9    6   31   24  113 0.989 255.2 320.9 -15.5  82.9
1931 4 2.542   1137802 0   20   86   24  103 0.906  90.5 172.8  -3.1 -65.2
1931 4 3.330   1137401 0   30  160   26  136 0.806 265.7 281.7  -7.2  54.1
1931 4 3.330   1137505 3    6   29    6   29 0.859 258.0 287.4 -13.5  59.8
1931 4 3.330   1137602 2   13   29    7   15 0.239 347.4 230.6   7.2   3.0
1931 4 3.330   1137802 0   19  122   17  106 0.813  89.2 173.1  -3.0 -54.5
1931 4 3.330   1137901 0    6   23    5   18 0.753 271.6 276.5  -2.9  48.9
1931 4 4.370   1137401 2    6   39    9   52 0.924 264.9 282.0  -7.1  68.1
1931 4 4.370   1137602 2    3   24    2   13 0.335 313.0 228.2   7.2  14.3
1931 4 4.370   1137802 1   39  189   26  126 0.657  87.4 172.8  -3.0 -41.1
1931 4 4.370   1137901 0    3    9    4   10 0.890 270.0 276.9  -2.8  63.0
1931 4 4.370  10370300 0    1    7    1    4 0.447 265.6 240.6  -7.5  26.7
1931 4 5.513   1137401 2    3   12   19   62 0.994 264.5 283.3  -6.1  84.5
1931 4 5.513   1137602 2   17   56   10   33 0.520 294.4 227.3   7.0  28.5
1931 4 5.513   1137802 1   52  249   29  139 0.440  84.7 172.8  -3.2 -26.0
1931 4 5.513   1137901 0    1    6    4   14 0.968 268.2 274.6  -3.3  75.8
1931 4 6.118   1137602 2    7   32    5   21 0.617 290.2 226.6   7.4  35.7
1931 4 6.118   1137802 1   47  276   25  146 0.325  82.4 172.1  -3.3 -18.8
1931 4 6.118   1138002 4    7   32    7   30 0.833  80.4 135.4   4.6 -55.5
1931 4 7.116   1137602 2    3   16    3   13 0.772 285.1 226.5   7.7  48.8
1931 4 7.116   1137802 1   63  327   32  165 0.120  70.7 171.2  -3.7  -6.5
1931 4 7.116   1138002 4   56  173   41  126 0.725  78.5 132.3   4.1 -45.4
1931 4 7.116   1138102 4   57  275   41  197 0.712 280.0 222.3   2.8  44.6
1931 4 7.116  10370400 0    2    4    2    4 0.826  76.8 123.5   7.4 -54.2
1931 4 8.630   1137802 1   63  347   33  179 0.243 279.0 171.6  -3.6  13.9
1931 4 8.630   1138002 4  111  504   63  284 0.457  68.9 132.4   4.1 -25.3
1931 4 8.630   1138102 4   24  160   32  210 0.923 275.8 224.5   3.0  66.8
1931 4 9.540   1137802 1   55  236   31  132 0.446 273.5 172.2  -3.7  26.5
1931 4 9.540   1138002 4   74  516   39  270 0.288  52.4 132.5   4.4 -13.2
1931 4 9.540   1138102 4   10   49   27  130 0.981 275.0 224.0   3.7  78.3
1931 410.382   1137802 1   53  225   34  143 0.611 271.9 172.3  -3.4  37.7
1931 410.382   1138002 4   84  418   43  213 0.178   7.3 133.3   4.4  -1.3
1931 410.382   1138201 2    8   20   48  117 0.996  82.0  50.8   7.4 -83.8
1931 411.466   1137802 1   29  123   25  103 0.797 270.3 173.3  -3.2  53.0
1931 411.466   1138002 4   62  303   33  160 0.312 305.4 135.1   4.9  14.8
1931 411.466   1138201 2   22  122   36  194 0.947  79.7  50.1   7.9 -70.2
1931 411.466   1138301 0    3   17   21   96 0.996  66.2  38.6  23.0 -81.7
1931 412.453   1137802 1   26   93   33  117 0.915 269.0 173.6  -3.2  66.4
1931 412.453   1138002 4    8   47    5   28 0.522 288.8 136.9   4.8  29.7
1931 412.453   1138201 1   48  271   44  246 0.831  77.2  52.4   7.4 -54.8
1931 412.453   1138301 0   13   90   23  160 0.958  63.8  38.1  23.1 -69.1
1931 412.453  10370500 0    1    6    1    4 0.502 303.3 132.5  10.9  25.3
1931 413.397   1137802 1    6   46   18  122 0.981 268.0 173.8  -3.0  79.0
1931 413.397   1138201 1   83  386   59  273 0.704  73.6  51.9   7.4 -42.9
1931 413.397   1138301 0   17  102   19  110 0.882  60.4  38.5  22.8 -56.3
1931 413.397   1138402 6   10   47   42  187 0.991  78.7  13.5  10.4 -81.3
1931 414.375   1138201 1  101  492   60  290 0.524  65.8  53.1   7.6 -28.8
1931 414.375   1138301 0   21   94   17   75 0.772  54.5  39.0  22.7 -42.9
1931 414.375   1138402 6   21  126   30  179 0.933  76.7  14.5  10.3 -67.4
1931 414.375  10370600 0    3   19    2   10 0.194  37.6  75.0   3.4  -6.8
1931 415.534   1138201 1  100  584   53  308 0.312  46.2  53.5   7.2 -13.1
1931 415.534   1138301 0   10   41    7   27 0.634  43.2  38.5  22.8 -28.1
1931 415.534   1138402 6   67  466   60  416 0.825  73.0  13.2  10.8 -53.4
1931 415.534  10370700 0    3    6    2    4 0.493  39.4  47.4  17.3 -19.1
1931 416.595   1138201 1   89  456   46  234 0.217 352.7  54.1   7.1   1.6
1931 416.595   1138402 6  101  563   69  383 0.673  67.6  13.2  10.8 -39.3
1931 416.595  10370800 0    1    3    5   10 0.979 104.4 333.2 -15.1 -79.3
1931 417.503   1138201 1   83  425   44  224 0.312 312.6  54.0   7.1  13.4
1931 417.503   1138301 0    8   19    5   11 0.475   5.2  37.9  23.0  -2.7
1931 417.503   1138402 6  109  561   64  329 0.519  58.9  13.7  10.9 -26.9
1931 417.503   1138502 2    3   13    2    7 0.255  10.5  37.9   9.3  -2.7
1931 417.503  10370900 0    3   21    2   12 0.419   6.5  37.6  19.4  -2.9
1931 417.503  10371000 0    1    9    1    5 0.402  18.6  32.8  17.2  -7.7
1931 417.503  10371100 0    2    7    2    6 0.804  74.5 348.8   9.2 -51.7
1931 418.453   1138201 1   81  413   47  238 0.493 294.3  54.9   7.1  26.9
1931 418.453   1138402 6   93  459   50  247 0.364  40.8  14.0  11.0 -14.0
1931 419.397   1138201 0   50  298   34  200 0.663 286.5  55.3   7.0  39.8
1931 419.397   1138402 6   88  408   46  213 0.279   4.6  14.2  11.1  -1.3
1931 420.369   1138201 0   43  273   38  237 0.814 282.0  56.0   6.8  53.3
1931 420.369   1138402 6   73  385   39  205 0.335 323.8  14.3  10.8  11.6
1931 421.429   1138201 1   49  212   68  289 0.928 279.2  56.0   6.7  67.3
1931 421.429   1138402 6   74  442   43  255 0.495 302.7  13.8  11.1  25.1
1931 421.429   1138502 2  109  350   92  293 0.800 284.7  40.2   8.7  51.5
1931 422.341   1138202 1   14   67   53  238 0.989 277.5  57.6   6.7  80.9
1931 422.341   1138302 0    1    6    2    8 0.902 300.7  35.6  25.0  58.9
1931 422.341   1138402 6   69  351   46  232 0.649 293.0  14.2  10.9  37.5
1931 422.341   1138502 2   76  369   97  468 0.917 281.1  42.1   8.2  65.4
1931 422.341   1138605 2    4    7    4    6 0.806 288.1  28.1  11.5  51.4
1931 423.403   1138402 6   46  226   40  194 0.809 287.0  14.6  10.8  52.0
1931 423.403   1138502 2   20   72   75  271 0.990 279.1  43.8   8.3  81.2
1931 423.403   1138605 2    6   19    9   26 0.925 284.3  28.7  11.3  66.1
1931 423.403   1138701 4    5   14    3    8 0.446  42.6 304.4  14.7 -18.2
1931 424.538   1138402 6   26  143   37  199 0.931 283.4  14.8  10.7  67.2
1931 424.538   1138701 4   26  131   14   70 0.340   9.4 304.3  15.0  -3.3
1931 424.538   1138801 0    6   17   17   44 0.979  84.6 229.8   4.3 -77.8
1931 425.480   1138402 6   13   61   42  191 0.986 281.2  14.6  10.2  79.4
1931 425.480   1138701 4   63  167   34   90 0.368 333.7 304.9  14.8   9.7
1931 425.480   1138801 0    8   24   11   31 0.915  83.2 229.5   4.4 -65.7
1931 426.432   1138701 4   48  121   28   70 0.488 311.2 304.9  14.7  22.3
1931 426.432   1138801 0   10   19    9   17 0.809  81.4 229.3   4.3 -53.3
1931 427.598   1138702 4   28   78   19   53 0.663 298.9 304.2  15.3  37.0
1931 427.598   1138801 0   18   29   12   19 0.628  77.4 229.3   4.5 -37.9
1931 428.359   1138702 4    3   15    3   13 0.802 292.5 307.4  15.2  50.2
1931 428.359   1138801 0    8   19    5   11 0.486  72.3 229.5   4.8 -27.7
1931 429.496   1138801 0   13   25    7   13 0.264  56.0 229.4   4.5 -12.7
1931 429.496   1138902 3    9   24    6   15 0.569 301.4 272.1  13.7  30.0
1931 430.352   1138801 0    9   23    5   12 0.149   7.4 229.7   4.5  -1.1
1931 430.352   1138902 3   28   67   20   48 0.707 293.9 272.5  13.7  41.7
1931 5 1.550   1138902 3   33  136   32  132 0.853 289.6 271.1  14.5  56.1
1931 5 2.413   1138902 3   19   99   28  142 0.934 287.5 270.8  14.9  67.2
1931 5 3.122   1138902 3   14   45   35  106 0.976 286.5 270.0  15.2  75.8
1931 5 4.453   1139002 2   15   29   15   28 0.848 258.8 234.7 -11.4  58.1
1931 5 5.470   1139002 0    1    5    3    8 0.945 258.4 234.4 -12.1  71.2
1931 5 5.470   1139101 0    5    7    3    4 0.297  35.4 153.1  10.6 -10.1
1931 5 6.351   1139101 0   23   61   12   32 0.255 348.0 154.6  11.1   3.1
1931 5 6.351   1139205 0    0    5    0    3 0.362  87.4 130.3  -2.2 -21.2
1931 5 7.345   1139101 0   14   29    8   16 0.386 310.5 155.8  11.4  17.4
1931 5 7.345   1139305 0   10   35   26   85 0.977  83.2  61.2   5.9 -77.2
1931 5 7.345   1139401 0   13   55   44  180 0.987  81.4  58.2   7.9 -80.2
1931 5 8.480   1139305 0   22   67   25   73 0.886  81.5  61.6   6.0 -61.8
1931 5 8.480   1139401 0   27  157   33  192 0.910  79.8  58.7   7.9 -64.7
1931 5 8.480  10380100 0    5   14    3    8 0.450 244.6 148.1 -14.0  24.8
1931 5 9.440   1139205 0    5   31    3   17 0.354 273.0 131.4  -1.8  20.7
1931 5 9.440   1139305 0   11   71    9   56 0.765  79.3  61.6   6.2 -49.1
1931 5 9.440   1139401 0   40  216   34  182 0.801  77.7  58.5   8.0 -52.2
1931 5 9.440   1139502 6    4   22    4   20 0.819  74.9  57.2  10.5 -53.5
1931 510.364   1139205 0   37  107   23   66 0.574 272.4 133.5  -1.0  35.0
1931 510.364   1139305 7    9   25    6   16 0.617  75.6  61.5   6.5 -37.0
1931 510.364   1139401 0   36  247   24  164 0.653  74.2  59.1   8.0 -39.4
1931 510.364   1139502 6   36  120   25   83 0.686  72.2  57.0   9.9 -41.5
1931 511.355   1139205 5   33  244   26  188 0.757 271.1 134.5  -1.0  49.2
1931 511.355   1139305 7    0    5    0    3 0.439  68.0  61.1   6.9 -24.2
1931 511.355   1139401 0   52  267   30  152 0.470  67.6  59.3   7.8 -26.0
1931 511.355   1139502 6   50  252   29  146 0.497  64.1  58.3  10.0 -27.0
1931 512.348   1139205 5   21   84   24   95 0.894 271.1 135.6  -0.2  63.4
1931 512.348   1139401 0   63  277   33  145 0.282  50.5  59.5   7.7 -12.7
1931 512.348   1139502 6   38  188   20   99 0.297  45.4  59.8   9.4 -12.4
1931 512.348  10380200 0    5   11    3    6 0.207  37.0  65.0   6.8  -7.2
1931 513.343   1139205 5    8   29   23   78 0.981 270.4 137.9  -0.1  78.8
1931 513.343   1139401 0   56  281   29  143 0.181 357.8  59.5   7.8   0.4
1931 513.343   1139502 6   52  181   27   93 0.212 356.3  59.9   9.6   0.8
1931 513.343  10380300 0   13   26   11   21 0.776 279.2 109.3   5.5  50.3
1931 514.342   1139305 0    5   19    3   10 0.307 297.3  61.7   5.7  15.9
1931 514.342   1139401 0   40  253   21  133 0.296 307.1  59.6   7.9  13.8
1931 514.342   1139502 6   43  216   23  115 0.327 310.2  60.5   9.8  14.7
1931 515.352   1139305 0    3   39    2   23 0.504 285.4  61.7   5.6  29.2
1931 515.352   1139401 0   52  249   30  143 0.484 290.8  59.7   7.8  27.2
1931 515.352   1139502 6   60  216   35  126 0.510 296.1  60.3  10.9  27.8
1931 515.352   1139602 6    3   17    5   23 0.919 106.1 325.9 -15.7 -66.6
1931 515.352   1139701 0    3    8    9   20 0.975  79.3 316.0   9.9 -76.5
1931 515.352  10380400 0    3   13    2    7 0.367 282.4  53.5   2.3  21.0
1931 516.304   1139305 0    7   33    5   23 0.684 281.1  62.3   5.9  42.4
1931 516.304   1139401 0   30  193   20  129 0.658 284.7  59.9   7.9  40.0
1931 516.304   1139502 6   56  274   39  188 0.679 288.4  60.9  10.7  41.0
1931 516.304   1139602 6   50  151   45  135 0.826 107.5 325.0 -15.7 -54.9
1931 516.304   1139701 2    8   22   11   28 0.916  77.6 314.4  10.4 -65.5
1931 517.375   1139401 0   26  146   23  129 0.819 281.3  59.9   8.0  54.2
1931 517.375   1139502 6   15   70   15   69 0.859 282.6  63.9   9.7  58.2
1931 517.375   1139602 6   67  221   46  152 0.683 110.9 324.2 -15.7 -41.5
1931 517.375   1139701 0    3    6    3    5 0.759  75.3 317.6   9.7 -48.1
1931 518.569   1139401 0   13   73   21  114 0.944 279.3  60.2   8.1  70.3
1931 518.569   1139502 6    8   38   18   80 0.970 280.2  65.2   9.4  75.3
1931 518.569   1139602 6   85  514   49  294 0.484 120.2 324.1 -15.9 -25.8
1931 518.569   1139802 2    7   21    4   11 0.206  11.6 347.5   9.6  -2.4
1931 519.368   1139602 6   93  600   50  320 0.348 133.1 324.1 -15.6 -15.3
1931 519.368   1139802 2    1   17    1    9 0.254 324.1 348.1  10.0   8.7
1931 520.371   1139602 6  190 1020   98  525 0.238 171.9 324.1 -15.4  -2.0
1931 521.348   1139602 6  203 1064  107  559 0.307 217.6 324.4 -15.7  11.2
1931 521.348   1139902 4    1   10    2   12 0.901  75.5 250.0  12.3 -63.2
1931 522.438   1139602 6  164  837   94  478 0.484 239.8 324.5 -15.5  25.7
1931 522.438   1139701 0    1    5    1    3 0.340 302.0 315.8   8.9  17.0
1931 522.438   1139902 4    5   13    4   10 0.719  72.5 254.4  11.4 -44.4
1931 522.438   1140002 9    2    5    1    3 0.292  44.5 286.8  10.5 -12.0
1931 523.367   1139602 6  128  708   84  464 0.645 247.0 324.6 -15.7  38.1
1931 523.367   1139902 4   12   59    8   37 0.595  65.1 252.8  13.3 -33.7
1931 523.367   1140002 9   15   54    8   28 0.203 358.5 286.8  10.3   0.3
1931 524.488   1139602 6   66  370   57  317 0.809 251.1 324.4 -16.0  52.8
1931 524.488   1139902 4   22   70   12   38 0.373  53.4 253.8  11.6 -17.8
1931 524.488   1140002 9   13   49    7   26 0.326 308.7 286.6  10.5  15.0
1931 525.299   1139602 6   44  163   54  200 0.912 252.7 326.0 -16.2  65.1
1931 525.299   1139902 4   23   67   12   35 0.243  29.5 253.9  11.0  -7.0
1931 525.299   1140002 9   10   51    6   29 0.457 295.8 285.6  10.4  24.7
1931 526.348   1139602 6   15   52   45  157 0.986 254.3 327.3 -15.7  80.3
1931 526.348   1139902 4   44  102   23   53 0.251 325.1 255.4  10.8   8.4
1931 526.348   1140002 9    1    4    1    3 0.666 287.4 287.3  10.7  40.3
1931 526.348   1140102 9    1    6    1    4 0.532 278.3 278.8   3.5  31.8
1931 527.350   1139902 4   41  142   23   79 0.422 298.9 255.9  10.9  22.1
1931 527.350   1140002 9    2    4    2    4 0.829 284.0 288.8  11.0  55.0
1931 527.350   1140102 9   32  106   24   78 0.730 276.8 280.4   4.3  46.6
1931 527.350  10390100 0    1    6    4   13 0.970 273.2 309.6   2.9  75.8
1931 528.569   1139902 4   14   45   10   31 0.678 287.5 258.8  11.1  41.2
1931 528.569   1140102 9   13   38   17   47 0.911 275.5 283.1   4.7  65.5
1931 529.348   1139902 4   48  142   39  114 0.776 284.6 257.2  10.8  49.9
1931 529.348   1140102 9    4   15   11   35 0.973 275.6 283.8   5.3  76.5
1931 530.343   1139902 4   29   81   34   94 0.899 282.8 257.5  11.2  63.3
1931 530.343   1140202 6    4   21   37  169 0.998  86.2 108.2   3.7 -86.0
1931 531.341   1139902 4    2   10    4   20 0.962 282.3 254.6  11.7  73.6
1931 531.341   1140202 6   40  176   71  308 0.956  84.5 108.1   5.1 -72.9
1931 6 1.357   1140202 6   73  350   74  352 0.864  83.2 107.9   5.7 -59.6
1931 6 2.471   1140202 6   85  396   60  279 0.700  81.7 108.7   5.6 -44.1
1931 6 2.471   1140302 2    6   21    4   14 0.651 257.0 192.7  -8.6  39.9
1931 6 2.471   1140402 6   22   55   14   35 0.607  78.3 116.0   6.9 -36.8
1931 6 3.405   1140202 6  103  474   61  280 0.529  79.8 108.9   5.3 -31.5
1931 6 3.405   1140302 2    4    9    4    8 0.803 260.3 193.4  -7.8  53.0
1931 6 3.405   1140402 6   36  154   20   85 0.417  72.5 116.8   7.1 -23.6
1931 6 4.435   1140202 6  115  563   61  298 0.321  73.3 108.8   5.3 -18.0
1931 6 4.435   1140402 6   58  511   30  261 0.197  56.3 117.3   6.3  -9.5
1931 6 5.378   1140202 6  105  517   53  261 0.131  46.6 108.8   5.3  -5.5
1931 6 5.378   1140402 6   69  251   35  127 0.131 328.0 118.3   6.5   4.0
1931 6 6.363   1140202 5   88  473   45  240 0.165 301.6 109.4   5.2   8.1
1931 6 6.363   1140402 6   73  440   39  234 0.338 288.5 120.1   6.4  18.8
1931 6 7.345   1140202 5   73  343   40  186 0.382 282.3 110.3   5.0  22.0
1931 6 7.345   1140402 6   63  426   38  256 0.549 280.4 121.2   6.0  32.9
1931 6 8.361   1140202 5   70  319   44  198 0.588 278.0 110.6   5.1  35.8
1931 6 8.361   1140402 6   67  356   50  263 0.733 277.6 121.7   5.9  46.9
1931 6 8.361   1140502 4    1    9    1    5 0.192  15.0  71.9  11.2  -2.9
1931 6 9.573   1140202 5   32  161   27  133 0.791 275.8 111.0   5.0  52.2
1931 6 9.573   1140402 6   22  127   30  170 0.926 276.1 126.5   5.9  67.7
1931 6 9.573   1140502 4   34  120   18   63 0.296 308.4  72.5  11.2  13.7
1931 610.537   1140202 4   22   85   28  105 0.912 274.7 111.8   4.6  65.8
1931 610.537   1140402 6   10   43   33  136 0.986 275.7 126.5   5.7  80.5
1931 610.537   1140502 4   24  117   14   67 0.477 293.7  72.5  11.7  26.5
1931 610.537  10390200 0    4    9    3    7 0.731  78.8 359.5   8.7 -46.5
1931 611.426   1140202 4    8   31   21   74 0.976 274.4 111.6   4.5  77.4
1931 611.426   1140502 4   23   81   15   53 0.638 287.5  72.6  11.7  38.4
1931 611.426  10390300 0    1    5    1    3 0.355  89.4  13.4   1.0 -20.8
1931 612.461   1140502 4    4   13    4   12 0.819 284.9  74.7  12.7  54.2
1931 614.434  10400100 0   15   48   31   99 0.968 262.0  69.6  -7.4  75.2
1931 618.429  10400200 0    1    4    1    3 0.586 245.8 334.7 -12.5  33.2
1931 622.364  10400300 0    1    9    1    5 0.338 314.1 264.0  15.7  14.6
1931 627.356   1140602 0    1    6    1    4 0.567  97.9 149.2  -2.2 -34.2
1931 628.374   1140602 2   24   69   13   37 0.357 102.6 149.5  -1.8 -20.4
1931 629.362   1140602 0    5   13    3    7 0.174 119.5 148.1  -2.0  -8.7
1931 629.362   1140701 0   11   63   23  124 0.966  99.1  82.4  -8.0 -74.4
1931 629.362   1140802 4   14  112   50  380 0.988  83.2  75.4   7.2 -81.4
1931 630.360   1140701 0   15  108   17  118 0.885 100.3  82.1  -7.7 -61.5
1931 630.360   1140802 4   38  227   61  364 0.948  83.3  71.9   7.3 -71.7
1931 630.360  10400400 0    7   17    4    9 0.204  63.1 133.0   8.3 -10.6
1931 7 1.359   1140701 1   30  140   23  108 0.756 103.0  82.4  -7.7 -48.0
1931 7 1.359   1140802 4   66  326   63  307 0.844  83.4  72.7   7.3 -57.7
1931 7 2.465   1140701 1   34  129   21   79 0.571 108.5  82.7  -7.7 -33.1
1931 7 2.465   1140802 4   48  333   33  225 0.669  83.0  73.8   7.1 -42.0
1931 7 2.465   1140901 9    3   16    2   10 0.561  79.5  81.9   8.6 -33.9
1931 7 3.366   1140701 0   31  146   17   80 0.399 118.1  83.0  -7.7 -20.8
1931 7 3.366   1140802 4   60  194   35  112 0.494  82.0  74.3   6.9 -29.5
1931 7 3.366   1140901 9    1    9    1    5 0.355  79.4  83.2   6.9 -20.6
1931 7 4.408   1140701 0   17  126    9   65 0.225 147.5  83.0  -7.5  -7.0
1931 7 4.408   1140802 4   36  169   19   88 0.274  76.6  74.4   7.0 -15.6
1931 7 5.381   1140701 0   27  128   14   66 0.221 210.6  83.7  -7.4   6.5
1931 7 5.381   1140802 4    5   25    3   13 0.091  43.0  73.6   7.4  -3.6
1931 7 5.381   1140901 9    7   23    4   12 0.134 296.7  84.1   7.0   6.9
1931 7 6.374   1140701 0   18  110   10   60 0.386 241.6  84.0  -7.1  20.0
1931 7 6.374   1140901 9    1    9    1    5 0.383 282.6  86.2   8.2  22.2
1931 7 6.374   1141001 0    4   13   16   44 0.987 111.7 345.2 -20.7 -78.8
1931 7 7.363   1140701 0   22   80   14   49 0.576 252.0  84.4  -7.1  33.5
1931 7 7.363   1140901 9    6   22    4   14 0.588 278.1  86.9   7.8  36.0
1931 7 7.363   1141001 0    8   36   13   54 0.939 113.9 344.1 -20.9 -66.8
1931 7 7.363   1141102 6   27   78   19   54 0.686 105.4   9.0  -7.7 -41.9
1931 7 8.345   1140701 0    9   18    7   14 0.743 257.4  84.8  -6.7  46.9
1931 7 8.345   1140802 2    4    9    3    6 0.629 278.2  76.9   8.2  39.0
1931 7 8.345   1140901 9    2    5    2    4 0.767 276.4  88.1   7.4  50.2
1931 7 8.345   1141001 0   14   54   14   53 0.857 117.6 343.4 -21.2 -54.5
1931 7 8.345   1141102 6   78  262   46  153 0.513 112.0   9.2  -7.7 -28.7
1931 7 8.345   1141201 1    8   28   32  108 0.990 102.4 316.9 -11.7 -81.0
1931 7 9.420   1141001 0   16   43   12   32 0.732 124.1 343.1 -21.2 -40.6
1931 7 9.420   1141102 6   38  139   20   73 0.302 129.5  10.1  -7.2 -13.6
1931 7 9.420   1141201 1   16   83   23  116 0.932 104.0 316.4 -11.5 -67.3
1931 710.342   1141001 0   14   28    9   18 0.617 133.8 342.9 -21.7 -28.6
1931 710.342   1141102 6   31  137   16   70 0.199 172.0   9.9  -7.3  -1.6
1931 710.342   1141201 1   23   73   22   68 0.838 106.4 316.4 -11.4 -55.1
1931 710.342   1141302 9    5    5    3    3 0.461 144.7 355.2 -18.2 -16.3
1931 710.342  10400500 0    2    9    3   13 0.922  85.2 304.0   6.0 -67.5
1931 711.362   1141001 0    5   17    3   10 0.501 151.2 342.9 -22.0 -15.1
1931 711.362   1141102 2   13  104    7   55 0.301 231.3  11.7  -6.8  13.7
1931 711.362   1141201 1   28   96   20   67 0.694 111.3 316.7 -11.5 -41.3
1931 711.362   1141302 9    7   27    4   15 0.394 179.3 357.7 -19.0  -0.3
1931 712.642   1141102 2   14   44    9   27 0.567 252.0  14.0  -6.5  32.9
1931 712.642   1141201 1   15   59    9   34 0.484 123.3 316.7 -11.5 -24.4
1931 712.642   1141302 9   12   39    7   22 0.457 211.5 355.7 -18.8  14.6
1931 712.642   1141401 0    3    7    2    4 0.138  82.4 333.2   5.3  -7.9
1931 713.367   1141102 2   14   29   10   21 0.706 255.8  15.1  -6.8  43.6
1931 713.367   1141201 1   11   26    6   14 0.359 139.1 317.6 -11.5 -13.9
1931 713.367   1141302 9    8   14    5    9 0.571 226.5 357.5 -19.2  26.0
1931 713.367   1141401 0    3    7    2    4 0.025 309.9 332.6   5.3   1.1
1931 714.545   1141102 2    4    8    5    9 0.879 259.0  16.4  -7.5  60.5
1931 714.545   1141201 1    7   17    4    9 0.276 186.8 317.8 -11.4   1.9
1931 714.545   1141302 9    8   32    6   23 0.712 238.7 355.7 -18.3  39.8
1931 715.449   1141102 2    0    4    0    9 0.961 260.3  16.9  -8.0  73.0
1931 715.449   1141201 1   22   50   12   27 0.351 213.7 315.4 -12.5  11.5
1931 715.449   1141302 9    0    5    0    5 0.848 243.1 357.4 -19.9  53.5
1931 716.395   1141001 0    2    8    2    8 0.835 237.0 341.5 -24.1  50.1
1931 716.395   1141201 0    1    7    1    4 0.441 223.6 309.7 -14.2  18.3
1931 717.410   1141505 2    1   17    1    9 0.072 319.6 280.7   7.9   2.7
1931 718.350   1141201 1    2    4    2    4 0.795 248.5 315.1 -13.8  49.6
1931 718.350   1141505 2    5   13    3    7 0.277 283.9 281.3   8.5  15.8
1931 721.340  10410100 0    1    3    1    2 0.122  31.2 222.2  11.1  -3.7
1931 722.432   1141602 1   25   75   21   61 0.784  83.5 159.6   8.3 -51.9
1931 723.338   1141602 1   17   38   11   25 0.631  83.5 160.2   8.2 -39.3
1931 724.370   1141602 0    5   23    3   13 0.413  82.4 161.5   8.0 -24.4
1931 725.470   1141602 0    3   19    2   10 0.182  70.7 161.3   8.8 -10.0
1931 726.374   1141702 0    4   17   22   79 0.994  83.7  75.3   6.9 -84.1
1931 727.344   1141702 0    8   54   12   75 0.930  84.8  77.6   6.9 -68.9
1931 728.568   1141702 1   18   85   15   70 0.788  86.0  78.1   6.6 -52.3
1931 729.349   1141702 0   22  109   15   73 0.658  86.7  78.6   6.5 -41.4
1931 729.349  10410200 0    4   14    3    9 0.578  74.2  85.1  13.8 -34.9
1931 730.378   1141702 1   47  181   27  103 0.470  86.7  78.2   6.7 -28.2
1931 730.378   1141802 6   16   59    9   33 0.422 115.3  83.9  -5.0 -22.5
1931 731.148   1141702 1   58  210   31  111 0.319  87.1  77.5   6.5 -18.7
1931 731.148   1141802 6   73  240   38  125 0.273 134.3  84.9  -5.2 -11.3
1931 8 1.348   1141702 1   29  135   15   68 0.031  62.2  78.8   6.8  -1.6
1931 8 1.348   1141802 6   52  205   27  105 0.213 207.1  86.0  -5.0   5.6
1931 8 2.383   1141702 0   27   60   14   31 0.232 272.7  80.2   6.5  13.5
1931 8 2.383   1141802 6   16   71    9   39 0.389 241.6  86.8  -5.0  20.1
1931 8 2.383   1141902 7   15   44    8   23 0.262 203.7  72.8  -7.9   6.1
1931 8 2.383   1142001 1   16   38   14   33 0.813  87.4  12.0   5.6 -54.7
1931 8 3.457   1141702 0   15   29    9   17 0.471 272.6  80.8   6.6  28.3
1931 8 3.457   1141802 0    4    6    3    4 0.608 252.7  88.2  -5.5  35.7
1931 8 3.457   1141902 7   16   60    9   33 0.401 235.7  72.0  -7.3  19.5
1931 8 3.457   1142001 1   13   30    9   20 0.640  89.0  12.5   5.3 -40.0
1931 8 4.477   1141702 0    8   20    6   14 0.671 273.3  81.4   6.8  42.4
1931 8 4.477   1141802 0    2    6    2    5 0.748 256.2  85.9  -6.1  46.9
1931 8 4.477   1141902 7   36  229   23  143 0.595 248.3  72.9  -7.6  33.9
1931 8 4.477   1142001 0    7   26    4   15 0.466  90.5  11.1   5.2 -27.9
1931 8 5.561   1141802 0    1    9    2   10 0.887 259.6  86.0  -6.3  61.4
1931 8 5.561   1141902 8   26  188   21  149 0.773 254.4  73.3  -7.9  48.7
1931 8 6.504   1141902 8   27  159   30  176 0.890 257.8  73.6  -7.9  61.4
1931 8 6.504  10410300 0    7   17    4    9 0.094 340.9  14.0  11.4   1.8
1931 8 7.370   1141902 8    6   26   12   48 0.960 259.5  73.2  -8.2  72.5
1931 8 9.367  10420100 0    1   13    1    7 0.163 288.8 343.3   9.4   9.0
1931 811.371  10420200 0    8   21    5   13 0.559 268.3 341.9   4.5  34.1
1931 812.342  10420300 0    1    7    1    5 0.635 297.2 332.6  22.2  37.6
1931 813.550   1142105 2    1    7    1    4 0.219 267.7 291.7   6.0  12.7
1931 814.522   1142105 2    3   12    2    7 0.433 269.7 292.0   5.9  25.8
1931 817.478   1142202 6   52  117   28   63 0.369 216.5 240.0 -10.6  12.9
1931 818.343   1142202 6   53  242   31  140 0.496 234.4 239.9 -10.5  24.2
1931 819.558   1142202 6   53  179   37  124 0.689 246.9 239.7 -10.4  40.1
1931 820.346   1142202 6   38  184   32  153 0.796 251.1 239.2 -10.5  50.0
1931 821.646   1142202 6   15   60   25   97 0.949 256.1 241.7 -10.8  69.7
1931 822.433   1142202 6    1    6    5   18 0.981 257.5 238.6 -10.8  77.0
1931 826.331   1142302 0    1    8    1    5 0.520 256.1 140.4  -1.0  30.3
1931 826.331   1142402 0    1    5    3    9 0.958 100.9  38.2  -8.3 -71.9
1931 826.331   1142501 0    0   14    0  118 0.998  86.0  23.5   4.4 -86.6
1931 827.340   1142302 0    5   14    4   10 0.700 260.2 140.4  -1.7  43.6
1931 827.340   1142501 0   13   49   24   85 0.955  87.6  23.6   4.4 -73.2
1931 827.340   1142602 9   15   70    8   36 0.191  99.1  85.9   5.3 -10.9
1931 827.340  10420400 0    5   18    4   14 0.757  82.9  47.1  10.0 -49.7
1931 828.360   1142302 0    3    8    4   10 0.897 264.3 146.6  -1.9  63.3
1931 828.360   1142402 2   11   32    8   23 0.696 107.4  41.3  -6.7 -42.0
1931 828.360   1142501 0   22  113   22  111 0.858  89.0  23.9   4.5 -59.4
1931 828.360   1142602 9   11   47    6   24 0.096 258.0  88.7   6.0   5.4
1931 829.347   1142302 0    0    1    0    3 0.957 266.2 143.0  -1.5  72.7
1931 829.347   1142402 2   13   46    8   27 0.513 117.2  42.9  -7.2 -27.4
1931 829.347   1142501 0   26  163   19  118 0.717  90.8  24.3   4.4 -46.0
1931 829.347   1142602 9   19   41   10   22 0.303 265.9  88.0   5.6  17.7
1931 830.440   1142402 2    3   20    2   11 0.338 137.5  42.5  -7.4 -13.3
1931 830.440   1142501 0   23  137   14   81 0.522  93.7  24.3   4.2 -31.5
1931 830.440   1142702 9    4   14    8   28 0.965  85.7 340.4   6.0 -75.4
1931 831.502   1142501 0   26  175   14   92 0.297  99.4  24.7   4.1 -17.1
1931 831.502   1142702 9    4   21    5   25 0.896  86.2 337.6   6.6 -64.2
1931 831.502   1142802 4   45  254   26  144 0.467  76.2  14.1  12.8 -27.7
1931 9 1.390   1142501 0   33  107   17   54 0.107 122.4  24.9   3.9  -5.2
1931 9 1.390   1142702 9    1   11    1    8 0.700  90.9 345.5   4.5 -44.6
1931 9 1.390   1142802 4   36  230   19  120 0.283  70.0  14.3  12.5 -15.8
1931 9 2.520   1142501 0   23  100   12   51 0.181 250.1  25.0   3.6   9.8
1931 9 2.520   1142802 4   43  131   22   66 0.092   4.2  14.8  12.5  -0.4
1931 9 2.520   1142902 9    1    6    3   11 0.948  96.9 304.6  -4.2 -70.6
1931 9 3.342   1142501 0   18   74   10   40 0.360 261.2  25.2   3.6  20.9
1931 9 3.342   1142802 4   21  138   11   71 0.212 295.7  15.6  12.4  11.3
1931 9 3.342   1142902 9    4   10    5   11 0.867  99.6 305.2  -4.6 -59.1
1931 9 4.495   1142501 0   17   67   11   42 0.593 266.4  25.5   3.7  36.4
1931 9 4.495   1142802 4   16   45    9   25 0.427 283.0  14.3  12.1  25.2
1931 9 4.495   1142902 9    1    5    1    4 0.702 104.6 306.1  -4.9 -43.0
1931 9 5.363   1142501 0    9   38    7   29 0.748 268.6  26.1   3.8  48.5
1931 9 5.363   1142802 4    7   20    5   13 0.615 280.4  15.8  12.1  38.2
1931 9 6.338   1142501 0    6   16    7   17 0.876 270.1  26.1   3.6  61.4
1931 9 6.338   1142802 4   12   29    9   22 0.735 279.8  12.5  12.1  47.8
1931 9 7.483   1142501 0    1   10    4   24 0.974 272.0  26.9   3.6  77.3
1931 9 7.483   1142802 4    5   17    5   17 0.852 279.1   8.8  11.5  59.2
1931 9 7.483   1142902 2   15   41    8   21 0.216 175.8 308.7  -5.2  -0.9
1931 9 8.348   1142902 2    1   15    1    8 0.290 222.3 309.5  -5.3  11.3
1931 9 8.348  10430100 0    4    8    3    5 0.556 227.6 323.4 -15.5  25.2
1931 9 9.380   1142902 6   14   31    8   18 0.472 243.5 309.6  -5.6  25.1
1931 9 9.380   1143001 0    5    6    4    5 0.748 108.4 238.6  -8.7 -45.9
1931 910.473   1142902 6   32  167   22  114 0.676 253.2 310.7  -5.8  40.6
1931 910.473   1143001 0    6   18    4   11 0.552 116.7 240.2  -8.1 -29.9
1931 911.345   1142902 6   66  349   58  306 0.818 257.3 312.0  -6.1  53.4
1931 911.345   1143001 0    9   14    5    8 0.394 131.7 241.3  -8.3 -17.3
1931 912.128   1142902 6   60  279   73  337 0.908 260.2 312.4  -5.8  64.1
1931 912.128   1143001 0    3    7    2    4 0.292 157.8 241.9  -8.5  -6.4
1931 912.128   1143102 4   15   35    8   18 0.161  75.7 239.2   9.4  -9.1
1931 913.323   1142902 6   20  117   63  364 0.986 263.0 312.2  -5.7  79.7
1931 913.323   1143102 4   37  124   19   63 0.136 286.9 240.1   9.4   7.6
1931 913.323   1143201 4    4    6    8   11 0.952  88.3 160.1   3.8 -72.4
1931 914.353   1143102 4   81  340   44  183 0.363 278.0 240.3   9.6  21.4
1931 914.353   1143201 4   15   30   15   30 0.862  89.9 159.1   3.7 -59.8
1931 915.398   1143102 4   42  165   26  100 0.562 276.0 239.6   9.3  34.5
1931 915.398   1143201 4    8   25    6   18 0.707  91.6 160.0   3.9 -45.1
1931 916.377   1143102 4   48  163   36  121 0.736 276.4 240.1   9.5  47.9
1931 916.377   1143201 4    8   20    5   12 0.515  94.1 161.2   4.0 -31.0
1931 916.377   1143301 0   14   80   25  143 0.959  83.1 117.9   8.6 -74.3
1931 917.386   1143102 4   13   65   13   65 0.860 276.4 238.8   9.1  60.0
1931 917.386   1143201 4   13   35    7   19 0.327  98.7 159.9   3.9 -18.9
1931 917.386   1143301 0   35  190   36  195 0.871  84.0 117.6   8.7 -61.2
1931 918.106   1143102 4   12   52   17   74 0.934 277.2 239.1   9.2  69.8
1931 918.106   1143201 4    3   17    2    9 0.137 112.0 162.0   4.1  -7.3
1931 918.106   1143301 1   46  218   38  177 0.784  84.6 117.2   8.6 -52.1
1931 919.425   1143301 1   51  291   31  177 0.564  84.9 117.3   8.7 -34.6
1931 920.344   1143301 0   50  256   27  138 0.369  85.2 118.0   8.3 -21.8
1931 921.342   1143301 2   55  201   28  102 0.148  82.8 118.1   8.0  -8.5
1931 922.348   1143301 2   29  131   15   66 0.091 280.5 118.5   7.9   5.2
1931 922.348   1143402 4   11   62    6   33 0.304  85.9  95.5   7.9 -17.8
1931 923.114   1143301 2   21   65   11   34 0.274 274.5 119.2   7.9  16.0
1931 923.114   1143402 4   35  146   18   74 0.132  81.5  95.6   8.0  -7.6
1931 924.119   1143301 0   12   36    7   21 0.495 274.3 119.9   8.1  29.9
1931 924.119   1143402 4    3   29    2   15 0.073 267.4  94.2   6.7   4.2
1931 925.402   1143301 0    5   18    4   13 0.715 274.3 119.0   7.9  46.0
1931 926.344  10430200 0    1    5    1    3 0.491 312.4  84.3  25.6  23.7
1931 927.397   1143502 2    1    6   10   34 0.995  71.7 320.5  18.8 -86.2
1931 928.396   1143502 2   17  105   42  252 0.978  72.4 314.1  18.6 -79.4
1931 929.557   1143502 2   28  187   33  217 0.900  72.5 313.2  18.6 -65.0
1931 929.557   1143605 0    0    1    0    2 0.885 101.4 317.3  -6.9 -60.9
1931 930.351   1143502 2   59  269   51  229 0.807  71.7 313.7  18.7 -54.0
193110 1.357   1143502 2   49  258   33  174 0.667  69.2 313.2  18.7 -41.2
193110 2.609   1143502 2   56  242   32  138 0.473  62.1 311.7  18.7 -26.2
193110 3.342   1143502 2   45  193   24  103 0.341  50.8 312.0  18.7 -16.2
193110 4.474   1143502 2   33  128   17   66 0.222   9.0 311.2  19.1  -2.1
193110 4.474   1143705 0    8   21   13   32 0.938 101.8 245.0  -8.7 -68.3
193110 5.388   1143502 2   19   77   10   40 0.256 325.5 310.1  18.5   8.8
193110 5.388   1143705 0    2    4    2    4 0.834 105.1 246.7  -8.9 -54.6
193110 6.386   1143502 2   18   83   10   46 0.420 300.9 310.4  18.3  22.3
193110 7.390   1143502 2    9   20    6   13 0.599 292.2 310.5  18.2  35.7
193110 8.465   1143602 0    0    3    0    4 0.882 255.9 320.8  -9.4  60.1
193110 8.465   1143805 2    6   34    4   20 0.487 127.0 237.3 -11.4 -23.4
193110 9.396   1143802 0    1    9    1    5 0.331 154.1 239.9 -11.3  -8.5
19311012.455  10440100 0    3    8    2    5 0.450 194.3 214.8 -20.0   6.8
19311014.421   1143902 9    8   47    5   28 0.520 263.0 213.2   1.3  31.1
19311015.430   1143902 9    5   21    4   15 0.703 266.4 213.4   1.5  44.6
19311019.385   1144001 0   12   76   39  239 0.986 105.6  37.9 -14.4 -78.7
19311020.430   1144001 2   26  162   36  220 0.927 107.6  37.1 -14.2 -65.7
19311021.371   1144001 0   38  198   35  179 0.829 111.7  37.6 -14.8 -52.8
19311022.395   1144001 2   45  265   32  186 0.698 117.6  37.1 -15.0 -39.8
19311023.222   1144001 2   61  326   38  201 0.582 123.7  36.0 -14.5 -30.0
19311023.222   1144102 2    8   28    5   18 0.597 282.7 102.5  11.6  36.5
19311024.436   1144001 2   61  315   34  173 0.409 144.5  35.8 -14.7 -14.2
19311024.436   1144102 2   11   27    9   22 0.770 280.9 100.5  11.5  50.5
19311025.473   1144001 0   46  249   25  133 0.341 180.0  36.3 -15.1   0.0
19311025.473   1144102 0    1    3    2    4 0.893 280.9  99.9  11.9  63.6
19311026.411   1144001 0   53  277   29  152 0.402 210.4  36.1 -15.7  12.2
19311026.411   1144102 0    1    4    3   12 0.985 280.9 104.8  11.5  80.9
19311027.444   1144001 1   58  246   35  147 0.542 231.2  36.3 -15.7  26.0
19311028.589   1144001 1   44  262   32  189 0.716 242.7  36.7 -15.8  41.4
19311029.426   1144001 0   24  105   22   96 0.834 247.4  37.4 -16.1  53.2
19311030.395   1144001 0   27  101   38  138 0.928 250.5  37.1 -16.3  65.7
19311030.395   1144201 9    1    4    1    3 0.723 280.1  17.7  10.3  46.3
19311031.493   1144001 0    3   17   16   73 0.992 253.4  38.3 -15.9  81.4
19311031.493   1144201 9   19   47   21   51 0.883 279.1  19.2  10.0  62.3
193111 1.401   1144201 9   20   49   40   98 0.966 279.0  20.5   9.7  75.5
193111 3.443   1144302 4    0   10    0    7 0.624 279.7 316.5   9.1  38.5
193111 3.443   1144402 4    5   41    5   37 0.827  93.4 222.3  -0.6 -55.7
193111 4.611   1144302 4   18   42   16   36 0.804 278.4 316.2   9.0  53.6
193111 4.611   1144402 4   18   71   12   47 0.644  95.0 222.7  -0.3 -39.9
193111 5.393   1144302 4   28   75   33   89 0.904 277.8 317.2   8.6  64.9
193111 5.393   1144402 4   29   95   17   55 0.487  97.1 223.4  -0.2 -28.9
193111 6.473   1144302 4   29  117   77  303 0.981 277.8 317.2   8.3  79.1
193111 6.473   1144402 4   92  362   48  187 0.250 105.7 224.2  -0.4 -13.9
193111 7.439   1144402 4   65  309   33  155 0.069 162.3 224.2  -0.3  -1.2
193111 8.402   1144402 4   42  177   22   91 0.217 253.3 224.7  -0.3  12.0
193111 9.399   1144402 4   16   72    9   40 0.431 262.5 224.8  -0.3  25.3
193111 9.399  10450100 0    4   16    4   15 0.835 256.5 254.9  -9.4  55.4
19311112.392   1144402 0    1    4    2    5 0.908 266.3 225.2  -2.1  65.1
19311118.431   1144502 2    6   23    8   30 0.922  79.6  13.2  10.4 -67.2
19311119.640   1144602 4   27  101   19   71 0.698 284.3 108.1  11.4  43.6
19311120.403   1144602 4   13   40   12   36 0.829 282.3 110.1  11.3  55.7
19311120.403   1144702 9    3   15    2    9 0.529  68.4  24.1  12.9 -30.3
19311120.403   1144802 6   27  104   85  324 0.986  80.6 333.8   9.6 -80.6
19311121.442   1144502 4   21   73   12   41 0.451  67.7  15.6  11.5 -25.2
19311121.442   1144602 4    4   23    8   41 0.956 281.2 113.8  11.2  73.0
19311121.442   1144702 9    3   17    2    9 0.259  50.8  29.0  11.2 -11.8
19311121.442   1144802 6  116  407  180  629 0.945  79.6 329.9  10.4 -70.9
19311122.364   1144502 4    5   63    3   33 0.273  56.1  15.3  10.4 -13.3
19311122.364   1144702 9   11   71    6   36 0.165 356.4  29.2  11.2   0.6
19311122.364   1144802 6  172  786  171  778 0.862  79.0 329.3  10.3 -59.3
19311123.353   1144502 4    5   29    3   15 0.144   6.2  14.7   9.8  -0.9
19311123.353   1144702 9   32   70   17   37 0.289 304.7  29.6  11.0  14.0
19311123.353   1144802 6  251 1051  188  787 0.743  77.5 328.1  10.3 -47.5
19311124.395   1144702 9   10   38    6   22 0.495 290.4  30.0  11.2  28.2
19311124.395   1144802 6  205 1033  123  618 0.547  73.6 329.6  10.1 -32.2
19311124.395   1144902 9    6   19   11   35 0.959  91.9 288.4  -1.4 -73.4
19311125.562   1144802 6  249 1115  132  590 0.327  63.0 329.2   9.8 -17.2
19311125.562   1144902 9   10   39   10   37 0.840  91.9 289.3  -0.9 -57.1
19311126.511   1144802 6  248 1130  126  574 0.176  29.3 328.9  10.0  -5.0
19311126.511   1144902 9    8   19    6   14 0.701  92.1 289.4  -0.6 -44.5
19311126.511   1145002 4   16   48    9   27 0.423  59.5 311.9  13.5 -22.0
19311127.368   1144802 6  229 1036  117  528 0.193 323.5 329.3  10.0   6.7
19311127.368   1145002 4   42  124   22   65 0.284  41.7 311.4  13.3 -11.2
19311128.411   1144802 6  149  761   81  411 0.378 294.8 329.3  10.0  20.4
19311128.411   1145002 4   44  171   23   88 0.215 351.4 310.8  13.2   1.9
19311129.379   1144802 6  131  667   80  407 0.572 286.6 329.9  10.1  33.8
19311129.379   1145002 4   38  102   20   54 0.313 311.6 310.0  12.8  13.9
19311130.400   1144802 6   90  443   69  339 0.755 283.1 331.1  10.3  48.4
19311130.400   1145002 4   29   77   17   45 0.504 294.8 310.7  12.8  28.0
193112 1.422   1144802 6   57  251   64  278 0.891 281.2 331.8  10.2  62.6
193112 1.422   1145002 4   11   35    8   24 0.674 289.5 310.0  13.4  40.8
193112 1.422  10460100 0    1    3    1    2 0.470  93.4 241.2  -1.1 -28.0
193112 2.492   1144802 6   20   91   49  220 0.977 280.7 332.7  10.5  77.6
193112 2.492   1145002 4    0    4    0    4 0.855 285.1 313.0  13.1  57.9
193112 6.531   1145103 6    9   36   12   48 0.923  77.1 135.0  11.9 -66.8
193112 7.414   1145103 6   59  293   55  271 0.840  75.8 133.9  11.8 -56.3
193112 8.416   1145103 6   87  410   62  292 0.710  73.1 133.1  11.7 -43.9
193112 9.483   1145103 6  177  680  105  402 0.531  66.2 133.2  12.0 -29.8
19311210.544   1145103 6  182  852   97  452 0.336  52.2 133.3  11.3 -15.7
19311210.544   1145202 4   20   62   13   40 0.625  82.4 110.6   4.3 -38.4
19311210.544  10460200 0    0    7    0    5 0.630  67.3 112.3  13.6 -36.7
19311211.413   1145103 6  242 1072  124  549 0.217  23.2 132.6  10.8  -5.0
19311211.413   1145202 4   53  247   30  139 0.451  78.3 111.3   4.6 -26.3
19311212.338   1145103 6  186  876   96  451 0.238 329.4 132.5  11.0   7.1
19311212.338   1145202 4   46  160   24   83 0.262  68.0 111.3   4.8 -14.1
19311213.386   1145103 6  151  715   83  393 0.415 301.4 132.8  11.6  21.2
19311213.386   1145202 4   41  229   21  115 0.094 355.8 112.0   4.4   0.4
19311214.416   1145103 6  102  540   64  337 0.597 291.4 132.6  11.7  34.6
19311214.416   1145202 4   28  117   15   61 0.278 290.0 113.2   4.4  15.2
19311215.356   1145103 6   49  263   37  196 0.739 286.8 131.8  11.5  46.2
19311215.356   1145202 4   21   63   12   36 0.472 281.7 113.2   4.4  27.6
19311216.388   1145103 6   22  172   22  168 0.857 283.5 130.0  10.8  58.0
19311216.388   1145202 4   14   24   10   17 0.677 277.0 114.3   3.7  42.3
19311217.235   1145103 6   16   35   23   51 0.936 282.3 129.6  11.0  68.7
19311217.235   1145202 4    3   16    3   14 0.811 275.5 114.9   3.6  54.0
19311218.441   1145301 0   17   66   27  105 0.948  77.4 334.3  11.4 -70.7
19311219.356   1145301 0   20   82   21   83 0.866  76.0 334.0  11.2 -58.9
19311220.379   1145301 1   27  102   20   75 0.732  73.1 333.9  11.0 -45.5
19311221.405   1145301 1   18   95   11   58 0.563  67.6 333.9  10.7 -32.0
19311222.454   1145301 0   11   48    6   26 0.380  55.3 333.6  10.5 -18.5
19311222.454  10470100 0    1    7    1    5 0.649 258.7  32.2  -8.9  40.1
19311223.451   1145301 0    7   15    4    8 0.233  23.9 333.5  10.1  -5.5
19311224.311   1145301 1    3    9    2    5 0.229 340.3 332.1  10.1   4.5
19311224.311   1145402 9   11   32   10   29 0.826 288.2  21.4  13.6  53.8
19311224.311   1145505 0    7   33    4   17 0.197 357.0 328.2   9.0   0.6
19311225.372   1145402 9    3   16    6   26 0.948 284.0  24.0  12.4  70.3
19311225.372   1145505 0    3   26    2   14 0.321 309.6 328.2   9.4  14.5
19311225.372   1145601 0    4   11    5   13 0.902  91.9 249.2  -2.8 -64.5
19311225.372   1145701 0   11   97   18  151 0.945 103.4 242.7 -13.5 -71.0
19311226.350   1145601 0    6   16    5   13 0.776  91.5 249.8  -2.8 -51.0
19311226.350   1145701 0   24  161   24  156 0.853 104.5 242.6 -13.7 -58.2
19311226.350  10470200 0    5   25    4   19 0.734 105.5 254.2 -13.1 -46.6
19311227.426   1145601 0    3   12    2    8 0.590  90.7 250.4  -2.6 -36.2
19311227.426   1145701 0   39  207   28  148 0.711 107.2 242.2 -14.1 -44.4
19311227.426   1145805 2    9   52    6   32 0.579 293.7 319.3  11.2  32.7
19311228.121   1145601 0    0    3    0    2 0.447  90.6 250.9  -2.8 -26.6
19311228.121   1145701 0   51  273   32  171 0.597 109.7 242.1 -13.9 -35.4
19311228.121   1145805 2   14   35   10   25 0.707 289.8 320.3  11.8  42.8
19311229.510   1145701 1   71  320   38  171 0.347 123.7 241.9 -13.9 -17.3
19311230.476   1145701 1   72  332   37  170 0.205 156.7 241.6 -13.9  -4.8
19311231.471   1145701 0   75  295   39  152 0.234 218.4 241.9 -13.7   8.6
