1935 1 1.372   1161102 0    3    9    3    8 0.791 235.2 203.6 -29.1  48.0
1935 1 1.372   1161302 4   42  165   24   94 0.467 226.9 177.1 -21.7  21.5
1935 1 1.372   1161405 9    3   11    4   13 0.894 240.7 217.2 -27.6  61.6
1935 1 1.372   1161502 0    4    7    3    5 0.662 127.2 119.6 -26.3 -36.0
1935 1 2.357   1161302 4   38  167   25  108 0.625 238.8 177.7 -21.7  35.1
1935 1 2.357   1161405 9    2    4    4    8 0.965 242.3 217.3 -27.6  74.7
1935 1 2.357   1161502 0    5   10    3    6 0.516 137.6 119.9 -25.6 -22.7
1935 1 2.357   1161602 0    8   20   13   33 0.948 111.8  71.2 -21.7 -71.4
1935 1 2.357   1161702 6   11  143   28  343 0.976 121.3  65.2 -31.3 -77.4
1935 1 3.357   1161302 4   18   86   15   69 0.777 245.0 178.7 -21.5  49.2
1935 1 3.357   1161602 0    5   20    6   21 0.865 113.6  70.7 -22.1 -58.8
1935 1 3.357   1161702 6   44  255   65  371 0.937 121.8  61.3 -31.0 -68.2
1935 1 4.477   1161302 4   13   38   16   47 0.909 248.2 179.6 -21.3  64.9
1935 1 4.477   1161702 6   68  388   63  358 0.836 125.1  61.8 -31.0 -52.9
1935 1 5.507   1161302 4    1    3    5   10 0.981 248.7 180.5 -21.6  79.4
1935 1 5.507   1161702 6   58  373   43  276 0.732 130.6  60.5 -31.3 -40.6
1935 1 5.507   1161802 9    3   13    3   11 0.789  46.8  59.5  29.9 -41.6
1935 1 6.539   1161702 6   65  377   42  241 0.619 139.4  59.3 -31.5 -28.2
1935 1 6.539   1161802 9   10   42    7   29 0.676  35.8  60.4  29.8 -27.1
1935 1 7.428   1161702 6   83  399   49  235 0.520 154.7  60.6 -31.9 -15.2
1935 1 7.428   1161802 9    8   27    5   17 0.580  20.3  62.5  29.1 -13.3
1935 1 8.462   1161702 6   63  334   36  190 0.471 175.3  59.6 -32.1  -2.6
1935 1 8.462   1161802 9    0    1    0    1 0.543 359.0  62.8  28.8   0.6
1935 1 9.370   1161702 6   50  308   29  178 0.494 195.9  59.5 -32.5   9.2
1935 110.361   1161702 6   63  305   39  187 0.570 212.9  58.8 -32.6  21.6
1935 111.338   1161702 6   44  234   30  158 0.675 223.6  58.1 -33.0  33.7
1935 111.338   1161902 9    1    9   15   74 0.998 110.5 297.0 -20.7 -87.4
1935 112.425   1161702 6   43  202   36  168 0.795 231.1  57.6 -33.1  47.6
1935 112.425   1161902 9   32  273   57  476 0.957 109.1 296.4 -19.6 -73.6
1935 112.425  10870300 0    1    3    1    2 0.412 197.6  18.1 -27.6   8.1
1935 113.459   1161702 6   21  141   24  158 0.891 235.0  57.0 -33.1  60.6
1935 113.459   1161902 9   91  518   96  542 0.875 110.5 295.6 -20.1 -60.8
1935 114.360   1161702 6   10   56   17   96 0.953 235.9  56.3 -33.9  71.8
1935 114.360   1161902 9  131  779  102  604 0.761 112.5 296.0 -20.1 -48.5
1935 115.496   1161902 9  105  569   66  357 0.599 118.1 295.3 -20.4 -34.3
1935 116.447   1161902 9   86  389   48  217 0.439 129.0 295.7 -20.6 -21.4
1935 116.447  10880100 0    1    3    1    2 0.159 125.1 309.5 -10.1  -7.6
1935 117.447   1161902 9   80  369   42  194 0.299 153.8 295.8 -20.5  -8.1
1935 118.500   1161902 9   34  158   18   83 0.288 191.0 293.4 -21.5   3.4
1935 119.318   1161902 9   11   49    6   27 0.391 220.4 295.2 -22.3  15.9
1935 120.477   1161902 9   15   69    9   41 0.537 238.3 293.3 -21.0  29.3
1935 121.399   1161902 9    5   12    4    9 0.717 242.0 295.6 -23.6  43.7
1935 122.415   1161902 9    4    7    4    7 0.841 244.9 295.0 -24.0  56.5
1935 122.415   1162005 9    6   13    8   18 0.923 239.5 305.5 -30.2  67.0
1935 123.597   1162005 9    0    8    0   20 0.975 239.8 301.1 -30.6  78.2
1935 123.597   1162102 6   28   70   16   39 0.428 200.8 232.9 -29.0  10.0
1935 123.597   1162202 2   14   34   21   50 0.936  56.9 159.9  28.4 -63.0
1935 124.417   1162102 6   50  407   29  235 0.495 216.3 231.6 -28.8  19.5
1935 124.417   1162202 2   35  183   37  190 0.874  52.7 159.7  28.7 -52.4
1935 125.392   1162102 6  127  741   83  483 0.636 230.2 233.2 -28.8  33.9
1935 125.392   1162202 2   47  247   38  198 0.780  45.3 160.0  28.9 -39.3
1935 126.333   1162102 6  137  711  110  567 0.776 236.5 234.8 -29.3  47.9
1935 126.333   1162202 2   42  269   29  185 0.685  36.0 159.6  28.6 -27.3
1935 127.475   1162102 6   95  398  111  464 0.901 240.7 235.7 -28.9  63.8
1935 127.475   1162202 2   62  311   39  193 0.590  19.5 159.0  28.1 -12.9
1935 128.529   1162102 6   30  144   77  363 0.980 241.3 238.0 -29.3  80.0
1935 128.529   1162202 2   39  250   24  152 0.567 358.8 158.8  28.6   0.8
1935 129.499   1162202 2   49  242   31  152 0.603 340.9 158.2  28.9  13.0
1935 130.411   1162202 0   38  205   26  139 0.674 327.5 157.7  29.2  24.5
1935 131.466   1162202 1   45  192   36  152 0.773 316.8 156.8  29.5  37.5
1935 131.466  10880200 0    4    7    3    5 0.691 256.6 163.1 -13.7  43.8
1935 2 1.434   1162202 0   21  161   21  161 0.864 309.6 156.5  29.5  49.9
1935 2 2.541   1162202 0   16  107   23  150 0.945 304.4 155.9  29.7  63.9
1935 2 3.439   1162202 0    7   48   22  137 0.983 301.5 154.4  29.4  74.2
1935 2 4.359   1162301 0    3   27   16  118 0.993  66.7 348.3  22.1 -79.8
1935 2 5.417   1162301 0   12   73   20  114 0.946  63.1 347.8  22.9 -66.3
1935 2 6.408   1162301 0   19  103   19  102 0.860  58.9 348.2  22.6 -52.9
1935 2 6.408   1162402 4  106  569   59  315 0.424 245.0  64.7 -16.3  23.6
1935 2 7.404   1162301 0   22  103   17   79 0.756  52.3 347.6  22.6 -40.4
1935 2 7.404   1162402 4  235 1198  146  744 0.590 251.4  63.6 -16.2  35.6
1935 2 8.425   1162301 0   15   91   10   59 0.635  41.8 347.3  22.4 -27.2
1935 2 8.425   1162402 3  240 1326  187 1030 0.763 253.4  64.3 -16.9  49.8
1935 2 9.398   1162301 0   16   60   10   36 0.539  26.2 346.8  22.5 -14.9
1935 2 9.398   1162402 3  146  863  162  955 0.890 254.8  65.3 -16.5  63.6
1935 210.376   1162301 0   13   36    8   21 0.484   5.9 345.7  22.1  -3.1
1935 210.376   1162402 3   50  328   96  627 0.964 254.2  64.7 -17.0  75.9
1935 210.376   1162505 9    7   20    8   21 0.877 300.3  43.9  22.5  55.1
1935 211.614   1162301 0   20   35   12   21 0.528 336.2 345.9  22.3  13.3
1935 211.614   1162402 3    3   24   19  125 0.994 253.0  58.3 -17.5  85.7
1935 211.614   1162505 9    1    3    5   10 0.981 295.1  47.4  23.0  74.8
1935 211.614   1162601 0   21   55   13   34 0.577 104.9 297.5 -14.1 -35.1
1935 212.444   1162301 0    9   17    6   11 0.604 322.4 345.1  22.4  23.5
1935 212.444   1162601 0   14   34    8   19 0.425 108.6 297.1 -14.0 -24.5
1935 213.356   1162301 0    8   20    6   15 0.713 310.3 345.5  22.0  35.9
1935 213.356   1162702 9   20  130   35  218 0.953  85.0 237.8   2.6 -71.8
1935 214.443   1162601 0   11   29    6   15 0.140 194.6 297.4 -14.7   2.1
1935 214.443   1162702 9   26  137   26  134 0.856  82.5 237.1   2.8 -58.2
1935 214.443   1162802 4   12   47    8   30 0.601  21.7 280.8  27.3 -14.5
1935 215.428   1162702 9   24   97   18   70 0.718  79.5 237.3   2.6 -45.0
1935 215.428   1162802 4   11   43    7   26 0.554   1.1 281.6  26.7  -0.7
1935 216.443   1162702 9   19  111   12   68 0.572  75.6 235.3   2.4 -33.7
1935 216.443   1162802 4   32  119   20   74 0.588 344.2 279.4  27.6  10.4
1935 217.396   1162802 4   16   43   11   29 0.650 327.6 279.4  26.9  23.0
1935 218.649   1162802 4   12   44   10   36 0.782 314.7 278.9  28.0  39.0
1935 218.649   1162902 4    9   44    5   24 0.370 150.7 228.3 -25.7 -11.6
1935 219.339   1162902 4   13   88    7   47 0.323 173.9 228.6 -25.8  -2.2
1935 220.412   1162902 4   12   42    7   23 0.371 208.4 228.0 -26.0  11.3
1935 220.412   1163001 4    8   29    8   29 0.853 258.1 276.0 -13.8  59.3
1935 220.412   1163101 0    7   49   13   82 0.953  56.9 151.3  28.6 -65.4
1935 221.380   1162902 4    6   19    4   11 0.495 229.2 228.4 -25.4  24.5
1935 221.380   1163001 4    3   16    6   29 0.956 258.1 277.9 -13.4  74.0
1935 221.380   1163101 0   10   43   12   48 0.890  52.7 150.2  28.6 -53.7
1935 221.380  10890100 0    1    9    1    5 0.428 233.7 225.6 -21.3  21.7
1935 222.418   1162902 4    9   21    6   14 0.638 236.9 226.9 -26.2  36.6
1935 222.418   1163101 0   13   25   11   21 0.795  46.0 149.9  28.2 -40.4
1935 222.418   1163201 4   11   23    7   14 0.556 121.0 159.2 -22.8 -31.1
1935 223.426   1163201 4   36  105   20   58 0.408 134.4 158.5 -23.4 -18.5
1935 223.426   1163301 4    9   14    5    8 0.376 133.0 159.8 -21.7 -17.2
1935 224.413   1163201 4   21  101   11   53 0.292 163.4 158.8 -23.4  -5.2
1935 224.413   1163301 4   21   73   11   38 0.262 170.0 161.2 -22.1  -2.8
1935 225.346   1163201 4   30  138   16   73 0.306 205.3 159.9 -23.2   8.2
1935 225.346   1163401 1   24  116   52  247 0.971 106.2  74.0 -17.4 -77.7
1935 226.393   1163201 4   12   38    7   22 0.467 234.1 162.1 -22.5  24.2
1935 226.393   1163401 1   25  229   29  260 0.895 105.9  73.5 -17.4 -64.4
1935 226.393  10890200 0    1    6    1    4 0.572 108.8 103.5 -16.6 -34.4
1935 227.429   1163401 1   61  335   48  264 0.770 106.9  73.7 -17.6 -50.6
1935 227.429  10890300 0    0    3    0    2 0.336 215.3 136.4 -23.0  12.2
1935 228.569   1163401 1   57  296   36  184 0.592 110.5  73.6 -17.9 -35.6
1935 228.569  10890400 0    0   11    0    6 0.156 194.4 111.6 -15.9   2.3
1935 3 1.390   1163401 1   58  362   33  203 0.448 115.5  73.3 -17.7 -25.1
1935 3 1.390  10890500 0    0    3    0    4 0.871 244.3 159.2 -25.9  60.8
1935 3 2.457   1163401 1   67  352   35  183 0.269 134.2  72.7 -17.9 -11.7
1935 3 2.457   1163505 9    3   21    2   12 0.418 123.5  62.6 -20.1 -21.8
1935 3 3.397   1163401 1   70  390   36  199 0.188 182.0  72.4 -18.1   0.4
1935 3 3.397   1163505 9    5   34    3   18 0.298 139.5  60.1 -20.2 -11.9
1935 3 4.397   1163401 1   65  229   34  120 0.289 229.8  72.2 -17.8  13.4
1935 3 4.397   1163505 9    9   25    5   13 0.204 192.7  61.5 -18.7   2.7
1935 3 5.464   1163401 1   56  253   32  145 0.480 245.8  72.2 -17.8  27.4
1935 3 5.464   1163505 9    1   22    1   12 0.366 226.6  61.4 -21.5  16.6
1935 3 5.464  10890600 0    1    9    1    5 0.370 213.7  57.8 -25.0  13.1
1935 3 5.464  10890700 0    1    3    1    2 0.258 223.6  55.5 -17.9  10.8
1935 3 6.409   1163401 1   24  239   16  157 0.643 250.7  71.9 -17.9  39.6
1935 3 6.409   1163505 9    1    5    1    3 0.518 240.8  61.3 -21.0  29.0
1935 3 7.395   1163401 1   26  142   22  118 0.794 253.1  72.2 -17.8  52.9
1935 3 8.412   1163401 1   13  129   16  157 0.909 253.6  72.3 -17.9  66.4
1935 3 8.412   1163602 4    2    5    7   20 0.988 105.6 283.0 -16.4 -82.9
1935 3 9.542   1163401 1    8   51   24  141 0.982 253.4  71.9 -17.6  80.9
1935 3 9.542   1163602 4   13   57   20   84 0.938 105.0 280.0 -16.5 -71.0
1935 310.357   1163602 4   28  185   29  190 0.871 105.0 278.9 -16.6 -61.4
1935 310.357   1163702 6    4   16    5   20 0.904  85.6 275.9   0.9 -64.4
1935 311.473   1163602 4   17   77   13   56 0.719 106.7 279.5 -17.0 -46.1
1935 311.473   1163702 6   38  134   31  107 0.775  82.8 275.3   1.0 -50.3
1935 311.473   1163802 4   41  128   29   90 0.696 311.0 359.9  21.3  34.3
1935 311.473   1163902 9    1   10    1    6 0.510 223.8 349.2 -28.2  23.6
1935 312.514   1163602 4   15   57    9   34 0.523 111.2 281.2 -17.1 -30.7
1935 312.514   1163702 6   73  371   46  234 0.604  79.1 275.5   0.8 -36.4
1935 312.514   1163802 4   12   43   12   41 0.844 301.5   2.7  21.8  50.8
1935 312.514   1163902 9    4   28    3   19 0.658 234.6 349.4 -28.2  37.5
1935 313.408   1163602 4   40  182   22   99 0.388 116.7 278.9 -16.7 -21.2
1935 313.408   1163702 6   75  515   42  287 0.437  73.6 275.3   0.6 -24.8
1935 313.408   1163802 4    3   17    6   29 0.951 295.9   7.3  21.9  67.2
1935 313.408   1163902 9   12   53   10   42 0.774 239.2 349.0 -28.2  48.9
1935 314.130   1163602 4   56  262   29  136 0.259 130.2 278.7 -16.6 -11.9
1935 314.130   1163702 6   93  461   49  242 0.302  64.9 274.7   0.5 -15.9
1935 314.130   1163802 4    4    7    8   15 0.965 295.1   0.9  21.9  70.3
1935 314.130   1163902 9   23  116   23  113 0.854 241.5 348.8 -28.0  58.2
1935 314.130   1164003 0    7   32   18   76 0.976  66.3 217.2  21.2 -73.4
1935 314.130  10900100 0   10   28    6   16 0.426 223.1 309.3 -24.9  18.7
1935 315.402   1163602 4   29  333   15  170 0.195 204.7 278.7 -17.3   4.9
1935 315.402   1163702 6   65  287   33  145 0.135 340.4 276.4   0.2   2.6
1935 315.402   1163902 9    8   39   15   70 0.958 242.6 348.6 -28.2  74.8
1935 315.402   1164003 0   15  118   16  126 0.881  61.6 217.7  20.9 -56.1
1935 315.402   1164101 0    3    7    2    4 0.028 305.2 275.1  -6.2   1.3
1935 316.365   1163602 4   32  172   17   91 0.315 237.0 277.1 -16.7  16.0
1935 316.365   1163702 6   44  237   23  124 0.288 293.6 276.4  -0.2  15.3
1935 316.365   1164003 7   16   86   13   69 0.776  55.5 217.9  21.0 -43.2
1935 316.365   1164101 0    3   13    2    7 0.242 269.1 275.2  -7.1  14.1
1935 316.365   1164202 4   21  109   13   67 0.571   0.8 260.6  27.7  -0.5
1935 317.405   1163602 4   18   54   11   32 0.510 248.8 277.2 -16.8  29.8
1935 317.405   1163702 6   22  165   13   95 0.489 281.9 276.0  -0.4  28.6
1935 317.405   1164003 7   12   57    8   38 0.645  44.4 218.4  21.3 -29.0
1935 317.405   1164202 4   39  192   25  121 0.602 341.0 260.2  27.8  12.8
1935 318.443   1163702 6   27  112   19   79 0.700 277.1 277.7  -0.1  44.0
1935 318.443   1164003 7   13   25    8   15 0.529  27.5 218.5  21.2 -15.2
1935 318.443   1164202 4   54  247   38  173 0.695 323.5 261.6  27.8  27.9
1935 319.456   1163702 6   12   87   12   83 0.846 274.4 277.9   0.0  57.5
1935 319.456   1164003 7    5   12    3    7 0.472   3.2 218.8  21.1  -1.6
1935 319.456   1164202 4   73  305   61  254 0.796 312.8 261.6  27.6  41.2
1935 319.456   1164302 4    1   11    4   25 0.974 112.1 141.8 -23.0 -78.6
1935 320.509   1163702 6    3   25    6   41 0.947 272.2 277.7  -0.2  71.2
1935 320.509   1164202 4   34  183   39  206 0.893 305.1 261.6  27.1  55.1
1935 320.509   1164302 4    7   42    9   53 0.916 111.3 139.3 -22.3 -67.2
1935 320.509  10900200 0    3   11    2    7 0.552   4.5 203.7  26.4  -2.8
1935 321.398   1163702 6    1   14    6   47 0.987 270.9 275.5  -0.2  80.7
1935 321.398   1164202 4   40  172   70  297 0.956 302.1 261.2  27.9  66.4
1935 321.398   1164302 4   18   49   17   46 0.843 112.0 137.2 -22.2 -57.6
1935 322.396   1164202 4    0    4    0   12 0.985 301.2 256.2  29.1  74.6
1935 322.396   1164302 4   25  133   18   95 0.712 114.4 137.2 -22.1 -44.4
1935 323.377   1164302 4   18   47   11   29 0.565 119.3 136.6 -21.9 -32.1
1935 324.405   1164302 4    3   10    2    6 0.432 128.9 133.8 -22.1 -21.3
1935 326.538   1164402 0    3   35    2   21 0.516 149.4 108.8 -32.8 -18.2
1935 327.444   1164402 0    1    3    1    2 0.440 169.8 109.7 -32.3  -5.3
1935 4 3.458   1164505 0    0    1    0    2 0.914 105.4 315.6 -16.6 -66.9
1935 4 4.453   1164505 0    2    6    2    5 0.779 106.9 318.2 -17.0 -51.2
1935 4 8.614   1164602 0    1    9    1    5 0.386 208.8 326.4 -25.6  11.9
1935 4 8.614   1164702 4   23  168   14   99 0.522  18.6 304.0  23.8 -10.5
1935 4 9.431   1164602 2   12   33    7   19 0.458 231.3 326.4 -22.1  22.7
1935 4 9.431   1164702 4   29  143   17   83 0.494 359.3 304.1  23.7   0.4
1935 410.659   1164602 2    4   13    3    9 0.660 243.1 326.9 -21.9  39.4
1935 410.659   1164702 4   18   66   11   40 0.548 332.1 303.7  23.4  16.2
1935 411.407   1164702 4    3   19    2   13 0.636 317.7 305.3  23.0  27.7
1935 411.407   1164802 9    1    4    5   11 0.982 115.0 196.8 -25.6 -80.8
1935 412.425   1164702 4   10   34    8   27 0.762 306.2 306.0  22.6  41.8
1935 412.425   1164802 9    5   17    8   25 0.934 116.5 194.9 -26.7 -69.3
1935 412.425   1164902 4   15   43   12   34 0.772 132.5 219.8 -35.6 -44.4
1935 413.528   1164702 4   11   23   12   26 0.886 299.6 306.4  23.0  56.8
1935 413.528   1164802 9    4   12    4   12 0.855 118.4 192.0 -27.1 -57.6
1935 413.528   1164902 4   93  282   61  184 0.640 141.5 220.5 -35.0 -29.1
1935 414.375   1164702 4    1   13    3   21 0.946 296.2 305.3  22.6  66.9
1935 414.375   1164802 9    0    3    0    3 0.749 121.7 192.7 -27.1 -45.7
1935 414.375   1164902 4  107  539   65  326 0.562 153.7 220.6 -35.5 -17.8
1935 415.554   1164702 4    1   12    8   53 0.992 294.6 302.7  23.5  79.8
1935 415.554   1164902 4  117  701   68  407 0.507 174.5 219.5 -35.7  -3.4
1935 416.419   1164902 4  108  575   63  335 0.511 190.9 218.2 -35.4   6.8
1935 416.419  10910100 0    0    2    0    2 0.833  63.7 159.5  18.4 -51.9
1935 417.341   1164902 4   88  512   54  311 0.568 206.9 217.7 -35.4  18.4
1935 417.341  10910200 0    0    4    0    4 0.851 303.7 250.7  25.0  51.4
1935 417.341  10910300 0    1    7    1    5 0.664  49.5 166.5  21.2 -32.8
1935 418.411   1164902 4   67  431   46  292 0.672 220.4 217.4 -35.2  32.2
1935 418.411  10910400 0    1    9    1    7 0.731  40.9 151.8  29.3 -33.3
1935 419.327   1164902 4   52  312   42  248 0.776 227.9 217.7 -35.0  44.7
1935 420.372   1164902 4   60  243   63  251 0.874 232.1 216.8 -35.2  57.6
1935 420.372   1165001 9    2    9    3   13 0.937 126.0  90.8 -35.4 -68.4
1935 421.384   1164902 4   26  135   42  211 0.946 234.6 216.2 -35.0  70.3
1935 421.384   1165001 9    3   12    4   13 0.879 127.6  87.6 -35.1 -58.3
1935 422.432   1164902 4    8   61   28  198 0.988 235.5 214.5 -34.8  82.5
1935 422.432   1165102 2    7   15   13   26 0.953 111.6  59.1 -22.0 -72.9
1935 423.339   1165102 2    9   20   10   22 0.880 112.6  58.8 -22.1 -61.2
1935 424.342   1165102 2    8   22    7   18 0.771 114.9  57.8 -22.0 -49.0
1935 424.342  10910500 0    0    1    0    3 0.945 111.9  35.6 -22.2 -71.2
1935 425.335   1165102 0    4   10    3    7 0.632 119.7  57.4 -21.9 -36.3
1935 429.589   1165201 2    9   31   14   49 0.945 112.7 326.5 -22.8 -71.0
1935 429.589   1165301 0    8   45   32  170 0.990  67.8 317.7  21.3 -79.8
1935 430.479   1165201 2    8   31    9   32 0.866 114.1 326.6 -22.8 -59.1
1935 430.479   1165301 0   14   97   24  166 0.954  66.2 316.1  21.3 -69.6
1935 5 1.394   1165201 2   10   32    8   25 0.753 117.0 326.9 -22.7 -46.7
1935 5 1.394   1165301 0   31  160   33  170 0.878  63.0 316.4  21.4 -57.2
1935 5 2.342   1165201 2   14   51    9   33 0.609 122.9 327.5 -22.5 -33.6
1935 5 2.342   1165301 0   42  200   34  160 0.776  58.2 316.0  21.5 -45.1
1935 5 2.342   1165402 9    1   15    2   19 0.911 110.5 295.7 -20.2 -65.4
1935 5 3.339   1165201 2    8   19    5   11 0.456 136.5 328.0 -22.8 -19.9
1935 5 3.339   1165301 0   50  246   33  162 0.645  50.1 315.8  21.3 -32.1
1935 5 3.339   1165402 9    4   18    4   15 0.796 112.2 296.3 -19.8 -51.6
1935 5 3.339   1165502 6   54  272   31  155 0.475 155.8 335.0 -29.3 -12.9
1935 5 4.428   1165301 0   41  251   24  147 0.512  34.6 315.3  21.5 -18.2
1935 5 4.428   1165402 9    4   13    3    9 0.631 117.4 297.0 -19.8 -36.5
1935 5 4.428   1165502 6   95  600   53  333 0.434 181.2 334.1 -29.3   0.6
1935 5 5.448   1165301 1   53  246   30  137 0.431  11.3 314.8  21.5  -5.2
1935 5 5.448   1165402 9   12   48    7   28 0.493 126.9 295.1 -20.4 -24.9
1935 5 5.448   1165502 6  189  873  108  498 0.482 203.3 332.7 -29.7  12.7
1935 5 5.448   1165601 9   12   21   10   17 0.775  60.0 274.3  20.4 -45.7
1935 5 5.448   1165701 0   21  100   45  211 0.970 117.3 244.0 -27.3 -76.0
1935 5 6.309   1165301 0   41  227   23  127 0.436 347.1 314.6  21.8   6.0
1935 5 6.309   1165402 9    5    9    3    5 0.349 145.3 296.4 -20.0 -12.2
1935 5 6.309   1165502 6  152  895   92  542 0.562 217.3 331.7 -29.7  23.1
1935 5 6.309   1165601 9    7   15    5   10 0.642  50.4 276.5  21.3 -32.1
1935 5 6.309   1165701 0   29  195   38  251 0.920 118.1 242.8 -27.1 -65.8
1935 5 7.581   1165301 0   16   68   10   41 0.549 319.9 314.2  21.8  22.4
1935 5 7.581   1165502 6  116  682   83  487 0.712 230.3 330.9 -29.6  39.1
1935 5 7.581   1165701 0   44  262   37  218 0.798 122.2 242.3 -27.3 -49.5
1935 5 7.581   1165802 4   11   48   10   41 0.809 112.3 239.1 -19.9 -52.7
1935 5 8.429   1165301 0   10   37    7   25 0.654 312.3 312.4  23.4  31.8
1935 5 8.429   1165502 6   96  562   82  476 0.806 234.8 330.0 -29.8  49.4
1935 5 8.429   1165601 9    8   19    5   11 0.433  15.6 273.4  21.5  -7.2
1935 5 8.429   1165701 0   49  279   35  196 0.700 126.8 241.5 -27.3 -39.1
1935 5 8.429   1165802 4   58  338   40  231 0.681 117.1 240.3 -20.5 -40.3
1935 5 8.429   1165905 0    0    8    0   23 0.981 125.9 202.2 -35.8 -78.4
1935 5 9.393   1165301 0    5   13    4   11 0.777 301.5 313.4  21.8  45.5
1935 5 9.393   1165502 6   77  361   89  415 0.899 238.6 329.7 -29.4  61.8
1935 5 9.393   1165601 9    5    7    3    4 0.428 344.2 275.1  21.3   7.2
1935 5 9.393   1165701 0   58  351   36  216 0.581 136.4 241.0 -27.6 -26.9
1935 5 9.393   1165802 4   86  519   51  305 0.525 125.3 240.7 -20.4 -27.2
1935 5 9.393   1165905 0    4    8    7   13 0.942 127.4 200.1 -36.1 -67.8
1935 5 9.393  10920100 0    1    5    1    4 0.701 132.0 230.6 -30.4 -37.2
1935 510.342   1165502 6   42  241   73  417 0.957 239.8 327.5 -29.7  72.2
1935 510.342   1165701 0   91  373   52  212 0.473 151.8 240.7 -27.5 -14.6
1935 510.342   1165802 4   83  618   45  334 0.379 142.7 241.1 -20.4 -14.2
1935 511.374   1165502 6    8   44   40  202 0.994 240.6 325.8 -29.5  84.1
1935 511.374   1165701 0   87  383   48  211 0.418 176.6 240.1 -27.5  -1.6
1935 511.374   1165802 4   95  557   50  292 0.302 178.1 241.1 -20.4  -0.6
1935 511.374   1166002 0    5   13    9   24 0.957  59.3 172.6  28.3 -69.1
1935 512.461   1165701 0   87  380   49  214 0.457 204.7 239.7 -27.2  12.4
1935 512.461   1165802 4   77  495   42  267 0.372 215.8 240.7 -20.2  13.4
1935 512.461   1166002 0    6   32    7   33 0.871  55.5 172.9  28.0 -54.4
1935 513.350   1165701 0   58  315   35  189 0.552 220.3 239.2 -27.3  23.7
1935 513.350   1165802 4   54  369   32  217 0.524 233.5 242.2 -20.5  26.7
1935 513.350   1166002 0    5   22    4   18 0.770  50.3 173.6  27.5 -41.9
1935 513.350   1166102 2   11   62    7   39 0.599 121.1 182.4 -20.2 -33.1
1935 514.479   1165701 2   53  281   37  195 0.690 233.5 238.8 -26.2  38.2
1935 514.479   1165802 4   29  176   21  125 0.706 244.8 243.2 -19.3  42.6
1935 514.479   1166002 2    8   29    6   20 0.673  41.2 170.4  28.3 -30.2
1935 514.479   1166102 2   10   51    6   28 0.412 136.3 183.0 -19.7 -17.6
1935 515.462   1165701 2   43  274   37  235 0.811 238.1 238.1 -26.9  50.5
1935 515.462   1165802 4   18  114   17  105 0.836 247.3 242.9 -20.2  55.3
1935 515.462   1166002 0    5   13    3    8 0.542  24.4 173.0  27.3 -14.6
1935 515.462   1166102 0    5   17    3    9 0.274 174.8 186.1 -18.2  -1.5
1935 516.589   1165701 0   22  166   29  213 0.919 241.8 237.8 -26.7  65.1
1935 516.589   1165802 4   13   55   20   84 0.944 249.4 242.9 -20.2  70.2
1935 516.589   1166002 0    0   13    0    8 0.489 359.3 173.1  27.0   0.4
1935 517.336   1165701 0   13  101   26  194 0.964 242.8 236.6 -26.8  73.8
1935 517.336   1165802 4    4   10   14   30 0.984 250.4 242.5 -19.7  79.7
1935 524.333   1166202 0   12   43    7   24 0.407 141.6  54.7 -19.9 -15.6
1935 524.333  10920200 0    5   18    5   17 0.844 276.3 127.5   4.6  57.3
1935 525.536   1166202 0    1   13    1    7 0.333 184.8  56.1 -20.6   1.7
1935 527.458   1166303 0   17   86   35  172 0.967 119.9 315.2 -29.1 -73.7
1935 527.458  10920300 0    3   12    2    7 0.449 300.5  52.2  12.3  23.3
1935 527.458  10920400 0    1    3    1    2 0.405 170.5  24.7 -24.5  -4.2
1935 528.411   1166303 0   26  190   32  228 0.909 121.8 314.3 -29.0 -62.0
1935 528.411   1166401 9    3   12    9   31 0.977  72.4 299.5  17.0 -76.8
1935 528.411  10920500 0    0    3    0    2 0.377 226.7  32.9 -15.8  16.6
1935 529.339   1166303 0   60  255   53  225 0.822 125.6 314.1 -29.1 -49.9
1935 529.339   1166401 9   11   62   14   79 0.916  71.5 299.0  16.6 -65.0
1935 530.399   1166303 0   49  241   35  171 0.707 132.5 313.4 -29.0 -36.6
1935 530.399   1166401 9   10   43    9   37 0.803  67.8 298.9  17.3 -51.1
1935 530.399   1166502 4   28  114   54  218 0.964  63.0 277.6  25.8 -72.4
1935 531.422   1166303 0   24  272   15  170 0.600 144.2 312.7 -29.6 -23.8
1935 531.422   1166401 9    7   18    5   12 0.646  61.6 299.9  17.5 -36.6
1935 531.422   1166502 4   17   98   19  109 0.890  59.7 277.4  26.4 -59.1
1935 6 1.585   1166303 7  123  604   72  353 0.517 165.6 312.5 -30.4  -8.6
1935 6 1.585   1166401 9    1    8    1    5 0.462  46.6 300.4  18.2 -20.7
1935 6 1.585   1166502 4   26  160   21  125 0.764  54.2 277.4  26.3 -43.7
1935 6 2.430   1166303 7  150  910   87  526 0.504 184.3 312.4 -30.4   2.5
1935 6 2.430   1166502 4   36  139   25   96 0.680  48.9 275.0  26.4 -34.9
1935 6 3.594   1166303 2  184 1137  112  691 0.568 207.3 312.1 -30.4  17.6
1935 6 3.594   1166502 4   13   38    8   23 0.553  38.3 272.2  25.6 -22.3
1935 6 3.594  10930100 0    0   14    0   18 0.919 293.3 359.4  21.3  64.9
1935 6 4.399   1166303 2  136 1060   90  698 0.651 218.1 311.7 -30.8  27.9
1935 6 4.399   1166502 4    3   12    2    7 0.464  23.3 272.1  25.2 -11.7
1935 6 4.399  10930200 0    4   12    9   28 0.972 241.9 358.6 -27.3  74.8
1935 6 5.479   1166303 2  106  700   82  542 0.762 228.4 310.8 -30.3  41.3
1935 6 5.479   1166502 4    8   17    5   10 0.439 353.8 272.5  26.0   3.0
1935 6 5.479   1166601 0   17   53   34  104 0.965  61.5 196.7  27.4 -72.8
1935 6 6.400   1166303 2   46  472   45  460 0.857 233.9 310.6 -30.2  53.2
1935 6 6.400   1166502 4    6   36    4   21 0.494 331.5 272.6  26.0  15.2
1935 6 6.400   1166601 0   26  135   32  164 0.908  59.1 195.5  27.9 -61.9
1935 6 7.493   1166303 2   63  325   97  498 0.944 238.0 310.3 -29.9  67.4
1935 6 7.493   1166601 0   28  166   24  139 0.798  54.8 195.5  27.6 -47.4
1935 6 7.493   1166702 5    0    9    0    7 0.759 135.5 203.8 -32.5 -39.1
1935 6 7.493   1166802 4    2    9    3   12 0.920  59.2 179.1  28.3 -63.8
1935 6 7.493   1166902 4    0    6    0   13 0.964 115.2 170.1 -24.1 -72.8
1935 6 8.327   1166303 2   35  151  104  440 0.984 239.6 309.8 -29.8  78.0
1935 6 8.327   1166601 0   36  209   26  148 0.700  49.1 195.1  27.7 -36.7
1935 6 8.327   1166702 5    9   54    6   35 0.634 146.1 207.4 -31.3 -24.4
1935 6 8.327   1166802 4    7   22    7   21 0.841  56.2 179.3  28.2 -52.5
1935 6 8.327   1166902 4   18   65   21   76 0.902 117.1 170.2 -24.0 -61.6
1935 6 9.311   1166601 0   27  174   17  107 0.576  37.6 195.4  27.7 -23.4
1935 6 9.311   1166702 5  142  652   85  388 0.544 163.9 208.7 -30.9 -10.1
1935 6 9.311   1166802 4    9   41    7   30 0.722  50.5 179.7  27.8 -39.1
1935 6 9.311   1166902 4   21  109   18   91 0.799 121.4 170.4 -24.2 -48.4
1935 6 9.311   1167002 4   11   32   11   30 0.840 132.4 170.3 -34.1 -48.5
1935 610.424   1166601 0   22   96   13   55 0.479  16.8 195.1  28.0  -9.0
1935 610.424   1166702 5  111  681   66  403 0.536 183.2 206.1 -31.6   2.0
1935 610.424   1166802 4   16   52   10   33 0.593  39.2 179.0  28.0 -25.1
1935 610.424   1166902 4   25   78   17   52 0.658 128.5 169.9 -23.6 -34.2
1935 610.424   1167002 4   25   94   19   70 0.738 140.2 169.4 -33.9 -34.7
1935 611.477   1166601 0   15   49    9   28 0.453 350.6 195.0  27.4   4.8
1935 611.477   1166702 5   89  472   55  289 0.576 204.9 206.6 -30.7  16.4
1935 611.477   1166802 4   10   34    6   20 0.491  21.6 178.4  28.0 -11.8
1935 611.477   1166902 4   20   69   12   41 0.522 142.3 169.8 -23.6 -20.4
1935 611.477   1167002 4   24   99   16   65 0.647 151.9 168.6 -34.0 -21.6
1935 611.477   1167102 1   16   70   17   74 0.876  55.4 133.6  30.3 -56.6
1935 612.604   1166601 0    5   13    3    8 0.543 325.0 195.7  27.3  20.5
1935 612.604   1166702 5   66  369   46  254 0.687 220.4 206.4 -30.7  31.2
1935 612.604   1166802 4   23  101   13   57 0.449 347.8 181.3  27.0   6.1
1935 612.604   1166902 4    7   57    4   32 0.427 166.8 169.1 -23.6  -6.1
1935 612.604   1167002 4    3   14    2    9 0.573 169.9 168.3 -33.4  -6.9
1935 612.604   1167102 1   32  144   25  113 0.764  50.3 132.5  29.9 -42.7
1935 613.379   1166702 5   42  158   33  123 0.764 228.1 206.0 -29.9  41.0
1935 613.379   1166802 4   42  197   25  115 0.510 330.8 181.3  27.5  16.3
1935 613.379   1166902 4    0    9    0    5 0.405 179.1 164.6 -22.8  -0.4
1935 613.379   1167002 4    6   24    4   15 0.570 182.6 166.8 -33.6   1.8
1935 613.379   1167102 1   62  254   43  174 0.676  45.0 131.7  29.5 -33.3
1935 614.370   1166702 5   13   60   13   60 0.864 234.4 205.7 -29.5  53.8
1935 614.370   1166802 4   15   92   10   60 0.631 313.6 182.7  26.8  30.8
1935 614.370   1166902 4    1   10    1    6 0.489 207.7 166.4 -24.5  14.5
1935 614.370   1167102 1   27  170   17  104 0.568  33.3 130.9  29.5 -21.0
1935 615.413   1166702 5    7   13   10   19 0.933 236.2 202.5 -30.7  64.4
1935 615.413   1166802 4   24   82   19   64 0.761 303.8 182.8  26.0  44.7
1935 615.413   1167102 1   19  107   11   62 0.486  12.2 131.3  29.7  -6.8
1935 615.413   1167202 4   37   84   43   97 0.893  73.4  75.5  15.4 -62.6
1935 615.413   1167302 4   35  119   72  241 0.968 108.7  63.7 -17.7 -74.4
1935 616.322   1166802 4   28  127   27  122 0.848 302.2 180.2  27.7  54.2
1935 616.322   1167102 1   22   61   13   35 0.472 350.9 130.9  29.2   4.9
1935 616.322   1167202 4   22   90   18   72 0.774  71.7  76.5  15.0 -49.5
1935 616.322   1167302 4   49  241   67  329 0.929 110.6  59.5 -18.5 -66.5
1935 617.404   1166802 4   11  101   16  140 0.929 299.6 177.9  28.0  66.2
1935 617.404   1167102 1    5   13    3    8 0.539 330.2 129.6  29.4  17.9
1935 617.404   1167202 4   21   78   13   48 0.568  66.7  79.1  14.3 -32.6
1935 617.404   1167302 4   63  291   57  263 0.831 113.0  58.1 -18.0 -53.6
1935 618.599   1167202 4   20   76   11   41 0.351  48.4  80.1  15.1 -15.8
1935 618.599   1167302 4   70  330   48  226 0.681 118.9  57.1 -17.9 -38.8
1935 618.599   1167401 0   22  118   39  204 0.956 109.5  24.5 -18.1 -71.4
1935 619.398   1167202 4   29   67   15   35 0.235  21.5  80.2  14.4  -5.1
1935 619.398   1167302 4   73  406   45  249 0.580 125.5  55.5 -18.1 -29.8
1935 619.398   1167401 0   36  229   40  255 0.892 111.7  24.4 -18.4 -60.9
1935 620.369   1167202 4   23  102   12   53 0.257 334.4  79.0  15.3   6.6
1935 620.369   1167302 4   81  390   45  216 0.430 141.7  56.1 -17.9 -16.3
1935 620.369   1167401 1   70  310   57  252 0.787 115.5  23.9 -18.5 -48.5
1935 620.369   1167501 0    9   27    7   21 0.750 309.6 114.3  30.0  41.9
1935 620.369  10930300 0    1    3    3    6 0.948 302.6 141.7  31.4  69.3
1935 621.420   1167202 4    1    5    1    3 0.442 302.3  81.4  15.5  22.8
1935 621.420   1167302 4   48  207   26  110 0.337 171.2  55.5 -17.4  -3.1
1935 621.420   1167401 0   71  352   46  228 0.635 122.9  24.4 -18.5 -34.2
1935 621.420   1167501 0   11   23   11   23 0.862 304.1 114.2  30.1  55.6
1935 621.420   1167602 0    6   16    8   19 0.906 120.3 357.9 -26.2 -60.7
1935 622.336   1167302 4   20   76   11   41 0.376 203.1  55.3 -18.1   8.9
1935 622.336   1167401 1   85  373   49  215 0.497 134.0  24.3 -18.2 -22.1
1935 622.336   1167501 0    4   12    7   18 0.940 300.3 114.7  29.1  68.3
1935 622.336   1167602 0    4    9    4    8 0.815 124.6 358.0 -26.2 -48.4
1935 623.296   1167302 4   26  119   15   68 0.482 225.1  54.7 -17.8  21.0
1935 623.296   1167401 1   92  448   50  242 0.379 156.9  24.7 -18.2  -9.0
1935 623.296   1167501 0    8   53   28  173 0.987 298.8 114.3  28.8  80.6
1935 623.296   1167702 1    8   26   43  134 0.995 115.0 311.3 -24.6 -82.4
1935 624.276   1167302 4    1   12    1    8 0.652 232.7  54.5 -21.3  33.8
1935 624.276   1167401 0   85  418   46  224 0.359 190.4  24.6 -18.3   3.9
1935 624.276   1167702 1   48  290   85  512 0.958 115.7 310.1 -23.8 -70.6
1935 624.276   1167801 4    4    8   16   28 0.988 120.2 302.4 -29.3 -78.3
1935 624.276  10930400 0    5    9    4    7 0.730 231.0  59.7 -25.5  39.0
1935 625.418   1167302 4    4    9    4    9 0.839 242.3  58.6 -21.5  53.0
1935 625.418   1167401 0   69  343   39  194 0.467 221.2  24.5 -18.2  18.9
1935 625.418   1167602 0   15   32    9   19 0.532 162.8 355.3 -28.1 -10.3
1935 625.418   1167702 1  143  644  149  671 0.876 119.5 308.9 -24.2 -56.7
1935 625.418   1167801 4    8   45   12   63 0.932 123.1 301.7 -29.5 -63.9
1935 626.401   1167302 4    5   14    6   18 0.918 249.9  57.1 -17.3  64.5
1935 626.401   1167401 0   62  321   39  202 0.606 235.1  24.1 -18.1  31.5
1935 626.401   1167602 0    5   15    3    9 0.505 187.0 356.6 -27.5   4.0
1935 626.401   1167702 1  194 1006  154  798 0.775 124.2 308.1 -24.0 -44.5
1935 626.401   1167801 4    9   47    9   46 0.853 127.3 301.3 -29.5 -51.3
1935 627.592   1167401 0   40  244   32  194 0.775 244.2  23.9 -17.9  47.1
1935 627.592   1167602 0    4    8    3    5 0.580 210.6 356.2 -27.4  19.4
1935 627.592   1167702 1  289 1770  187 1142 0.631 133.9 307.1 -23.6 -29.7
1935 627.592   1167801 4   13   63   10   47 0.741 136.2 300.4 -30.2 -36.4
1935 628.392   1167401 0   32  190   33  195 0.871 247.4  24.1 -18.1  57.8
1935 628.392   1167702 1  278 1832  165 1087 0.539 144.8 306.5 -23.5 -19.8
1935 628.392   1167801 4   40  100   27   67 0.658 145.1 300.5 -30.1 -25.8
1935 629.340   1167401 0   20  104   34  173 0.952 250.1  23.9 -17.9  70.2
1935 629.340   1167702 1  278 1946  157 1097 0.463 166.1 306.7 -23.8  -7.0
1935 629.340   1167801 4   27   87   17   54 0.585 160.0 300.3 -30.5 -13.4
1935 630.346   1167401 0    8   39   48  223 0.996 251.8  23.8 -17.8  83.4
1935 630.346   1167702 1  288 1908  162 1072 0.457 191.3 306.0 -23.6   5.6
1935 630.346   1167801 4   13   54    8   32 0.531 175.5 297.7 -28.9  -2.7
1935 7 1.366   1167702 1  286 1913  170 1135 0.539 213.0 305.6 -23.9  18.7
1935 7 2.340   1167702 1  252 1642  165 1075 0.645 226.0 304.5 -23.8  30.5
1935 7 2.340  10940100 0    0    4    0    9 0.964 124.4 204.3 -31.9 -69.6
1935 7 3.373   1167702 1  172 1029  136  811 0.774 234.8 304.1 -24.1  43.8
1935 7 3.373   1167901 0    4   23   24  120 0.995  65.1 175.3  25.1 -85.0
1935 7 3.373  10940200 0    0    4    0    8 0.954 123.5 192.8 -30.5 -67.5
1935 7 4.418   1167702 1   99  635  107  683 0.884 240.1 303.8 -24.3  57.3
1935 7 4.418   1167901 0   12   64   20  106 0.951  64.8 174.8  25.0 -71.7
1935 7 4.418  10940300 0    5   11    3    6 0.292  77.7 229.8   6.9 -16.7
1935 7 5.340   1167702 1   74  338  134  612 0.960 242.9 304.6 -24.8  70.3
1935 7 5.340   1167901 0   23   96   24  100 0.874  63.1 174.9  25.1 -59.4
1935 7 5.340   1168001 5   15   65   41  168 0.981 125.2 160.2 -33.5 -74.1
1935 7 6.386   1167702 1   17   48  110  311 0.996 244.3 303.3 -25.2  82.9
1935 7 6.386   1167901 0   23  127   18   98 0.758  59.6 174.2  25.1 -46.2
1935 7 6.386   1168001 5   41  214   58  300 0.933 127.8 158.7 -33.2 -61.7
1935 7 7.355   1167901 0   29  129   19   83 0.625  53.9 173.8  24.8 -33.8
1935 7 7.355   1168001 5   59  348   59  346 0.863 132.7 158.1 -33.4 -49.5
1935 7 7.355   1168102 4    2    4    3    7 0.940  67.6 137.7  22.3 -69.9
1935 7 7.355  10940400 0    1    9    1    5 0.316  25.0 199.4  20.4  -8.2
1935 7 7.355  10940500 0    2    9    2    8 0.804 137.0 166.6 -33.2 -41.0
1935 7 8.340   1167901 0   17  100   10   58 0.489  42.1 173.4  24.9 -21.2
1935 7 8.340   1168001 5   68  391   55  314 0.781 139.5 157.2 -33.4 -37.4
1935 7 8.340   1168102 4   40   85   37   78 0.832  65.9 139.5  22.1 -55.1
1935 7 8.340   1168201 0   22  114   46  231 0.968 110.8 121.4 -19.0 -73.2
1935 7 8.340  10940600 0    1   12    1    7 0.466 202.4 205.6 -21.7  11.0
1935 7 9.337   1167901 0   27  110   15   60 0.380  20.7 172.9  24.8  -8.5
1935 7 9.337   1168001 5   58  322   40  222 0.686 151.4 158.2 -33.4 -23.2
1935 7 9.337   1168102 4   27   62   19   43 0.686  61.8 140.7  22.0 -40.7
1935 7 9.337   1168201 0   29  197   34  225 0.898 113.4 120.8 -19.0 -60.6
1935 7 9.337  10940700 0    1    9    1    6 0.632 249.0 218.2  -9.9  36.8
1935 710.338   1167901 0   14   59    8   32 0.361 348.6 172.6  24.8   4.5
1935 710.338   1168001 0   62  323   40  208 0.628 166.3 157.8 -33.6 -10.3
1935 710.338   1168102 4   40  171   24  101 0.524  52.4 141.4  22.3 -26.7
1935 710.338   1168201 2   39  248   32  203 0.789 117.7 120.6 -18.8 -47.5
1935 711.347   1167901 0   16   60    9   34 0.444 323.1 171.9  24.8  17.1
1935 711.347   1168001 0   50  334   32  212 0.614 183.5 157.4 -33.6   2.6
1935 711.347   1168102 4   29  101   16   55 0.381  33.9 141.5  22.5 -13.3
1935 711.347   1168201 0   57  298   38  197 0.653 125.4 120.6 -18.8 -34.2
1935 711.347   1168302 4    1    7    1    4 0.394 193.1 160.2 -18.4   5.4
1935 712.637   1167901 0    9   42    6   27 0.622 305.6 171.6  24.8  33.9
1935 712.637   1168001 0   53  303   36  204 0.668 203.5 156.4 -33.7  18.7
1935 712.637   1168102 4   22  102   12   54 0.319 346.2 142.4  22.3   4.7
1935 712.637   1168201 0   68  322   39  184 0.481 143.2 120.0 -18.6 -17.7
1935 712.637   1168302 4   34  140   20   82 0.518 222.7 159.4 -18.4  21.7
1935 712.637   1168402 6   10   39   14   53 0.927 120.6  74.9 -26.3 -62.8
1935 713.332   1167901 0    6   18    5   13 0.717 300.8 171.2  24.8  42.7
1935 713.332   1168001 0   41  243   30  176 0.721 212.0 155.9 -33.8  27.4
1935 713.332   1168102 4   11   31    6   17 0.377 326.0 141.7  22.5  13.2
1935 713.332   1168201 0   72  342   40  188 0.413 160.1 120.0 -18.5  -8.5
1935 713.332   1168302 4   33   86   21   55 0.614 232.3 159.3 -18.3  30.8
1935 713.332   1168402 6   41  195   42  197 0.867 123.8  75.1 -26.3 -53.4
1935 714.299   1167901 0    5   14    5   13 0.837 296.7 171.1  24.7  55.4
1935 714.299   1168001 0   43  261   37  221 0.807 221.5 155.7 -33.8  40.0
1935 714.299   1168102 4    4   24    3   15 0.551 304.3 145.1  22.0  29.4
1935 714.299   1168201 0   73  332   40  181 0.395 190.1 119.9 -18.4   4.2
1935 714.299   1168302 4   13   34   11   27 0.770 241.4 161.2 -18.5  45.5
1935 714.299   1168402 6   96  447   75  348 0.766 130.4  75.1 -26.4 -40.6
1935 715.341   1168001 0   28  156   31  173 0.891 227.9 154.8 -34.0  52.9
1935 715.341   1168201 0   68  305   39  174 0.482 216.6 119.5 -18.4  17.6
1935 715.341   1168402 4  119  602   79  398 0.653 140.9  74.5 -26.4 -27.4
1935 715.341   1168501 0    8   40   25  118 0.984 109.2  24.1 -18.0 -77.8
1935 716.335   1168001 0   17  116   30  196 0.954 232.2 154.2 -34.0  65.4
1935 716.335   1168201 0   54  282   35  180 0.618 232.0 119.7 -18.4  30.9
1935 716.335   1168402 4   75  361   46  219 0.565 155.3  73.5 -26.4 -15.3
1935 716.335   1168501 0   13   64   18   86 0.926 111.7  24.0 -18.1 -64.8
1935 717.378   1168001 0    4   15   19   61 0.992 235.0 152.8 -33.8  77.8
1935 717.378   1168201 0   50  259   39  201 0.761 241.0 119.5 -18.3  44.5
1935 717.378   1168402 4   66  242   39  142 0.518 178.4  74.1 -26.4  -0.9
1935 717.378   1168501 0   18  102   16   90 0.821 115.5  23.9 -17.8 -51.1
1935 717.378  10940800 0    1    8    1    5 0.516 144.6  56.3 -20.4 -18.6
1935 718.393   1168201 0   31  186   34  200 0.883 246.1 119.8 -18.5  58.3
1935 718.393   1168402 7   83  397   50  238 0.553 199.8  73.6 -26.6  12.1
1935 718.393   1168501 0   20   58   14   41 0.695 122.1  23.3 -17.9 -38.2
1935 719.335   1168201 0   22  104   40  187 0.959 249.0 119.9 -18.5  70.8
1935 719.335   1168402 7   49  384   33  254 0.653 218.2  75.9 -26.5  26.8
1935 719.335   1168501 0   13   64    8   39 0.564 132.3  23.1 -17.9 -26.0
1935 719.335   1168602 6   33  120   22   78 0.632  49.3  16.1  28.5 -33.0
1935 720.341   1168201 0    4   21   37  169 0.998 251.2 119.9 -18.3  84.1
1935 720.341   1168402 7   80  315   64  250 0.775 230.7  77.5 -25.7  41.7
1935 720.341   1168501 0    8   32    5   18 0.444 151.7  23.0 -18.1 -12.8
1935 720.341   1168602 6  123  550   72  322 0.513  37.8  14.8  28.6 -21.0
1935 721.301   1168402 7   64  319   64  317 0.863 235.7  75.6 -26.1  52.5
1935 721.301   1168602 6  136  711   75  392 0.414  16.8  15.3  28.4  -7.8
1935 722.516   1168402 7   24   80   44  148 0.961 240.9  76.3 -26.1  69.3
1935 722.516   1168602 6  116  640   64  352 0.410 342.8  14.9  28.2   7.9
1935 723.334   1168402 7    6   17   15   39 0.973 240.5  68.2 -27.1  72.0
1935 723.334   1168602 6  150  703   86  403 0.484 325.0  14.6  28.4  18.4
1935 724.336   1168602 6  143  681   91  431 0.608 311.5  14.1  28.4  31.2
1935 724.336  10950100 0    1    5    1    3 0.499 175.8 340.6 -24.5  -2.3
1935 725.338   1168602 6  116  479   86  355 0.734 304.0  13.4  28.2  43.7
1935 725.338   1168701 0    1    4    1    3 0.612 136.8 302.9 -21.7 -26.8
1935 726.429   1168602 6   70  340   71  343 0.865 299.5  13.9  28.2  58.7
1935 726.429   1168701 0    1    8    1    5 0.554 150.2 297.7 -23.5 -17.5
1935 726.429  10950200 0    0    6    0   12 0.960 286.8  29.8  17.6  74.6
1935 727.366   1168602 6   48  229   70  334 0.937 297.9  12.6  28.1  69.8
1935 727.366   1168701 0    1    5    1    3 0.508 167.9 296.1 -24.2  -6.7
1935 728.427   1168602 6   15  107   38  258 0.977 296.9   7.8  27.4  79.0
1935 730.341   1168802 2    0    4    0   10 0.968 109.6 190.7 -17.3 -72.8
1935 731.333   1168802 2   32  123   37  142 0.900 112.6 189.9 -17.4 -60.5
1935 8 1.375   1168802 2   22  129   18  103 0.775 117.8 190.8 -17.1 -45.8
1935 8 1.375  10950300 0    4    8    3    6 0.696 191.1 246.3 -37.2   9.7
1935 8 2.342   1168802 2   28  127   18   82 0.627 126.3 192.0 -16.7 -31.8
1935 8 3.363   1168802 0   35  141   20   80 0.465 144.6 194.0 -16.4 -16.3
1935 8 3.363   1168902 2   22   60   13   35 0.499 173.4 206.7 -23.6  -3.6
1935 8 4.413   1168802 0   24  131   13   71 0.377 175.7 194.7 -15.9  -1.7
1935 8 4.413   1168902 0    8   17    5   10 0.521 202.7 209.0 -22.7  12.6
1935 8 4.413   1169001 0    8   49   23  130 0.981 109.6 120.2 -17.9 -76.2
1935 8 5.371   1168802 0   39  128   22   71 0.422 206.0 194.8 -16.2  11.1
1935 8 5.371   1169001 0   14  108   19  147 0.928 112.4 119.2 -18.1 -64.5
1935 8 6.351   1168802 0   26   68   16   41 0.544 226.5 195.1 -16.3  24.3
1935 8 6.351   1169001 0   31  138   29  126 0.833 116.0 119.0 -17.6 -51.8
1935 8 6.351   1169102 9   11   40   19   65 0.947  63.1  98.6  27.5 -72.2
1935 8 7.355   1168802 0   27  120   19   84 0.697 238.3 195.7 -16.5  38.2
1935 8 7.355   1169001 7   48  250   34  177 0.705 122.4 118.9 -17.3 -38.6
1935 8 7.355   1169102 9   13   42   13   42 0.863  61.6  98.5  27.6 -59.0
1935 8 7.355   1169202 2    5   17    6   21 0.903 123.6 100.2 -26.7 -57.3
1935 8 8.386   1168802 0    8   59    8   55 0.840 245.4 196.8 -16.7  52.9
1935 8 8.386   1169001 7   44  261   27  159 0.568 134.1 118.6 -17.5 -25.3
1935 8 8.386   1169102 9    3   15    3   12 0.745  59.6  97.9  26.7 -46.0
1935 8 8.386   1169202 2   18   86   16   74 0.809 130.4 100.1 -27.1 -43.8
1935 8 8.386  10950400 0    9   31    7   23 0.732 299.5 188.8  25.7  45.0
1935 8 9.411   1168802 0    4   10    7   16 0.942 250.0 197.6 -16.4  67.3
1935 8 9.411   1169001 7   51  249   29  140 0.454 153.2 117.9 -17.6 -12.4
1935 8 9.411   1169202 2    9   69    7   49 0.702 140.1  99.9 -27.1 -30.4
1935 8 9.411   1169301 9    4   10   13   28 0.981 107.6  53.8 -15.9 -76.5
1935 810.345   1168802 0    4    9   11   20 0.973 249.6 191.6 -18.1  73.6
1935 810.345   1169001 7   43  246   24  135 0.407 178.6 117.4 -17.5  -0.6
1935 810.345   1169202 0    9   26    6   17 0.600 156.1 102.2 -27.0 -15.8
1935 810.345   1169301 9    4   16    6   21 0.922 109.9  53.9 -15.5 -64.1
1935 810.345   1169402 9    5   18    3   11 0.526 148.8 101.1 -20.5 -16.9
1935 811.351   1169001 7   42  255   24  143 0.451 207.0 117.1 -17.3  12.4
1935 811.351   1169202 0   11   31    7   19 0.553 172.2  99.9 -26.7  -4.8
1935 811.351   1169301 9    6   26    6   24 0.827 113.8  53.0 -15.5 -51.7
1935 811.351   1169402 9    8   40    5   23 0.456 173.8 101.7 -20.4  -3.0
1935 812.425   1169001 7   34  198   21  122 0.583 226.4 116.8 -17.8  26.3
1935 812.425   1169202 0    8   18    5   11 0.570 193.8  99.3 -27.1   8.8
1935 812.425   1169301 9    8   36    6   26 0.702 121.8  52.0 -16.6 -38.5
1935 812.425   1169402 9   10   61    6   35 0.488 199.4 100.5 -20.9  10.0
1935 812.425   1169505 0    0    3    0    6 0.950  72.1  17.6  19.0 -72.9
1935 812.425  10950500 0    3   13    2    7 0.367 325.7 103.5  24.1  13.1
1935 813.340   1169001 7   31  169   22  120 0.704 236.6 116.5 -17.6  38.1
1935 813.340   1169202 1    9   26    6   17 0.613 207.0  96.6 -26.8  18.2
1935 813.340   1169301 9    4    8    3    5 0.558 131.6  52.7 -15.8 -25.7
1935 813.340   1169402 9    4   17    3   11 0.590 221.9 103.2 -20.0  24.8
1935 813.340   1169505 0    4   10    5   11 0.877  71.7  16.5  19.2 -61.9
1935 813.340  10950600 0    5    7    3    4 0.384  44.5  61.5  22.3 -16.9
1935 814.384   1169001 1   37  159   35  147 0.838 244.3 116.9 -17.3  52.3
1935 814.384   1169402 9    5   13    4   10 0.730 234.5 103.8 -19.9  39.2
1935 814.384   1169601 0    8   48   27  152 0.986  72.4 342.5  18.4 -82.1
1935 814.384  10950700 0    4   10   10   23 0.970 291.0 142.0  21.9  77.5
1935 815.371   1169001 1   14   70   19   95 0.928 247.8 115.9 -17.7  64.4
1935 815.371   1169402 9    2    7    2    7 0.847 241.5 103.8 -19.8  52.3
1935 815.371   1169601 0   22   94   32  134 0.935  72.5 341.2  18.7 -70.3
1935 816.475   1169001 1    3   21   11   67 0.986 250.5 114.6 -17.9  77.7
1935 816.475   1169402 9    4   26    6   37 0.933 245.2 101.4 -20.2  64.5
1935 816.475   1169601 0   26  188   24  169 0.827  71.9 340.8  18.8 -56.1
1935 816.475   1169702 9   14   30   10   22 0.710  55.7 354.9  28.7 -42.0
1935 817.338   1169601 0   49  297   35  212 0.711  70.4 340.5  18.7 -45.0
1935 817.338   1169702 9    0    9    0    6 0.617  51.0 352.4  28.6 -33.1
1935 817.338   1169802 5   16   74   10   45 0.551 224.0  49.1 -17.1  23.6
1935 818.396   1169601 0   40  262   24  156 0.540  65.8 340.2  18.7 -31.3
1935 818.396   1169702 9    3   14    2    8 0.416  28.4 358.5  28.2 -13.0
1935 818.396   1169802 5   40  226   29  161 0.711 238.4  50.7 -16.6  39.2
1935 819.418   1169601 0   46  296   25  159 0.357  54.3 340.2  18.6 -17.8
1935 819.418   1169802 5   47  276   45  260 0.845 245.7  51.4 -16.3  53.4
1935 819.418   1169902 2    8   18    5   11 0.532 138.3 336.3 -17.0 -21.7
1935 820.338   1169601 0   42  251   22  129 0.219  25.0 340.3  18.4  -5.6
1935 820.338   1169702 6  121  475   66  258 0.384 337.3 355.5  27.6   9.6
1935 820.338   1169802 5   40  257   56  360 0.933 249.5  51.4 -16.3  65.5
1935 820.338   1169902 2    3   10    2    6 0.439 156.9 335.5 -17.0 -10.4
1935 820.338  10960100 0    1    9    1    5 0.293 359.1 346.1  24.0   0.3
1935 821.393   1169601 0   46  258   24  133 0.239 325.0 340.2  18.2   8.3
1935 821.393   1169702 6  200 1056  117  616 0.512 315.1 356.0  27.7  24.1
1935 821.393   1169802 5   13   74   48  264 0.989 251.9  50.9 -16.7  79.0
1935 821.393   1170005 0    1    6    4   15 0.972 120.6 261.1 -27.6 -70.8
1935 822.339   1169601 0   49  257   27  140 0.394 300.5 340.3  18.1  20.9
1935 822.339   1169702 6  252 1139  168  759 0.658 305.0 357.0  27.8  37.6
1935 822.339  10960200 0    1    9    1    6 0.657 315.0 353.3  33.6  33.9
1935 822.339  10960300 0    2    5    2    4 0.771  82.5 268.4  10.2 -51.0
1935 823.466   1169601 0   35  193   22  120 0.590 291.2 339.9  18.1  35.4
1935 823.466   1169702 6  174  950  149  812 0.809 299.8 357.2  28.1  52.7
1935 824.528   1169601 0   28  148   22  114 0.757 287.6 339.8  17.9  49.3
1935 824.528   1169702 6  124  552  157  697 0.917 297.7 357.5  28.2  67.0
1935 824.528   1170101 0   17  126   55  394 0.987  60.1 207.2  30.5 -83.3
1935 824.528  10960400 0    4    4    3    3 0.634 158.4 275.0 -29.3 -15.5
1935 825.334   1169601 0   23  137   23  136 0.860 286.6 339.9  17.9  60.0
1935 825.334   1169702 6   44  286   87  554 0.965 297.5 356.3  28.3  76.4
1935 825.334   1170101 0   26  229   44  382 0.952  60.2 206.5  30.5 -73.4
1935 826.410   1169601 0    4   26    8   45 0.953 286.5 339.4  17.8  73.8
1935 826.410   1169702 6    8   84   26  254 0.985 297.2 348.1  27.9  82.5
1935 826.410   1170005 0    1   14    1    9 0.578 167.6 257.6 -27.3  -8.0
1935 826.410   1170101 0   47  376   49  386 0.871  58.9 205.7  30.5 -59.9
1935 827.336   1170101 0   45  409   36  326 0.775  56.1 205.1  30.5 -48.3
1935 828.351   1170101 0   59  521   40  348 0.660  50.5 203.7  30.7 -36.3
1935 828.351   1170202 2   14   46   14   46 0.861 240.5 293.3 -20.9  53.3
1935 828.351  10960500 0    2    8    2    8 0.849 245.0 293.4 -16.9  53.5
1935 829.401   1170101 0   87  406   51  238 0.519  40.0 203.4  30.1 -22.7
1935 829.401   1170202 0    6   17   13   34 0.965 245.5 296.7 -21.4  70.6
1935 829.401   1170301 0   31  161   69  356 0.973  71.4 147.7  19.7 -78.4
1935 829.401  10960600 0    4   19   30  128 0.997 242.6 307.1 -26.4  81.0
1935 830.410   1170101 0   72  347   40  192 0.426  21.7 202.3  30.4 -10.5
1935 830.410   1170301 0   54  324   65  385 0.905  71.5 147.0  19.8 -65.8
1935 830.410   1170401 0    0    8    0   40 0.993  64.1 126.6  26.4 -86.2
1935 831.345   1170101 0   69  280   38  153 0.399 356.3 202.1  30.7   1.7
1935 831.345   1170301 0   67  425   56  352 0.795  70.2 147.6  20.1 -52.8
1935 831.345   1170401 0    4   29    8   51 0.956  64.3 126.0  26.6 -74.4
1935 831.345   1170501 9    1    9    1    7 0.727 165.3 186.9 -37.7 -13.5
1935 9 1.381   1170101 0   37  250   21  141 0.456 331.8 201.3  30.7  14.5
1935 9 1.381   1170301 0  105  469   69  308 0.646  67.6 147.4  19.9 -39.4
1935 9 1.381   1170401 0    6   26    7   28 0.877  63.6 125.4  26.6 -61.4
1935 9 2.419   1170101 0   26  145   16   89 0.574 316.4 200.5  31.0  27.5
1935 9 2.419   1170301 0  119  622   68  353 0.469  60.0 147.4  20.1 -25.6
1935 9 2.419   1170401 0    9   38    7   30 0.763  60.9 124.7  26.7 -48.3
1935 9 2.419   1170602 2    6   25    5   20 0.769 233.5 214.8 -21.9  41.8
1935 9 3.340   1170101 0   27  127   19   88 0.685 308.8 199.5  31.2  38.6
1935 9 3.340   1170301 0  146  726   77  383 0.317  44.1 147.3  20.2 -13.6
1935 9 3.340   1170401 2   13   52    9   34 0.640  56.8 124.2  26.4 -36.7
1935 9 3.340   1170501 9    5   11    4    9 0.765 202.7 183.0 -38.2  22.1
1935 9 3.340   1170602 2    4   13    5   14 0.867 239.8 214.7 -21.7  53.8
1935 9 4.616   1170101 0   17  125   16  114 0.832 303.2 198.7  31.5  54.7
1935 9 4.616   1170301 0  130  634   67  326 0.228 348.0 146.9  20.1   2.9
1935 9 4.616   1170401 2   12   22    7   13 0.471  42.9 122.9  27.0 -21.1
1935 9 4.616   1170501 9    7   17    7   16 0.840 214.2 181.0 -38.4  37.0
1935 9 4.616   1170702 4   26  128   15   73 0.469 309.7 167.3  24.1  23.3
1935 9 5.344   1170101 2   15  118   18  134 0.895 302.0 197.7  31.8  63.3
1935 9 5.344   1170301 0  116  624   61  328 0.301 318.8 146.6  20.2  12.2
1935 9 5.344   1170401 2   11   33    6   18 0.379  27.8 123.0  26.7 -11.4
1935 9 5.344   1170702 4   16   56   10   35 0.583 302.1 167.2  24.2  32.8
1935 9 6.335   1170101 2   10   42   20   79 0.963 300.8 197.3  31.5  76.0
1935 9 6.335   1170301 0  108  560   61  316 0.461 300.7 146.3  20.2  25.0
1935 9 6.335   1170702 4   52  205   38  150 0.725 296.4 166.6  24.0  45.3
1935 9 6.335   1170802 9   39  130   20   67 0.216  16.0 117.7  19.2  -3.6
1935 9 7.331   1170301 0  104  502   67  323 0.625 293.3 145.9  20.1  37.7
1935 9 7.331   1170702 4   63  267   61  255 0.849 293.7 166.5  23.9  58.3
1935 9 7.331   1170802 9   36   84   19   44 0.269 321.6 118.4  19.3  10.2
1935 9 8.383   1170301 0   77  426   62  342 0.779 290.1 145.5  20.2  51.2
1935 9 8.383   1170702 4   23  102   36  156 0.944 292.8 166.4  23.9  72.1
1935 9 8.383   1170802 9    3   24    2   14 0.452 299.8 118.9  19.6  24.6
1935 9 8.383   1170902 5   58  283   40  193 0.679 235.6 130.1 -16.7  35.8
1935 9 9.489   1170301 0   53  255   64  303 0.905 289.0 145.5  20.2  65.8
1935 9 9.489   1170401 9    7   23    5   17 0.710 299.2 123.1  25.6  43.4
1935 9 9.489   1170702 4    8   31   31  110 0.990 294.4 163.9  25.1  84.2
1935 9 9.489   1170902 5   80  436   73  398 0.835 244.6 131.6 -16.6  51.9
1935 9 9.489   1171001 0   13   34   46  118 0.988  59.7 355.7  30.9 -84.0
1935 910.412   1170301 0   26  151   55  316 0.970 289.0 145.1  20.1  77.6
1935 910.412   1170902 5   52  313   72  429 0.929 249.0 132.3 -16.5  64.8
1935 910.412   1171001 0    8   71   14  115 0.949  59.1 354.6  31.5 -72.9
1935 911.380   1170902 5   29  183   83  516 0.984 251.5 131.5 -16.7  76.8
1935 911.380   1171001 0   14   78   15   83 0.879  58.0 353.8  31.5 -60.9
1935 912.377   1171001 0   18   44   15   36 0.784  55.1 352.6  31.5 -49.0
1935 912.377   1171102 4    6   13   12   24 0.957  63.9 327.0  27.0 -74.6
1935 912.377  10960700 0   15   23   11   17 0.720 291.0  87.2  20.1  45.7
1935 913.352   1171001 0    8   26    6   18 0.668  50.0 351.9  31.3 -36.8
1935 913.352   1171102 4    1    9    2   11 0.905  62.5 323.5  27.9 -65.2
1935 913.352  10960800 0   11   53    6   29 0.392  22.2  18.9  28.4  -9.7
1935 914.351   1171102 4   29  113   22   86 0.746  60.9 328.8  26.3 -46.7
1935 914.351   1171202 4    3   15    7   30 0.965 118.5 306.0 -25.1 -69.5
1935 914.351  10960900 0    5    9    3    5 0.348  31.1   4.0  24.4 -11.4
1935 915.366   1171102 4   45  159   29  101 0.608  54.3 328.5  26.8 -33.6
1935 915.366   1171202 4   20   72   24   83 0.898 122.5 305.3 -25.1 -56.8
1935 916.347   1171102 4   50  247   29  142 0.488  44.2 326.6  27.1 -22.5
1935 916.347   1171202 4   25  116   22  100 0.811 127.3 303.9 -24.5 -45.2
1935 917.520   1171102 4   20   98   11   53 0.363  20.2 325.5  27.0  -8.1
1935 917.520   1171202 4   44  224   31  155 0.688 136.9 302.6 -24.1 -31.0
1935 917.520   1171302 2    8   49   23  130 0.981  66.3 252.6  24.5 -81.0
1935 918.333   1171102 4   13   45    7   24 0.349 352.3 325.9  27.3   3.0
1935 918.333   1171202 4   38  130   24   82 0.598 149.3 303.3 -24.3 -19.6
1935 918.333   1171302 2   24  164   43  283 0.956  65.5 248.4  25.4 -74.5
1935 919.386   1171102 4    3   21    2   12 0.410 325.6 324.0  26.6  15.0
1935 919.386   1171202 4   21  139   13   83 0.548 168.8 302.2 -25.5  -6.8
1935 919.386   1171302 2   49  254   52  266 0.876  64.6 247.6  25.6 -61.4
1935 920.500   1171202 4    4   23    3   14 0.552 192.6 302.0 -25.6   7.7
1935 920.500   1171302 2   29  296   22  218 0.732  61.5 248.9  25.5 -45.4
1935 921.413   1171202 4    4   27    3   17 0.595 207.0 299.7 -25.3  17.4
1935 921.413   1171302 2   33  253   21  157 0.586  56.2 249.8  25.0 -32.5
1935 922.618   1171302 2   62  274   34  150 0.399  39.4 250.1  24.7 -16.2
1935 922.618   1171402 6   21  107   11   56 0.272 322.9 276.3  19.4  10.0
1935 923.342   1171302 2   39  295   21  157 0.339  22.1 248.7  25.2  -8.1
1935 923.342   1171402 6   58  257   32  140 0.391 303.5 277.0  19.0  20.2
1935 923.342   1171502 4   13   64    7   34 0.294 335.4 264.4  22.4   7.6
1935 924.357   1171302 2   64  283   34  150 0.324 342.1 249.7  24.8   6.3
1935 924.357   1171402 6  145  926   90  571 0.583 292.1 278.1  18.4  34.7
1935 924.357   1171502 4   46  150   26   85 0.459 309.1 266.2  23.2  22.8
1935 924.357   1171605 4   10   64   10   61 0.847 298.8 300.6  28.0  57.2
1935 924.357   1171702 5    2    3    3    5 0.927 119.4 181.3 -24.0 -62.1
1935 925.342   1171302 2   61  363   34  202 0.435 317.1 249.5  25.1  19.1
1935 925.342   1171402 6  109  568   82  426 0.743 287.9 278.4  17.9  48.0
1935 925.342   1171502 4   28  113   18   72 0.617 298.5 266.4  22.7  36.0
1935 925.342   1171605 4   16   88   26  140 0.948 296.1 303.0  26.9  72.6
1935 925.342   1171702 5   30  128   30  126 0.857 125.3 179.6 -25.5 -50.8
1935 926.416   1171302 2   84  353   53  222 0.603 303.6 249.9  25.2  33.7
1935 926.416   1171402 6   45  296   49  317 0.882 287.0 278.8  18.2  62.6
1935 926.416   1171502 4   31  129   24   99 0.754 294.7 264.3  23.0  48.1
1935 926.416   1171702 5   70  344   53  260 0.746 133.2 179.2 -25.3 -37.0
1935 926.416   1171802 9   12   26   15   32 0.907 119.3 157.0 -23.0 -59.2
1935 926.416   1171901 9   17   74   32  137 0.960  69.9 141.0  21.2 -75.2
1935 926.416   1172001 0    8   44   43  225 0.994 109.4 135.0 -18.4 -81.2
1935 927.495   1171302 2   21  146   17  113 0.761 297.4 250.3  25.1  48.3
1935 927.495   1171402 6   21  122   47  266 0.972 286.8 279.8  17.9  77.8
1935 927.495   1171502 4   69  378   82  447 0.904 292.5 267.4  23.2  65.4
1935 927.495   1171702 5   57  400   37  260 0.633 145.9 178.9 -25.4 -23.1
1935 927.495   1171802 9   15   52   13   45 0.806 125.3 156.3 -23.1 -45.7
1935 927.495   1171901 0   18  114   19  119 0.874  69.3 140.6  21.4 -61.4
1935 927.495   1172001 0   17  119   29  194 0.949 112.4 134.0 -18.8 -68.0
1935 928.459   1171302 2   12   37   13   39 0.875 293.9 250.6  24.1  61.3
1935 928.459   1171502 4   79  336  160  680 0.969 292.2 266.5  23.1  77.2
1935 928.459   1171702 5   47  203   29  123 0.559 163.4 179.1 -25.8 -10.2
1935 928.459   1171802 9   15   61   11   44 0.710 133.0 154.8 -23.5 -34.5
1935 928.459   1171901 0   18  147   14  114 0.759  67.4 140.5  21.5 -48.8
1935 928.459   1172001 0   30  192   31  195 0.867 116.3 134.1 -18.8 -55.2
1935 928.459   1172102 4    7   18    5   12 0.615  52.8 155.8  27.5 -33.5
1935 929.621   1171302 2    2   10    4   20 0.961 293.7 249.3  24.6  75.4
1935 929.621   1171502 4    0    8    0   66 0.999 293.7 263.5  23.9  89.6
1935 929.621   1171702 5   25   98   15   59 0.542 185.1 177.0 -26.0   3.1
1935 929.621   1171802 9    9   64    6   41 0.609 146.4 152.2 -24.3 -21.7
1935 929.621   1171901 1   38  166   24  103 0.589  62.1 139.9  21.6 -34.0
1935 929.621   1172001 2   40  243   30  179 0.730 123.7 134.0 -18.8 -39.9
1935 929.621   1172102 4   12   96    7   54 0.456  37.7 155.6  27.5 -18.3
1935 929.621   1172202 0    4   12    3    9 0.731  76.5 126.7  14.4 -47.2
1935 929.621   1172302 4    9   21    7   16 0.744  66.7 126.5  21.7 -47.4
1935 929.621   1172402 4    2   12    3   17 0.925 112.1 109.9 -17.5 -64.0
1935 930.399   1171702 5   13   39    8   24 0.573 200.9 176.8 -25.9  13.1
1935 930.399   1171802 9    8   33    5   20 0.554 158.3 150.7 -24.5 -13.0
1935 930.399   1171901 0   26  114   15   65 0.467  54.1 139.6  22.0 -24.1
1935 930.399   1172001 0   54  298   35  192 0.627 131.4 133.9 -18.8 -29.8
1935 930.399   1172102 4   13   39    7   21 0.368  17.9 156.4  27.1  -7.3
1935 930.399   1172302 4    6   26    4   17 0.637  63.7 125.8  21.7 -37.9
1935 930.399   1172402 4    6   33    7   34 0.866 116.2 108.6 -18.8 -55.1
1935 930.399   1172502 4    0    3    0   12 0.986 106.0  85.3 -14.5 -78.4
193510 1.330   1171702 5   22  100   15   67 0.658 217.9 178.0 -25.4  26.6
193510 1.330   1171802 9    1    8    1    5 0.526 177.9 150.2 -25.1  -1.2
193510 1.330   1171901 0   15   97    8   52 0.335  35.8 139.2  22.2 -12.2
193510 1.330   1172001 0   44  322   26  188 0.511 145.7 133.7 -18.7 -17.7
193510 1.330   1172102 4    3   18    2   10 0.353 347.3 156.4  26.7   5.0
193510 1.330   1172202 4   10   31    6   17 0.401  70.2 128.5  13.9 -22.9
193510 1.330   1172302 4   10   24    6   14 0.477  56.2 126.2  21.4 -25.2
193510 1.330   1172402 4   15   44   11   32 0.713 121.3 111.9 -16.7 -39.5
193510 1.330   1172502 4   28  123   49  215 0.957 109.6  81.3 -16.6 -70.1
193510 1.330  10970100 0    7   21    4   11 0.219 323.6 159.1  16.7   7.8
193510 2.336   1171702 5   10   58    8   45 0.757 228.2 176.7 -25.3  38.6
193510 2.336   1171802 9    6   36    4   22 0.554 200.0 150.2 -25.0  12.1
193510 2.336   1171901 1   28  150   15   79 0.303   0.3 138.0  24.2  -0.1
193510 2.336   1172001 0   71  359   40  200 0.436 170.2 133.6 -18.9  -4.5
193510 2.336   1172202 4   27  113   14   58 0.202  48.1 129.2  14.2  -8.9
193510 2.336   1172302 4    9   49    5   26 0.329  36.2 126.0  21.8 -12.1
193510 2.336   1172402 4   12   58    8   36 0.588 131.1 110.5 -17.0 -27.6
193510 2.336   1172502 4   63  398   68  424 0.880 112.5  80.2 -16.3 -57.9
193510 3.332   1171702 5    3   30    4   32 0.877 237.0 179.2 -24.9  54.2
193510 3.332   1171901 0   24   82   13   44 0.356 322.8 138.5  22.8  13.5
193510 3.332   1172001 0   62  320   35  180 0.454 198.4 133.7 -19.1   8.7
193510 3.332   1172202 4   13   85    7   43 0.143 330.2 129.2  13.6   4.2
193510 3.332   1172302 4    3    9    2    5 0.263 350.7 127.6  21.5   2.6
193510 3.332   1172402 4   21  102   12   58 0.472 148.7 110.1 -17.5 -14.9
193510 3.332   1172502 4   80  412   61  314 0.750 118.5  81.6 -16.3 -43.4
193510 4.367   1171901 0   17   58   10   34 0.511 305.7 138.1  23.1  26.8
193510 4.367   1172001 0   56  306   34  185 0.556 220.5 133.8 -19.1  22.5
193510 4.367   1172202 4  111  326   59  173 0.335 293.9 129.7  13.9  18.4
193510 4.367   1172402 4   10   39    6   22 0.439 170.1 106.7 -19.2  -4.6
193510 4.367   1172502 4   51  321   32  198 0.579 128.1  83.1 -15.3 -28.2
193510 4.367   1172601 0    3   12   15   50 0.991 109.6  31.5 -18.4 -79.8
193510 5.410   1171901 0   16   44   11   30 0.672 297.7 137.9  23.1  40.3
193510 5.410   1172001 0   45  254   32  178 0.695 233.5 133.9 -19.3  36.3
193510 5.410   1172202 4   42  235   25  140 0.539 285.7 129.9  13.8  32.3
193510 5.410   1172402 4    1    8    1    5 0.457 202.2 108.1 -18.8  10.5
193510 5.410   1172502 4   64  285   36  159 0.437 148.9  84.0 -15.8 -13.6
193510 5.410   1172601 2   10   32   16   49 0.941 112.7  31.0 -18.9 -66.6
193510 5.410   1172702 4    1    7    1    4 0.463 178.6  96.9 -21.2  -0.7
193510 6.442   1171901 0    9   22    8   19 0.811 294.1 137.5  23.2  53.6
193510 6.442   1172001 0   36  176   32  157 0.823 241.0 133.7 -19.5  49.8
193510 6.442   1172202 4   22   93   16   67 0.710 283.2 129.3  13.8  45.4
193510 6.442   1172402 4    1    3    1    2 0.569 229.0 110.5 -16.3  26.6
193510 6.442   1172502 4   46  207   25  112 0.375 177.4  82.9 -15.7  -1.0
193510 6.442   1172601 2   14   63   14   60 0.844 117.0  31.3 -18.8 -52.6
193510 6.442   1172702 4   10   30    6   18 0.518 206.5  98.3 -21.5  14.4
193510 7.470   1171901 0    7   17    9   22 0.913 292.6 136.9  23.2  66.5
193510 7.470   1172001 0   22  121   29  160 0.923 245.5 133.6 -19.8  63.2
193510 7.470   1172202 4    8   29    8   29 0.860 282.7 130.3  14.1  59.9
193510 7.470   1172502 4   12   45    7   25 0.427 207.2  82.1 -16.2  11.7
193510 7.470   1172601 0    8   29    6   21 0.712 124.0  31.9 -18.6 -38.5
193510 7.470   1172702 4   28  102   18   65 0.611 222.1  96.5 -21.4  26.1
193510 8.615   1172001 0    8   60   28  195 0.987 248.7 133.1 -19.8  77.9
193510 8.615   1172202 4    2    8    5   21 0.976 283.0 133.8  14.0  78.6
193510 8.615   1172502 4    3    8    2    5 0.574 230.4  82.6 -16.0  27.4
193510 8.615   1172601 0    8   48    5   29 0.557 137.3  31.7 -18.5 -23.5
193510 8.615   1172702 4   15   61   12   47 0.757 234.2  96.6 -21.7  41.4
193510 9.531   1172601 0    7   24    4   14 0.456 155.8  31.8 -18.6 -11.4
19351010.397   1172802 4    1    8    6   28 0.987 114.1 314.4 -22.6 -77.4
19351010.397   1172901 0    3   21   11   60 0.983  70.0 310.7  20.7 -81.1
19351011.382   1172802 4   17   73   27  115 0.945 117.2 312.5 -23.3 -66.3
19351011.382   1172901 1   10   42   15   58 0.930  70.2 309.7  20.6 -69.1
19351011.382   1173001 0    8   56   18  115 0.968  64.8 302.0  25.9 -76.8
19351012.385   1172802 4   26  177   27  180 0.867 121.4 311.7 -23.5 -53.8
19351012.385   1172901 0    8   26    8   24 0.826  68.9 310.0  20.7 -55.5
19351012.385   1173001 0   13   48   15   55 0.897  64.1 301.8  25.8 -63.7
19351012.385   1173101 9   70  167   36   86 0.236  17.5   1.2  18.9  -4.3
19351013.377   1172802 4   25   95   20   75 0.768 127.8 310.9 -23.8 -41.5
19351013.377   1172901 0    8   17    6   12 0.697  66.4 309.4  20.5 -43.0
19351013.377   1173001 0    8   47    7   39 0.794  62.1 301.3  25.6 -51.1
19351013.377   1173101 9   23   84   12   44 0.263 329.1   0.6  18.8   8.2
19351013.377   1173202 4   14   77    8   42 0.400  42.3 335.4  22.8 -17.0
19351013.377   1173301 0   12   71   34  189 0.981  67.0 272.0  23.6 -80.4
19351014.496   1172802 4   21  133   14   88 0.645 139.3 310.2 -24.2 -27.5
19351014.496   1172901 1   13   66    8   39 0.518  58.1 309.6  21.0 -28.1
19351014.496   1173001 0    9   27    6   18 0.648  56.7 300.8  25.5 -36.9
19351014.496   1173101 9    8   21    5   12 0.481 297.9   4.3  18.2  26.6
19351014.496   1173202 4   44  287   23  150 0.287   4.5 336.3  22.4  -1.4
19351014.496   1173301 0   21  165   26  204 0.912  66.8 271.6  23.5 -66.1
19351015.411   1172802 4   38  136   23   82 0.554 154.1 310.2 -24.4 -15.4
19351015.411   1172901 0    9   20    5   11 0.372  44.0 309.5  21.0 -16.1
19351015.411   1173101 9    6   21    4   14 0.650 291.3   5.2  18.1  39.6
19351015.411   1173202 4   56  248   30  132 0.335 329.1 336.3  22.3  10.7
19351015.411   1173301 0   50  251   45  223 0.825  64.8 270.9  23.9 -54.7
19351015.411   1173402 6   12   66   24  124 0.962  67.9 250.4  22.8 -75.2
19351015.411   1173501 0    3   10    8   22 0.969  77.5 248.9  13.5 -76.7
19351016.415   1172802 4   10   55    6   32 0.499 175.2 309.8 -24.2  -2.6
19351016.415   1172901 1    7   30    4   16 0.297  15.8 307.4  22.2  -5.0
19351016.415   1173101 9    9   26    8   22 0.802 288.9   5.5  18.5  53.1
19351016.415   1173202 4   89  423   52  245 0.501 307.4 338.0  22.8  25.6
19351016.415   1173301 0   12  330    9  231 0.699  61.0 270.4  24.0 -42.0
19351016.415   1173402 6   13   57   14   62 0.884  67.5 250.3  22.5 -62.1
19351016.415   1173501 0   11   50   12   55 0.885  77.6 249.6  13.6 -62.8
19351017.376   1172802 4    6   18    4   11 0.525 197.7 310.0 -24.6  10.1
19351017.376   1173202 4   62  306   41  201 0.646 298.9 337.7  22.6  37.8
19351017.376   1173301 0   71  309   43  187 0.562  54.2 270.0  24.0 -29.9
19351017.376   1173402 6   70  364   55  283 0.763  65.6 251.3  22.1 -48.6
19351017.376   1173501 2    8   24    7   19 0.768  76.4 249.6  14.0 -50.3
19351017.376   1173602 6   22   70   13   41 0.498 213.0 316.6 -19.4  16.7
19351017.376   1173705 9   13   57    7   31 0.369 356.1 301.5  27.1   1.6
19351017.376   1173802 4   12   41    7   23 0.424 171.7 296.2 -19.3  -3.7
19351017.376   1173905 9    9   18    5   10 0.340  36.7 287.3  21.2 -12.6
19351017.376   1174001 5    4   10    8   21 0.967  69.7 223.6  21.0 -76.3
19351018.475   1173202 4   79  430   67  364 0.804 294.3 337.8  22.7  52.6
19351018.475   1173301 0   60  294   33  161 0.403  38.6 269.3  23.6 -15.9
19351018.475   1173402 6  147  763   91  471 0.585  59.2 252.4  22.0 -32.8
19351018.475   1173602 6   44  169   29  111 0.644 229.5 316.6 -20.1  31.4
19351018.475   1173705 9    1    3    1    2 0.394 332.1 297.0  25.7  11.8
19351018.475   1173802 4   56  140   32   79 0.457 200.9 295.2 -19.9  10.0
19351018.475   1173905 9    1    3    1    2 0.283 352.1 287.6  21.7   2.4
19351018.475   1174001 5    7   17    7   17 0.850  68.9 227.2  20.8 -58.0
19351019.375   1173202 4   45  299   56  365 0.911 292.4 339.1  22.6  65.8
19351019.375   1173301 0   56  297   30  157 0.321  12.9 268.8  23.6  -4.5
19351019.375   1173402 6  180 1230  101  688 0.446  47.3 252.5  22.6 -20.8
19351019.375   1173602 6   40  187   32  149 0.773 238.7 317.9 -19.9  44.6
19351019.375   1173802 4   39   99   24   60 0.555 219.8 295.6 -20.3  22.3
19351019.375   1174001 5   11   53    9   40 0.745  67.6 226.1  20.2 -47.2
19351019.375   1174102 2    4   20    5   24 0.905 112.0 211.8 -17.3 -61.5
19351019.375   1174202 5    1    3   10   19 0.994  72.4 187.9  18.0 -85.4
19351020.483   1173202 4   18   84   55  253 0.986 292.1 340.3  22.6  81.6
19351020.483   1173301 0   56  299   30  160 0.350 333.8 268.4  23.5   9.7
19351020.483   1173402 6  217 1097  114  576 0.306  21.1 251.9  21.8  -6.8
19351020.483   1173602 6   17  112   21  137 0.910 246.2 320.5 -19.1  61.8
19351020.483   1173705 9    1   11    1    8 0.687 303.6 298.4  26.4  39.7
19351020.483   1173802 4   17   46   12   32 0.690 233.2 294.8 -20.2  36.1
19351020.483   1174001 5   45  177   27  106 0.549  61.9 227.8  19.5 -30.9
19351020.483   1174102 2   15   48   13   42 0.810 116.6 209.1 -17.9 -49.6
19351020.483   1174202 5   13   49   23   83 0.954  69.4 185.4  21.2 -73.3
19351020.483   1174302 9    3   14   12   45 0.987  73.3 176.9  17.3 -81.8
19351021.400   1173301 0   53  290   30  164 0.463 313.7 268.0  23.5  21.4
19351021.400   1173402 6  197  988  104  520 0.313 342.3 252.5  22.5   5.9
19351021.400   1173602 0    6   49   16  130 0.978 250.5 322.3 -17.9  75.7
19351021.400   1173802 4    8   26    7   22 0.798 239.9 293.9 -20.1  47.3
19351021.400   1174001 5   42  233   23  127 0.394  50.0 227.9  19.6 -18.7
19351021.400   1174102 2   13   30    9   21 0.682 122.4 209.5 -17.3 -37.1
19351021.400   1174202 5   20   52   21   53 0.867  68.8 186.7  20.9 -59.9
19351021.400   1174302 9   15   55   22   82 0.938  73.5 176.2  17.3 -70.4
19351021.400  10980100 0    3   12    2    7 0.446  26.5 233.5  28.6 -13.1
19351022.599   1173301 0   45  259   30  170 0.645 301.2 267.8  23.6  37.0
19351022.599   1173402 6  184  876  104  493 0.458 310.4 252.9  22.0  22.1
19351022.599   1173802 4    0    6    0    9 0.921 244.4 293.8 -21.2  63.0
19351022.599   1174001 0   21  151   11   78 0.250 359.6 230.9  19.6   0.1
19351022.599   1174102 2    3   22    2   13 0.522 136.6 208.7 -17.6 -22.1
19351022.599   1174202 5   53  275   37  191 0.691  65.7 188.6  20.3 -42.2
19351022.599   1174302 9   64  410   56  355 0.815  72.0 176.4  17.6 -54.4
19351023.382   1173301 0   28  188   22  143 0.751 297.1 267.3  23.5  46.8
19351023.382   1173402 6  185  869  114  533 0.579 302.0 252.5  22.1  32.0
19351023.382   1174001 0   17  108    9   57 0.305 326.1 230.9  19.6  10.4
19351023.382   1174202 5   81  364   50  223 0.576  60.9 188.0  20.5 -32.5
19351023.382   1174302 9   73  535   53  385 0.717  69.8 175.5  17.9 -45.0
19351024.504   1173301 0   21  114   23  122 0.883 294.3 267.2  23.7  61.5
19351024.504   1173402 6  139  613  111  488 0.777 294.9 255.3  22.3  49.6
19351024.504   1174001 0   15   80    9   46 0.483 303.3 231.1  19.8  25.4
19351024.504   1174202 5  104  763   57  418 0.408  46.2 187.3  21.1 -18.4
19351024.504   1174302 9   84  622   50  368 0.531  63.1 175.8  18.2 -29.9
19351024.504   1174401 0    3    6    9   15 0.974 110.8 131.5 -19.0 -74.2
19351025.379   1173301 0   12   70   21  116 0.952 293.4 266.8  23.7  72.7
19351025.379   1173402 6   80  520   86  557 0.883 292.9 255.7  22.4  61.6
19351025.379   1174001 0   12   55    8   36 0.628 295.6 231.1  19.6  37.0
19351025.379   1174202 5  123  908   65  477 0.307  23.0 186.7  21.2  -7.4
19351025.379   1174302 9   92  681   50  370 0.392  52.0 175.1  18.5 -19.0
19351025.379   1174401 0    2    8    3   11 0.917 113.3 131.1 -19.1 -63.0
19351025.379   1174501 9    3    8    6   14 0.948  74.1 122.1  16.6 -72.0
19351026.390   1173402 0   30  173   62  352 0.968 291.9 257.0  22.4  76.2
19351026.390   1174001 1   13   57   10   43 0.742 292.3 227.6  19.6  46.8
19351026.390   1174202 5  124  786   65  412 0.299 342.6 186.3  21.3   5.5
19351026.390   1174302 9   89  555   46  287 0.253  20.7 175.4  18.4  -5.4
19351026.390   1174401 0    2    3    2    3 0.816 117.7 130.8 -19.3 -50.0
19351026.390   1174501 9    5   12    6   13 0.870  73.6 120.3  16.6 -60.5
19351027.392   1174001 0    3   16    4   19 0.896 289.6 231.2  19.6  63.6
19351027.392   1174202 5  131  893   72  489 0.407 315.6 185.4  21.3  17.8
19351027.392   1174302 9   94  516   49  268 0.269 331.8 175.3  18.3   7.7
19351027.392   1174501 9    4   12    3    9 0.724  77.3 121.3  12.4 -46.3
19351028.492   1174202 5   89  618   55  382 0.585 300.1 185.9  20.9  32.8
19351028.492   1174302 9   91  519   51  289 0.438 304.1 175.6  18.4  22.5
19351029.477   1174202 5   69  392   52  294 0.742 294.3 186.5  20.9  46.4
19351029.477   1174302 9   49  327   31  206 0.606 294.5 175.6  18.2  35.5
19351030.493   1174202 5   30  239   31  244 0.870 292.0 186.6  21.2  59.9
19351030.493   1174302 9   43  229   34  179 0.766 290.2 175.9  18.2  49.2
19351031.407   1174202 5   17   97   28  152 0.946 290.7 186.0  20.9  71.4
19351031.407   1174302 9   41  168   43  175 0.874 288.5 175.4  18.2  60.8
193511 1.368   1174202 5   14   56   57  225 0.992 290.7 185.7  21.0  83.7
193511 1.368   1174302 9   10   85   19  151 0.958 288.1 175.8  18.5  73.8
193511 1.368   1174602 5    9   35    7   27 0.746 128.9  62.3 -24.8 -39.7
193511 2.347   1174602 5   52  288   34  187 0.633 138.9  61.8 -24.9 -27.3
193511 3.507   1174602 5   67  260   39  151 0.501 160.4  63.2 -24.3 -10.6
193511 3.507   1174702 4   13   72    7   38 0.306  53.0  59.2  14.4 -14.6
193511 3.507   1174802 5   57  369  133  848 0.975 119.9   0.6 -28.0 -73.2
193511 4.521   1174602 5   91  443   52  252 0.469 187.6  64.3 -23.9   3.9
193511 4.521   1174702 4   64  261   33  133 0.188   3.1  59.8  14.6  -0.6
193511 4.521   1174802 5  134 1010  190 1425 0.933 123.1 357.1 -29.0 -63.3
193511 5.423   1174602 5   74  469   44  276 0.520 206.8  63.4 -24.1  14.9
193511 5.423   1174702 4   65  303   34  158 0.284 313.6  60.8  14.9  12.3
193511 5.423   1174802 5  167 1214  166 1206 0.861 126.8 356.6 -28.8 -51.9
193511 6.381   1174602 5   71  307   46  198 0.624 223.5  63.9 -23.8  28.0
193511 6.381   1174702 4   74  408   42  230 0.458 295.5  61.2  14.6  25.3
193511 6.381   1174802 5  254 1488  198 1160 0.762 133.0 356.5 -28.6 -39.4
193511 7.401   1174602 5   36  292   28  225 0.756 234.8  64.7 -23.3  42.3
193511 7.401   1174702 4   59  228   39  150 0.645 288.6  61.6  14.6  39.2
193511 7.401   1174802 5  233 1350  156  902 0.660 143.2 355.6 -28.8 -26.8
193511 7.401   1174901 0   10   53   18   91 0.954 105.5 311.4 -13.7 -71.0
193511 7.401   1175002 5   29  156   62  334 0.971  68.9 305.8  21.3 -76.6
193511 8.378   1174602 0   33  226   34  228 0.865 240.3  64.5 -23.5  55.0
193511 8.378   1174702 4   38  165   32  138 0.798 285.5  62.0  14.4  52.5
193511 8.378   1174802 5  166 1404  102  863 0.576 156.3 354.2 -28.6 -15.3
193511 8.378   1174901 0   20   67   21   68 0.867 108.0 311.4 -13.8 -58.1
193511 8.378   1175002 5  113  649  140  801 0.913  67.8 304.1  21.6 -65.4
193511 9.501   1174602 0   17  116   30  196 0.953 244.5  64.0 -23.1  69.3
193511 9.501   1174702 4   17   69   25   96 0.932 284.6  63.6  14.8  68.9
193511 9.501   1174802 5  190 1282  113  759 0.529 179.8 354.6 -28.7  -0.1
193511 9.501   1174901 0   26  108   19   79 0.723 113.1 311.4 -14.1 -43.3
193511 9.501   1175002 5  194  868  160  713 0.792  64.9 304.2  21.7 -50.5
193511 9.501   1175101 4   19   48   19   46 0.851  61.3 298.6  26.0 -56.1
19351110.404   1174602 0    3   21   18   97 0.993 246.6  64.0 -22.8  81.2
19351110.404   1174702 4    8   27   26   82 0.985 284.4  63.4  14.7  80.6
19351110.404   1174802 5  134 1063   81  642 0.554 198.6 354.4 -28.6  11.6
19351110.404   1174901 0   11   84    7   52 0.572 119.9 312.1 -13.9 -30.7
19351110.404   1175002 5  215 1275  142  839 0.650  59.6 305.7  21.7 -37.1
19351110.404   1175101 4    9   26    7   20 0.748  57.2 298.3  26.2 -44.5
19351111.388   1174802 5  143  892   93  580 0.633 214.8 354.2 -28.6  24.3
19351111.388   1174901 1   17   69   10   39 0.441 122.7 307.7 -11.0 -22.2
19351111.388   1175002 5  258 1513  148  866 0.487  48.2 306.9  21.7 -23.0
19351111.388   1175101 4    9   22    6   14 0.614  49.3 298.7  26.2 -31.2
19351111.388   1175202 5   17   74   11   46 0.580 140.7 306.2 -23.9 -23.7
19351111.388   1175301 0   21  112   42  217 0.965  66.2 255.1  23.8 -74.8
19351112.405   1174802 5  172  737  129  551 0.739 225.3 353.4 -29.0  36.9
19351112.405   1174901 0   19   55   10   29 0.306 169.8 313.3 -14.6  -3.2
19351112.405   1175002 5  228 1290  122  690 0.355  24.1 307.5  21.8  -9.0
19351112.405   1175101 4    8   48    5   28 0.498  37.0 297.0  26.2 -19.5
19351112.405   1175202 5   22   96   13   55 0.479 161.1 306.7 -24.1  -9.8
19351112.405   1175301 0   33  186   37  209 0.893  64.6 254.5  23.9 -62.0
19351113.486   1174802 5   97  564   93  541 0.850 233.2 353.2 -28.9  51.0
19351113.486   1174901 1   18   41   10   22 0.352 211.2 313.1 -14.8  10.9
19351113.486   1175002 5  266 1278  141  676 0.327 347.7 306.5  21.4   4.3
19351113.486   1175101 4   12   43    7   24 0.405  10.9 297.3  26.2  -4.9
19351113.486   1175202 5  101  476   57  268 0.454 187.3 305.8 -24.0   3.6
19351113.486   1175301 0   45  239   36  190 0.775  61.4 254.2  23.7 -48.0
19351113.486   1175402 6   19   73   27  100 0.928  59.0 235.8  29.7 -66.4
19351114.392   1174802 5   52  299   72  408 0.928 237.1 353.2 -29.1  63.0
19351114.392   1174901 0   10   25    6   15 0.494 232.9 314.3 -14.9  24.1
19351114.392   1175002 5  207 1031  114  568 0.420 320.7 306.8  21.5  16.6
19351114.392   1175101 4    3   12    2    7 0.419 343.8 297.7  26.4   7.5
19351114.392   1175202 5  131  630   77  368 0.510 208.4 305.6 -24.1  15.4
19351114.392   1175301 0   52  279   35  185 0.653  56.0 254.0  23.6 -36.2
19351114.392   1175402 6   23   95   22   88 0.838  56.5 237.0  29.2 -53.2
19351114.392   1175501 0    8   25    7   20 0.769 307.0 335.1  29.5  44.9
19351114.392   1175602 6   13   42    9   29 0.676  64.9 249.9  18.7 -40.3
19351115.426   1174802 5   23  111   70  333 0.985 239.6 353.6 -29.3  77.0
19351115.426   1174901 1    7   19    5   13 0.669 243.6 315.0 -15.3  38.4
19351115.426   1175002 5  110  598   69  374 0.599 302.6 309.3  21.0  32.7
19351115.426   1175202 5  102  702   66  452 0.625 225.0 305.5 -24.0  28.9
19351115.426   1175301 0   53  311   31  180 0.503  43.7 254.3  23.7 -22.3
19351115.426   1175402 6   33  179   24  128 0.713  51.4 237.3  28.4 -39.3
19351115.426   1175501 0    0    1    0    2 0.879 300.5 335.5  27.8  58.9
19351115.426   1175602 6   49  159   29   93 0.517  56.6 249.5  18.8 -27.1
19351115.426   1175702 5   36  110   20   61 0.425 131.7 257.5 -14.0 -19.1
19351115.426   1175802 4   11   25   21   49 0.964 109.4 203.8 -17.9 -72.8
19351116.446   1174901 1    3    8    3    7 0.793 247.5 312.9 -16.1  49.7
19351116.446   1175002 5   98  502   74  378 0.746 296.1 309.0  20.9  45.8
19351116.446   1175202 5  113  822   87  632 0.754 234.2 305.4 -24.4  42.2
19351116.446   1175301 0   62  339   34  184 0.390  21.8 254.1  23.6  -9.1
19351116.446   1175402 6   72  284   45  176 0.587  41.2 237.1  28.4 -26.1
19351116.446   1175602 6  118  452   63  241 0.349  33.6 251.4  19.3 -11.8
19351116.446   1175702 5   21  112   11   59 0.292 164.5 258.6 -13.9  -4.6
19351116.446   1175802 4   15   60   17   66 0.884 111.6 203.5 -17.8 -59.7
19351116.446   1175901 0    8   21   22   53 0.979  68.8 185.0  21.2 -78.2
19351116.446   1176003 0    8   46   31  165 0.989 106.3 182.8 -15.7 -80.4
19351117.385   1175002 5   40  389   40  387 0.863 293.0 309.1  20.9  58.3
19351117.385   1175202 5  125  713  123  701 0.858 239.7 305.2 -24.3  54.4
19351117.385   1175301 0   48  334   26  179 0.362 352.1 253.9  23.3   3.1
19351117.385   1175402 6   66  308   38  177 0.495  26.6 236.2  28.5 -14.6
19351117.385   1175602 6  147  743   77  389 0.295 354.6 252.5  19.4   1.7
19351117.385   1175702 5   15   68    8   36 0.319 207.7 259.6 -14.1   8.8
19351117.385   1175802 4    7   37    6   29 0.761 116.0 204.9 -17.9 -45.9
19351117.385   1175901 0    7   33   10   43 0.920  68.5 184.6  20.7 -66.2
19351117.385   1176003 0   22  147   36  231 0.946 107.9 181.2 -16.1 -69.6
19351117.385  10990100 0   10   23    8   18 0.764 233.5 293.6 -25.3  42.8
19351117.385  10990200 0    4    8    3    6 0.716 301.1 292.7  23.4  41.9
19351118.401   1175002 5   26  228   43  370 0.950 291.2 308.8  20.8  71.4
19351118.401   1175202 5   44  425   67  645 0.942 243.2 304.8 -24.3  67.4
19351118.401   1175301 0   64  334   36  186 0.439 324.4 253.5  23.0  16.1
19351118.401   1175402 6  136  625   77  352 0.459   6.9 233.8  29.3  -3.6
19351118.401   1175602 6   92  630   50  342 0.389 319.9 252.8  19.4  15.4
19351118.401   1175702 0    5   33    3   19 0.479 235.1 261.3 -13.9  23.9
19351118.401   1175802 4    9   33    6   21 0.597 123.3 205.9 -17.3 -31.5
19351118.401   1175901 1   15   30   13   26 0.810  64.6 185.4  21.7 -52.0
19351118.401   1176003 0   29  228   29  223 0.856 110.7 180.8 -16.4 -56.6
19351119.430   1175002 5    7   27   35  127 0.994 290.9 308.0  21.0  84.1
19351119.430   1175202 5    1   12    5   33 0.980 245.2 300.4 -23.8  76.5
19351119.430   1175301 0   49  279   30  171 0.575 308.8 253.0  22.9  29.1
19351119.430   1175402 6   97  592   56  340 0.491 342.5 233.7  30.0   9.8
19351119.430   1175602 6   90  461   55  280 0.564 301.8 254.4  19.1  30.5
19351119.430   1175802 4   14   41    8   23 0.443 140.1 206.5 -17.9 -17.4
19351119.430   1175901 0   17   32   12   22 0.674  61.1 184.8  20.6 -39.1
19351119.430   1176003 0  142  630   96  425 0.667 115.7 185.4 -15.2 -38.5
19351120.428   1175301 0   37  206   27  148 0.718 300.3 252.9  22.7  42.2
19351120.428   1175402 2  113  547   70  338 0.587 325.2 233.6  30.6  22.9
19351120.428   1175602 6   60  277   44  203 0.728 294.7 255.1  19.1  44.4
19351120.428   1175802 4   14   54    8   29 0.353 164.2 204.9 -17.9  -5.8
19351120.428   1175901 0    8   29    5   17 0.519  52.0 184.8  20.4 -25.9
19351120.428   1176003 6  236 1542  135  882 0.480 125.5 186.9 -14.4 -23.8
19351121.420   1175301 0   38  171   35  157 0.837 295.8 252.2  22.4  54.6
19351121.420   1175402 2   90  524   63  364 0.694 314.0 232.9  30.3  35.3
19351121.420   1175602 0   39  221   39  219 0.862 291.0 255.9  19.0  58.3
19351121.420   1175802 4   11   36    6   20 0.375 205.9 207.5 -17.9   9.9
19351121.420   1175901 0    3   16    2    9 0.379  33.9 184.6  20.1 -13.0
19351121.420   1176003 6  275 1749  146  929 0.330 146.6 186.8 -14.2 -10.8
19351122.503   1175301 0   20   99   29  140 0.934 293.4 251.3  22.4  68.0
19351122.503   1175402 2   95  286   79  238 0.799 308.6 230.1  31.1  46.8
19351122.503   1175602 0   14   97   24  161 0.952 289.1 255.1  18.7  71.8
19351122.503   1175802 4    8   20    5   12 0.526 231.5 208.9 -17.6  25.6
19351122.503   1176003 6  268 1553  140  811 0.282 192.1 186.8 -14.3   3.5
19351122.503  10990300 0    5   27    3   15 0.361 154.7 174.0 -17.4  -9.3
19351122.503  10990400 0    0   12    0    7 0.378  27.2 172.6  21.3 -10.7
19351123.464   1175301 0    8   48   28  158 0.987 292.4 251.5  22.4  80.8
19351123.464   1175402 2   25  119   30  140 0.903 303.3 231.9  30.5  61.2
19351123.464   1176003 6  292 1834  159  996 0.386 223.7 186.7 -14.7  16.0
19351123.464   1176105 0    2    4    3    6 0.936 108.5 102.8 -16.7 -67.9
19351123.464  10990500 0    1    8    1    5 0.497 134.2 148.6 -18.8 -22.1
19351124.413   1175402 2    4   21    9   39 0.962 300.9 230.7  30.1  72.5
19351124.413   1175901 0    3   11    2    7 0.581 308.1 187.8  22.3  29.6
19351124.413   1176003 6  262 1920  156 1139 0.534 238.8 186.4 -14.8  28.2
19351124.413   1176105 0    2    4    2    4 0.834 111.2 103.9 -16.7 -54.3
19351125.416   1176003 6  173 1256  120  869 0.688 246.4 185.6 -15.0  40.7
19351125.416   1176201 0    7   41   15   80 0.965 114.3  72.1 -23.0 -72.8
19351126.439   1176003 6  130  832  121  772 0.839 250.7 186.7 -15.4  55.2
19351126.439   1176201 0   21   99   25  114 0.898 116.6  70.7 -23.1 -60.8
19351126.439   1176302 3   59  202   37  125 0.582 168.4 123.4 -33.6  -8.1
19351126.439   1176403 6   12   76   28  165 0.971 117.6  57.5 -26.4 -74.0
19351127.466   1176003 6   84  480  121  688 0.935 253.3 186.0 -15.2  68.1
19351127.466   1176201 0   25  125   21  103 0.789 120.8  70.4 -23.1 -47.5
19351127.466   1176302 3  104  511   64  314 0.576 185.8 121.9 -33.9   4.0
19351127.466   1176403 6   75  319   88  374 0.902 119.3  57.2 -25.7 -60.7
19351127.466  10990600 0    1    3    2    4 0.875 114.5  59.5 -20.7 -58.4
19351128.412   1176003 6   20  127   53  329 0.980 253.0 183.3 -16.5  77.8
19351128.412   1176201 0   25  148   17  100 0.668 127.1  70.1 -23.0 -35.4
19351128.412   1176302 3   81  510   52  325 0.613 202.4 121.8 -33.6  16.3
19351128.412   1176403 6  187  998  159  845 0.804 123.2  57.3 -25.5 -48.2
19351129.426   1176201 0   28  168   17  100 0.532 139.2  69.9 -23.0 -22.2
19351129.426   1176302 3   95  422   67  296 0.696 216.0 121.5 -33.6  29.4
19351129.426   1176403 6  385 2113  267 1464 0.688 128.8  55.9 -24.9 -36.2
19351130.470   1176201 0   21  153   12   85 0.426 161.4  69.8 -23.1  -8.5
19351130.470   1176302 3   50  279   41  228 0.786 224.0 119.5 -33.9  41.2
19351130.470   1176403 6  504 2936  305 1775 0.557 141.5  55.8 -25.2 -22.5
193512 1.477   1176201 0   34  169   19   93 0.411 190.3  69.7 -23.3   4.6
193512 1.477   1176302 3   38  184   42  202 0.886 230.7 120.8 -33.8  55.7
193512 1.477   1176403 6  661 3314  374 1873 0.461 160.9  55.5 -25.3  -9.6
193512 1.477   1176501 0   10   50   40  188 0.990 118.3 344.5 -27.9 -80.6
193512 2.413   1176201 0   38  162   22   93 0.482 213.7  69.6 -23.2  16.9
193512 2.413   1176302 3   16   53   26   82 0.943 233.1 118.7 -34.3  66.0
193512 2.413   1176403 6  740 3734  412 2077 0.432 186.5  55.8 -25.0   3.1
193512 2.413   1176501 0   30  165   51  279 0.953 119.4 342.9 -27.8 -69.8
193512 2.413  10990700 0    3   14    8   31 0.971 300.1 127.1  29.3  74.4
193512 3.407   1176201 0   25  104   16   66 0.609 228.7  69.5 -23.4  29.9
193512 3.407   1176403 6  588 3638  340 2102 0.495 208.1  54.6 -25.6  15.0
193512 3.407   1176501 0   39  184   42  197 0.880 122.0 342.2 -27.6 -57.4
193512 4.587   1176201 0   16   77   13   61 0.767 238.6  69.6 -23.4  45.5
193512 4.587   1176403 6  648 3698  419 2391 0.630 227.0  54.7 -25.3  30.6
193512 4.587   1176501 0   56  341   44  265 0.761 128.0 341.4 -27.8 -42.7
193512 4.587   1176605 2    3   12    2    7 0.496  23.2  11.4  27.3 -12.7
193512 5.437   1176201 0    9   39    9   39 0.862 242.7  69.4 -23.3  56.5
193512 5.437   1176403 6  518 3286  384 2435 0.733 234.6  54.2 -25.1  41.3
193512 5.437   1176501 0   77  443   52  297 0.660 134.7 340.9 -27.6 -32.0
193512 5.437   1176605 2    3    8    2    5 0.458   1.4  12.2  27.3  -0.7
193512 5.437   1176701 0    4   22    3   14 0.605 111.7 337.7 -12.9 -35.2
193512 5.437   1176801 0    7   29   10   42 0.934 117.5 306.3 -25.5 -66.6
193512 6.163   1176201 0    0   10    0   14 0.930 244.2  69.6 -23.9  66.3
193512 6.163   1176403 6  467 2584  409 2263 0.817 238.0  53.6 -25.7  50.3
193512 6.163   1176501 0   87  474   54  292 0.577 143.5 340.5 -27.7 -22.8
193512 6.163   1176701 0    8   31    5   18 0.464 118.6 338.6 -12.9 -24.7
193512 6.163   1176801 0    9   43   10   46 0.876 119.4 305.6 -25.5 -57.7
193512 6.163   1176902 6   35  163   86  401 0.978 112.6 286.3 -22.1 -77.0
193512 7.119   1176403 6  304 1804  371 2200 0.908 242.2  53.3 -25.2  62.6
193512 7.119   1176501 0   79  461   46  266 0.489 160.2 339.9 -27.6 -10.8
193512 7.119   1176801 0   11   41    9   33 0.773 123.9 305.3 -25.7 -45.4
193512 7.119   1176902 6   86  500  136  786 0.946 114.0 281.2 -22.7 -69.5
193512 7.119   1177102 4    5   25    3   13 0.146 184.1 351.3  -8.6   0.6
193512 8.413   1176403 6   69  638  189 1740 0.982 243.3  51.6 -26.2  77.9
193512 8.413   1176501 0   68  398   39  226 0.468 190.0 339.0 -27.8   5.3
193512 8.413   1176701 4   77  237   40  122 0.225 192.7 336.6 -13.0   2.9
193512 8.413   1176801 0    6   17    4   11 0.609 135.2 305.2 -25.9 -28.5
193512 8.413   1176902 6  170  872  159  813 0.841 117.6 279.6 -23.1 -54.1
193512 8.413   1177002 9    1    8    2    9 0.873 240.1  31.0 -26.0  57.3
193512 8.413   1177102 4   35  182   19   98 0.364 245.5 353.3  -9.0  19.6
193512 8.413   1177205 9    1    8    1    6 0.674  42.6 302.1  29.5 -31.6
193512 8.413   1177301 0    3   12   11   36 0.984  68.6 255.0  21.0 -78.7
193512 8.413  11000100 0    0    9    0    6 0.618 128.9 302.1 -23.1 -31.5
193512 9.448   1176501 0   64  329   38  195 0.530 211.2 338.0 -27.4  18.0
193512 9.448   1176701 4   61  329   33  177 0.363 233.9 337.5 -12.8  17.5
193512 9.448   1176801 0    8   24    5   14 0.493 150.8 304.5 -25.9 -15.5
193512 9.448   1176902 6  216 1190  154  845 0.706 122.0 279.7 -22.3 -40.3
193512 9.448   1177002 9   17   50   27   78 0.945 241.1  28.6 -27.3  68.6
193512 9.448   1177102 4   34  173   21  106 0.571 254.8 353.9  -9.0  33.9
193512 9.448   1177205 9    3   23    2   14 0.562  18.7 307.8  31.7 -12.2
193512 9.448   1177301 2    5   30    8   43 0.934  66.5 252.8  21.7 -67.2
19351210.111   1176501 0   60  348   38  220 0.604 220.9 337.8 -27.7  26.5
19351210.111   1176701 4   71  283   41  163 0.488 242.4 337.7 -13.6  26.4
19351210.111   1176801 0    7   16    4    9 0.446 166.0 304.4 -26.2  -6.9
19351210.111   1176902 6  281 1637  177 1031 0.604 127.9 280.3 -22.3 -31.0
19351210.111   1177002 9    3   21   10   54 0.979 242.4  28.3 -27.1  77.0
19351210.111   1177102 4   39  106   27   73 0.681 257.4 353.6  -9.0  42.3
19351210.111   1177301 0    8   20    8   20 0.861  65.0 254.6  21.0 -56.7
19351211.424   1176501 0   41  263   32  201 0.752 232.9 336.6 -27.5  42.6
19351211.424   1176701 4   67  262   49  192 0.726 251.9 339.2 -13.5  45.2
19351211.424   1176902 6  341 2144  193 1212 0.461 145.5 277.5 -23.0 -16.5
19351211.424   1177102 4   12   35   13   36 0.865 259.8 353.6  -9.2  59.6
19351211.424   1177301 0    8   25    6   18 0.704  58.2 254.1  21.2 -39.9
19351211.424   1177401 9    2    5    2    5 0.829 292.0 347.8  17.7  53.8
19351212.459   1176501 0   33  225   33  225 0.862 238.1 336.1 -27.6  55.7
19351212.459   1176701 4   64  229   67  240 0.875 255.5 340.8 -13.1  60.4
19351212.459   1176902 6  337 1911  184 1043 0.394 169.2 275.8 -23.6  -4.6
19351212.459   1177102 4    3   11    6   19 0.947 260.1 351.6  -9.6  71.2
19351212.459   1177301 0    1    8    1    5 0.553  47.4 254.5  21.2 -25.9
19351212.459   1177401 9   10   43   14   60 0.932 289.9 347.7  18.2  67.3
19351212.459   1177502 4    8   36   13   58 0.947 107.8 209.8 -17.1 -70.6
19351213.415   1176501 0   28  144   42  213 0.939 240.4 335.3 -28.0  67.6
19351213.415   1176701 4   28  161   46  264 0.951 255.9 339.3 -13.7  71.6
19351213.415   1176902 6  334 1853  183 1014 0.400 196.7 274.9 -23.5   7.2
19351213.415   1177401 9    5   24   14   58 0.976 289.4 344.1  18.7  76.4
19351213.415   1177502 4   36  154   38  159 0.871 108.7 208.2 -16.7 -59.5
19351213.415   1177601 0   52  179  107  364 0.968 104.2 192.5 -14.0 -75.2
19351214.365   1176501 0    5   34   16   96 0.983 241.9 333.8 -27.8  78.6
19351214.365   1176902 6  211 1493  122  863 0.496 220.5 275.7 -23.2  20.5
19351214.365   1177502 4   41  163   32  126 0.759 111.9 207.7 -17.2 -47.5
19351214.365   1177601 0   63  264   72  298 0.893 105.4 192.5 -14.2 -62.7
19351215.579   1176902 6  263 1222  172  797 0.638 233.7 273.2 -23.2  34.0
19351215.579   1177502 4   31  131   19   80 0.565 118.9 208.1 -16.9 -31.1
19351215.579   1177601 0  101  460   76  345 0.742 108.4 192.6 -14.4 -46.6
19351215.579   1177702 4   38  126   21   69 0.408  20.7 230.3  21.2  -8.9
19351215.579   1177801 0    1    8    2   11 0.914  67.2 175.3  20.2 -63.9
19351215.579   1177901 0    4   16    6   24 0.938  75.9 170.4  12.8 -68.8
19351216.442   1176902 6  178  978  137  750 0.754 239.5 273.0 -23.5  45.1
19351216.442   1177502 4   16   86    9   48 0.420 129.4 208.1 -16.7 -19.8
19351216.442   1177601 0   86  466   55  295 0.609 112.4 192.3 -14.5 -35.6
19351216.442   1177702 4   36  172   20   93 0.382 352.2 231.1  20.9   3.2
19351216.442   1177801 0    4   11    4   10 0.824  64.1 175.7  20.3 -52.2
19351216.442   1177901 0    2   11    2   11 0.862  73.7 169.7  13.3 -58.2
19351216.442   1178002 5    8   31   11   41 0.919 120.3 163.6 -28.2 -64.3
19351216.442  11000200 0    3   32    2   20 0.577 120.0 196.1 -17.9 -31.7
19351217.449   1176902 6  127  664  132  689 0.873 243.8 273.2 -23.4  58.6
19351217.449   1177502 4   24  103   13   54 0.294 153.4 206.7 -16.7  -7.9
19351217.449   1177601 0  104  566   58  315 0.435 122.0 192.2 -14.7 -22.4
19351217.449   1177702 4   28   74   16   42 0.463 323.4 231.7  20.4  17.1
19351217.449   1178002 5   52  174   46  154 0.821 123.7 163.9 -28.0 -50.7
19351218.496   1176902 6   45  345   84  632 0.960 246.6 273.8 -22.9  73.0
19351218.496   1177502 4    9   45    5   24 0.306 207.1 209.2 -17.4   8.4
19351218.496   1177601 0   88  540   46  281 0.272 146.6 191.9 -14.7  -8.9
19351218.496   1177702 4    9   21    6   14 0.625 307.3 233.0  20.9  32.2
19351218.496   1178002 5   46  220   32  151 0.679 131.4 165.6 -28.0 -35.2
19351219.530   1176902 6    9   89   27  252 0.983 246.0 266.4 -23.9  79.2
19351219.530   1177502 4    3   25    2   14 0.437 231.5 208.2 -17.4  21.0
19351219.530   1177601 0   92  532   48  275 0.246 198.7 191.9 -15.2   4.7
19351219.530   1178002 5   50  239   30  143 0.542 145.7 166.9 -28.2 -20.3
19351220.462   1177601 1  125  584   67  313 0.355 231.2 191.5 -14.6  16.6
19351220.462   1178002 5   51  281   29  159 0.457 164.8 167.1 -28.0  -7.8
19351221.131   1177601 1  105  546   60  311 0.474 240.9 191.5 -15.1  25.4
19351221.131   1178002 5   42  261   24  146 0.441 182.2 167.2 -28.1   1.1
19351221.131   1178101 2   19  190   35  340 0.959  75.1  93.6  13.7 -72.5
19351222.480   1177601 1   69  365   49  257 0.700 250.9 191.5 -14.8  43.2
19351222.480   1178002 5   47  322   28  189 0.518 212.4 166.6 -27.9  18.3
19351222.480   1178101 2   29  289   27  262 0.832  72.1  93.8  13.6 -54.5
19351222.480   1178202 4   13   34   10   26 0.748 302.4 191.3  22.1  43.0
19351223.125   1177601 1   50  318   42  264 0.795 252.4 191.6 -15.3  51.8
19351223.125   1178002 5   59  337   37  209 0.585 224.0 166.9 -26.9  27.1
19351223.125   1178101 2   63  318   48  241 0.750  69.5  93.5  13.7 -46.3
19351223.125   1178202 4    7   33    7   30 0.826 299.1 191.1  22.3  51.3
19351223.125   1178302 1   10   79   37  269 0.988 114.8  58.6 -24.8 -81.2
19351224.338   1177601 0   45  201   60  267 0.924 254.5 191.2 -15.2  67.3
19351224.338   1178002 5   49  195   38  149 0.750 233.8 167.2 -28.0  43.3
19351224.338   1178101 0   33  315   20  190 0.556  60.2  94.1  14.0 -29.8
19351224.338   1178202 4    0    7    0   12 0.947 293.9 192.7  21.7  68.8
19351224.338   1178302 1   37  459   50  616 0.926 115.1  57.2 -24.1 -66.7
19351224.338   1178402 1    7   42   23  124 0.984 120.4  44.5 -30.3 -79.4
19351225.381   1177601 0   11   73   35  219 0.985 255.0 190.5 -15.2  80.4
19351225.381   1178002 5   55  227   53  219 0.851 238.8 165.3 -27.6  55.2
19351225.381   1178101 0   42  344   23  187 0.392  43.7  93.9  14.1 -16.2
19351225.381   1178302 1   87  585   79  528 0.829 116.8  56.4 -23.4 -53.7
19351225.381   1178402 0   15  102   23  151 0.939 121.3  42.0 -30.1 -68.1
19351225.381   1178501 1   39  204   72  374 0.960 114.6  36.9 -24.3 -73.2
19351225.381   1178602 4    9   32   16   56 0.955  74.5  38.5  14.0 -71.6
19351226.390   1178002 5   51  290   73  412 0.934 241.6 164.5 -27.4  67.7
19351226.390   1178101 0   61  396   32  207 0.293  10.0  93.8  14.2  -3.0
19351226.390   1178302 1  124  681   88  482 0.702 122.7  56.4 -24.3 -40.4
19351226.390   1178402 0   28  132   28  130 0.858 124.2  41.5 -30.3 -55.3
19351226.390   1178501 1   70  337   75  361 0.881 116.3  36.7 -24.3 -60.1
19351226.390   1178602 4   18   65   18   63 0.853  72.0  40.1  13.9 -56.7
19351226.390  11000300 0    1    4    1    3 0.613 298.9 130.6  15.1  33.8
19351227.449   1178002 5   31  190   80  490 0.980 241.8 161.4 -28.2  78.5
19351227.449   1178101 0   62  282   33  150 0.341 327.8  93.7  14.1  10.8
19351227.449   1178302 1   99  614   60  370 0.553 132.5  56.3 -24.4 -26.6
19351227.449   1178402 0   33  196   25  147 0.741 129.1  41.3 -29.9 -41.6
19351227.449   1178501 1   89  461   69  356 0.757 119.8  36.9 -24.0 -46.0
19351227.449   1178602 4   12   28    9   20 0.712  67.4  40.3  13.9 -42.6
19351228.405   1178101 0   47  296   27  169 0.478 306.6  93.6  14.0  23.3
19351228.405   1178302 1   74  634   41  351 0.422 148.4  56.3 -23.8 -14.0
19351228.405   1178402 0   35  234   23  152 0.633 137.3  40.5 -30.2 -29.8
19351228.405   1178501 1  103  530   67  342 0.627 125.1  36.3 -23.5 -34.0
19351228.405   1178602 4   15   71    9   42 0.533  58.9  42.3  13.5 -28.0
19351228.405   1178701 0   12   38   21   64 0.953  69.5   0.0  18.6 -70.3
19351229.416   1178101 0   42  237   28  155 0.642 296.0  93.5  14.0  36.5
19351229.416   1178302 1   81  658   44  354 0.361 178.0  56.2 -24.1  -0.8
19351229.416   1178402 0   48  182   29  109 0.540 150.6  39.0 -30.9 -18.0
19351229.416   1178501 1  138  587   79  335 0.477 137.6  36.5 -23.4 -20.5
19351229.416   1178602 4    5   22    3   12 0.401  40.1  41.5  15.0 -15.5
19351229.416   1178701 0   16   97   17  100 0.873  66.6 359.2  18.7 -57.8
19351229.416   1178802 6   10   52   16   80 0.942 101.9 346.4 -12.2 -70.6
19351230.130   1178101 0   31  209   24  159 0.752 291.4  93.7  13.8  46.1
19351230.130   1178302 1   73  417   40  227 0.386 198.6  55.4 -24.5   7.8
19351230.130   1178402 0   48  279   28  161 0.490 163.8  38.4 -31.1  -9.2
19351230.130   1178501 1  115  581   63  317 0.394 153.2  36.4 -23.6 -11.2
19351230.130   1178701 0   15  107   13   89 0.794  63.8 358.9  18.5 -48.7
19351230.130   1178802 6   21  112   24  123 0.888 102.7 345.0 -12.7 -62.6
19351230.130  11000400 0    3    3    6    6 0.941 243.0 116.9 -26.4  69.4
19351230.130  11000500 0    2    6    2    6 0.864  67.3 350.7  17.8 -56.8
19351231.122   1178101 0   23  155   24  159 0.871 287.3  93.2  13.4  58.7
19351231.122   1178302 1   57  297   33  170 0.481 221.2  54.8 -24.2  20.3
19351231.122   1178402 0   47  208   27  119 0.477 185.9  37.8 -31.5   3.3
19351231.122   1178501 1  123  645   66  346 0.353 183.6  35.9 -23.8   1.4
19351231.122   1178602 0    7   33    4   18 0.298 356.4  35.6  14.1   1.1
19351231.122   1178701 0   22  133   15   89 0.662  57.1 358.6  18.5 -35.9
19351231.122   1178802 6  111  387   82  285 0.730 103.9 348.0 -12.3 -46.5
