1934 112.422   1156002 4    7   43    4   22 0.165 356.4 148.2   5.0   0.6
1934 113.419   1156002 4   28   96   15   50 0.269 305.4 147.2   4.5  12.7
1934 114.393   1156002 4    7   82    4   47 0.470 288.8 148.2   4.5  26.5
1934 115.442   1156002 4   51  150   35  103 0.679 282.1 149.7   4.6  41.8
1934 116.440   1156002 2   28  245   25  218 0.825 278.7 149.6   4.4  54.9
1934 117.427   1156002 2   35  199   55  308 0.945 276.6 152.0   4.6  70.3
1934 118.375   1156002 2   15   74   63  294 0.991 275.6 151.3   4.9  82.0
1934 129.415   1156102 1    3   12    6   20 0.946  53.9 220.4  31.4 -63.5
1934 130.426   1156102 1   22  101   21   95 0.845  49.5 223.2  29.3 -47.4
1934 131.536   1156102 1   44  229   33  171 0.740  40.0 222.9  29.5 -33.1
1934 2 1.513   1156102 1   22  117   15   77 0.644  26.7 223.7  29.3 -19.4
1934 2 2.448   1156102 0   35   75   22   47 0.593  10.3 223.8  29.5  -7.0
1934 2 3.420   1156102 0   17   38   11   24 0.586 352.2 223.2  29.2   5.2
1934 2 5.426   1156202 4   12   54    9   39 0.717 117.3 147.4 -23.9 -44.2
1934 2 6.448   1156202 4   14   61    9   38 0.577 123.8 146.4 -24.3 -31.7
1934 2 7.501   1156202 4   12   25    7   14 0.429 133.3 144.4 -23.3 -19.9
1934 2 7.501   1156302 9   23   68   26   77 0.894 305.4 219.7  27.6  55.4
1934 2 8.432   1156302 9   14   82   28  156 0.963 301.1 220.5  27.6  68.5
1934 2 8.432  10750100 0    1    7    1    4 0.112   1.8 151.8  -0.2  -0.2
1934 2 9.414   1156302 9    3   14   18   66 0.994 298.9 218.2  27.6  79.1
1934 2 9.414   1156401 0    8   47   25  132 0.983  81.0  60.7   7.6 -78.4
1934 210.415   1156401 0   14  133   19  172 0.921  79.0  60.2   7.4 -65.7
1934 211.394   1156401 0   31  193   27  167 0.813  75.9  60.3   7.4 -52.7
1934 212.620   1156401 0   34  183   22  118 0.625  70.1  60.6   6.8 -36.3
1934 213.421   1156401 0   31  183   18  105 0.486  62.8  60.5   6.7 -25.8
1934 214.386   1156401 0   37  202   20  107 0.322  43.5  60.7   6.8 -12.9
1934 214.386  10750200 0    3    8    2    5 0.519 223.8  97.7 -28.3  24.1
1934 215.605   1156401 1   40  178   21   92 0.235 346.4  60.8   6.3   3.2
1934 216.525   1156401 2   39  130   21   69 0.333 313.0  59.7   6.4  14.2
1934 217.573   1156401 2   33   84   20   50 0.537 294.1  61.3   6.6  29.6
1934 218.395   1156401 2   16   68   11   46 0.672 288.1  60.8   6.7  40.0
1934 219.482   1156401 2    8   19    8   18 0.834 282.6  61.5   6.5  55.0
1934 224.345   1156505 2    8   33    5   19 0.478 216.6 321.6 -29.4  19.1
1934 225.402   1156505 0    4   10    3    7 0.632 232.1 323.2 -28.8  34.7
1934 3 4.388  10760100 0    0    7    0    4 0.293  67.7 180.8  -0.6 -15.7
1934 3 6.421   1156601 1    2    7    6   23 0.986 116.5  86.9 -27.2 -82.8
1934 3 7.430   1156601 1    2    3    3    5 0.922 116.6  88.3 -27.3 -68.1
1934 3 7.430   1156702 4   17   49   10   29 0.511  85.0 125.7  -3.7 -30.7
1934 3 8.432   1156601 1    4   11    4   10 0.830 118.4  87.8 -27.5 -55.4
1934 3 8.432   1156702 4   19   57   10   30 0.284  77.4 127.1  -3.4 -16.1
1934 3 9.419   1156601 0    9   28    7   21 0.724 121.9  86.2 -27.8 -44.0
1934 3 9.419   1156702 4   37  161   19   81 0.072  22.7 128.6  -3.4  -1.6
1934 310.461   1156601 0    1    8    1    5 0.578 130.0  86.4 -28.1 -30.1
1934 310.461   1156702 4   27  154   14   79 0.206 287.1 127.9  -3.6  11.4
1934 311.488   1156601 0    1    6    1    4 0.489 142.1  82.8 -29.5 -20.2
1934 311.488   1156702 4    3   10    2    6 0.520 274.9 134.3  -3.6  31.3
1934 313.399  10760200 0    0    2    0    3 0.928 300.3 139.7  24.7  61.9
1934 317.472  10760300 0    1    3    2    4 0.895 299.4  81.6  22.4  57.5
1934 325.429   1156801 0    3    7    2    4 0.418 151.7 266.2 -28.2 -13.0
1934 326.601   1156801 0    3    9    2    5 0.359 186.9 266.5 -27.6   2.8
1934 327.434   1156905 0    3   12    6   21 0.950  56.2 188.0  29.2 -64.7
1934 328.445   1156905 0    1    8    2    9 0.877  51.6 187.6  29.0 -51.8
1934 329.348   1157002 9    3    9    2    5 0.359 207.7 238.1 -25.0  10.6
1934 330.415   1157002 9    1   10    1    6 0.506 230.3 238.8 -24.8  25.4
1934 4 1.393   1157102 4    3   16    2   10 0.546 359.0 187.9  26.7   0.6
1934 4 2.336   1157102 4   21  117   13   73 0.584 341.8 186.8  27.5  11.9
1934 4 3.443   1157102 4   26  143   18   97 0.671 325.3 185.9  27.8  25.6
1934 4 4.440   1157102 4    8   27    7   23 0.796 311.2 189.4  27.1  42.3
1934 4 5.383   1157102 4    3   10    4   12 0.887 305.0 189.4  27.1  54.7
1934 4 8.450  10770100 0    3    9    2    5 0.433 154.3  81.8 -28.8 -12.4
1934 414.354   1157201 0    4   14    7   26 0.957  60.2 308.3  26.4 -68.0
1934 415.380   1157201 1    5   22    6   25 0.888  56.3 307.0  26.6 -55.7
1934 415.380   1157302 6   51  335  161 1044 0.986 118.3 280.7 -28.8 -82.0
1934 416.412   1157201 1    8   25    7   21 0.788  49.8 306.8  26.7 -42.3
1934 416.412   1157302 6   92  810  133 1169 0.937 118.9 279.6 -28.9 -69.5
1934 417.526   1157201 0    4   13    3    9 0.656  37.7 307.7  26.6 -26.7
1934 417.526   1157302 6  173 1082  166 1034 0.851 121.1 277.9 -29.1 -56.5
1934 418.521   1157201 0    1    6    1    4 0.569  22.6 307.0  26.7 -14.2
1934 418.521   1157302 6  214 1185  160  886 0.741 125.4 277.4 -29.2 -43.8
1934 419.426   1157302 6  230 1160  147  741 0.621 132.2 277.6 -29.0 -31.7
1934 420.431   1157302 6  189 1223  109  705 0.497 145.2 277.1 -28.8 -18.9
1934 421.375   1157302 6  239 1303  132  717 0.419 166.3 277.0 -28.9  -6.5
1934 422.436   1157302 6  217 1200  120  662 0.423 197.0 277.6 -28.6   8.1
1934 423.349   1157302 6  182 1011  106  587 0.509 215.9 277.4 -28.8  19.9
1934 424.419   1157302 6  171  802  113  530 0.652 230.0 278.0 -28.6  34.7
1934 424.419  10780100 0    1    6    5   17 0.979 245.4 322.6 -25.0  79.3
1934 425.342   1157302 5  126  733   99  576 0.770 236.2 277.8 -28.5  46.7
1934 426.389   1157302 5   93  534   99  565 0.880 239.6 277.2 -28.7  59.9
1934 427.403   1157302 5   56  309   96  528 0.955 241.3 276.6 -28.7  72.7
1934 427.403   1157402 4   19   55   12   35 0.607 326.0 226.1  26.2  22.2
1934 427.403  10780200 0    1    3    1    2 0.224 283.2 216.5  -1.3  12.6
1934 428.337   1157302 5   19  115   88  527 0.994 241.4 276.8 -28.9  85.2
1934 428.337   1157402 4    2   19    2   14 0.709 313.8 226.3  25.9  34.7
1934 429.386   1157402 4    5    7    5    7 0.821 304.0 226.2  24.6  48.5
1934 5 1.482   1157402 4    5    8   12   21 0.976 297.5 223.9  25.7  73.9
1934 5 4.374   1157502 6   15   41    9   24 0.497 127.7  86.9 -21.0 -24.9
1934 5 5.360   1157502 6   41  203   22  108 0.341 151.6  88.7 -20.9 -10.0
1934 5 6.406   1157502 6   78  376   41  198 0.310 196.5  90.3 -20.7   5.4
1934 5 7.586   1157502 6   65  326   37  184 0.460 228.5  90.9 -20.8  21.6
1934 5 7.586   1157605 9    6   29    7   31 0.875 233.7 126.5 -33.0  57.2
1934 5 8.422   1157502 6   63  315   40  199 0.607 238.8  92.1 -21.0  33.8
1934 5 8.422   1157605 9    1    3    3    6 0.945 237.0 127.7 -32.1  69.4
1934 5 8.422   1157702 0    8   51    5   30 0.520  72.4  28.4   6.3 -29.9
1934 5 9.354   1157502 6   82  350   63  267 0.753 244.3  92.6 -21.2  46.7
1934 5 9.354   1157702 0   13   39    7   21 0.325  61.7  29.2   5.9 -16.7
1934 510.356   1157502 6   29  147   32  159 0.885 247.7  94.0 -21.1  61.3
1934 511.350   1157502 6   18   75   34  137 0.960 249.4  93.2 -20.6  73.7
1934 512.470   1157502 6    4   11   17   42 0.990 249.1  87.2 -21.1  82.5
1934 513.349   1157802 0   34  325  101  944 0.985 120.5 273.0 -30.5 -80.1
1934 514.341   1157802 0   61  544   91  805 0.940 121.9 271.8 -30.7 -68.2
1934 514.341  10790100 0    2    7    2    6 0.787 127.1 293.4 -30.1 -46.5
1934 515.356   1157802 0  152  859  148  837 0.857 125.2 271.8 -31.0 -54.8
1934 516.467   1157802 0  177 1018  135  774 0.753 131.0 270.2 -31.3 -41.7
1934 516.467   1157902 3    1   15   11   85 0.996  64.2 229.0  25.4 -82.9
1934 516.467  10790200 0    5    8    3    5 0.453 204.9 324.1 -26.5  12.3
1934 517.349   1157802 0  264 1260  176  839 0.660 138.2 269.2 -31.3 -31.0
1934 517.349   1157902 3   30  181   77  457 0.978  61.9 224.8  26.9 -75.4
1934 518.502   1157802 0  204 1162  121  688 0.535 154.8 269.5 -30.9 -15.4
1934 518.502   1157902 3   39  285   48  344 0.908  59.2 224.1  26.7 -60.8
1934 519.353   1157802 0  177  972  102  558 0.491 171.9 269.1 -31.0  -4.6
1934 519.353   1157902 3   75  319   67  285 0.825  55.8 224.1  26.4 -49.6
1934 520.133   1157802 1  119  761   69  439 0.497 189.3 268.8 -31.2   5.4
1934 520.133   1157902 3   67  373   50  277 0.734  50.6 224.1  26.4 -39.3
1934 521.417   1157802 1   80  395   49  240 0.566 213.7 267.6 -29.7  21.2
1934 521.417   1157902 1   58  327   36  200 0.570  35.4 224.8  26.1 -21.6
1934 522.469   1157802 1   47  274   32  187 0.678 225.3 266.2 -29.8  33.7
1934 522.469   1157902 1   54  354   31  203 0.482  14.6 224.7  26.2  -7.8
1934 522.469   1158001 0    6   25    4   16 0.595  64.9 198.9  13.3 -33.6
1934 523.387   1157802 1   38  240   31  193 0.783 231.9 265.6 -29.9  45.3
1934 523.387   1157902 1   63  360   36  205 0.471 353.3 223.8  26.4   3.5
1934 523.387   1158001 0    5   14    3    8 0.426  53.8 199.6  13.2 -20.7
1934 524.352   1157802 1   30  151   31  155 0.870 236.3 264.0 -29.6  56.4
1934 524.352   1157902 1   59  399   35  234 0.518 333.8 222.4  26.4  14.8
1934 525.343   1157802 1   18   84   29  131 0.946 239.4 263.3 -29.2  68.9
1934 525.343   1157902 1   56  344   36  221 0.623 317.9 222.2  26.4  27.8
1934 526.414   1157802 1    8   32   32  123 0.990 241.5 261.9 -28.4  81.6
1934 526.414   1157902 1   59  323   45  244 0.745 307.6 221.4  26.2  41.1
1934 527.341   1157902 1   26  212   25  200 0.844 302.4 220.6  26.3  52.6
1934 528.628   1157902 1   13   92   22  150 0.950 298.5 220.0  26.6  69.0
1934 528.628  10790300 0    1    4    2    5 0.885 269.8 213.2  -0.6  62.2
1934 529.345   1157902 1    4   31   14   90 0.984 296.6 219.7  26.0  78.2
1934 612.423  10800100 0    0    3    0    3 0.818 130.8 268.4 -31.7 -46.7
1934 615.443   1158102 4   19  152   31  239 0.946  87.4 204.0   2.9 -71.2
1934 616.342   1158102 4   55  279   54  273 0.857  87.5 204.3   2.9 -59.0
1934 616.342   1158202 4    8   41    5   25 0.549 158.4 249.9 -29.3 -13.4
1934 617.353   1158102 4   83  385   59  273 0.707  87.3 204.9   3.0 -45.0
1934 617.353   1158202 4   39  155   23   91 0.523 179.8 249.8 -30.0  -0.1
1934 618.362   1158102 4   82  396   48  231 0.514  87.1 205.7   2.9 -30.9
1934 618.362   1158202 4   16   51   10   31 0.553 200.9 249.7 -29.5  13.1
1934 619.486   1158102 4  103  495   54  258 0.279  86.4 205.5   2.7 -16.2
1934 619.486   1158202 4    0    1    0    1 0.638 216.5 247.5 -29.3  25.8
1934 620.358   1158102 4  113  573   57  288 0.087  80.4 205.2   2.7  -4.9
1934 621.417   1158102 4   70  430   36  219 0.179 274.7 206.4   2.8  10.3
1934 621.417   1158202 4    2    9    2    9 0.851 232.8 247.4 -29.7  51.3
1934 622.436   1158102 9   74  375   41  206 0.411 272.6 206.9   3.0  24.3
1934 623.489   1158102 9   53  319   34  204 0.621 271.9 207.1   2.9  38.4
1934 624.449   1158102 9   48  218   39  175 0.780 271.8 207.3   2.9  51.3
1934 625.433   1158102 9   31  203   37  237 0.901 272.4 207.4   3.2  64.4
1934 626.483   1158102 9   13   86   36  228 0.981 272.6 208.1   3.0  79.0
1934 7 6.355   1158301 0   31  159   48  241 0.993  65.7 274.0  24.5 -84.4
1934 7 7.343   1158301 0   17  118   30  199 0.953  65.7 272.9  24.3 -72.4
1934 7 8.394   1158301 0   27  161   28  162 0.864  63.9 273.0  24.4 -58.4
1934 7 9.343   1158301 0   45  224   35  172 0.754  60.6 272.6  24.5 -46.2
1934 7 9.343   1158402 9    1    4    6   15 0.987 122.2 242.2 -30.9 -76.6
1934 710.346   1158301 0   51  258   33  164 0.614  53.7 272.6  24.7 -33.0
1934 710.346   1158402 9    6   27   10   40 0.938 124.7 242.0 -30.5 -63.6
1934 711.359   1158301 0   49  268   28  153 0.474  41.2 272.1  24.8 -20.1
1934 711.359   1158402 9    5   14    5   14 0.865 129.2 241.0 -30.6 -51.2
1934 711.359   1158501 0    4   35   15  109 0.986  88.8 211.6   1.9 -80.6
1934 712.350   1158301 0   63  289   34  156 0.369  17.7 271.9  24.8  -7.1
1934 712.350   1158402 9   18   27   16   23 0.804 137.9 238.8 -33.4 -40.2
1934 712.350   1158501 0   13   86   18  115 0.924  89.9 211.4   1.7 -67.6
1934 713.411   1158301 0   44  247   24  133 0.363 342.7 271.8  24.6   6.8
1934 713.411   1158402 9    5   18    4   13 0.707 149.0 239.1 -33.4 -25.9
1934 713.411   1158501 0   13   96   11   81 0.800  91.5 211.9   1.4 -53.1
1934 714.344   1158301 0   51  251   29  142 0.458 319.8 271.7  24.7  19.0
1934 714.344   1158402 9    1    6    1    4 0.626 160.7 238.6 -31.9 -14.1
1934 714.344   1158501 0   22  150   15  100 0.655  93.0 211.8   1.4 -40.9
1934 715.353   1158301 0   51  232   32  146 0.600 306.5 271.4  24.8  32.1
1934 715.353   1158501 0   31  150   18   85 0.463  95.0 211.8   1.7 -27.5
1934 716.379   1158301 0   38  190   29  144 0.748 299.7 271.5  25.0  45.8
1934 716.379   1158501 0   42  228   22  118 0.247 101.4 211.7   1.7 -14.0
1934 717.343   1158301 0   18  128   18  128 0.862 296.6 271.4  25.2  58.4
1934 717.343   1158501 0   31  191   16   96 0.054 157.0 211.8   1.9  -1.2
1934 718.391   1158301 0   16   77   26  126 0.949 295.3 271.1  25.5  72.0
1934 718.391   1158501 0   31  146   16   75 0.223 258.2 211.7   2.1  12.6
1934 719.347   1158301 0    4   48   19  191 0.992 295.0 270.7  25.4  84.2
1934 719.347   1158501 0   25  122   14   68 0.427 264.5 211.7   2.1  25.2
1934 720.351   1158501 0    9   43    6   28 0.626 267.0 211.9   2.0  38.7
1934 721.426   1158501 0    2    8    2    7 0.800 268.3 212.1   1.7  53.1
1934 724.452   1158601 0    2    6    2    6 0.821 124.7  71.1 -24.3 -47.8
1934 725.347   1158601 0    5   11    4    8 0.700 133.0  73.0 -24.1 -34.1
1934 726.356   1158601 0    4    9    3    6 0.606 146.5  72.0 -25.3 -21.7
1934 728.465   1158601 0    0    8    0    5 0.516 192.6  72.9 -24.6   7.1
1934 728.465  10810100 0    5   13    3    7 0.249  65.7  52.4  11.4 -13.4
1934 729.443   1158601 0    1    4    1    3 0.580 211.3  72.2 -24.3  19.3
1934 8 7.366   1158701 0   26  168   47  298 0.958 122.7 227.9 -28.9 -67.0
1934 8 8.546   1158701 0   47  276   49  287 0.875 128.2 227.5 -28.9 -51.8
1934 8 9.406   1158701 0   61  320   51  268 0.799 134.1 226.9 -29.0 -41.0
1934 810.453   1158701 0   51  348   36  244 0.697 144.8 226.7 -29.0 -27.4
1934 811.600   1158701 0   73  394   47  251 0.617 161.3 225.8 -29.4 -13.1
1934 812.652   1158701 0   72  408   45  253 0.589 180.6 225.4 -29.5   0.4
1934 812.652   1158802 4    8   32    5   19 0.508  93.1 194.4   4.1 -30.6
1934 813.372   1158701 0   68  367   43  231 0.604 193.5 224.8 -29.4   9.3
1934 813.372   1158802 4   13   56    7   30 0.351  95.8 195.0   4.2 -20.5
1934 814.471   1158701 0   54  332   37  226 0.676 211.1 224.6 -29.3  23.6
1934 814.471   1158802 4   13   81    7   41 0.100 119.1 196.0   3.9  -5.0
1934 815.344   1158701 0   41  269   32  206 0.754 220.8 223.8 -29.3  34.4
1934 815.344   1158802 4    7   49    4   25 0.132 246.7 196.4   3.7   7.0
1934 816.554   1158701 0   31  158   32  160 0.868 230.8 223.7 -29.1  50.3
1934 816.554   1158802 4   27  141   15   77 0.395 263.8 196.6   3.8  23.2
1934 817.426   1158701 0   10   91   15  130 0.934 235.0 223.3 -29.3  61.4
1934 817.426   1158802 4   14   59    9   36 0.563 267.1 196.2   4.0  34.3
1934 818.359   1158701 0    8   47   24  128 0.982 238.6 223.2 -29.1  73.6
1934 818.359   1158802 4    8   13    6   10 0.720 269.1 195.8   4.1  46.2
1934 819.467   1158802 4    0    9    0   10 0.873 272.1 196.1   5.2  61.2
1934 823.346   1158902 4    1    4    3    8 0.953 121.9  17.8 -27.6 -65.9
1934 824.344   1158902 4   14   35   16   41 0.897 126.0  15.2 -28.0 -55.3
1934 827.587   1159002 0    7   15    4    8 0.334 305.0  44.3  17.9  16.7
1934 830.406   1159002 0    2    5    2    5 0.843 285.8  48.5  17.2  58.1
1934 9 1.346  10830100 0    5   13   11   30 0.972 112.0 252.0 -19.4 -72.8
1934 9 2.344   1159105 0    2    4    2    4 0.821  69.0 256.2  21.3 -55.4
1934 9 3.485   1159105 0    4   16    3   11 0.651  66.6 256.8  20.6 -39.7
1934 912.381   1159202 0    9   15    6   10 0.609 170.9 172.7 -29.8  -6.4
1934 913.436   1159202 0    4    9    3    6 0.605 193.2 174.2 -29.0   9.1
1934 915.350   1159202 0    5   18    4   14 0.745 220.7 173.4 -28.5  33.6
1934 915.350   1159302 9   22   92   20   84 0.831 273.8 196.5   7.1  56.7
1934 916.358   1159202 0    2    5    2    5 0.861 231.2 176.1 -28.2  49.6
1934 916.358   1159302 9   24  149   36  218 0.938 275.0 196.8   7.1  70.3
1934 917.347   1159302 9   12   43   39  136 0.986 275.7 194.7   6.8  81.2
1934 924.437   1159401 0    0    2    0    2 0.753  64.7 332.0  23.5 -47.9
1934 926.466  10840100 0    1    3    1    2 0.581  48.2 323.5  28.8 -29.6
1934 928.422   1159401 0    9   17    5    9 0.283 351.8 329.8  23.0   2.5
1934 929.339   1159401 0    5   25    3   14 0.377 319.3 330.7  23.1  15.5
1934 929.339   1159505 2    2    6    3    9 0.939 105.4 247.4 -12.0 -67.8
1934 930.363   1159401 4   25  115   15   68 0.530 304.2 330.2  23.2  28.5
1934 930.363   1159505 0    2    8    2    8 0.843 108.7 247.0 -11.9 -54.7
1934 930.363  10840200 0    1    3    1    2 0.530 154.8 287.6 -22.2 -14.1
193410 1.440   1159401 0    1    4    1    3 0.716 295.2 332.0  22.5  44.5
193410 1.440  10840300 0    7   19   20   50 0.980 239.2   0.6 -28.4  73.1
193410 3.371   1159605 0    1    3    1    2 0.385 144.8 248.9 -12.0 -13.1
193410 4.345   1159605 0    3   15    2    8 0.341 162.6 243.1 -12.6  -6.0
19341011.383   1159701 0    3    8   19   43 0.994 114.2  75.6 -23.2 -80.7
19341012.380   1159701 0   11   30   18   50 0.950 116.6  75.8 -23.0 -67.4
19341013.544   1159701 2   13   56   13   56 0.861 121.1  74.6 -23.0 -53.2
19341014.380   1159701 0   10   42    8   33 0.758 126.9  75.7 -22.8 -41.1
19341015.446   1159701 0   12   27    8   18 0.630 137.4  75.2 -22.6 -27.5
19341016.394   1159701 0    8   27    5   16 0.527 153.0  75.2 -22.6 -15.0
19341017.394   1159701 0    3   10    2    6 0.471 177.1  75.5 -22.5  -1.5
19341018.367   1159701 0    8   15    5    9 0.502 201.5  75.7 -22.5  11.5
19341019.484   1159701 0    6   11    4    7 0.611 221.3  75.3 -22.5  25.9
19341019.484  10840400 0    1    3    3    7 0.957 238.3 117.0 -28.3  67.6
19341019.484  10840500 0    5   13    3    7 0.361 189.4  52.9 -15.5   3.5
19341020.376   1159701 0    0   11    0    8 0.716 230.7  74.6 -22.8  36.9
19341022.436   1159802 0    1    3    1    2 0.534  51.5 343.3  24.0 -27.2
19341023.386   1159802 2   11   16    6    9 0.393  31.9 344.8  24.4 -13.2
19341025.422   1159901 0    3   16   13   56 0.988  85.8 249.5   4.9 -81.6
19341026.393   1159901 0    8   41   12   57 0.930  87.0 249.6   4.5 -68.7
19341027.436   1159901 0   11   33   10   29 0.818  87.8 249.5   4.5 -55.1
19341028.448   1159901 0    7   23    5   16 0.664  88.9 249.5   4.1 -41.7
19341029.386   1159901 0    8   26    5   15 0.487  90.2 249.7   3.8 -29.2
19341030.415   1159901 0   13   30    7   16 0.259  92.3 250.3   3.6 -15.0
19341030.415   1160005 1    3   17    2   10 0.449 187.6 269.0 -22.1   3.7
19341031.463   1159901 0    1   15    1    8 0.012 144.1 251.1   3.7  -0.4
19341031.463   1160102 6    3   33   13  112 0.989  68.1 169.0  22.3 -82.5
193411 1.400   1160102 6   20  216   36  378 0.957  66.5 165.6  23.7 -73.5
193411 2.436   1160102 6   30  277   32  294 0.881  65.0 164.6  23.9 -60.8
193411 3.441   1160005 0    2    4    2    4 0.861 240.1 266.5 -23.2  54.3
193411 3.441   1160102 6   54  289   42  222 0.756  62.2 165.4  23.4 -46.8
193411 4.395   1160102 6   44  327   28  208 0.617  56.3 165.6  23.2 -34.0
193411 5.311   1160102 6   47  253   27  145 0.484  45.5 165.4  23.3 -22.1
193411 6.413   1160102 6   37  173   20   93 0.359  19.8 165.4  23.3  -7.6
193411 7.416   1160102 6   33  167   18   89 0.347 344.2 165.7  23.0   5.9
193411 8.374   1160102 5   21  123   12   70 0.470 315.6 168.1  22.8  20.9
193411 9.411   1160102 5   20  122   13   76 0.595 306.0 165.1  23.3  31.6
19341110.364   1160102 5   13   89   10   68 0.755 297.4 167.4  22.5  46.5
19341111.437   1160102 5    3   15    4   16 0.880 293.5 167.4  22.1  60.6
19341112.435   1160102 5    8   12   16   23 0.959 291.8 167.0  21.7  73.4
19341122.445  10860100 0    7   22    4   12 0.331 328.5 332.1  18.1  10.5
19341123.481  10860200 0    1    8    1    6 0.710 127.1 269.7 -24.1 -38.3
19341125.386   1160202 4    4   17    3   11 0.624 156.0 265.2 -33.5 -17.7
19341126.435   1160202 4   11   42    7   26 0.573 174.0 265.0 -33.5  -4.1
19341126.435  10860300 0    0   12    0    7 0.463 151.4 255.1 -22.8 -13.9
19341127.361   1160302 0    1    7    1    4 0.346 194.4 262.1 -18.5   5.2
19341128.368   1160302 4   10   42    6   24 0.451 221.5 262.0 -18.8  18.4
19341128.368   1160402 4   26  119   17   78 0.635 237.1 278.0 -19.4  34.4
19341129.404   1160302 4   17   81   11   52 0.614 236.7 262.8 -19.0  32.9
19341129.404   1160402 4   34  177   28  142 0.778 243.4 277.6 -19.8  47.7
19341129.404   1160502 4   27  116   16   67 0.482 199.0 240.0 -26.3  10.1
19341130.359   1160302 4   11   53    9   42 0.770 244.7 264.7 -18.7  47.3
19341130.359   1160402 4    9   85   11   95 0.889 247.1 278.0 -19.9  60.6
19341130.359   1160502 4   30  233   19  144 0.582 216.3 240.2 -27.3  22.8
193412 1.422   1160302 0    9   70   12   85 0.909 248.9 266.9 -18.8  63.6
193412 1.422   1160402 4    0    2    0    6 0.985 249.7 282.5 -19.9  79.2
193412 1.422   1160502 4   16  113   12   81 0.709 228.6 240.1 -27.5  36.8
193412 2.372   1160302 0    4   12    9   28 0.973 250.7 266.5 -18.6  75.7
193412 2.372   1160502 4   22  148   19  126 0.806 236.1 239.1 -26.4  48.3
193412 3.402   1160502 4   37  194   47  247 0.917 240.5 240.5 -26.7  63.3
193412 4.363   1160502 4   46  183   98  390 0.970 242.3 238.7 -26.7  74.1
193412 4.363  10860400 0    2    6    2    5 0.750 225.1 203.3 -31.8  38.7
193412 5.490   1160502 4    3   12   21   69 0.995 242.4 233.5 -27.5  83.8
193412 5.490   1160602 6    1    4    1    3 0.672 234.3 186.1 -23.0  36.4
193412 6.337   1160602 6   27   98   23   81 0.791 240.2 186.9 -23.2  48.3
193412 7.501   1160602 6   38  252   49  324 0.919 244.9 187.9 -23.0  64.7
193412 8.435   1160602 6   25  144   55  308 0.971 245.8 185.9 -23.5  75.0
19341220.348   1160702 6   34   96   28   78 0.787  55.7 268.1  25.1 -45.9
19341221.474   1160702 6   66  280   43  180 0.627  44.6 270.2  24.8 -29.0
19341221.474   1160802 1   13   36   12   32 0.819 119.1 247.2 -24.7 -52.0
19341221.474   1160905 9    3   16    5   23 0.930 118.0 232.5 -26.7 -66.7
19341221.474  10870100 0    6   12    5   10 0.775 294.8 346.7  17.7  47.6
19341222.358   1160702 6   47  265   28  155 0.517  28.9 271.5  24.9 -16.0
19341222.358   1160802 1   17   66   12   46 0.686 123.9 248.9 -24.1 -38.6
19341222.358   1160905 9    2    8    2    8 0.847 123.7 233.6 -29.3 -53.9
19341223.392   1160702 6   55  184   31  104 0.462   7.3 270.2  25.1  -3.7
19341223.392   1160802 1   20  109   12   65 0.540 133.9 248.7 -24.0 -25.2
19341223.392   1160905 9    0    7    0    6 0.749 130.4 232.4 -30.7 -41.5
19341224.325   1160702 6   29  179   17  102 0.478 343.5 270.2  25.0   8.6
19341224.325   1160802 1   29  108   16   60 0.413 151.8 249.3 -23.6 -12.3
19341224.325   1161002 2   27  135   20   97 0.712 125.5 221.4 -26.2 -40.2
19341224.325   1161102 6    0    5    0    6 0.879 123.2 203.5 -30.0 -58.1
19341224.325   1161201 0    3   11    9   27 0.973 113.1 185.0 -23.0 -76.6
19341225.384   1160702 6   16   76   10   47 0.577 323.5 269.9  25.4  22.3
19341225.384   1160802 1   13   55    7   30 0.363 182.5 248.6 -23.7   1.0
19341225.384   1161002 2   17   71   11   44 0.582 134.0 219.8 -26.0 -27.8
19341225.384   1161102 6   20  102   16   80 0.763 127.3 203.5 -29.3 -44.1
19341225.384   1161201 0    4   20    5   24 0.901 115.0 184.7 -23.5 -62.9
19341225.384   1161302 4    3   11    7   21 0.960 112.7 174.3 -22.5 -73.3
19341226.408   1160702 6    8   58    6   41 0.696 311.7 269.2  25.5  35.1
19341226.408   1161002 0    3    7    2    4 0.456 153.6 221.0 -26.6 -13.1
19341226.408   1161102 6   53  262   35  173 0.647 135.6 202.7 -29.7 -31.4
19341226.408   1161302 4   37  103   43  118 0.896 114.6 171.8 -23.1 -62.3
19341227.329   1160702 6    8   33    7   28 0.804 305.1 268.9  25.7  46.9
19341227.329   1161102 6   85  385   51  230 0.543 147.6 202.4 -29.8 -19.6
19341227.329   1161302 4   41  188   34  155 0.792 117.4 172.1 -23.1 -49.9
19341227.329  10870200 0   10   36    6   20 0.407 193.1 227.9 -26.0   5.9
19341228.400   1160702 6    7   39    9   47 0.906 300.7 268.2  26.2  60.3
19341228.400   1161102 6   54  367   31  208 0.462 169.8 202.5 -29.8  -5.4
19341228.400   1161302 4   41  173   28  116 0.659 123.4 171.0 -23.5 -36.9
19341229.348   1161102 6   52  241   30  137 0.467 195.0 203.4 -29.7   8.0
19341229.348   1161302 4   39  172   23  100 0.498 134.9 172.8 -23.3 -22.6
19341229.348   1161405 9    8   25    5   15 0.541 215.9 216.6 -28.7  21.2
19341230.393   1161102 0   32  158   20   96 0.562 216.9 204.5 -29.5  22.8
19341230.393   1161302 4   26  119   14   64 0.349 163.1 175.4 -22.5  -6.3
19341230.393   1161405 9   22   84   15   57 0.668 229.2 216.8 -28.4  35.1
19341231.463   1161102 0   13   59    9   41 0.688 229.1 204.2 -29.3  36.6
19341231.463   1161302 4   44  143   24   77 0.360 205.4 177.2 -22.1   9.6
19341231.463   1161405 9   13   20   11   17 0.798 236.9 216.8 -27.9  49.2
