1933 1 3.330   1153001 0   20   94   44  201 0.971  78.8 329.5  10.0 -75.4
1933 1 4.478   1153001 0   32  192   35  210 0.887  76.4 328.6  10.3 -61.2
1933 1 4.478   1153101 0   11   40   25   92 0.974  79.6 313.7   9.3 -76.1
1933 1 5.400   1153001 0   52  267   41  211 0.771  73.6 329.0  10.1 -48.7
1933 1 5.400   1153101 0   30  122   35  142 0.900  78.1 314.6   9.0 -63.1
1933 1 6.386   1153001 0   62  300   40  192 0.622  68.0 328.8  10.4 -35.9
1933 1 6.386   1153101 0   34  177   28  143 0.783  75.3 314.6   9.0 -50.1
1933 1 7.461   1153001 0   88  357   49  199 0.436  56.7 328.8  10.2 -21.7
1933 1 7.461   1153101 0   44  230   28  146 0.612  69.6 315.0   9.1 -35.5
1933 1 8.372   1153001 0   74  362   39  190 0.297  33.9 328.8  10.3  -9.7
1933 1 8.372   1153101 0   32  240   18  135 0.453  60.4 315.0   9.2 -23.5
1933 1 9.425   1153001 0   73  348   38  180 0.258 343.8 328.9  10.2   4.2
1933 1 9.425   1153101 0   63  285   33  149 0.283  35.1 315.2   9.3  -9.5
1933 110.466   1153001 0   84  299   46  163 0.392 309.2 329.0  10.3  18.0
1933 110.466   1153101 0   71  275   37  142 0.247 343.0 315.2   9.4   4.2
1933 110.466  10610100 0    1    9    1    5 0.403 288.5 333.4   3.4  22.5
1933 110.466  10610200 0    3   11    2    6 0.293 304.8 324.9   5.5  14.0
1933 110.466  10610300 0    3   13    2    7 0.287   9.2 308.2  12.2  -2.7
1933 110.466  10610400 0    3    9    2    5 0.211  30.0 304.8   6.3  -6.1
1933 111.414   1153001 0   28  341   17  205 0.554 295.6 329.0  10.1  30.5
1933 111.414   1153101 0   57  271   31  146 0.372 309.1 315.5   9.4  17.0
1933 112.514   1153001 0   51  256   38  189 0.733 288.2 329.0  10.1  45.0
1933 112.514   1153101 0   59  251   36  152 0.562 293.8 315.4   9.3  31.4
1933 112.514   1153202 4   17   40    9   21 0.234  59.8 272.3   2.4 -11.7
1933 112.514  10610500 0    1    6    1    4 0.539 287.5 315.1   5.5  31.1
1933 113.424   1153001 0   25  189   24  181 0.850 284.5 328.6   9.8  56.6
1933 113.424   1153101 0   32  186   23  133 0.712 287.7 315.4   9.2  43.4
1933 113.424   1153202 4   19   97   10   49 0.114 350.3 273.1   1.9   1.1
1933 113.424   1153302 9    8   32    5   20 0.572 299.4 302.7  12.4  30.7
1933 114.505   1153001 0   40  131   68  221 0.954 281.9 329.1   9.9  71.3
1933 114.505   1153101 0   33  136   33  135 0.861 283.4 315.8   9.1  58.0
1933 114.505   1153202 4   30  102   16   54 0.310 292.0 274.5   2.2  16.7
1933 114.505   1153302 9   53  156   41  121 0.761 291.2 304.5  12.8  46.7
1933 115.149   1153001 0   15   66   48  206 0.986 281.1 328.8  10.1  79.5
1933 115.149   1153101 0   12   69   16   92 0.925 282.1 315.7   9.3  66.4
1933 115.149   1153202 4   28  140   16   78 0.437 284.1 274.4   1.8  25.1
1933 115.149   1153302 9   19   93   19   92 0.859 288.3 306.1  13.1  56.8
1933 116.347   1153101 0    3   20   16   85 0.992 280.0 315.5   9.3  82.0
1933 116.347   1153202 4   11   52    8   35 0.661 277.4 274.5   1.2  41.0
1933 116.347   1153302 9    5   17   11   34 0.964 285.4 306.4  13.5  72.9
1933 117.412   1153202 4    8   17    8   16 0.845 275.2 276.8   1.7  57.3
1933 128.450   1153401 5    9   27   10   29 0.876  81.1  13.9   4.9 -60.3
1933 129.379   1153401 5   29  190   22  144 0.747  78.7  14.6   4.4 -47.3
1933 130.357   1153401 5   50  272   31  166 0.569  72.7  16.1   4.7 -33.0
1933 130.357   1153501 0    3   31   13  108 0.988  78.6 329.2  10.3 -79.9
1933 131.434   1153401 5   62  301   33  160 0.331  54.5  19.2   5.2 -15.7
1933 131.434   1153501 1   24   95   32  126 0.924  76.0 329.2  10.5 -65.7
1933 131.434   1153605 4   32   98   18   54 0.406  60.9  14.0   5.7 -20.9
1933 2 1.121   1153401 5   80  349   41  179 0.217  26.1  20.3   5.1  -5.5
1933 2 1.121   1153501 1   27  123   27  120 0.855  74.5 329.1   9.9 -56.7
1933 2 1.121   1153605 4   40  180   21   94 0.283  43.0  14.6   5.9 -11.2
1933 2 1.121   1153702 6   23  143   66  403 0.984  73.0 308.4  15.5 -77.4
1933 2 2.401   1153401 5   91  476   48  249 0.290 313.0  21.3   5.3  12.3
1933 2 2.401   1153501 1   23  172   16  118 0.681  68.6 329.0   9.6 -40.0
1933 2 2.401   1153605 4   48  260   25  134 0.236 334.8  14.8   6.1   5.8
1933 2 2.401   1153702 6  182  982  266 1428 0.937  73.5 301.7  13.1 -67.3
1933 2 3.383   1153401 5   64  351   37  201 0.486 293.9  22.6   5.7  26.5
1933 2 3.383   1153501 0   35  185   21  109 0.522  59.4 329.0   9.8 -27.1
1933 2 3.383   1153605 4   20   45   11   25 0.397 304.3  15.4   7.0  19.3
1933 2 3.383   1153702 6  321 1601  297 1480 0.839  69.9 302.1  13.1 -54.0
1933 2 4.338   1153401 5   39  208   27  143 0.684 285.8  24.9   6.0  41.4
1933 2 4.338   1153501 0   33  200   18  108 0.366  42.1 329.1   9.6 -14.4
1933 2 4.338   1153605 4    6   23    4   14 0.567 292.0  15.5   6.9  32.0
1933 2 4.338   1153702 6  371 2135  264 1516 0.709  64.2 302.5  13.2 -41.0
1933 2 4.338   1153802 5    1    3    2    4 0.868  70.0 286.3  13.9 -57.2
1933 2 5.491   1153401 5   21  115   21  112 0.854 281.5  25.6   6.4  57.3
1933 2 5.491   1153501 1   36  222   19  116 0.276 358.2 328.8   9.6   0.5
1933 2 5.491   1153702 6  451 2695  267 1594 0.533  52.1 302.7  13.3 -25.6
1933 2 5.491   1153802 5    9   31    7   22 0.703  63.7 287.9  13.3 -40.4
1933 2 6.442   1153401 5   16   81   27  130 0.949 279.3  26.3   6.7  70.5
1933 2 6.442   1153501 0   46  219   25  117 0.351 320.4 328.9   9.4  13.1
1933 2 6.442   1153702 6  469 2632  256 1434 0.397  32.6 303.1  13.2 -12.7
1933 2 6.442   1153802 5   18   46   11   28 0.555  53.8 288.4  13.4 -27.4
1933 2 7.499   1153501 0   25  158   15   93 0.520 300.1 329.0   9.3  27.1
1933 2 7.499   1153702 6  387 2279  206 1213 0.341 353.7 304.1  13.3   2.2
1933 2 7.499   1153802 5   31  130   17   71 0.384  32.2 289.8  12.6 -12.1
1933 2 7.499   1153905 9   10   27   13   35 0.916 259.6   9.1 -12.1  67.2
1933 2 8.322   1153501 0   28  139   19   92 0.653 292.0 328.8   9.0  37.8
1933 2 8.322   1153702 6  312 1929  171 1054 0.402 326.1 304.3  13.1  13.3
1933 2 8.322   1153802 5   37  253   20  134 0.322   0.6 290.8  12.2  -0.2
1933 2 8.322   1153905 9    1    7    5   20 0.979 259.3  10.2 -11.8  79.2
1933 2 9.323   1153501 0   20  107   17   90 0.799 286.7 328.7   9.1  50.8
1933 2 9.323   1153702 6  254 1395  152  833 0.544 306.8 304.5  13.1  26.6
1933 2 9.323   1153802 5  109  464   60  254 0.403 321.3 292.8  11.9  14.9
1933 210.473   1153501 0   18   68   25   92 0.927 282.9 329.0   9.3  66.3
1933 210.473   1153702 6  179  828  133  615 0.737 295.2 306.0  13.5  43.3
1933 210.473   1153802 5   96  501   60  310 0.588 301.4 293.6  12.1  30.9
1933 210.473  10620100 0    2    3    2    3 0.819 289.6 314.7  11.9  52.0
1933 211.427   1153501 0    8   34   26  102 0.985 280.7 328.9   9.3  78.8
1933 211.427   1153702 6  108  594  106  579 0.856 290.0 305.9  13.3  55.8
1933 211.427   1153802 5   51  312   38  230 0.731 293.1 293.5  11.8  43.4
1933 212.340   1153702 6   75  324  116  500 0.945 287.0 306.5  13.6  68.4
1933 212.340   1153802 5   29  157   29  155 0.860 287.6 294.9  11.4  56.8
1933 213.408   1153702 6   18   80   44  189 0.976 282.6 299.9  10.7  75.8
1933 213.408   1153802 5   15   87   26  150 0.955 284.1 295.0  11.3  70.9
1933 215.429  10620200 0    0    2    0    2 0.758  84.3 148.4  -0.2 -49.0
1933 227.494   1154002 9   11   29   14   36 0.910  79.6 334.3   6.4 -64.3
1933 228.625   1154002 9    3   22    3   18 0.787  75.6 333.6   6.7 -50.1
1933 228.625   1154102 0   12   70   25  141 0.967  71.7 311.3  15.6 -72.4
1933 228.625   1154202 0    3   26   21  149 0.996  78.4 300.5  10.8 -83.2
1933 3 1.345   1154102 0   16   88   21  112 0.918  69.6 311.0  15.5 -63.2
1933 3 1.345   1154202 0    7   39   16   80 0.968  76.8 300.6  10.8 -73.6
1933 3 2.513   1154102 0   33  159   28  132 0.795  64.1 310.9  15.5 -47.9
1933 3 2.513   1154202 0   14  105   15  109 0.873  72.8 300.5  11.2 -58.3
1933 3 3.368   1154102 0   42  228   29  156 0.679  58.2 310.8  15.2 -36.7
1933 3 3.368   1154202 0   28  124   22   98 0.769  69.2 300.4  11.0 -47.1
1933 3 4.511   1154102 0   47  211   28  124 0.518  45.0 310.2  14.8 -22.3
1933 3 4.511   1154202 0   32  152   20   95 0.595  60.3 300.7  11.0 -31.8
1933 3 4.511  10630100 0    6   12    4    7 0.489  55.2 308.4   9.6 -24.0
1933 3 5.402   1154102 0   40  207   22  114 0.411  25.4 310.2  14.7 -10.5
1933 3 5.402   1154202 0   28  149   16   84 0.453  47.8 300.7  10.9 -20.0
1933 3 6.538   1154102 0   35  207   19  112 0.377 348.9 310.1  14.5   4.3
1933 3 6.538   1154202 0   22  134   12   71 0.322  15.1 300.9  10.9  -4.9
1933 3 7.393   1154102 0   39  183   22  103 0.453 324.7 310.2  14.7  15.7
1933 3 7.393   1154202 1   28  147   15   78 0.327 340.8 300.8  10.8   6.3
1933 3 8.398   1154102 0   37  166   23  103 0.590 307.4 310.2  14.7  29.0
1933 3 8.398   1154202 1   19   67   11   38 0.448 313.6 300.5  11.2  19.3
1933 3 9.625   1154102 1   37  144   29  112 0.763 296.1 310.2  14.6  45.1
1933 3 9.625   1154202 0    4   10    3    7 0.642 297.0 300.8  11.1  35.7
1933 310.389   1154102 0   21  104   21  102 0.856 291.9 310.2  14.6  55.2
1933 310.389   1154202 0    3   13    3   10 0.756 291.5 300.8  11.1  45.8
1933 311.385   1154102 0   12   61   20   96 0.947 288.3 310.3  14.8  68.4
1933 312.445   1154102 0    8   24   43  125 0.995 285.5 309.9  14.5  82.0
1933 312.445  10630200 0    0    3    0    2 0.334  17.9 221.9  11.4  -6.0
1933 322.385   1154302 1   35  153   89  386 0.979  84.2  19.2   4.2 -77.7
1933 323.415   1154302 1   92  415  107  481 0.900  81.5  20.0   4.6 -63.3
1933 324.429   1154302 1  119  438   94  345 0.769  77.9  20.9   4.8 -49.0
1933 325.397   1154302 1   94  398   60  253 0.613  73.3  21.1   4.7 -36.1
1933 325.397   1154402 4   12   44    7   24 0.393 316.7  73.1  10.1  15.9
1933 326.400   1154302 1   74  457   41  252 0.419  63.6  21.8   4.5 -22.1
1933 326.400   1154402 4   35  109   22   67 0.572 298.0  74.7   9.8  30.8
1933 327.395   1154302 1   77  416   40  215 0.251  38.5  21.8   4.7  -9.0
1933 327.395   1154402 4   36  141   27  105 0.739 289.8  75.7   9.8  44.9
1933 328.393   1154302 1   84  424   43  217 0.211 340.2  21.8   4.8   4.1
1933 328.393   1154402 4   18   76   19   80 0.875 285.3  76.7  10.0  59.0
1933 329.398   1154302 1   66  377   36  203 0.365 302.0  22.5   4.9  18.1
1933 329.398   1154402 4    5   21   11   41 0.963 281.9  77.2   9.6  72.8
1933 330.384   1154302 1   60  261   36  157 0.549 289.5  22.7   5.0  31.3
1933 331.381   1154302 1   37  185   27  134 0.721 283.2  23.0   4.9  44.8
1933 4 1.415   1154302 1   27  131   27  131 0.862 279.2  23.2   4.6  58.6
1933 4 2.407   1154302 1   15   88   27  150 0.955 277.1  23.5   4.8  72.0
1933 4 6.386  10640100 0    1    7    1    4 0.323 297.1 275.6   2.6  16.7
1933 417.111   1154501 4   12   48    8   32 0.645  69.1  79.8   9.1 -37.6
1933 418.497   1154501 4   18  101   10   56 0.421  53.6  79.0   9.6 -20.1
1933 419.353   1154501 4   13   55    7   29 0.301  31.6  78.6   9.8  -9.2
1933 419.353  10640200 0    3   57    2   29 0.120 359.2  87.9   1.8   0.1
1933 420.585   1154501 4    9   26    5   14 0.283 336.8  78.0  10.1   6.5
1933 421.375   1154501 4    7   20    4   11 0.382 310.6  78.2   9.7  17.1
1933 429.352   1154605 2    1    9    1    5 0.426 294.9 338.6   6.5  22.9
1933 5 2.400   1154605 2    4   19    5   24 0.909 279.3 340.0   6.8  64.6
1933 5 9.452   1154705 9    5   16    3    9 0.410  96.0 158.0  -5.3 -24.2
1933 510.440   1154705 9    1    5    1    3 0.159 106.2 160.3  -5.5  -8.8
1933 519.417   1154802 4   11   33    6   18 0.373 306.0  68.3  10.8  17.9
1933 520.410   1154802 4   19  154   12   93 0.557 293.4  68.6  11.2  31.4
1933 521.422   1154802 4   27  140   20  103 0.730 287.4  69.2  11.4  45.3
1933 521.422   1154902 0    2    2    2    2 0.848  78.6 326.7   8.7 -57.2
1933 522.353   1154802 4   27  121   27  120 0.861 283.9  69.9  11.1  58.4
1933 522.353   1154902 0    5   10    4    8 0.754  75.6 323.7   9.7 -47.8
1933 523.355   1154802 4    6   23   11   38 0.952 282.5  69.7  11.4  71.4
1933 523.355   1154902 4    8   23    5   14 0.527  70.2 328.2   9.0 -30.1
1933 524.352   1154902 4   18   59   10   32 0.364  59.3 326.6   9.4 -18.5
1933 525.352   1154902 4    9   27    5   14 0.200  20.1 327.9   9.6  -4.0
1933 526.480   1154902 4    1    7    1    4 0.230 308.9 327.3   7.2  10.4
1933 527.354  10660100 0    2    6    2    5 0.743 285.0 352.3  10.4  46.9
1933 6 2.340   1155001 9    2    5    4   10 0.965  96.2 151.4  -6.1 -74.8
1933 6 3.348   1155001 9    4    9    5   10 0.891  98.2 150.0  -7.4 -62.8
1933 6 4.362   1155001 9    6   10    5    8 0.751  98.9 151.1  -6.7 -48.3
1933 6 5.399   1155001 9    4    8    3    5 0.564 101.7 151.9  -6.5 -33.8
1933 6 6.332   1155001 9    5   16    3    9 0.395 107.4 151.0  -6.6 -22.3
1933 6 6.332  10660200 0    2    5    2    5 0.842  80.4 116.3   8.2 -57.0
1933 6 7.353   1155001 9    5   13    3    7 0.294 123.8 145.5  -9.1 -14.3
1933 613.439   1155102 6   40  138   29   99 0.712  84.7  34.0   4.5 -45.3
1933 614.342   1155102 6   71  254   42  150 0.528  82.4  35.6   5.0 -31.7
1933 615.344   1155102 6   60  305   32  161 0.317  77.0  35.9   5.3 -18.1
1933 616.359   1155102 6   41  226   21  114 0.105  44.1  36.4   5.7  -4.2
1933 617.340   1155102 0   27  167   14   85 0.179 296.1  36.9   6.0   9.3
1933 618.546   1155102 0   36  196   20  109 0.431 280.8  36.9   6.1  25.2
1933 619.352   1155102 0   27  166   17  103 0.588 278.3  36.8   6.3  35.8
1933 620.598   1155102 0   18  121   15  100 0.794 277.0  37.0   6.7  52.5
1933 621.423   1155102 0   11   82   13   93 0.894 276.7  37.0   6.9  63.4
1933 622.332   1155102 0    8   50   18  103 0.969 276.9  37.4   7.2  75.8
1933 7 5.339   1155201 2    3   14   23   91 0.996  83.1  63.8   7.2 -85.6
1933 7 6.397   1155201 2    8   36   13   54 0.940  83.5  65.0   7.3 -70.4
1933 7 7.372   1155201 7   13   31   13   30 0.847  83.2  64.4   7.7 -58.1
1933 7 7.372   1155301 0    4   15   14   45 0.984  83.8  42.3   6.8 -80.2
1933 7 8.334   1155201 7    6   22    5   16 0.716  83.3  63.9   7.5 -45.8
1933 7 8.334   1155301 0    4   22    6   29 0.920  83.9  42.5   7.1 -67.2
1933 7 9.350   1155201 7    8   37    5   22 0.533  82.2  64.1   7.5 -32.2
1933 7 9.350   1155301 0    4    9    4    8 0.805  84.5  42.5   6.8 -53.8
1933 710.406   1155201 7   11   64    6   34 0.312  77.6  64.4   7.7 -17.9
1933 711.627   1155201 7    3   23    2   12 0.081  31.0  63.8   8.1  -2.4
1933 711.627   1155405 0    0    1    0    6 0.987  94.7 345.7  -4.0 -80.5
1933 712.473   1155201 7    0   17    0    9 0.178 289.0  64.8   7.5   9.8
1933 712.473   1155405 0    5   13    7   19 0.932  95.8 346.7  -3.8 -68.3
1933 713.372   1155405 0    0    4    0    4 0.831  97.8 347.5  -4.0 -55.6
1933 8 9.355  10680100 0    1    7    1    4 0.462  95.9  18.7   3.0 -27.4
1933 812.328  10680200 0    4    9    3    6 0.596 237.4  37.8 -13.1  31.0
1933 9 2.369   1155501 0    2    6    4   13 0.964  86.3  13.8   5.5 -75.0
1933 9 3.349   1155501 0    1    4    2    5 0.882  87.5  13.6   5.6 -62.3
1933 9 4.357   1155501 0    2    3    2    3 0.750  89.0  13.7   5.5 -48.9
1933 9 6.358   1155602 4   22   61   12   33 0.357 213.0  47.5 -10.3  11.4
1933 9 7.432   1155602 4   59  226   35  133 0.521 236.8  48.3 -10.1  26.3
1933 9 8.337   1155602 4   34  136   23   92 0.669 246.5  48.5  -9.8  38.5
1933 9 9.356   1155602 4   22   75   20   67 0.825 253.1  49.7  -9.6  53.2
1933 910.360   1155602 4    5   18    7   24 0.923 256.6  48.9  -9.4  65.6
1933 921.340   1155702 4    1    3    1    2 0.356  65.5 178.7  15.1 -19.6
1933 922.356   1155702 4   35  116   18   59 0.158  35.2 179.5  14.4  -5.4
1933 923.357   1155702 4   13   58    7   30 0.199 311.8 180.5  14.5   8.8
1933 924.353   1155702 4    3   14    2    8 0.424 290.3 182.9  14.8  24.3
1933 927.346   1155802 4    3    3    2    2 0.161 211.4 123.9  -1.1   4.8
1933 928.424   1155802 4   13   67    7   36 0.354 249.0 124.1  -0.9  19.3
1933 929.426   1155802 4   13   99    8   60 0.554 257.8 124.4  -1.1  32.8
1933 930.308   1155802 4    4   27    3   19 0.698 262.2 123.8  -0.6  43.8
19331010.621  10710100 0    1    3    1    2 0.366 350.0 308.0  27.2   4.1
19331012.384  10710200 0    1    9    1    5 0.363 292.3 300.8  13.5  20.2
19331026.626   1155902 4   71  260   36  131 0.101  43.0  88.8   9.0  -4.0
19331027.401   1155902 4   98  457   50  231 0.144 304.4  89.5   9.3   6.9
19331028.452   1155902 4   85  381   46  205 0.366 282.7  89.9   8.9  21.2
19331029.427   1155902 4   82  370   50  224 0.561 278.9  90.0   8.7  34.1
19331029.427  10710300 0    3   13    2    7 0.229 281.1  68.9   6.9  13.1
19331029.427  10710400 0   11   21    8   15 0.681 148.7  31.3 -31.5 -24.5
19331030.427   1155902 4   38  255   29  191 0.741 277.6  90.7   8.6  48.0
19331031.629   1155902 4   26  122   31  145 0.905 277.6  92.0   8.7  65.2
193311 1.147   1155902 4   19   79   32  130 0.951 277.6  92.3   8.5  72.3
19331211.414  10730100 0   12   41    7   23 0.412  86.4 184.9   0.9 -24.3
