1942 1 1.336   1398605 0   11   64    9   49 0.752 262.0 295.6  -8.2  48.8
1942 1 1.336   1398705 6   11   50   23   97 0.965 288.6 319.9  17.0  73.1
1942 1 1.336   1398805 2    3   34    5   44 0.920 283.0 312.6  10.6  65.8
1942 1 1.336   1399005 9    9   49    7   36 0.717 102.7 201.3 -11.4 -45.5
1942 1 1.336   1399101 0   12   68   19  107 0.947  80.6 176.2   7.8 -70.6
1942 1 2.334   1398605 0    7   53    8   57 0.881 262.4 295.5  -8.3  61.9
1942 1 2.334   1398805 2    6   30   18   92 0.985 281.6 312.8  10.8  79.2
1942 1 2.334   1399005 9    8   46    5   28 0.551 106.2 200.9 -11.7 -32.7
1942 1 2.334   1399101 0   11   86   11   81 0.845  78.4 176.9   7.9 -56.7
1942 1 2.334   1399202 4    4   12    9   26 0.972  99.9 156.9 -10.4 -76.7
1942 1 3.281   1398605 0    3   16    7   31 0.961 262.3 295.4  -8.4  74.2
1942 1 3.281   1399005 9    3   27    2   15 0.390 111.0 199.4 -11.3 -21.8
1942 1 3.281   1399101 0    9   50    7   36 0.716  75.0 176.9   8.2 -44.3
1942 1 3.281   1399202 4   10   52   14   70 0.924  99.5 153.4 -10.1 -67.8
1942 1 3.281   1399302 4    0    4    0    5 0.900  96.6 156.8  -7.5 -64.4
1942 1 4.538   1399005 9    3   13    2    7 0.162 149.0 199.7 -11.6  -4.9
1942 1 4.538   1399101 2   22  107   13   63 0.519  68.1 175.5   8.0 -29.1
1942 1 4.538   1399202 4   34  116   27   92 0.770 100.4 154.3 -10.3 -50.3
1942 1 4.538   1399302 4   49  159   36  116 0.723  96.0 158.2  -6.8 -46.4
1942 1 4.538   1399402 4    5   22    8   30 0.929  93.5 136.2  -4.6 -68.4
1942 1 4.538   1399501 0    8   29   15   51 0.956  96.1 131.4  -6.9 -73.2
1942 1 5.463   1399005 9    3   19    2   10 0.196 226.9 200.8 -11.4   8.4
1942 1 5.463   1399101 0   11   30    6   16 0.334  53.4 176.7   7.9 -15.7
1942 1 5.463   1399202 4   29  184   19  118 0.622 101.9 154.2 -10.3 -38.2
1942 1 5.463   1399302 4   52  234   31  139 0.536  97.9 160.0  -7.4 -32.4
1942 1 5.463   1399402 4   13   37   12   33 0.823  91.6 136.9  -3.4 -55.5
1942 1 5.463   1399501 0   12   26   13   27 0.872  95.6 131.5  -6.7 -60.9
1942 1 5.463   1399602 4    9   38    8   33 0.812 101.1 138.1 -11.2 -54.3
1942 1 5.463   1399704 6    7   18   18   43 0.975 102.6 114.8 -13.1 -77.6
1942 1 6.446   1399101 0    5   25    3   13 0.224  14.7 176.2   8.7  -3.3
1942 1 6.446   1399202 4   48  223   27  123 0.419 106.4 155.4 -10.3 -24.1
1942 1 6.446   1399302 4   28  158   15   84 0.327 101.9 160.7  -7.5 -18.8
1942 1 6.446   1399402 4   18   83   12   55 0.652  92.9 138.7  -4.8 -40.8
1942 1 6.446   1399501 0   13   48   10   36 0.739  95.2 131.7  -6.4 -47.8
1942 1 6.446   1399602 4   19   80   13   54 0.661 102.9 138.4 -11.4 -41.1
1942 1 6.446   1399704 6   10   58   11   59 0.867 101.5 119.2 -11.9 -60.3
1942 1 7.433   1399202 4   33  201   17  103 0.198 124.9 157.0 -10.4  -9.5
1942 1 7.433   1399302 0   15   67    8   34 0.078 143.0 163.8  -7.5  -2.7
1942 1 7.433   1399402 4   25  100   14   56 0.447  93.5 139.9  -5.1 -26.6
1942 1 7.433   1399501 7   19   59   12   37 0.592  95.8 130.1  -6.6 -36.4
1942 1 7.433   1399602 4   24  129   14   74 0.486 107.1 138.2 -11.7 -28.3
1942 1 7.433   1399704 6   21  119   15   85 0.706 101.6 121.7 -11.0 -44.8
1942 1 8.451   1399202 4   43  188   22   95 0.127 207.4 156.5 -10.5   3.4
1942 1 8.451   1399302 0   13   58    7   30 0.203 251.4 164.3  -7.7  11.2
1942 1 8.451   1399402 4   31  155   16   80 0.229  90.7 139.8  -4.1 -13.3
1942 1 8.451   1399501 7   33  168   18   92 0.397  95.5 129.7  -5.9 -23.4
1942 1 8.451   1399602 4   76  439   40  229 0.279 115.8 138.3 -10.9 -14.8
1942 1 8.451   1399704 6   80  413   47  243 0.521 102.2 122.0  -9.8 -31.1
1942 1 9.415   1399202 4   38  180   20   94 0.279 245.8 155.4 -10.6  15.0
1942 1 9.415   1399302 0   10   38    6   21 0.419 259.2 165.0  -8.3  24.6
1942 1 9.415   1399402 4   15  103    8   52 0.037  96.6 138.3  -4.4  -2.1
1942 1 9.415   1399501 7   58  251   30  128 0.193 101.0 129.4  -6.2 -11.0
1942 1 9.415   1399602 4   35  283   18  143 0.134 162.9 138.1 -11.5  -2.3
1942 1 9.415   1399704 6  123  510   65  269 0.315 110.1 122.9 -10.2 -17.5
1942 110.281   1399202 4    5   46    3   27 0.497 255.2 158.3 -11.0  29.3
1942 110.281   1399402 4    5   35    3   18 0.178 262.7 139.2  -5.5  10.2
1942 110.281   1399501 7   49  351   25  176 0.030 186.5 129.2  -6.0   0.2
1942 110.281   1399602 4    9   62    5   32 0.200 233.2 138.4 -11.1   9.4
1942 110.281   1399704 6   96  769   49  389 0.147 134.8 122.9 -10.2  -6.1
1942 110.281  11810200 0    3   31    2   18 0.481 264.5 157.7  -6.4  28.8
1942 111.351   1399402 4    7   68    4   37 0.379 266.4 137.2  -5.4  22.3
1942 111.351   1399501 7  133  654   69  338 0.250 256.8 129.1  -7.5  14.2
1942 111.351   1399602 4   11   75    6   41 0.394 249.7 137.1 -11.9  22.2
1942 111.351   1399704 6   86  565   44  287 0.166 229.7 122.3 -10.5   7.4
1942 112.428   1399501 7   78  384   46  224 0.511 264.6 131.5  -6.6  30.8
1942 112.428   1399602 4   17   80   11   50 0.596 255.0 136.8 -12.5  36.1
1942 112.428   1399704 6   94  678   52  374 0.417 256.7 125.0  -9.6  24.3
1942 113.281   1399501 7   27  153   19  105 0.679 266.1 132.4  -6.0  42.9
1942 113.281   1399602 4    4   28    3   21 0.724 257.6 135.8 -12.1  46.3
1942 113.281   1399704 6   73  681   45  418 0.577 260.2 124.7  -9.4  35.2
1942 113.281   1399801 9    7   35   27  127 0.990  78.1   8.9  11.1 -80.6
1942 114.281   1399501 7   24  116   23  111 0.848 268.1 134.5  -4.1  58.2
1942 114.281   1399704 6   48  426   36  320 0.743 261.1 124.4  -9.7  48.1
1942 114.281   1399801 9   24  161   41  267 0.952  75.4   5.7  12.4 -70.6
1942 115.418   1399501 7    8   42   16   76 0.959 267.7 135.0  -3.6  73.7
1942 115.418   1399704 6   34  197   40  226 0.898 261.9 125.6  -9.4  64.3
1942 115.418   1399801 2   57  356   55  338 0.849  72.6   5.4  12.1 -55.9
1942 116.281   1399704 6   11  139   23  273 0.966 261.4 125.6  -9.5  75.6
1942 116.281   1399801 2   53  405   40  303 0.742  68.7   5.0  12.2 -45.0
1942 117.287   1399801 2   71  469   44  290 0.587  60.7   5.1  12.5 -31.6
1942 118.290   1399801 2   66  443   37  246 0.432  46.5   4.8  12.5 -18.7
1942 118.290   1399902 2    5   28   20   95 0.989  76.8 303.5  12.2 -80.0
1942 119.289   1399801 2   58  394   31  208 0.315  18.0   4.7  12.3  -5.7
1942 119.289   1399902 2   16   83   24  121 0.938  74.3 302.6  12.8 -67.8
1942 120.289   1399801 2   49  289   26  153 0.326 338.0   4.4  12.4   7.2
1942 120.289   1399902 2   16   73   15   68 0.840  71.2 302.6  12.7 -54.6
1942 121.283   1399801 2   37  205   21  115 0.452 311.1   4.5  12.3  20.4
1942 121.283   1399902 2   18  101   13   72 0.708  66.1 302.5  12.7 -41.6
1942 122.283   1399801 2   26  154   17   98 0.612 298.0   4.5  12.2  33.6
1942 122.283   1399902 2   20   88   12   53 0.548  56.0 303.1  13.1 -27.8
1942 123.280   1399801 2   15   99   12   77 0.759 291.2   4.2  12.2  46.4
1942 123.280   1399902 2   16   75    9   41 0.401  36.5 303.6  13.5 -14.2
1942 123.280   1400002 4   28  173   15   92 0.336 323.6 329.5  10.3  11.7
1942 124.287   1399801 2    5   41    6   45 0.888 287.1   4.9  12.4  60.3
1942 124.287   1399902 2    3   32    2   17 0.329   2.7 303.7  13.6  -0.9
1942 124.287   1400002 4   40  274   23  156 0.476 303.4 328.4  10.1  23.8
1942 125.423   1399801 2    4   10    9   23 0.972 283.6   4.4  11.8  74.8
1942 125.423   1399902 2    5   31    3   17 0.378 324.8 302.5  12.5  12.9
1942 125.423   1400002 4   34  155   23  105 0.670 292.9 328.5  10.7  38.9
1942 126.316   1400002 4   16   71   14   60 0.799 288.5 328.3  11.1  50.5
1942 129.303   1400103 1   13   81   30  177 0.972  97.5 161.5  -8.7 -77.0
1942 130.285   1400103 1   28  216   31  235 0.886  96.9 162.7  -8.9 -62.9
1942 130.285  11820100 0    6   33    4   20 0.538 256.4 258.0 -12.4  32.4
1942 131.285   1400103 1   27  252   21  194 0.756  95.4 162.9  -8.1 -49.5
1942 2 1.275   1400103 1   59  335   37  209 0.593  95.3 162.8  -8.1 -36.6
1942 2 1.275   1400201 0    3   20    5   28 0.929  98.0 130.4  -9.7 -69.0
1942 2 2.586   1400103 1  108  612   57  323 0.316  95.9 163.6  -7.8 -18.5
1942 2 2.586   1400201 0   11   46    9   37 0.781  97.6 130.3  -9.8 -51.8
1942 2 3.288   1400103 1   88  479   45  243 0.159 103.1 163.9  -8.3  -9.0
1942 2 3.288   1400201 0    7   45    5   31 0.672  97.6 130.4  -9.8 -42.5
1942 2 3.288   1400303 9    3   20    2   11 0.391 303.4 192.1   6.5  19.2
1942 2 3.288   1400402 4   22  147   12   80 0.389  41.0 157.8  11.0 -15.1
1942 2 4.394   1400103 1   95  539   48  271 0.090 252.6 163.3  -7.9   5.0
1942 2 4.394   1400201 0    3   12    2    7 0.466  99.8 130.5 -10.2 -27.8
1942 2 4.394   1400303 9   37  272   23  168 0.584 290.1 191.8   6.3  33.5
1942 2 4.394   1400402 4   45  231   24  121 0.294 358.3 158.8  10.7   0.5
1942 2 5.287   1400103 1   64  467   34  245 0.301 265.1 164.2  -7.6  17.6
1942 2 5.287   1400201 0    7   24    4   13 0.281 104.8 130.6 -10.3 -16.0
1942 2 5.287   1400303 9   54  274   39  196 0.713 285.6 190.3   6.4  43.7
1942 2 5.287   1400402 4   63  337   34  181 0.363 326.4 158.4  11.3  11.8
1942 2 5.287   1400501 2   25   88   13   46 0.266 295.4 160.5   0.3  13.9
1942 2 6.287   1400103 1   51  456   30  265 0.506 267.2 164.0  -7.0  30.6
1942 2 6.287   1400201 0    3   19    2   10 0.092 143.3 130.2 -10.7  -3.2
1942 2 6.287   1400303 9   62  514   60  491 0.850 280.6 190.5   5.5  57.1
1942 2 6.287   1400402 4   77  512   45  297 0.505 304.8 158.4  10.9  25.0
1942 2 6.287   1400501 0    8   36    5   21 0.505 281.0 163.1  -0.1  29.7
1942 2 6.287   1400602 2    3   17    2    9 0.252 274.3 148.0  -5.2  14.6
1942 2 7.289   1400103 1   89  483   62  334 0.688 267.4 164.0  -6.5  43.8
1942 2 7.289   1400201 0    3    7    2    4 0.191 248.7 130.6 -10.4  10.4
1942 2 7.289   1400303 9   42  304   68  492 0.950 278.3 191.0   5.8  70.8
1942 2 7.289   1400402 4  144  606   95  400 0.650 295.6 156.9  11.1  36.7
1942 2 7.289   1400501 0    4   17    3   12 0.699 276.3 164.2  -0.3  44.0
1942 2 7.289   1400602 2   19   65   11   38 0.500 271.5 150.3  -4.9  30.1
1942 2 8.515   1400103 1   73  430   70  410 0.849 267.0 162.5  -6.0  58.5
1942 2 8.515   1400402 4   77  409   69  366 0.827 287.8 157.3  10.8  53.3
1942 2 8.515   1400501 2   10   23   11   24 0.865 273.3 163.7  -0.5  59.7
1942 2 9.453   1400103 1   37  191   54  274 0.936 266.4 161.5  -5.7  69.8
1942 2 9.453   1400402 4   12   77   18  112 0.936 283.9 159.3  10.5  67.6
1942 2 9.453   1400702 4    4   25    4   22 0.815 101.1  36.6 -12.9 -55.1
1942 210.420   1400103 1    3   14    8   30 0.968 266.8 154.8  -4.8  75.8
1942 210.420   1400402 4    1   17    5   45 0.980 282.4 156.0  10.7  77.0
1942 210.420   1400702 4   15   55   10   37 0.658 101.0  37.6 -12.3 -41.4
1942 210.420   1400801 0    8   45   18   93 0.969  76.4   5.0  11.4 -74.0
1942 211.396   1400702 4   15   45    9   26 0.473 103.3  38.0 -12.2 -28.1
1942 211.396   1400801 0   14   75   17   87 0.900  73.4   4.3  11.8 -61.8
1942 211.396   1400905 0    0    6    0    8 0.908 265.3 131.9  -7.1  65.8
1942 212.285   1400702 4   13   63    7   33 0.290 112.1  38.4 -12.8 -16.0
1942 212.285   1400801 0   14   86   12   72 0.796  69.5   4.8  11.8 -49.6
1942 212.285   1400905 0    0    4    0    7 0.952 264.0 127.2  -7.8  72.8
1942 212.285   1401005 2    2   10    2   10 0.859 294.1 109.4  16.7  55.0
1942 212.285   1401102 6    4   12    9   28 0.972  71.4 340.8  16.3 -73.6
1942 212.285   1401201 0   16   86   36  187 0.972  75.8 339.9  12.1 -74.5
1942 213.447   1400702 4   27   97   14   49 0.104 175.3  38.6 -12.8  -0.5
1942 213.447   1400801 0   21  120   14   78 0.632  61.2   4.6  12.1 -34.5
1942 213.447   1401005 0    1    6    4   15 0.974 289.1 113.1  16.8  74.0
1942 213.447   1401102 6   79  375   89  423 0.894  68.1 339.4  16.1 -59.7
1942 213.447   1401201 0   28  185   30  198 0.881  72.3 340.0  12.1 -59.1
1942 214.381   1400702 4   31  136   16   70 0.218 243.2  38.3 -12.4  11.5
1942 214.381   1400801 0   22  130   13   75 0.491  49.3   4.4  12.3 -22.4
1942 214.381   1401102 6  128  773  105  632 0.789  62.7 339.8  16.6 -47.0
1942 214.381   1401201 0   45  265   36  210 0.772  68.0 339.7  12.2 -47.1
1942 215.386   1400702 4    3   35    2   20 0.476 256.7  41.9 -12.4  28.3
1942 215.386   1400801 0   14  106    8   57 0.362  25.9   4.3  12.2  -9.3
1942 215.386   1401102 6  111  735   74  487 0.653  54.6 339.9  16.5 -33.7
1942 215.386   1401201 0   42  299   27  191 0.620  60.2 340.2  12.2 -33.4
1942 216.481   1400801 0   13   62    7   33 0.333 345.5   4.1  11.9   4.9
1942 216.481   1401102 6  126  758   73  438 0.500  38.7 340.2  16.4 -19.0
1942 216.481   1401201 0   51  296   29  166 0.448  44.1 340.6  12.2 -18.6
1942 217.406   1400801 0    7   41    4   23 0.423 316.8   4.2  11.3  17.2
1942 217.406   1401102 6  135  736   74  403 0.405  15.6 340.5  16.0  -6.5
1942 217.406   1401201 0   54  300   29  160 0.341  17.7 340.9  12.0  -6.1
1942 218.288   1400801 0    3   29    2   18 0.570 302.8   4.7  11.9  29.3
1942 218.288   1401102 6  126  747   69  409 0.407 349.6 339.8  16.6   4.4
1942 218.288   1401201 0   37  246   20  131 0.342 344.1 340.9  12.2   5.5
1942 219.285   1400801 0    4   23    3   17 0.723 293.9   4.7  11.9  42.5
1942 219.285   1401102 6   64  420   37  241 0.485 321.1 340.6  15.5  18.4
1942 219.285   1401201 0   48  272   27  153 0.451 315.4 341.1  12.1  18.9
1942 219.285   1401301 3   18   90   10   48 0.325 250.0 340.5 -13.1  18.3
1942 220.301   1400801 0    4   12    4   12 0.849 288.5   4.2  11.7  55.3
1942 220.301   1401102 5   57  259   38  170 0.646 304.9 342.3  15.8  33.4
1942 220.301   1401201 0   44  260   28  164 0.606 300.8 341.1  12.1  32.2
1942 220.301   1401301 3   54  311   32  184 0.530 257.0 340.9 -12.9  32.0
1942 220.301   1401402 4    7   33    8   36 0.880  78.9 248.6   6.3 -60.3
1942 221.285   1401102 5   22  188   18  152 0.783 296.7 342.5  15.8  46.6
1942 221.285   1401201 0   37  191   29  147 0.756 292.9 341.3  12.2  45.4
1942 221.285   1401301 3   86  473   63  346 0.727 258.3 342.9 -13.4  47.0
1942 221.285   1401402 4   29  121   21   87 0.711  73.8 252.5   6.3 -43.4
1942 222.103   1401102 5   28  163   29  169 0.873 292.6 342.0  15.8  56.9
1942 222.103   1401201 0   31  170   31  166 0.856 288.7 341.1  12.0  56.0
1942 222.103   1401301 3   67  375   63  348 0.840 258.6 342.9 -13.4  57.8
1942 222.103   1401402 4   35  195   22  120 0.577  68.2 252.5   6.4 -32.6
1942 223.308   1401102 5   12   57   25  112 0.965 288.8 341.2  16.0  71.9
1942 223.308   1401201 0   17   82   30  146 0.957 284.7 340.4  11.8  71.1
1942 223.308   1401301 3   10  134   20  253 0.963 257.9 344.8 -13.5  75.5
1942 223.308   1401402 4   40  230   22  124 0.364  52.1 252.5   6.1 -16.8
1942 223.308   1401504 7  170 1076  294 1855 0.955  80.3 197.7   7.1 -71.6
1942 224.288   1401102 5    0    7    0   33 0.993 290.0 336.5  18.8  80.1
1942 224.288   1401402 4   48  218   25  112 0.225  16.6 252.7   5.3  -3.7
1942 224.288   1401504 7  314 1795  324 1847 0.872  77.4 197.3   7.3 -59.1
1942 224.288   1401602 0    3   17    3   14 0.781  96.6 204.5  -9.6 -51.9
1942 224.288   1401702 2    4   20    8   41 0.966 101.6 180.2 -13.0 -76.2
1942 225.574   1401402 4   85  467   45  247 0.321 308.6 254.0   4.6  14.6
1942 225.574   1401504 7  544 2929  381 2048 0.696  71.8 197.6   7.2 -41.8
1942 225.574   1401602 0   18   58   11   35 0.555  97.4 205.4 -10.1 -34.0
1942 225.574   1401702 2   19   89   19   85 0.850 101.1 180.5 -13.2 -58.9
1942 225.574   1401801 0    6   17   22   57 0.987  82.1 159.5   6.6 -79.9
1942 226.283   1401402 4   83  417   47  235 0.460 296.0 254.6   5.1  24.5
1942 226.283   1401504 7  539 3033  334 1877 0.588  67.3 197.0   7.1 -33.1
1942 226.283   1401602 0   25  158   14   87 0.416  99.3 205.4 -10.4 -24.7
1942 226.283   1401702 2   15   68   12   52 0.749 101.0 181.1 -13.0 -49.0
1942 226.283   1401801 0    3   12    6   20 0.948  80.8 159.8   6.3 -70.3
1942 227.539   1401402 4   82  425   56  288 0.671 286.5 253.8   5.5  40.3
1942 227.539   1401504 7  799 3630  430 1953 0.367  49.8 197.1   6.8 -16.4
1942 227.539   1401602 6  124  718   63  364 0.157 109.9 204.9 -10.2  -8.6
1942 227.539   1401702 2   18   45   11   27 0.524 102.9 181.9 -12.9 -31.6
1942 227.539   1401801 0    9   23    8   21 0.824  77.0 159.6   6.5 -53.9
1942 228.419   1401402 4   61  318   51  264 0.796 283.2 253.1   6.0  51.2
1942 228.419   1401504 7  584 3596  303 1865 0.264  19.5 196.8   7.2  -5.1
1942 228.419   1401602 6  131  683   66  342 0.073 220.9 204.7 -10.4   2.8
1942 228.419   1401702 2   17   62    9   33 0.324 108.3 183.5 -12.7 -18.4
1942 228.419   1401801 0    8   28    6   20 0.696  72.4 160.0   6.8 -41.9
1942 3 1.387   1401402 4   32  188   39  226 0.907 279.6 253.2   5.6  64.0
1942 3 1.387   1401504 7  567 3115  296 1625 0.284 330.9 197.2   7.2   8.0
1942 3 1.387   1401602 6   82  533   43  279 0.292 256.6 206.0 -10.8  16.8
1942 3 1.387   1401702 0    7   23    4   12 0.115 147.8 185.6 -12.8  -3.6
1942 3 1.387   1401801 0    8   25    5   15 0.527  64.4 160.6   6.8 -28.6
1942 3 1.387   1401902 2    8   23    8   22 0.850 257.4 248.2 -14.5  59.0
1942 3 2.559   1401402 4   18   85   52  239 0.983 277.6 252.3   6.1  78.6
1942 3 2.559   1401504 7  546 2428  309 1373 0.465 301.7 197.2   7.5  23.5
1942 3 2.559   1401602 6   75  365   45  217 0.535 261.6 206.3 -10.6  32.6
1942 3 2.559   1401702 0    1   11    1    6 0.240 247.2 186.8 -12.4  13.1
1942 3 2.559   1401801 0    7   28    4   15 0.331  42.0 160.8   7.2 -12.9
1942 3 2.559   1401902 2    4   21    8   41 0.964 258.0 249.5 -13.4  75.8
1942 3 2.559   1402005 7   12   47   16   59 0.913 284.2 237.7   9.8  64.0
1942 3 3.421   1401504 7  420 1793  266 1134 0.610 291.3 197.3   6.9  34.9
1942 3 3.421   1401602 6   37  181   26  127 0.698 262.5 207.1 -10.4  44.7
1942 3 3.421   1402005 2    1   22    3   41 0.962 281.9 235.0   9.4  72.6
1942 3 4.126   1401504 7  338 1467  246 1067 0.724 286.6 197.4   6.8  44.3
1942 3 4.126   1401602 6   15   87   13   75 0.810 262.3 207.8 -10.5  54.7
1942 3 5.321   1401504 7  197 1003  205 1040 0.874 281.5 196.9   6.4  59.5
1942 3 5.321   1401602 0    5   46    9   70 0.942 260.9 208.8 -11.0  71.4
1942 3 6.323   1401504 7   96  520  169  907 0.957 279.6 196.1   7.0  71.9
1942 3 6.323   1401602 0    0    6    0   30 0.994 259.9 209.0 -10.8  84.8
1942 3 6.323   1402105 2   11   64    8   43 0.663 291.4 162.8   8.4  38.6
1942 3 7.329   1401504 7   10   68   59  383 0.996 278.6 194.4   7.8  83.5
1942 3 7.329   1402105 0    3   24    3   20 0.795 285.6 161.5   7.8  50.6
1942 3 8.362   1402105 0    1    4    2    5 0.914 282.0 161.8   7.9  64.5
1942 311.365  11830100 0    1   12    3   19 0.942 101.8 346.3 -13.5 -71.4
1942 312.329   1402201 0    0   18    0   22 0.898  73.4 343.5  11.5 -61.5
1942 313.378   1402201 0    3   21    3   18 0.790  69.0 342.3  11.8 -48.9
1942 313.378   1402302 4    1   18    1   11 0.521  70.5   1.7   3.8 -29.5
1942 314.436   1402201 0    7   15    5   10 0.631  61.5 342.7  11.7 -34.5
1942 314.436   1402302 4   32  132   17   69 0.280  54.0   4.1   2.5 -13.1
1942 315.493   1402201 0    1    7    1    4 0.476  48.7 341.9  11.7 -21.4
1942 315.493   1402302 4   49  167   25   85 0.169   2.4   2.9   2.6  -0.4
1942 315.493   1402401 0   12   60   69  340 0.996  81.2 279.8   8.0 -83.5
1942 316.375   1402302 4   46  184   24   96 0.284 304.2   5.3   2.3  13.6
1942 316.375   1402401 2   53  250   95  448 0.959  78.9 279.6   8.5 -72.1
1942 317.401   1402302 4   55  196   32  113 0.488 287.9   5.9   2.4  27.7
1942 317.401   1402401 2  122  466  122  465 0.863  75.8 280.4   8.5 -57.8
1942 317.401   1402502 8    3   28   10   74 0.980 101.7 258.3 -12.8 -79.9
1942 317.401  11840100 0    3   21    2   12 0.457 279.9   5.0  -1.8  26.8
1942 318.561   1402302 4   45  192   32  135 0.716 280.5   7.7   2.5  44.8
1942 318.561   1402401 2  110  553   78  391 0.703  70.6 280.8   8.3 -42.1
1942 318.561   1402502 8   26  144   32  177 0.911 101.0 256.3 -12.9 -66.6
1942 318.561   1402602 7    1   12    2   15 0.905  79.4 259.3   6.5 -63.6
1942 318.561   1402702 0    8   58   21  136 0.976  78.7 247.0   9.4 -75.9
1942 319.552   1402302 4   38  170   36  161 0.846 276.8   7.0   2.0  57.2
1942 319.552   1402401 2  134  639   80  379 0.535  62.8 281.1   8.0 -28.7
1942 319.552   1402502 8   48  266   40  218 0.789 100.4 257.2 -12.5 -52.6
1942 319.552   1402602 7   15   66   13   56 0.799  77.2 258.2   5.9 -51.6
1942 319.552   1402702 0   14  105   17  123 0.902  76.9 247.1   8.6 -62.7
1942 319.552   1402805 0    1    4    2    5 0.903  79.5 246.5   6.4 -63.3
1942 319.552   1402902 4   12   28   14   33 0.898 104.3 245.0 -15.9 -64.8
1942 320.326   1402201 0    0    8    0    6 0.713 294.3 341.2  11.9  41.6
1942 320.326   1402302 4    8   45   11   62 0.928 275.1   7.2   2.1  67.6
1942 320.326   1402401 2  133  706   73  386 0.399  51.1 281.3   7.9 -18.3
1942 320.326   1402502 8   89  518   59  341 0.647 100.2 259.0 -11.9 -40.6
1942 320.326   1402602 7   12   98    9   68 0.690  73.8 257.8   5.9 -41.8
1942 320.326   1402702 0   21  132   18  113 0.807  73.1 248.1   9.3 -51.5
1942 320.326   1402902 4   21   84   18   70 0.794 103.5 246.6 -14.9 -53.0
1942 321.329   1402201 0    0    6    0    6 0.857 290.5 342.1  13.6  55.7
1942 321.329   1402302 4    1    6    4   14 0.975 273.9   3.2   2.2  76.8
1942 321.329   1402401 2  123  673   64  349 0.260  18.2 281.7   7.4  -4.7
1942 321.329   1402502 8  176  973   99  545 0.449 102.1 259.8 -11.6 -26.6
1942 321.329   1402602 7   47  224   28  133 0.535  66.9 256.7   6.1 -29.7
1942 321.329   1402702 0   27  138   18   92 0.653  68.5 248.5   8.4 -37.9
1942 321.329   1402805 2    9   36    6   24 0.639  72.8 248.6   5.4 -37.8
1942 321.329   1402902 4   23  115   15   75 0.633 104.4 247.1 -14.5 -39.3
1942 321.329   1403004 7    8   56   55  366 0.996  83.3 202.0   6.0 -84.4
1942 322.344   1402401 2  114  657   60  343 0.283 327.6 281.8   7.0   8.8
1942 322.344   1402502 8  124  735   64  379 0.239 110.4 259.8 -11.5 -13.2
1942 322.344   1402602 7   72  431   39  231 0.352  50.2 257.2   6.4 -15.8
1942 322.344   1402705 0   33  166   19   95 0.478  58.5 248.7   8.2 -24.3
1942 322.344   1402805 2   12   49    7   28 0.462  64.8 248.2   5.1 -24.8
1942 322.344   1402902 4   16   52    9   29 0.438 108.4 247.6 -14.2 -25.4
1942 322.344   1403004 7   69  427  133  816 0.964  81.1 199.5   6.7 -73.5
1942 322.344   1403101 2   13   36   10   28 0.750 293.9 317.7  12.8  44.7
1942 322.344  11840200 0    4   13    3    9 0.647  97.0 232.3  -9.8 -40.7
1942 323.378   1402401 2  103  580   58  326 0.452 300.4 282.5   6.9  23.1
1942 323.378   1402502 8  115  677   58  340 0.086 191.5 260.4 -11.7   1.0
1942 323.378   1402602 7   50  291   26  150 0.235  10.6 256.9   6.5  -2.5
1942 323.378   1402702 8   57  254   31  136 0.353  38.3 246.6   9.4 -12.8
1942 323.378   1402805 2   11   30    6   16 0.276  42.5 248.6   5.0 -10.8
1942 323.378   1402902 4   21   68   11   35 0.234 123.7 247.8 -14.2 -11.6
1942 323.378   1403004 7  215 1158  219 1179 0.870  78.3 200.4   6.7 -59.0
1942 323.378   1403101 2    3   17    4   19 0.885 288.9 318.7  13.2  59.3
1942 324.462   1402401 2   95  506   62  330 0.639 289.3 282.5   6.8  37.4
1942 324.462   1402502 8  107  623   56  324 0.274 253.3 260.6 -11.1  15.5
1942 324.462   1402602 7   20  119   11   63 0.323 317.5 257.8   7.1  12.7
1942 324.462   1402702 1  101  422   53  220 0.275 351.7 247.4   9.0   2.3
1942 324.462   1402902 4   27  112   14   57 0.143 209.9 249.3 -13.9   4.2
1942 324.462   1403004 7  254 1316  190  982 0.740  73.8 199.4   7.2 -45.7
1942 324.462  11840300 0    3   12    7   23 0.959 265.4 319.2  -6.3  74.2
1942 325.359   1402401 2   72  364   58  292 0.778 284.4 282.6   6.8  49.4
1942 325.359   1402502 8   74  385   42  218 0.464 258.3 260.8 -11.4  27.6
1942 325.359   1402602 7   10   53    6   30 0.463 298.8 257.3   6.7  24.1
1942 325.359   1402702 1   89  416   48  224 0.365 318.1 247.5   9.2  14.3
1942 325.359   1402902 4   15   51    8   27 0.308 245.9 250.0 -13.7  16.8
1942 325.359   1403004 7  293 1311  182  813 0.588  67.8 199.9   7.2 -33.3
1942 325.359   1403202 0    3   10    6   16 0.942  70.4 165.8  15.9 -67.4
1942 325.359  11840400 0    4   14    3    9 0.607  77.7 196.8   2.0 -36.4
1942 326.421   1402401 0   54  239   65  287 0.907 280.7 283.0   6.8  63.8
1942 326.421   1402502 8   24  120   16   79 0.647 260.3 259.8 -11.4  40.6
1942 326.421   1402602 7    7   35    5   25 0.712 285.8 262.8   6.3  43.6
1942 326.421   1402702 1   77  378   46  225 0.538 298.8 247.7   9.1  28.5
1942 326.421   1402902 4    8   27    5   16 0.526 254.0 250.6 -14.1  31.4
1942 326.421   1403004 7  337 1398  185  766 0.407  54.5 199.7   7.3 -19.5
1942 326.421   1403202 0    2    8    2    8 0.848  66.2 165.3  16.1 -53.9
1942 326.421  11840500 0    3   18    2   10 0.405 273.6 243.1  -4.7  23.9
1942 327.413   1402401 0   23  105   58  259 0.978 278.6 283.2   7.0  77.0
1942 327.413   1402502 8    6   30    6   27 0.821 261.1 262.0 -11.1  55.8
1942 327.413   1402602 0    0    9    0    9 0.851 284.3 262.7   8.5  56.5
1942 327.413   1402702 1   38  155   27  110 0.704 290.3 248.2   9.2  42.0
1942 327.413   1403004 7  267 1389  139  721 0.264  24.8 199.8   7.2  -6.4
1942 328.398   1402702 1   39  146   38  142 0.867 284.9 251.2   9.4  58.1
1942 328.398   1402902 4    2    6    2    6 0.839 259.5 250.7 -12.4  57.6
1942 328.398   1403004 7  229 1135  119  590 0.280 328.8 201.5   7.3   8.4
1942 329.452   1402702 1    3   15    6   25 0.948 282.4 249.1   9.5  69.8
1942 329.452   1403004 7  242 1172  135  652 0.436 302.7 201.0   7.5  21.7
1942 329.452   1403301 0    8   48   22  121 0.979  79.5 102.3   8.9 -77.0
1942 329.452  11840600 0    3   15    5   22 0.932 285.2 245.9  11.6  66.7
1942 330.559   1403004 7  176  927  113  595 0.625 290.7 200.8   7.5  36.1
1942 330.559   1403301 0   26  138   33  170 0.911  76.2 100.8   9.7 -63.9
1942 330.559   1403401 2    7   51    4   26 0.100  53.4 160.1  -3.1  -4.6
1942 331.326   1403004 7   90  625   67  464 0.736 287.0 199.8   7.9  45.3
1942 331.326   1403301 0   13   85   11   72 0.803  73.8 103.2   8.9 -51.3
1942 331.326   1403401 2   25  117   13   59 0.116 299.3 160.3  -3.2   5.8
1942 331.326   1403502 0    5   21    6   22 0.868  70.9  97.1  13.1 -57.4
1942 4 1.321   1403004 7   49  268   49  267 0.862 283.5 199.3   8.2  57.9
1942 4 1.321   1403301 0   24  109   16   73 0.656  69.1 103.1   8.5 -38.3
1942 4 1.321   1403401 2   16   62    9   33 0.337 279.7 160.8  -2.8  19.4
1942 4 1.321   1403502 0    3   16    3   13 0.766  69.4  94.4  11.3 -47.0
1942 4 2.343   1403004 7   15  103   26  178 0.956 281.0 199.5   8.6  71.6
1942 4 2.343   1403301 0   17   59   10   34 0.472  58.4 103.9   8.5 -24.0
1942 4 2.343   1403401 2   15   46    9   28 0.547 274.3 161.0  -3.0  33.1
1942 4 2.343   1403502 0    1   12    1    8 0.598  60.2  95.9  11.9 -32.0
1942 4 2.343  11840700 0    1   13    1    8 0.495 146.0 109.2 -30.3 -18.7
1942 4 3.485   1403301 0   11   51    6   27 0.293  30.4 104.3   8.4  -8.6
1942 4 3.485   1403502 0    3   21    2   12 0.413  43.6  96.0  11.4 -16.9
1942 4 3.485   1403602 0    0    4    0    4 0.838 299.8 163.9  20.7  51.0
1942 4 3.485   1403701 0    3   11    2    6 0.222 336.6 118.0   5.5   5.1
1942 4 4.369   1403301 0    1    9    1    5 0.265   1.1 100.9   9.1  -0.3
1942 4 4.369   1403502 0    3   11    2    6 0.335  18.9  94.8  12.3  -6.4
1942 4 4.369   1403602 0    2   10    3   14 0.923 293.7 164.6  19.1  63.4
1942 4 4.369   1403701 0   11   34    6   19 0.392 301.3 120.9   5.9  19.7
1942 4 4.369   1403802 0    1    9    1    5 0.202 357.5 101.7   5.4   0.5
1942 4 4.369   1403903 9    8   69   23  179 0.980  88.6  22.7   0.1 -78.5
1942 4 5.332   1403602 0    2   10    5   25 0.976 290.2 163.1  18.2  74.6
1942 4 5.332   1403701 0    9   29    6   18 0.559 290.2 120.3   5.9  31.8
1942 4 5.332   1403802 0    3   11    2    6 0.317 306.5 103.3   4.9  14.8
1942 4 5.332   1403903 9   15   48   19   58 0.906  86.9  23.7   0.2 -64.8
1942 4 6.405   1403701 0    2    8    2    7 0.773 285.0 123.2   7.6  48.9
1942 4 6.405   1403903 9   12   41   10   33 0.771  85.1  24.1  -0.1 -50.2
1942 4 6.405  11840800 0    3   12    2    7 0.423 266.3  99.5  -7.1  25.2
1942 4 6.405  11840900 0    0   10    0   16 0.938  79.2   5.8   7.9 -68.5
1942 4 7.371   1403701 0    0    8    0    9 0.873 279.1 121.5   4.9  59.9
1942 4 7.371   1403903 9   15   48   10   31 0.627  82.3  23.2   0.1 -38.4
1942 4 7.371   1404003 7   38  246   22  142 0.495  95.8  31.8  -8.1 -29.8
1942 4 8.439   1403701 0    6   19   10   31 0.947 278.4 117.8   6.0  70.3
1942 4 8.439   1403903 9    7   27    4   15 0.415  78.7  23.5  -0.8 -24.0
1942 4 8.439   1404003 7  154 1027   80  532 0.258  99.5  32.6  -8.2 -14.9
1942 4 9.332   1404003 7  137  919   69  460 0.046 133.8  33.8  -7.7  -1.9
1942 410.373   1403903 9    7   23    4   12 0.081 347.5  23.0  -1.3   1.0
1942 410.373   1404003 7  177  938   91  480 0.211 263.8  34.2  -7.0  12.2
1942 411.348   1403903 9    9   13    5    7 0.262 286.9  23.6  -1.2  14.5
1942 411.348   1404003 7  177 1111   98  614 0.424 266.2  34.3  -6.8  25.2
1942 411.348   1404102 6    0    3    0    6 0.947  76.2 299.6  11.1 -69.5
1942 411.348   1404201 0    0   23    0  184 0.998  82.2 283.7   7.4 -85.4
1942 411.348  11841000 0    0    7    0    4 0.222 327.8  15.9   5.1   6.8
1942 412.341   1403903 9    1   13    1    8 0.500 278.7  25.6  -0.6  29.6
1942 412.341   1404003 7  216 1425  139  916 0.626 264.8  35.0  -7.7  39.0
1942 412.341   1404102 6    6   17    6   16 0.828  73.0 302.3  10.7 -53.7
1942 412.341   1404201 0   28  126   50  223 0.957  80.3 283.8   7.6 -72.2
1942 412.341   1404302 6   16   50   22   67 0.923  72.9 290.9  13.4 -65.1
1942 413.395   1403903 9    0    8    0    6 0.715 274.1  27.6  -1.0  45.5
1942 413.395   1404003 7  204 1270  168 1045 0.792 265.1  34.8  -7.3  52.7
1942 413.395   1404102 6   31  127   21   84 0.645  66.2 305.2  10.6 -36.9
1942 413.395   1404201 0   46  207   46  204 0.859  77.6 284.3   7.7 -57.8
1942 413.395   1404302 6   34  143   29  121 0.803  68.2 291.9  13.8 -50.2
1942 413.395   1404405 0    0    6    0   17 0.978  95.1 263.6  -6.1 -78.5
1942 414.340   1403903 9    0    8    0    8 0.835 272.2  26.2  -1.2  56.6
1942 414.340   1404003 7  154 1006  184 1195 0.905 264.6  34.9  -7.2  65.3
1942 414.340   1404102 6  125  480   72  276 0.490  55.2 305.4  11.2 -24.2
1942 414.340   1404201 0   55  238   41  175 0.728  73.8 284.7   7.8 -44.9
1942 414.340   1404302 6   85  382   57  255 0.659  61.7 292.9  13.8 -36.7
1942 414.340   1404405 0    1   10    2   12 0.889  93.0 266.5  -5.2 -63.1
1942 415.336   1403903 9    0    6    0   10 0.940 270.6  26.4  -1.3  70.0
1942 415.336   1404003 2   41  217  109  576 0.981 263.2  35.8  -7.7  79.4
1942 415.336   1404102 6   99  510   53  272 0.339  32.5 305.7  11.3 -10.7
1942 415.336   1404201 0   54  268   33  163 0.566  67.7 284.5   7.8 -31.9
1942 415.336   1404302 6   69  280   40  161 0.490  49.1 294.0  13.7 -22.4
1942 415.336   1404502 0    3   13    3   11 0.796  98.9 263.3 -10.4 -53.1
1942 416.372   1403903 9    1   10   10   53 0.994 267.2  27.0  -3.3  84.2
1942 416.372   1404102 6  102  866   54  455 0.300 349.5 306.0  11.8   3.2
1942 416.372   1404201 0   77  325   42  176 0.380  54.1 284.7   7.8 -18.1
1942 416.372   1404302 6  127  589   68  315 0.349  21.6 295.2  13.6  -7.6
1942 416.372   1404502 2   13   44    9   29 0.639  99.5 263.0 -10.2 -39.8
1942 416.372  11850100 0    6   13    7   14 0.879  93.6 240.9  -5.7 -61.8
1942 417.378   1404102 6  136  720   75  396 0.411 316.5 306.3  12.3  16.8
1942 417.378   1404201 0   65  321   34  166 0.242  20.0 284.7   7.9  -4.8
1942 417.378   1404302 6  223 1121  119  597 0.341 339.6 296.5  13.4   7.0
1942 417.378   1404502 2   21   87   12   49 0.445 103.5 263.4 -10.7 -26.1
1942 417.378   1404602 0    0    7    0   14 0.967  78.4 215.5   9.8 -74.0
1942 418.357   1404102 6  148  778   90  471 0.560 301.5 305.8  12.5  29.3
1942 418.357   1404201 0   57  292   30  152 0.265 329.1 284.4   8.0   7.9
1942 418.357   1404302 6  334 1533  188  863 0.456 313.4 296.4  13.4  19.9
1942 418.357   1404502 2   13   36    7   19 0.244 114.2 263.4 -10.8 -13.1
1942 418.357   1404602 0    4   15    4   15 0.847  75.5 220.3   9.4 -56.2
1942 418.357   1404702 6   17   43   17   42 0.856  96.7 217.3  -8.4 -59.2
1942 418.357   1404801 0    4    7    7   12 0.954  83.6 204.6   4.5 -71.9
1942 419.386   1404102 6   66  462   48  336 0.723 292.6 306.1  12.4  43.1
1942 419.386   1404201 0   57  314   32  174 0.427 301.4 284.6   8.1  21.6
1942 419.386   1404302 6  202 1003  129  640 0.618 299.9 296.5  13.7  33.5
1942 419.386   1404502 2    5   27    3   14 0.097 194.3 264.4 -10.5   1.4
1942 419.386   1404602 7   33  104   23   72 0.686  72.1 221.7   8.4 -41.3
1942 419.386   1404702 6   21   58   15   41 0.699  97.8 218.5  -9.1 -44.5
1942 419.386   1404801 0    7   21    7   21 0.850  81.8 205.5   4.2 -57.5
1942 419.386   1404905 4    1   13    1    7 0.342  15.2 257.7  14.2  -5.3
1942 419.386   1405002 7    3   24   14   90 0.990  73.2 182.8  15.8 -80.2
1942 420.373   1404102 6   35  310   34  297 0.850 287.8 305.8  12.3  55.9
1942 420.373   1404201 0   52  268   33  168 0.600 291.0 284.4   8.3  34.5
1942 420.373   1404302 6  156  984  126  791 0.780 291.3 298.2  13.2  48.3
1942 420.373   1404602 7   47  190   27  109 0.488  64.1 223.6   7.8 -26.3
1942 420.373   1404702 6   56  246   33  144 0.515  98.6 218.9  -8.7 -31.0
1942 420.373   1404801 0    5   24    4   18 0.731  78.8 203.9   4.7 -46.0
1942 420.373   1404905 4    9   24    5   13 0.343 346.4 254.7  14.5   4.8
1942 420.373   1405002 7   58  216   87  320 0.940  71.5 182.3  15.5 -67.6
1942 421.101   1404102 0   30  211   42  288 0.928 285.6 306.6  12.5  66.3
1942 421.101   1404201 0   41  215   30  155 0.718 286.7 284.3   8.4  44.0
1942 421.101   1404302 6   98  588  101  603 0.871 288.1 298.5  13.1  58.2
1942 421.101   1404602 6   54  271   29  145 0.353  53.5 223.7   7.4 -16.6
1942 421.101   1404702 6  129  693   69  371 0.353 101.6 219.8  -8.7 -20.5
1942 421.101   1404905 4   34  143   19   79 0.411 321.8 255.5  14.1  15.2
1942 421.101   1405002 7   42  232   42  229 0.859  68.8 184.1  15.4 -56.2
1942 422.499   1404201 0   19  135   22  153 0.895 282.1 284.0   8.6  62.2
1942 422.499   1404302 6   33  244   81  585 0.976 285.3 297.7  13.8  75.9
1942 422.499   1404602 6   97  599   50  308 0.223 351.1 223.8   7.9   2.0
1942 422.499   1404702 6  179 1403   90  703 0.067 162.1 220.6  -8.5  -1.2
1942 422.499   1404905 4   45  233   30  153 0.644 299.4 257.2  14.5  35.4
1942 422.499   1405002 7  103  433   71  297 0.680  60.4 183.9  15.8 -37.9
1942 422.499   1405105 0    0    9    0    5 0.266  37.0 212.5   7.5  -9.3
1942 422.499   1405205 0    0    3    0    2 0.445  47.6 202.1  12.9 -19.7
1942 422.499  11850200 0    3   32    3   28 0.811 268.8 276.2  -3.8  54.4
1942 423.402   1404201 0   15   70   31  139 0.966 280.1 283.9   8.5  74.0
1942 423.402   1404602 6  119  549   63  290 0.318 312.5 223.6   7.8  13.7
1942 423.402   1404702 6  221 1320  113  673 0.195 247.2 220.4  -9.0  10.5
1942 423.402   1404801 0    3   27    2   14 0.218  40.1 201.8   4.9  -8.1
1942 423.402   1404905 4   29  172   23  136 0.771 293.1 257.0  14.4  47.1
1942 423.402   1405002 7  140  728   84  435 0.543  50.4 184.1  16.0 -25.8
1942 423.402   1405105 0    1    7    1    4 0.218 354.1 211.2   7.8   1.3
1942 424.325   1404602 6   76  472   44  272 0.490 293.6 224.6   7.2  26.9
1942 424.325   1404702 6  228  998  124  543 0.391 257.9 220.5  -9.0  22.8
1942 424.325   1404801 0    1    9    1    5 0.165 323.7 203.3   3.0   5.6
1942 424.325   1404905 4    9   33   10   36 0.881 288.7 257.1  14.1  59.4
1942 424.325   1405002 7  123  752   68  415 0.419  33.2 183.9  16.0 -13.8
1942 424.325   1405105 0    0    7    0    4 0.320 307.0 212.6   6.6  14.9
1942 424.325   1405305 0    7   13    4    7 0.242 241.3 210.2 -11.2  12.5
1942 425.311   1404602 6  123  665   83  446 0.663 286.9 224.5   7.6  39.8
1942 425.311   1404702 6  155  842   96  522 0.589 261.8 220.8  -8.5  36.1
1942 425.311   1404905 4    0   13    0   26 0.962 286.6 257.1  14.6  72.4
1942 425.311   1405002 7  134  737   72  396 0.359   0.3 184.6  16.5  -0.1
1942 425.311   1405305 2    8   31    5   18 0.457 254.9 211.4 -10.9  26.7
1942 425.311   1405402 9    0    4    0    9 0.960  79.8 112.0   8.5 -72.7
1942 426.308   1404602 6  105  536   94  476 0.824 282.3 225.8   7.5  54.3
1942 426.308   1404702 6   86  461   67  359 0.764 262.5 221.5  -8.6  50.0
1942 426.308   1404801 0    6   24    4   14 0.502 284.6 200.6   3.4  29.1
1942 426.308   1405002 7  124  608   68  333 0.405 328.8 184.1  15.9  12.6
1942 426.308   1405202 0    1    6    1    4 0.583 301.6 202.3  14.0  30.8
1942 426.308   1405402 9    4   19    4   19 0.849  77.0 114.7   8.6 -56.8
1942 426.308   1405502 9    0    7    0    6 0.802  91.8 118.0  -4.1 -53.5
1942 427.312   1404602 6   65  406   88  549 0.928 279.9 225.4   7.5  67.2
1942 427.312   1404702 6   46  277   50  301 0.885 261.9 220.8  -9.2  62.6
1942 427.312   1404801 0   17   58   12   40 0.676 278.6 200.2   2.6  42.0
1942 427.312   1405002 7   65  465   39  277 0.538 308.8 184.0  15.8  25.8
1942 427.312   1405202 2    6   49    5   38 0.756 292.6 204.2  13.9  46.0
1942 427.312   1405402 9   18   63   13   45 0.704  73.8 115.1   8.2 -43.1
1942 427.312   1405502 9   31  133   21   90 0.667  94.9 116.2  -6.5 -42.0
1942 427.312   1405602 4    5   22    3   12 0.298 236.4 173.0 -13.7  14.8
1942 428.518   1404702 6    1   13    3   24 0.958 260.5 216.1 -10.3  73.8
1942 428.518   1405002 7   43  362   31  261 0.717 296.5 184.1  15.5  41.8
1942 428.518   1405102 0    2   15    3   23 0.938 280.5 211.1   8.3  68.8
1942 428.518   1405402 9   12   50    7   29 0.488  66.4 115.5   7.5 -26.8
1942 428.518   1405502 9   17   77   10   43 0.437  96.6 116.4  -6.7 -25.9
1942 428.518   1405602 4   33  154   20   91 0.529 250.5 173.2 -13.8  30.9
1942 428.518   1405705 4    8   38    5   23 0.551  59.6 113.2  12.5 -29.1
1942 429.413   1405002 7   44  275   41  256 0.840 291.4 184.7  15.4  54.2
1942 429.413   1405402 9   45  146   24   77 0.307  45.9 117.6   8.3 -12.9
1942 429.413   1405502 9   17   56    9   29 0.238 100.4 116.9  -6.5 -13.6
1942 429.413   1405602 4   27  148   19  102 0.686 253.9 173.3 -14.0  42.8
1942 429.413   1405705 4   12   36    7   20 0.389  40.4 115.5  13.2 -15.0
1942 429.413   1405801 0    4   18   27  106 0.996  98.8  45.3  -9.1 -85.2
1942 430.359   1405002 7   49  233   69  327 0.932 288.7 184.6  15.8  66.6
1942 430.359   1405402 9   31  134   16   69 0.205   6.3 116.7   7.7  -1.3
1942 430.359   1405502 9   11   45    6   23 0.039 177.5 117.9  -6.3  -0.1
1942 430.359   1405602 4   18   91   16   81 0.823 256.5 173.3 -13.4  55.3
1942 430.359   1405705 4    1   11    1    6 0.306  14.8 113.4  13.2  -4.6
1942 430.359   1405801 0   15   88   27  151 0.955  98.0  44.9  -8.8 -73.1
1942 5 1.360   1405002 7    8   54   32  202 0.990 286.3 185.4  15.5  80.6
1942 5 1.360   1405402 9   19   72   10   38 0.282 316.4 116.1   7.9  11.3
1942 5 1.360   1405502 9    3   31    2   16 0.234 259.4 118.2  -6.3  13.4
1942 5 1.360   1405602 4    3   23    5   32 0.930 257.2 173.5 -13.3  68.7
1942 5 1.360   1405705 4    3   30    2   16 0.329 338.6 111.9  13.9   7.1
1942 5 1.360   1405801 0   27  170   27  170 0.864  98.5  44.8  -9.3 -60.0
1942 5 2.593   1405402 9   27  117   16   69 0.523 291.9 117.7   7.9  29.3
1942 5 2.593   1405801 0   36  215   25  149 0.690  99.9  44.8  -9.6 -43.6
1942 5 3.361   1405402 9   60  235   41  160 0.674 285.6 119.2   7.6  40.9
1942 5 3.361   1405801 0   38  267   23  161 0.553 101.8  45.0  -9.6 -33.3
1942 5 4.359   1405402 9   54  243   49  221 0.831 281.9 120.3   7.8  55.2
1942 5 4.359   1405801 0   42  248   23  133 0.359 106.9  44.7  -9.4 -20.4
1942 5 5.338   1405402 9   60  272   90  403 0.939 280.4 121.3   8.5  69.1
1942 5 5.338   1405801 0   35  144   18   73 0.159 130.1  45.1  -9.4  -7.1
1942 5 6.522   1405402 9    4   17   24   86 0.994 277.8 119.9   7.4  83.4
1942 5 6.522   1405801 0   15   72    8   37 0.186 234.3  45.3  -9.6   8.8
1942 5 7.357   1405801 0    9   28    5   15 0.358 253.3  45.8  -9.0  20.3
1942 5 7.357   1405901 2   16   90   54  293 0.987  75.9 305.8  13.3 -79.7
1942 5 7.357  11850300 0    7   32    4   17 0.258 228.4  36.8 -13.1  11.4
1942 5 8.524   1405801 0    0    9    0    6 0.590 258.9  45.9  -9.1  35.9
1942 5 8.524   1405901 2   51  254   63  309 0.909  74.6 306.1  12.6 -63.9
1942 5 9.356   1405901 2   59  302   52  264 0.817  72.1 306.2  12.7 -52.8
1942 5 9.356   1406001 0    6   43   16  101 0.975  80.1 282.5   8.9 -76.5
1942 5 9.356   1406102 0    0    6    0   52 0.998  95.1 272.4  -5.3 -86.6
1942 510.361   1405901 2   68  369   46  250 0.669  67.4 306.5  12.6 -39.3
1942 510.361   1406001 0   16  101   18  113 0.892  78.5 283.6   8.9 -62.2
1942 510.361   1406102 0   33  130   64  248 0.964  94.2 271.0  -4.8 -74.8
1942 511.410   1405901 2   82  353   48  205 0.503  58.2 305.9  12.8 -26.0
1942 511.410   1406001 0   26  147   21  117 0.774  76.2 282.4   8.8 -49.5
1942 511.410   1406102 1   57  336   60  351 0.876  94.0 270.6  -4.9 -61.3
1942 512.356   1405901 2   40  246   22  133 0.372  41.9 304.6  13.4 -14.8
1942 512.356   1406001 0   31  149   20   96 0.626  72.3 282.3   8.8 -37.1
1942 512.356   1406102 1   65  412   50  316 0.755  94.5 270.3  -5.2 -49.1
1942 513.402   1405901 2   42  252   22  131 0.268   1.8 305.0  12.9  -0.5
1942 513.402   1406001 0   30  136   17   76 0.438  64.1 282.0   8.6 -23.5
1942 513.402   1406102 1  113  559   70  344 0.581  94.9 270.0  -5.0 -35.5
1942 513.402   1406201 0    0    3    0    7 0.960  78.7 232.6  10.1 -72.9
1942 514.380   1405901 2   35  165   19   88 0.340 322.1 305.0  13.1  12.4
1942 514.380   1406001 0   30  169   16   88 0.269  44.5 281.6   8.6 -11.0
1942 514.380   1406102 1   92  553   50  300 0.385  97.7 270.1  -5.3 -22.5
1942 514.380   1406201 0    1   10    2   11 0.864  77.4 233.8   9.6 -58.8
1942 514.380   1406302 9    7   22    4   12 0.376  36.2 279.3  15.2 -13.3
1942 515.411   1405901 2   20  141   12   82 0.499 303.3 304.4  13.7  25.4
1942 515.411   1406001 0   33  178   17   91 0.195 347.8 281.4   8.6   2.4
1942 515.411   1406102 1  132  641   67  325 0.160 105.9 270.1  -4.9  -8.9
1942 515.411   1406201 0    1    8    1    6 0.714  74.3 234.8   9.4 -44.2
1942 515.411   1406302 9    0    7    0    4 0.278 359.0 279.3  13.7   0.3
1942 516.359   1405901 2    9   42    6   28 0.651 293.6 304.2  13.3  37.8
1942 516.359   1406001 0   32  170   17   90 0.317 305.6 281.5   8.4  15.1
1942 516.359   1406102 1   93  572   47  287 0.080 233.7 270.1  -5.0   3.7
1942 516.359   1406302 9    5   22    3   12 0.372 314.5 282.2  12.9  15.8
1942 516.359   1406401 0    6   22   21   70 0.986  76.2 186.7  13.2 -79.7
1942 517.322   1405901 2    4   10    4    9 0.791 288.4 304.1  13.1  50.4
1942 517.322   1406001 0   26  168   15   97 0.492 291.4 281.3   8.4  27.6
1942 517.322   1406102 0   79  403   42  212 0.304 260.7 271.2  -4.9  17.5
1942 517.322   1406302 9    1    8    1    5 0.540 301.8 282.0  14.6  28.3
1942 517.322   1406401 0   22  105   35  167 0.948  75.4 183.4  13.1 -70.3
1942 518.539   1406001 0   14   74   10   53 0.706 284.2 281.4   8.5  43.8
1942 518.539   1406102 0   62  279   38  169 0.560 264.7 271.6  -4.7  34.0
1942 518.539   1406302 9    5   23    4   17 0.727 293.4 281.4  15.3  43.8
1942 518.539   1406401 0   26  117   23  102 0.814  72.6 184.8  12.8 -52.8
1942 518.539  11860100 0    2    8    4   17 0.965 281.7 311.7  10.7  74.1
1942 519.328   1406001 0    6   50    6   44 0.819 281.9 281.3   8.6  54.1
1942 519.328   1406102 0   51  219   37  157 0.714 265.6 272.8  -4.5  45.6
1942 519.328   1406302 9    0   23    0   21 0.831 287.2 281.8  13.1  54.6
1942 519.328   1406401 0   25   98   18   69 0.695  68.9 185.5  13.0 -41.7
1942 520.384   1406102 0    4   22    5   24 0.878 266.7 274.7  -3.8  61.5
1942 520.384   1406401 0   20   91   12   54 0.528  60.4 185.0  13.5 -28.2
1942 520.384  11860200 0    4   22    5   23 0.870 263.1 273.6  -6.9  60.5
1942 521.400   1406102 0    0    7    0   15 0.971 266.5 276.0  -3.8  76.2
1942 521.400   1406401 0   22  133   12   72 0.363  43.1 185.0  13.7 -14.8
1942 522.325   1406401 0   13  136    7   71 0.274   9.6 184.8  14.1  -2.7
1942 523.307   1406401 0   18  105   10   56 0.320 326.4 185.0  14.0  10.5
1942 524.305   1406401 0   24   87   14   50 0.475 304.1 185.2  14.2  23.9
1942 524.305  11860300 0    0    5    0    7 0.929  85.9  93.1   3.3 -68.2
1942 525.683   1406401 0    8   45    6   32 0.699 291.8 185.1  14.1  42.0
1942 526.116   1406401 0    7   20    6   16 0.763 289.5 185.2  14.0  47.8
1942 527.328   1406401 0    5   10    6   13 0.905 286.5 184.9  14.4  63.6
1942 527.328   1406505 0    0    8    0   20 0.974 102.5  44.4 -12.4 -76.9
1942 528.388   1406401 0    2    8    5   22 0.978 284.8 184.6  14.3  77.3
1942 528.388   1406505 0    0    7    0    8 0.897 104.1  44.0 -13.0 -63.3
1942 528.388  11860400 0    1    5    1    3 0.169 216.3 113.1  -8.7   5.8
1942 529.337   1406505 0    0    7    0    6 0.793 107.4  43.4 -14.2 -51.3
1942 530.322   1406505 0    1    8    1    6 0.673 107.2  40.6 -12.0 -41.1
1942 6 1.350   1406602 2    0    6    0   17 0.978  77.5 337.3  12.1 -77.6
1942 6 2.514   1406602 2    6   23    6   21 0.831  76.6 344.0  10.9 -55.4
1942 6 3.305   1406602 2    8   32    6   23 0.711  74.0 344.8  11.2 -44.2
1942 6 4.305   1406602 2    5   22    3   13 0.506  66.5 347.5  11.6 -28.3
1942 6 5.324   1406602 2    1   21    1   12 0.403  54.8 342.5  13.5 -19.8
1942 6 6.318   1406602 2   38  101   20   52 0.233  23.7 343.6  12.5  -5.5
1942 6 7.376   1406602 2   71  237   37  123 0.256 326.2 343.5  12.6   8.4
1942 6 8.312   1406602 2   38  203   21  112 0.412 300.6 344.0  12.5  21.3
1942 6 9.307   1406602 2   24  102   15   64 0.591 291.4 344.0  12.9  34.4
1942 610.307   1406602 2   15   71   12   54 0.746 286.8 343.4  12.9  47.1
1942 611.329   1406602 2    4   16    5   17 0.879 284.2 343.7  12.8  60.9
1942 613.349   1406702 7    0   11    0    6 0.287  54.9 242.3  10.5 -13.8
1942 613.349  11870100 0    0    6    0   14 0.968 278.7 331.5   8.7  75.5
1942 614.345   1406702 7   11   50    6   26 0.217  23.0 237.9  12.7  -5.0
1942 615.566   1406702 0    0    9    0    5 0.284 310.7 239.4  11.9  12.7
1942 616.411   1406802 7    6   37   24  134 0.989  84.6 133.8   5.5 -81.7
1942 616.411  11870200 0    0    6    0    7 0.867  82.5 155.4   7.2 -60.1
1942 616.411  11870300 0    0    1    0    5 0.980  98.2 137.2  -7.8 -78.3
1942 617.341   1406802 7   27  143   40  209 0.938  84.5 133.5   5.7 -69.7
1942 618.309   1406802 7   40  206   36  185 0.827  84.2 134.6   5.7 -55.8
1942 619.548   1406802 7   56  150   36   97 0.626  82.7 135.4   5.9 -38.6
1942 619.548   1406902 4   23   77   13   42 0.397 120.6 153.7 -10.0 -20.3
1942 620.374   1406802 7   54  350   31  198 0.462  80.6 135.8   6.0 -27.3
1942 620.374   1406902 4   36  123   19   64 0.250 147.3 155.2 -10.3  -7.9
1942 621.344   1406802 7   42  283   22  146 0.235  73.8 137.1   5.7 -13.1
1942 621.344   1406902 4   17   52    9   27 0.235 206.4 156.3 -10.2   6.1
1942 621.344   1407005 0    4    9    3    6 0.621 263.9 188.4  -2.2  38.2
1942 622.310   1406802 7   39  227   20  114 0.061 346.8 138.2   5.5   0.8
1942 622.310   1406902 4    5    9    3    5 0.411 239.5 158.5 -10.1  21.1
1942 622.310   1407005 0    2    8    2    7 0.781 265.1 188.6  -2.5  51.2
1942 622.310  11870400 0    1    4    2    6 0.908  82.8  72.1   7.4 -65.3
1942 623.329   1406802 7   63  312   33  161 0.244 285.5 137.7   5.9  13.7
1942 623.329   1407005 0    0    5    0    6 0.907 266.6 188.9  -2.1  64.9
1942 623.329   1407105 0    0    4    0    6 0.920  98.6  57.6  -7.0 -66.4
1942 623.329  11870500 0    3   25    2   13 0.268 126.9 111.4  -7.1 -12.5
1942 624.300   1406802 7   51  175   29   99 0.463 278.5 138.5   6.0  27.4
1942 624.300   1406902 4    6   24    6   22 0.671 252.0 151.5 -10.2  40.4
1942 624.300   1407105 2    3   18    3   14 0.757  98.6  62.4  -5.0 -48.7
1942 625.378   1406802 7   32  152   23  107 0.697 275.4 141.0   5.5  44.2
1942 625.378   1406902 7    7   22    9   29 0.815 256.1 150.2  -9.8  53.4
1942 625.378  11870600 0    3   20    2   13 0.604 112.4  62.1 -11.3 -34.7
1942 626.313   1406802 7   18   49   18   47 0.849 275.1 142.7   5.7  58.2
1942 626.313   1406902 7    0    6    0   24 0.932 258.9 152.4  -9.4  67.9
1942 627.307   1406802 7    5   11    8   19 0.947 275.2 142.8   5.8  71.5
1942 627.307   1407202 9   26  112   27  116 0.873 275.0 132.2   5.7  60.9
1942 628.379   1407202 9   21  106   40  197 0.962 275.8 131.4   6.3  74.3
1942 7 2.570   1407302 5   34  190   18  101 0.327 131.5 347.2  -9.4 -14.4
1942 7 3.376   1407302 5   46  187   24   96 0.228 163.7 347.3  -9.3  -3.7
1942 7 4.416   1407302 5   49  232   26  121 0.283 218.1 347.4  -9.5  10.2
1942 7 4.416   1407402 5    5    8    4    6 0.704  98.2 292.9  -3.3 -44.3
1942 7 4.416  11880100 0    2    6    2    6 0.827 101.3 282.3  -7.4 -54.9
1942 7 5.376   1407302 5   46  206   26  115 0.443 240.4 347.5  -9.4  23.0
1942 7 5.376   1407402 5  103  526   62  315 0.547 101.4 292.0  -3.2 -32.5
1942 7 6.395   1407302 5   52  321   34  207 0.628 250.2 347.8  -9.4  36.8
1942 7 6.395   1407402 5  185 1053   99  561 0.344 109.0 292.0  -3.0 -19.0
1942 7 6.395  11880200 0    3   22    2   12 0.388 227.9 328.1 -11.6  17.1
1942 7 7.352   1407302 5   52  289   42  233 0.781 254.0 348.0 -10.0  49.7
1942 7 7.352   1407402 5  132  862   67  437 0.165 137.7 291.9  -3.3  -6.4
1942 7 7.352  11880300 0    5   13    3    8 0.500 257.0 327.5  -3.2  29.2
1942 7 8.307   1407302 5   27  110   32  127 0.898 257.0 348.4  -9.9  62.7
1942 7 8.307   1407402 5  145  768   74  390 0.169 223.6 292.4  -3.2   6.7
1942 7 9.427   1407302 5    4   25   10   62 0.977 259.7 347.7  -9.2  76.8
1942 7 9.427   1407402 5  140  690   76  374 0.382 251.5 292.2  -3.3  21.3
1942 710.444   1407402 5  102  589   63  364 0.585 259.2 292.5  -3.0  35.1
1942 711.327   1407402 5   70  435   52  322 0.735 262.3 292.5  -2.8  46.8
1942 712.344   1407402 5   49  254   52  270 0.880 264.5 293.6  -2.8  61.3
1942 712.344   1407505 2    7   22    4   12 0.289 281.6 248.9   7.4  16.6
1942 713.378   1407402 5   29  126   62  264 0.970 266.0 294.2  -2.8  75.6
1942 713.378   1407505 0    5   17    3   10 0.485 276.8 247.6   7.1  29.0
1942 713.378   1407605 0    7   17    5   12 0.669 255.1 259.2  -6.6  40.6
1942 714.357   1407605 0    2   11    2   11 0.846 259.0 262.4  -6.9  56.8
1942 715.348   1407605 0    1   11    3   20 0.953 261.8 264.1  -6.4  71.6
1942 715.348   1407702 9   19   76   17   68 0.827 105.3 138.4 -10.0 -54.1
1942 715.348  11880400 0    2    5    2    5 0.842 265.8 249.6  -1.1  57.1
1942 716.553   1407702 9   24   73   16   49 0.655 110.3 138.1  -9.5 -38.5
1942 717.317   1407702 9   12   61    7   36 0.513 117.0 138.9  -9.3 -27.6
1942 719.419  11880500 0    5   17    6   20 0.897 265.3 202.1  -2.0  63.5
1942 720.518   1407802 4   19   81   13   56 0.680 248.2 164.1 -10.8  40.0
1942 721.500   1407802 4   26   82   23   73 0.822 253.2 164.3 -10.7  53.2
1942 722.356   1407802 4   12   56   16   71 0.893 255.6 161.4 -10.4  61.6
1942 723.503   1407802 4    1    5    5   13 0.980 257.5 161.9 -11.1  77.3
1942 723.503  11880600 0    2    9    3   13 0.933 278.8 154.1  10.1  69.5
1942 725.385   1407902 0    0    4    0   17 0.989  93.5 338.4  -2.7 -81.3
1942 726.519   1407902 0    4   15    6   20 0.917  94.7 338.5  -2.1 -66.2
1942 727.553   1407902 2    4   12    4   10 0.794  96.9 338.9  -2.1 -52.1
1942 728.338   1407902 0   14   37   10   26 0.683  98.9 338.2  -1.9 -42.5
1942 728.338   1408001 0    6   66   24  237 0.989  93.5 299.5  -2.6 -81.2
1942 729.599   1407902 0   10   33    6   19 0.446 105.8 338.6  -1.8 -25.4
1942 729.599   1408001 0   20  135   25  165 0.910  95.4 298.9  -2.5 -65.1
1942 729.599   1408101 0    1   11    4   25 0.970  75.4 287.1  15.5 -76.9
1942 730.325   1407902 0    1    9    1    5 0.282 117.6 339.9  -1.9 -14.5
1942 730.325   1408001 0   39  209   35  188 0.828  96.5 299.0  -2.1 -55.4
1942 730.325   1408101 0   12   47   17   63 0.921  76.0 286.6  15.1 -67.8
1942 731.335   1408001 0   49  265   34  182 0.680  99.3 298.8  -2.0 -42.2
1942 731.335   1408101 0    7   14    6   12 0.805  74.4 287.2  16.0 -53.8
1942 8 1.356   1408001 0   62  347   36  200 0.494 104.3 298.9  -1.8 -28.6
1942 8 1.356   1408101 0    1    9    1    6 0.651  72.4 287.3  15.9 -40.2
1942 8 2.694   1408001 0   56  315   29  162 0.230 126.2 299.1  -1.9 -10.7
1942 8 2.694   1408202 9    0    6    0   20 0.984  79.7 229.1  11.2 -80.7
1942 8 3.519   1408001 1   73  368   37  186 0.139 182.2 299.2  -1.9   0.3
1942 8 3.519   1408202 9    4   17    6   22 0.916  80.3 231.8  11.3 -67.1
1942 8 4.364   1408001 0   54  276   28  143 0.249 236.5 299.8  -1.9  12.0
1942 8 4.364   1408202 9   10   50   10   47 0.841  78.6 230.0  12.9 -57.8
1942 8 5.391   1408001 1   67  299   38  168 0.455 252.9 300.0  -2.1  25.8
1942 8 5.391   1408202 9    4   21    3   14 0.639  79.9 234.3  11.2 -39.9
1942 8 6.418   1408001 0   36  199   24  132 0.652 259.4 300.5  -2.1  39.9
1942 8 6.418   1408202 9    3   23    2   13 0.447  78.6 234.1  10.7 -26.5
1942 8 7.343   1408001 0   29  151   25  127 0.800 262.6 300.8  -2.1  52.5
1942 8 7.343   1408202 9   21   51   11   27 0.282  70.9 232.5  11.4 -15.8
1942 8 8.401   1408001 0   15   88   21  116 0.924 265.2 301.5  -2.0  67.1
1942 8 8.401   1408202 9   35  206   18  104 0.099  21.2 232.3  11.7  -2.1
1942 8 8.401  11890100 0    2   11    2    9 0.787 110.7 185.5 -12.0 -48.8
1942 8 9.393   1408001 0   15   44   48  139 0.986 266.6 301.4  -2.3  80.2
1942 8 9.393   1408202 9   43  187   22   96 0.203 295.3 232.0  11.3  10.8
1942 810.415   1408202 9   36  120   20   66 0.406 283.8 231.4  11.5  23.7
1942 811.349   1408202 9    6   34    4   21 0.575 281.0 230.6  11.7  35.2
1942 812.375   1408202 9    2   16    2   13 0.785 275.6 234.0   8.5  52.2
1942 813.405   1408301 0    6   29   11   49 0.952  80.0  95.1  11.5 -73.1
1942 814.460   1408301 0   17   67   17   64 0.847  80.4  95.8  11.7 -58.5
1942 815.337   1408301 0   20   70   15   51 0.723  80.0  96.0  11.9 -46.7
1942 816.522   1408301 0   10   63    6   37 0.519  78.2  95.7  11.9 -31.3
1942 817.350   1408301 0   14   70    8   38 0.362  73.7  95.3  12.2 -20.8
1942 818.357   1408301 0    7   25    4   13 0.152  55.1  95.5  11.8  -7.3
1942 819.339  11890200 0    1   13    1    7 0.129 283.7  97.0   8.6   7.3
1942 820.365   1408402 1   17  103   33  192 0.962  81.8   1.2   9.7 -75.0
1942 821.360   1408402 1   46  257   50  276 0.883  83.0   0.4   9.4 -62.7
1942 821.360   1408502 2   14   57   10   40 0.698 265.3 107.2   1.7  44.1
1942 821.360  11890300 0    4   17    3   12 0.693 253.5 105.0  -6.2  41.9
1942 822.358   1408402 1   71  413   54  314 0.750  83.9   0.8   9.2 -49.1
1942 822.358   1408502 2   11   30   11   29 0.849 268.0 108.0   2.0  58.1
1942 822.358   1408602 2   11   29   14   35 0.905 279.2 115.6  11.3  65.7
1942 823.339   1408402 1   48  345   30  213 0.582  84.2   1.0   9.1 -35.9
1942 823.339   1408602 2    0    8    0   22 0.982 280.8 117.3  11.9  80.4
1942 823.339   1408702 5   38  187   20   97 0.263 202.0  42.6  -7.1   5.7
1942 824.431   1408402 1   90  490   49  264 0.371  83.4   0.6   9.0 -21.9
1942 824.431   1408702 5  108  711   60  392 0.419 236.4  43.1  -6.8  20.6
1942 825.374   1408402 1   90  484   46  246 0.175  77.9   0.0   9.1 -10.0
1942 825.374   1408702 5   87  493   54  305 0.586 247.7  43.1  -6.9  33.1
1942 826.476   1408402 1   73  481   37  242 0.093 292.2   0.5   9.1   5.0
1942 826.476   1408702 5   61  410   48  319 0.763 254.7  43.3  -6.9  47.8
1942 826.476   1408802 1   13   77   39  226 0.984  83.9 275.0   7.2 -80.5
1942 827.377   1408402 1   59  264   31  139 0.305 278.5   1.4   9.4  17.8
1942 827.377   1408702 5   59  346   62  363 0.877 258.0  43.4  -7.0  59.8
1942 827.377   1408802 1   35  179   51  261 0.938  85.3 273.3   6.9 -70.3
1942 827.377   1408905 0    0    6    0   28 0.992  92.9 261.0  -2.0 -82.6
1942 828.374   1408402 0   30  191   18  114 0.538 276.3   3.2   9.4  32.8
1942 828.374   1408702 5   41  223   77  414 0.962 260.8  43.4  -6.8  73.0
1942 828.374   1408802 1   50  224   45  199 0.822  86.3 274.6   7.1 -55.8
1942 828.374   1408905 0    2    6    3    9 0.928  94.0 262.6  -1.0 -67.8
1942 829.363   1408402 0   26  173   19  124 0.711 276.1   3.1   9.4  45.8
1942 829.363   1408702 5    4   21   30  140 0.996 261.8  41.4  -7.5  84.1
1942 829.363   1408802 1   51  199   35  135 0.670  87.5 274.9   7.0 -42.4
1942 829.363   1408905 0    2    9    2    8 0.819  96.4 262.8  -1.1 -54.5
1942 830.347   1408402 0   17  100   17   97 0.852 276.5   3.4   9.3  59.1
1942 830.347   1408802 1   21   86   12   49 0.468  88.6 276.2   7.0 -28.1
1942 831.341   1408402 0   13   58   21   93 0.949 277.4   3.6   9.3  72.4
1942 831.341   1408802 1    9   52    5   27 0.240  89.2 277.2   7.2 -14.0
1942 9 1.470   1408802 1    5   23    3   12 0.025 261.1 277.7   7.0   1.4
1942 9 2.382   1408802 1    1   13    1    7 0.210 274.4 276.4   8.0  12.2
1942 9 2.382  11900100 0    1    9    1    5 0.158 255.0 273.0   4.8   8.8
1942 9 3.340   1409002 2    3   21    2   12 0.398 288.6 274.5  14.0  22.9
1942 9 3.340   1409102 5   11   48    6   25 0.263 149.5 243.9  -5.9  -7.7
1942 9 4.351   1409002 2   11   45    7   28 0.587 284.8 274.1  14.5  35.9
1942 9 4.351   1409102 5    5   32    3   17 0.257 199.3 243.1  -6.8   4.9
1942 9 5.363   1409002 2    9   19    7   15 0.762 282.5 275.0  14.2  50.1
1942 9 5.363   1409102 5   14   73    8   40 0.394 234.8 243.8  -6.3  18.9
1942 9 6.389   1409102 5   64  320   39  195 0.567 247.5 243.1  -6.4  31.8
1942 9 7.375   1409102 5   50  454   37  333 0.728 254.1 243.1  -6.4  44.8
1942 9 7.375   1409202 2    5   20    3   12 0.505 111.5 170.2  -4.3 -28.1
1942 9 8.352   1409102 5   35  220   35  217 0.859 258.1 243.2  -6.4  57.8
1942 9 8.352   1409202 2    1    5    1    3 0.311 127.1 171.0  -3.8 -14.4
1942 9 9.346   1409102 5   21  112   35  182 0.950 261.3 243.1  -5.9  70.8
1942 9 9.346  11900200 0    0    3    0    2 0.407 145.1 158.4 -12.5 -13.8
1942 910.366   1409102 5    4   13   19   53 0.985 263.7 238.2  -4.9  79.4
1942 910.366   1409202 2    5   15    3    8 0.295 222.3 170.3  -5.5  11.5
1942 911.414   1409202 2    1   10    1    6 0.478 243.1 170.4  -6.0  25.4
1942 912.338   1409202 2   18   42   12   28 0.649 251.7 171.1  -6.1  38.3
1942 913.353   1409202 2    8   30    7   26 0.811 256.7 172.0  -6.4  52.6
1942 913.353   1409302 0    0    9    0   17 0.963  98.8  46.2  -6.4 -73.2
1942 913.353   1409401 0   12   65   28  141 0.972 106.7  45.4 -14.4 -74.0
1942 914.330   1409202 2    0    8    0   10 0.911 260.4 171.0  -5.7  64.5
1942 914.330   1409302 7    9   51   10   56 0.887 101.9  45.5  -7.1 -61.0
1942 914.330   1409401 0   17  107   20  125 0.901 109.9  45.4 -14.5 -61.1
1942 915.446   1409302 7    6   37    5   28 0.746 105.7  45.4  -6.7 -46.3
1942 915.446   1409401 0   31  128   25  102 0.774 115.4  45.5 -14.5 -46.2
1942 915.446  11900300 0    1    8    1    5 0.461 263.5 119.0   3.4  27.3
1942 916.345   1409302 7    6   24    4   15 0.572 111.3  47.5  -6.0 -32.4
1942 916.345   1409401 0   24  163   16  108 0.651 122.4  45.3 -14.6 -34.6
1942 916.345  11900400 0    1    5    1    3 0.532 123.9  53.1 -10.9 -26.7
1942 917.356   1409401 0   27  165   16   96 0.504 135.7  45.2 -14.5 -21.3
1942 918.368   1409401 0   33  185   18  101 0.395 159.8  45.1 -14.7  -8.1
1942 919.368   1409401 0   31  239   17  130 0.386 193.4  45.2 -15.0   5.3
1942 920.366   1409401 0   29  182   17  104 0.477 220.3  45.4 -14.7  18.6
1942 921.331   1409401 0   26  144   17   92 0.619 234.9  45.6 -14.9  31.6
1942 921.331   1409502 4    3   25    6   42 0.951  79.9 301.1  11.7 -72.9
1942 922.354   1409401 0   25   81   20   64 0.766 243.6  45.8 -15.1  45.3
1942 922.354   1409502 4   17  104   17  103 0.859  79.6 300.6  12.5 -59.9
1942 923.374   1409401 0    7   22    8   25 0.888 249.0  46.2 -15.1  59.1
1942 923.374   1409502 4   29  138   22  102 0.731  79.4 299.7  12.5 -47.4
1942 924.380   1409502 4   36  116   22   71 0.567  77.3 299.2  12.9 -34.6
1942 924.380   1409602 9    0   10    0   10 0.839  80.4 276.1  11.8 -57.7
1942 925.401   1409502 4   20   65   11   35 0.353  71.5 300.2  12.9 -20.1
1942 925.401   1409702 7    6   24    4   14 0.493 113.0 293.2  -5.0 -27.1
1942 926.441   1409502 4    3   29    2   15 0.175  52.5 298.4  12.9  -8.2
1942 926.441   1409602 9    5   20    3   12 0.503  75.7 276.6  13.1 -30.0
1942 926.441   1409702 7    9   55    5   29 0.315 130.6 292.7  -5.2 -13.9
1942 927.430   1409602 9    7   25    4   13 0.269  67.9 278.7  12.4 -14.8
1942 927.430   1409702 4    9   35    5   18 0.215 180.9 293.7  -5.6   0.2
1942 928.356   1409702 4   28  164   15   87 0.324 226.2 294.9  -6.4  13.6
1942 929.464   1409702 4   45  280   27  165 0.525 246.7 295.7  -6.1  29.0
1942 930.364   1409702 4   24  141   17   97 0.680 254.0 295.9  -5.8  41.1
194210 1.371   1409702 4   31  159   27  136 0.807 258.8 294.1  -5.0  52.6
194210 2.358   1409702 4   11   42   14   53 0.916 261.6 293.9  -5.0  65.4
194210 2.358   1409801 0    8   17    5   10 0.510  82.2 197.7   9.6 -30.8
194210 3.396   1409702 4    0    6    0   22 0.987 263.6 295.0  -5.2  80.2
194210 3.396   1409801 0    3   15    2    8 0.292  79.4 197.9   9.3 -16.9
194210 7.583   1409902 0   11   28    6   15 0.355 215.8 171.8 -10.6  12.2
194210 8.564   1409902 9    8   23    5   14 0.534 238.9 174.3 -10.5  27.7
194210 8.564   1410002 9    5   18   11   34 0.962 103.1  74.0 -10.8 -72.6
194210 9.372   1409902 9    0    7    0    5 0.676 246.8 175.2 -10.7  39.2
194210 9.372   1410002 9    6   43    8   50 0.899 105.5  74.1 -11.1 -61.9
19421010.578   1409902 9   12   67   10   55 0.789 254.5 170.3  -8.3  50.2
19421010.578   1410002 9   13   54   10   42 0.753 110.3  74.1 -11.0 -46.0
19421010.578   1410101 0   35  161   68  312 0.965 102.9  46.9 -10.7 -73.2
19421011.393   1409902 9   21   98   24  109 0.888 258.0 170.6  -7.8  61.3
19421011.393   1410002 9    4   12    3    8 0.616 116.3  75.1 -10.9 -34.2
19421011.393   1410101 0   35  199   42  238 0.906 105.1  46.3 -11.0 -63.0
19421012.449   1409902 9   37  188   85  433 0.975 260.2 171.5  -8.2  76.1
19421012.449   1410002 9    1   10    1    6 0.439 130.8  75.6 -11.1 -19.8
19421012.449   1410101 0   57  298   47  243 0.787 109.3  46.2 -11.2 -49.2
19421012.449  11910100 0    2   17    2   14 0.769  98.6  45.7  -2.8 -49.6
19421013.558   1410101 0   58  323   37  206 0.617 116.7  46.6 -11.3 -34.2
19421014.460   1410101 0   61  370   35  210 0.466 128.0  46.9 -11.3 -22.0
19421015.367   1410101 0   77  387   41  206 0.340 150.6  47.1 -11.6  -9.8
19421016.385   1410101 0   61  377   32  198 0.299 192.2  47.2 -11.4   3.7
19421017.450   1410101 0   72  392   40  216 0.415 226.2  47.2 -11.4  17.8
19421018.298   1410101 0   53  330   32  198 0.548 239.2  46.9 -11.5  28.7
19421019.558   1410101 0   49  254   37  192 0.745 249.0  46.9 -11.7  45.3
19421020.324   1410101 0   42  233   40  219 0.844 252.4  46.8 -11.8  55.3
19421020.324   1410202 9    9   54    9   52 0.848  87.4 293.2   5.0 -58.3
19421021.365   1410101 0   28   91   43  138 0.941 255.0  46.3 -12.2  68.5
19421021.365   1410202 9   30  166   21  114 0.681  87.5 294.7   5.5 -43.1
19421021.365   1410302 0    3    9    5   12 0.924  82.1 269.7   9.3 -68.1
19421022.308   1410101 0    8   41   34  164 0.992 257.0  46.5 -12.2  81.2
19421022.308   1410202 9   20  101   12   59 0.503  87.9 295.0   5.5 -30.3
19421022.308   1410302 0    0    9    0    8 0.820  81.3 269.9  10.1 -55.4
19421023.457   1410202 9   21   69   11   36 0.260  87.2 295.1   5.6 -15.1
19421023.457   1410302 2   13   41    9   28 0.663  80.7 268.6   9.9 -41.6
19421023.457  11920100 0    1   11    1    6 0.129 187.8 311.1  -2.3   1.0
19421024.414   1410202 9   11   23    6   12 0.024  61.2 296.4   5.6  -1.2
19421026.370   1410402 4   29  121   17   71 0.517 111.4 242.8  -6.7 -29.0
19421026.370  11920200 0    0    5    0    3 0.482 254.3 299.4  -3.3  27.7
19421027.424   1410402 4   32  163   17   86 0.306 128.7 244.0  -6.5 -13.9
19421027.424   1410505 0    3   14    9   34 0.975  97.6 181.4  -6.3 -76.5
19421027.424   1410603 2   22   93   78  332 0.990 102.7 177.4 -11.8 -80.5
19421028.338   1410402 4   41  193   21   99 0.199 168.5 243.5  -6.7  -2.3
19421028.338   1410603 2   39  285   60  436 0.942 103.1 176.7 -10.7 -69.1
19421028.338   1410702 9    0    5    0   15 0.979  83.1 167.1   7.7 -78.7
19421029.294   1410402 4   48  261   25  136 0.269 224.3 244.1  -6.7  10.9
19421029.294   1410505 0    3   14    3   12 0.798 101.9 181.4  -6.7 -51.8
19421029.294   1410603 2   83  422   79  397 0.844 106.3 177.5 -11.2 -55.7
19421029.294   1410702 9    3   18    5   24 0.920  83.8 165.9   7.4 -67.3
19421030.374   1410402 4   35  172   20   98 0.476 247.5 245.3  -6.6  26.3
19421030.374   1410603 2  112  634   79  447 0.703 110.6 176.9 -11.1 -42.1
19421030.374   1410702 9    2    8    2    7 0.779  83.2 167.6   8.0 -51.4
19421030.374   1410801 0    2    8    4   16 0.959 104.7 146.9 -12.8 -72.1
19421031.428   1410402 4   23   93   16   63 0.665 255.1 245.4  -6.6  40.3
19421031.428   1410603 3  205 1313  122  779 0.534 116.3 176.0 -10.0 -29.1
19421031.428   1410801 0    6   18    7   19 0.873 106.9 146.3 -12.5 -58.8
19421031.428  11920300 0    0    6    0    4 0.554  80.7 171.5   8.7 -33.6
194211 1.293   1410402 4    7   29    7   26 0.822 259.9 248.1  -5.9  54.4
194211 1.293   1410603 3  211 1591  115  867 0.394 128.7 175.5 -10.3 -18.2
194211 1.293   1410801 0    6   16    5   13 0.765 110.3 146.4 -12.6 -47.3
194211 2.385   1410402 4    4   17    6   25 0.934 261.7 247.7  -6.3  68.4
194211 2.385   1410603 3  254 1819  132  943 0.261 167.1 175.9 -10.7  -3.4
194211 2.385   1410801 0    6   19    4   12 0.596 117.4 146.5 -12.5 -32.8
194211 2.385   1410902 2   10   32    7   21 0.619 264.3 217.3  -0.3  38.0
194211 3.557   1410402 4    0   38    0  131 0.988 262.5 244.4  -6.8  80.6
194211 3.557   1410603 3  309 1576  164  834 0.324 219.5 175.9 -10.6  12.1
194211 3.557   1410902 2   17   48   15   41 0.801 266.7 216.9  -0.3  53.1
194211 4.441   1410603 3  196 1208  111  682 0.460 238.5 175.6 -10.4  23.5
194211 4.441   1410902 2    0   16    0   20 0.910 268.1 217.6  -0.1  65.5
194211 5.354   1410602 3  126  921   82  595 0.630 247.7 176.5 -10.8  36.4
194211 5.354  11920400 0    0    5    0    3 0.312 193.8 144.5 -13.9   4.4
194211 6.455   1410603 3  116  604   97  505 0.799 253.3 176.8 -11.0  51.2
194211 6.455   1411001 0    4   19   13   63 0.987 103.5  45.9 -12.7 -79.7
194211 7.313   1410603 3   73  541   82  607 0.893 256.6 176.3 -10.3  62.0
194211 7.313   1411001 0    7   37   11   54 0.936 104.4  46.3 -12.2 -68.0
194211 8.439   1410603 3   46  320  106  736 0.975 259.6 175.8  -9.4  76.4
194211 8.439   1411001 0   14   71   13   63 0.822 107.0  46.0 -11.9 -53.4
194211 9.431   1410603 3    0    6    0   22 0.987 260.2 166.5  -9.1  80.1
194211 9.431   1411001 0   14   53   10   37 0.680 111.1  46.0 -11.7 -40.4
194211 9.431   1411102 7    7   32    4   17 0.299 146.0  76.6 -11.1  -9.8
194211 9.431   1411201 0   11   32    6   17 0.331  63.3  68.8  11.7 -17.6
194211 9.431  11920500 0    0    4    0    5 0.907 100.2  22.0  -7.8 -64.3
19421110.409   1411001 0   17   53   10   31 0.514 118.6  46.1 -11.4 -27.4
19421110.409   1411102 7   27   92   14   48 0.253 185.4  74.9 -11.4   1.4
19421110.409   1411201 0    1    7    1    4 0.121  35.8  69.4   8.8  -4.1
19421111.540   1411001 0   13   56    7   30 0.322 139.1  46.2 -11.1 -12.4
19421111.540   1411102 7   29  123   16   67 0.387 230.7  76.4 -11.3  17.8
19421112.427   1411001 0   15   50    8   26 0.243 173.5  45.3 -11.0  -1.6
19421112.427   1411102 7   16   78   10   47 0.544 243.7  76.7 -11.4  29.8
19421113.292   1411001 0    7   24    4   13 0.287 217.4  45.7 -10.4  10.2
19421113.292   1411102 2   44  215   31  151 0.696 250.7  77.5 -11.2  42.0
19421114.441   1411001 0    8   26    5   15 0.482 243.5  46.3 -10.0  26.0
19421114.441   1411102 2   75  285   76  286 0.865 255.8  78.9 -10.8  58.6
19421115.299   1411102 2   39  213   60  326 0.944 257.9  78.8 -10.5  69.8
19421117.559   1411305 0    0    3    0    4 0.896  80.2 275.6   9.8 -63.6
19421118.426   1411305 0    0    3    0    3 0.792  79.1 275.6  10.0 -52.2
19421120.437   1411405 9    3   15    2    8 0.299 260.9 318.5  -0.8  17.2
19421120.437   1411502 4    0    4    0    4 0.835 100.5 245.4  -7.6 -55.9
19421121.466   1411405 9   15  117    9   70 0.537 265.8 320.1  -0.7  32.4
19421121.466   1411502 4   17   69   11   44 0.611 105.8 251.3  -8.1 -36.4
19421121.466   1411603 6    3   20   21  112 0.995  83.8 203.3   6.4 -84.4
19421122.309   1411405 9    8   40    6   28 0.685 267.7 319.8  -0.3  43.2
19421122.309   1411502 4    7   43    4   24 0.431 112.5 252.9  -7.9 -23.7
19421122.309   1411603 6   30  132   52  228 0.956  82.7 203.6   7.5 -73.0
19421123.297   1411502 4   15   91    8   47 0.243 133.3 253.3  -8.0 -10.3
19421123.297   1411603 6   64  519   66  529 0.869  82.3 203.3   7.5 -60.3
19421123.297  11930100 0   12   79    7   43 0.388 124.0 244.4 -11.0 -19.1
19421124.468   1411502 4   70  265   36  135 0.181 206.0 252.7  -7.9   4.6
19421124.468   1411603 6  145  875  105  631 0.717  80.7 202.5   7.7 -45.6
19421124.468   1411703 0   13   62   18   85 0.929 103.2 180.6 -11.7 -67.5
19421125.359   1411502 4   28  110   15   59 0.344 242.9 254.4  -7.7  18.0
19421125.359   1411603 7  186 1001  114  613 0.575  78.7 201.7   7.6 -34.7
19421125.359   1411703 0   15   87   14   81 0.838 104.9 180.6 -11.7 -55.8
19421126.295   1411502 4   16   71   10   42 0.526 253.1 254.6  -7.7  30.5
19421126.295   1411603 7  218 1280  119  697 0.394  72.4 201.8   8.0 -22.3
19421126.295   1411703 0   25  121   18   87 0.712 107.8 180.3 -11.7 -43.8
19421127.290   1411502 4    4   37    3   26 0.692 257.8 253.9  -7.6  43.0
19421127.290   1411603 7  235 1531  120  781 0.198  53.2 201.7   7.9  -9.2
19421127.290   1411703 0   28  160   17   96 0.543 113.8 180.4 -11.7 -30.5
19421128.366   1411502 4    4   13    4   12 0.831 260.5 252.5  -7.3  55.7
19421128.366   1411603 7  197 1304  100  660 0.156 323.4 202.2   8.2   5.4
19421128.366   1411703 0   33  151   18   81 0.352 127.8 180.3 -11.5 -16.5
19421129.426   1411603 7  201 1265  108  677 0.355 291.3 202.3   8.2  19.5
19421129.426   1411703 5   50  242   26  125 0.241 163.2 178.7 -12.5  -4.1
19421129.426   1411805 4   13   85    7   44 0.214 125.5 172.7  -6.3 -10.1
19421130.427   1411603 7  134  975   81  587 0.554 283.4 202.6   8.0  33.0
19421130.427   1411703 5   38  147   20   77 0.283 215.5 179.3 -12.6   9.7
19421130.427   1411805 4  142  635   72  321 0.135 205.0 172.9  -6.3   3.3
19421130.427   1411902 9    8   37   27  118 0.986 102.7  89.6 -12.4 -80.0
194212 1.420   1411603 7   80  577   59  422 0.728 280.2 202.8   7.8  46.3
194212 1.420   1411703 5   25   93   14   52 0.441 239.5 179.4 -12.4  22.9
194212 1.420   1411805 4  180  714   95  376 0.307 246.7 173.0  -6.4  16.5
194212 1.420   1411902 9   21   81   29  110 0.927 103.9  89.2 -12.6 -67.3
194212 2.394   1411603 7   75  427   75  423 0.861 278.8 202.9   7.8  59.2
194212 2.394   1411703 5   42  116   27   74 0.614 248.5 179.5 -12.6  35.8
194212 2.394   1411805 4  218  815  126  471 0.499 256.6 172.9  -6.2  29.2
194212 2.394   1411902 9   28   82   25   73 0.820 105.5  89.7 -12.4 -54.0
194212 3.129   1411603 7   43  236   61  329 0.932 278.8 202.5   8.3  68.5
194212 3.129   1411703 5   16   79   12   58 0.729 252.1 179.3 -12.7  45.3
194212 3.129   1411805 4  120  733   78  475 0.632 260.4 172.8  -5.8  38.8
194212 3.129   1411902 9   17  102   13   76 0.734 107.5  88.2 -12.5 -45.8
194212 4.491   1411703 5   11   42   13   50 0.902 255.8 179.7 -12.7  63.7
194212 4.491   1411805 4   55  347   54  336 0.853 263.5 174.4  -5.4  58.4
194212 4.491   1411902 9   27  129   16   75 0.507 114.0  87.8 -11.7 -28.2
194212 4.491   1412001 0    0    8    0   40 0.994  68.0  32.8  21.9 -83.2
194212 5.293   1411703 5    2    9    4   18 0.962 256.8 179.3 -12.7  73.8
194212 5.293   1411805 4   24  134   36  196 0.937 264.2 175.0  -5.4  69.5
194212 5.293   1411902 9    3   20    2   11 0.355 129.3  89.1 -12.9 -16.4
194212 5.293   1412001 0    5   26    9   41 0.945  67.0  36.1  21.7 -69.4
194212 6.452   1411902 9   13   33    7   17 0.221 176.5  89.4 -12.8  -0.8
194212 6.452   1412001 0   17   43   16   40 0.839  64.3  35.9  21.3 -54.3
194212 7.290   1411902 9    3   15    2    8 0.268 219.4  89.2 -12.1  10.0
194212 7.290   1412001 0    5   37    4   28 0.736  60.1  35.9  21.4 -43.3
194212 7.290   1412102 6    2    9    2    9 0.837  66.6  24.7  19.3 -54.5
194212 7.290   1412201 0    7   50   20  131 0.980  80.7   0.8   9.1 -78.4
194212 8.432   1412001 0    6   27    4   17 0.576  50.2  35.7  21.4 -28.4
194212 8.432   1412102 6   11   69    8   48 0.692  60.2  24.4  19.9 -39.7
194212 8.432   1412201 0   23  131   27  149 0.896  79.5   0.9   9.3 -63.2
194212 9.478   1412102 6   30  183   18  108 0.530  49.9  24.8  19.6 -25.5
194212 9.478   1412201 0   25  162   20  127 0.769  77.4   0.8   9.4 -49.5
19421210.361   1412102 6   64  291   35  159 0.403  30.9  26.0  19.7 -12.7
19421210.361   1412201 0   31  203   20  131 0.628  73.7   1.0   9.7 -37.7
19421211.569   1412102 6   74  344   40  184 0.350 347.2  27.5  19.3   4.7
19421211.569   1412201 0   32  230   18  126 0.406  64.6   1.0   9.4 -21.8
19421212.421   1412102 6   24  144   14   82 0.475 319.1  31.0  20.3  19.4
19421212.421   1412201 0   42  220   22  114 0.252  45.5   1.1   9.4 -10.5
19421212.421   1412301 0    2   14    2   14 0.848  95.2 313.7  -4.8 -57.9
19421213.316   1412102 6   20  129   13   82 0.614 307.2  31.4  21.0  31.6
19421213.316   1412201 0   59  281   30  143 0.179 352.3   1.2   9.3   1.4
19421213.316   1412301 0    4   28    3   21 0.724  97.6 313.6  -6.1 -46.2
19421214.478   1412102 6   23  124   19  100 0.779 297.8  31.8  20.6  47.4
19421214.478   1412201 0   43  255   23  136 0.340 302.1   1.4   9.4  17.0
19421214.478   1412301 0    6   29    4   17 0.509 101.0 314.2  -6.5 -30.2
19421215.290   1412102 6   13   41   14   45 0.884 295.5  32.9  21.8  59.2
19421215.290   1412201 0   33  217   19  125 0.493 292.0   1.3   9.6  27.6
19421215.290   1412301 0    5   28    3   15 0.340 105.1 314.4  -6.2 -19.3
19421215.290  11940100 0    1    7    3   13 0.953 257.2  46.0 -12.6  72.2
19421216.284   1412102 6    4   20    8   40 0.965 293.2  33.8  22.0  73.1
19421216.284   1412201 0   41  182   28  123 0.667 286.0   1.3   9.6  40.6
19421217.563   1412201 0   21  109   21  105 0.852 281.8   1.5   9.3  57.7
19421218.296   1412201 0    7   66   11   92 0.932 280.9   2.3   9.6  68.1
19421219.295   1412201 0    5   32   19  104 0.987 279.5   1.4   9.1  80.4
19421220.456  11940200 0    1   19    1   12 0.562   3.3 263.5  32.3  -2.2
19421221.293   1412402 2    1   23    1   12 0.160 242.2 262.9  -6.2   8.2
19421222.445   1412402 2   10   61    6   34 0.432 258.0 264.7  -7.0  25.2
19421222.445  11940300 0    0   16    0   18 0.880  95.6 177.8  -5.9 -61.7
19421223.443   1412402 2   23  115   15   74 0.624 262.8 264.9  -6.2  38.5
19421223.443  11940400 0    6   22    4   14 0.599  80.4 190.0   4.0 -36.3
19421224.403   1412402 2   18   84   15   67 0.776 263.6 264.6  -6.4  50.9
19421224.403   1412502 2    6   29    9   38 0.921  83.9 147.0   4.7 -66.7
19421225.293   1412402 2    7   37    9   44 0.901 263.6 266.4  -6.8  64.4
19421225.293   1412502 2   33  181   30  162 0.827  82.8 146.6   4.6 -55.4
19421226.303   1412402 2    0    9    0   22 0.975 263.6 266.1  -6.8  77.4
19421226.303   1412502 2   54  321   37  217 0.672  80.1 147.1   4.7 -41.6
19421227.297   1412502 2   54  335   31  192 0.486  75.6 147.4   4.6 -28.2
19421228.293   1412502 2   50  325   26  169 0.274  63.2 148.3   4.4 -14.2
19421229.426   1412502 2   69  281   35  142 0.132 347.1 149.2   4.5   1.7
19421230.582   1412502 2   26  244   14  129 0.316 292.6 149.3   4.1  17.0
19421231.431   1412502 0   48  254   28  146 0.490 284.5 149.5   4.3  28.4
