1943 1 1.281   1412502 0   34  162   23  108 0.656 281.2 150.1   4.8  40.2
1943 1 2.412   1412502 0   16  130   15  117 0.829 277.9 150.5   4.6  55.5
1943 1 3.397   1412502 0   13   62   18   86 0.930 276.1 150.2   4.4  68.1
1943 1 4.467   1412502 0    5   25   21   89 0.991 274.6 150.1   4.1  82.1
1943 1 6.299   1412602 1    4   16   13   54 0.987  93.3 322.8  -3.9 -81.0
1943 1 7.304   1412602 1    3   41    5   57 0.929  92.9 322.1  -4.2 -68.5
1943 1 8.435   1412602 1   52  244   46  214 0.819  92.5 320.6  -4.4 -55.1
1943 1 9.293   1412602 1   36  238   25  165 0.688  92.7 320.8  -4.9 -43.6
1943 110.282   1412602 1   53  324   31  188 0.502  92.4 321.2  -4.9 -30.2
1943 111.441   1412602 1   46  222   24  116 0.283  92.4 319.6  -4.9 -16.5
1943 112.990   1412602 1   21  154   11   78 0.120  89.5 320.6  -4.4  -6.9
1943 113.406   1412602 1    9   72    5   37 0.172 259.1 320.1  -6.4   9.8
1943 114.524   1412602 1    8   28    5   16 0.439 266.9 321.6  -5.6  26.1
1943 116.296   1412705 2    4   16    6   25 0.941  96.2 201.6  -7.5 -70.6
1943 116.296  11950100 0    0   14    0   15 0.873  63.6 215.8  20.2 -56.4
1943 117.296   1412705 0    0    7    0    8 0.870  99.0 198.1 -10.3 -60.9
1943 118.301   1412802 0    3   31    5   44 0.931  96.4 176.7  -7.8 -69.1
1943 119.297   1412802 0   14   95   14   92 0.853  97.3 173.8  -8.9 -58.9
1943 119.297   1412901 0    0    7    0   22 0.983  84.0 153.7   4.9 -79.0
1943 120.471   1412802 1   26  107   18   72 0.664  97.0 175.4  -8.6 -41.8
1943 120.471   1412901 0    5   15    7   18 0.906  82.0 153.0   5.0 -64.2
1943 120.471  11950200 0    1    5    1    3 0.351 143.8 204.3 -21.6 -12.9
1943 121.413   1412802 0   15   42    9   25 0.511  99.4 174.1  -9.4 -30.7
1943 121.413   1412901 0    8   14    7   12 0.792  79.3 153.4   5.1 -51.4
1943 121.413   1413005 0    5   27   11   53 0.964  76.8 131.7  11.2 -73.1
1943 122.401   1412802 0   17   57    9   30 0.300 102.8 174.6  -9.0 -17.2
1943 122.401   1412901 0   12   35    8   23 0.639  75.7 153.4   4.8 -38.4
1943 122.401   1413005 0    8   58    9   60 0.873  74.3 132.9  10.9 -58.9
1943 123.609   1412802 0    1    7    1    4 0.051 156.1 174.7  -8.2  -1.2
1943 123.609   1412901 0    3   37    2   21 0.426  65.5 153.0   5.1 -22.9
1943 123.609   1413005 0    5   38    4   28 0.722  68.4 132.7  11.4 -43.2
1943 124.468   1412901 0    9   15    5    8 0.267  45.9 153.5   5.2 -11.1
1943 124.468   1413005 0    8   27    5   17 0.581  61.2 133.3  11.5 -31.3
1943 124.468   1413105 0    9   42    5   22 0.219 320.0 172.7   4.1   8.1
1943 125.294   1412901 0    3    9    2    5 0.189   1.6 153.4   5.2  -0.3
1943 125.294   1413005 0    7   32    4   18 0.445  50.6 133.2  11.1 -20.5
1943 125.294   1413105 1    9   59    5   32 0.375 297.4 173.2   4.6  19.5
1943 126.443   1413105 1   33  115   21   73 0.613 285.8 174.9   5.0  36.3
1943 127.461   1413105 1   17   85   15   73 0.808 281.3 178.0   5.6  52.8
1943 128.584   1413105 0    7   37   11   53 0.934 278.3 178.7   5.6  68.3
1943 129.406   1413105 0    4   10   11   29 0.982 276.3 178.2   5.0  78.6
1943 129.406   1413202 9    2    3    5    9 0.977  92.0  21.6  -3.2 -78.0
1943 130.442   1413202 9    0    7    0    9 0.912  91.8  19.8  -4.1 -66.1
1943 131.375   1413202 9    3   17    3   14 0.779  90.5  22.3  -4.2 -51.4
1943 2 1.439   1413202 9    6   24    4   15 0.592  86.6  23.4  -3.0 -36.3
1943 2 2.435   1413202 9    7   32    4   18 0.414  86.4  22.1  -4.2 -24.5
1943 2 3.402   1413202 4   21   95   11   49 0.225  85.7  20.8  -5.2 -13.0
1943 2 3.402   1413302 7   11   51    6   27 0.319 320.2  45.7   8.0  11.9
1943 2 3.402   1413401 0    0    7    0    8 0.896  91.1 329.9  -3.8 -63.9
1943 2 4.395   1413202 4    0   21    0   11 0.025  33.9  19.9  -5.2  -0.8
1943 2 4.395   1413302 7   10   29    6   17 0.482 298.9  45.9   7.7  25.2
1943 2 4.395   1413401 0    1    9    1    7 0.739  87.1 333.1  -2.2 -47.6
1943 2 5.294  11950300 0    0   33    0   30 0.827 291.0  61.3  13.4  52.5
1943 2 7.474  11960100 0    0    6    0   10 0.936  77.1 272.5   9.6 -67.7
1943 2 8.354  11960200 0    2   37    2   32 0.809  89.3 274.5  -3.3 -54.1
1943 2 9.352   1413503 6   64  369   39  224 0.564  69.1 283.5   6.0 -32.0
1943 2 9.352   1413601 0   16   62   10   38 0.570  84.8 280.9  -2.5 -34.6
1943 2 9.352  11960300 0    6   16    4   10 0.551 272.8 349.0  -4.0  33.5
1943 210.434   1413503 6  245 1425  132  766 0.366  53.0 284.1   6.3 -17.1
1943 210.434   1413601 0   13   61    7   33 0.346  77.7 281.4  -2.1 -19.8
1943 211.508   1413503 6  381 1854  196  953 0.229  17.2 283.2   5.9  -3.9
1943 211.508   1413601 0   15   45    8   23 0.115  50.3 282.0  -2.5  -5.1
1943 212.478   1413503 6  266 1575  139  821 0.281 321.6 284.4   6.0  10.1
1943 213.361   1413503 6  226 1336  125  737 0.421 299.5 284.3   5.6  21.6
1943 214.307   1413503 6  192  952  119  588 0.585 290.2 283.7   5.9  33.5
1943 214.307  11960400 0    1   12    2   13 0.865  91.3 190.0  -4.6 -60.2
1943 215.397   1413503 6  123  857   97  672 0.768 282.3 284.8   4.9  48.9
1943 216.425   1413503 6   91  545  105  626 0.899 278.8 285.3   4.8  63.0
1943 217.479   1413503 6   37  177   97  457 0.980 276.1 286.4   4.5  77.9
1943 218.437   1413503 6    6   19   31   88 0.993 278.3 278.2   7.4  82.4
1943 218.437   1413702 2   11   37   11   37 0.862  77.0 137.9   7.5 -57.9
1943 219.411   1413702 2   27   67   21   51 0.744  72.6 137.2   8.0 -45.8
1943 220.307   1413702 2   22  122   14   75 0.579  66.3 138.9   7.5 -32.3
1943 220.307   1413802 6   14   69   29  143 0.969  78.6  97.0   9.2 -74.2
1943 221.294   1413702 2   12   61    7   34 0.413  53.6 138.6   7.5 -19.6
1943 221.294   1413802 6   82  359   96  418 0.901  76.3  95.7   9.1 -62.5
1943 221.294   1413905 0    4   20    4   19 0.835  74.3 103.7   9.0 -54.5
1943 221.294  11960500 0    3   12    3   11 0.813 266.1 213.1  -7.3  54.9
1943 222.305   1413702 2    7   28    4   15 0.268  19.6 139.7   7.5  -5.2
1943 222.305   1413802 6  130  798  102  626 0.768  71.8  97.3   9.1 -47.6
1943 222.305   1413905 0   10   38    7   26 0.677  67.4 105.6   9.6 -39.3
1943 222.305   1414002 4   11   59    6   31 0.290 314.8 156.8   4.8  11.9
1943 223.350   1413802 6  213 1501  134  943 0.603  64.7  97.6   9.0 -33.5
1943 223.350   1413905 0    8   33    5   19 0.487  55.7 107.0   9.4 -24.1
1943 223.350   1414002 4   24  102   14   59 0.498 293.9 158.3   5.3  27.2
1943 224.367   1413802 6  224 1614  125  900 0.441  52.1  97.1   9.0 -20.6
1943 224.367   1413905 0    3   22    2   12 0.335  34.3 106.7   9.0 -11.0
1943 224.367   1414002 4   50  302   35  208 0.684 286.2 159.0   5.6  41.3
1943 225.439   1413802 6  225 1455  118  762 0.295  17.0  98.6   9.2  -5.0
1943 225.439   1413905 0    1   11    1    6 0.294 345.8 107.8   9.4   4.2
1943 225.439   1414002 4   29  167   27  155 0.840 281.8 159.3   5.9  55.7
1943 225.439   1414102 9    3   21    2   11 0.293 320.0 114.5   5.9  10.9
1943 226.368   1413802 6  327 2013  172 1058 0.308 336.3  98.6   9.2   7.2
1943 226.368   1414002 4   16   91   25  135 0.940 279.1 160.3   6.0  68.9
1943 226.368   1414102 9   17   62   10   35 0.444 299.0 114.4   5.8  23.0
1943 227.373   1413802 6  381 2451  213 1369 0.443 308.0  98.8   9.1  20.7
1943 227.373   1414002 4    3   12   21   69 0.996 277.2 161.8   6.4  83.7
1943 227.373   1414102 9    6   22    4   15 0.643 287.5 116.1   5.5  38.0
1943 228.306   1413802 6  338 3024  212 1892 0.599 295.5  99.1   8.9  33.2
1943 228.306   1414102 9    8   46    7   38 0.794 282.4 117.1   5.3  51.2
1943 3 1.591   1413802 6  223 1789  188 1508 0.803 287.3  99.9   9.3  51.0
1943 3 1.591   1414102 9    2    4    3    6 0.937 278.8 117.4   5.6  68.5
1943 3 2.310   1413802 6  160 1342  171 1430 0.881 284.8  99.2   9.4  59.7
1943 3 2.310  11960600 0    2   12    2   11 0.818  82.4 345.2   2.0 -54.2
1943 3 3.391   1413802 6   55  325  122  719 0.972 281.1 100.2   9.0  75.0
1943 3 4.513   1414202 6   17   68   49  192 0.983  83.7 291.7   4.8 -78.7
1943 3 5.490   1414202 6   71  293  110  453 0.944  82.1 287.7   5.0 -69.9
1943 3 6.940   1414202 6   70  520   76  559 0.884  80.5 288.6   4.9 -61.0
1943 3 7.593   1414202 6  213 1206  146  827 0.681  75.4 288.5   4.5 -41.4
1943 3 7.593  11970100 0    0    8    0    5 0.440 291.5 354.0   2.7  24.2
1943 3 8.360   1414202 6  301 1762  180 1051 0.544  69.8 289.0   4.6 -30.8
1943 3 9.401   1414202 6  357 2300  190 1224 0.340  55.8 289.6   4.1 -16.4
1943 310.397   1414202 6  399 2476  204 1265 0.205  16.8 289.5   4.1  -3.4
1943 311.477   1414202 6  362 2375  189 1238 0.281 313.5 290.5   4.1  11.8
1943 311.477   1414301 2    3   20    6   32 0.945  98.5 206.8 -10.3 -71.9
1943 312.375   1414202 6  431 2016  240 1121 0.435 295.5 290.0   4.2  23.2
1943 312.375   1414301 2    2    7    2    7 0.846  97.1 208.4  -9.8 -58.4
1943 313.464   1414202 6  219 1314  144  861 0.644 285.8 290.9   4.5  38.4
1943 313.464   1414301 2    4   12    3    9 0.698  97.0 207.8 -10.0 -44.7
1943 314.412   1414202 6  164  932  137  779 0.799 280.6 291.9   4.1  51.9
1943 314.412   1414405 9    4    8    8   17 0.964  80.5 166.6   7.2 -73.4
1943 315.444   1414202 6  100  512  133  679 0.924 277.0 293.2   3.7  66.8
1943 315.444   1414405 9    5   17    6   18 0.865  76.2 168.3   8.2 -58.1
1943 316.378   1414202 6   44  204  124  575 0.983 274.8 293.0   3.4  78.9
1943 316.378   1414405 9    2    6    2    5 0.762  70.5 167.3   9.9 -46.8
1943 317.480  11970200 0    0    3    0   11 0.983 278.7 277.9   7.2  78.3
1943 318.570   1414501 1   12  108   28  234 0.972  79.2 110.2   8.7 -75.0
1943 319.322   1414501 1   16  144   21  184 0.918  77.1 110.3   8.9 -65.0
1943 320.327   1414501 1   38  212   33  182 0.810  73.4 110.2   9.1 -51.8
1943 321.337   1414501 1   46  278   31  186 0.661  67.5 110.5   9.2 -38.2
1943 321.337   1414602 1    3   13    3   12 0.829  75.9  94.5   7.6 -54.2
1943 322.415   1414501 1   43  241   25  138 0.483  55.9 110.6   9.4 -23.9
1943 322.415   1414602 1   77  324   52  217 0.661  69.5  95.8   8.0 -38.7
1943 323.468   1414501 1   56  351   30  186 0.327  33.4 110.1   9.1 -10.5
1943 323.468   1414602 1  109  554   63  319 0.491  59.4  95.3   8.3 -25.3
1943 324.401   1414501 1   51  255   27  133 0.281 351.2 110.8   9.3   2.5
1943 324.401   1414602 1   99  644   53  344 0.347  40.3  95.2   8.7 -13.1
1943 325.432   1414501 1   97  397   53  215 0.379 313.4 110.9   8.6  16.2
1943 325.432   1414602 1   86  446   45  232 0.267 357.4  95.4   8.7   0.7
1943 326.342   1414501 1   40  238   24  141 0.534 298.6 111.0   8.9  28.3
1943 326.342   1414602 1   93  508   50  271 0.341 320.9  95.3   8.8  12.6
1943 327.339   1414501 1   14  109   10   76 0.693 290.0 110.8   8.7  41.2
1943 327.339   1414602 1   72  333   42  194 0.510 299.5  96.3   8.6  26.7
1943 328.328   1414501 1    8   23    8   22 0.848 286.6 112.2  10.3  55.7
1943 328.328   1414602 1   48  247   33  169 0.679 290.3  96.6   8.6  40.1
1943 329.357   1414501 1    1    3    3    6 0.945 281.9 112.5   9.0  69.5
1943 329.357   1414602 1   41  193   37  174 0.829 284.7  97.1   8.3  54.1
1943 329.357   1414702 5   30  169   21  115 0.674  96.8   0.3  -9.4 -42.7
1943 330.339   1414602 0   27  136   38  189 0.931 281.8  97.2   8.5  67.2
1943 330.339   1414702 5   40  232   23  132 0.473  97.5   1.6  -9.3 -28.4
1943 331.341   1414602 0    8   37   32  141 0.990 279.6  97.7   8.5  80.9
1943 331.341   1414702 5   40  184   21   96 0.276 101.6   0.9  -9.4 -15.9
1943 331.341   1414801 0   31  165  105  558 0.988  86.3 296.0   2.6 -80.8
1943 4 1.390   1414702 5   51  191   26   96 0.045 177.8   2.8  -9.0  -0.1
1943 4 1.390   1414801 0   74  453   95  582 0.919  84.5 296.6   2.5 -66.3
1943 4 2.594   1414702 5   36  217   19  114 0.294 260.7   4.2  -8.8  17.1
1943 4 2.594   1414801 0  146  664  116  527 0.773  81.8 297.1   2.3 -50.0
1943 4 2.594   1414902 9    4   13    4   12 0.836 284.3  42.1   8.3  55.0
1943 4 3.354   1414702 5   31  176   18  100 0.472 262.5   5.3  -9.1  28.3
1943 4 3.354   1414801 0  111  712   74  473 0.656  78.8 296.9   2.5 -40.1
1943 4 3.354   1414902 9    1    8    2   11 0.915 283.1  41.6   9.3  64.6
1943 4 4.410   1414702 5   29  108   20   74 0.678 263.2   6.1  -9.2  43.0
1943 4 4.410   1414801 0  171  929   97  525 0.463  72.1 296.9   2.6 -26.2
1943 4 4.410   1414902 9    0    4    0   12 0.985 279.9  42.1   8.6  79.0
1943 4 5.360   1414702 0   17   53   16   48 0.825 263.4   6.7  -8.9  56.1
1943 4 5.360   1414801 0  191  984  100  513 0.278  57.6 297.0   2.6 -13.6
1943 4 6.362   1414702 0    9   30   13   43 0.935 262.8   7.1  -8.9  69.8
1943 4 6.362   1414801 0  197 1059  100  536 0.151   2.0 297.0   2.6  -0.3
1943 4 7.509   1414801 0  191 1085  100  568 0.291 299.9 296.8   2.5  14.6
1943 4 8.420   1414801 0  137  779   78  442 0.469 286.2 297.0   2.2  26.8
1943 4 9.412   1414801 0   97  676   65  449 0.656 280.4 297.3   2.3  40.2
1943 4 9.412   1415002 6   12  101   25  203 0.967 101.0 181.0 -12.1 -76.1
1943 410.648   1414801 0   48  339   45  316 0.841 276.0 297.6   1.9  56.8
1943 410.648   1415002 6   26  219   26  213 0.855 100.8 181.6 -12.2 -59.2
1943 411.333   1414801 0   55  273   68  337 0.912 274.6 297.1   1.8  65.4
1943 411.333   1415002 6   88  559   69  434 0.763 100.9 181.7 -12.0 -50.0
1943 412.337   1414801 0   14  105   41  296 0.983 273.2 297.7   2.1  79.2
1943 412.337   1415002 6  122  808   76  500 0.587 103.0 182.7 -12.2 -35.8
1943 413.361   1415002 6  180  923   98  501 0.386 109.3 183.1 -12.5 -21.9
1943 414.340   1415002 6  176  840   90  428 0.192 130.5 183.4 -12.6  -8.6
1943 415.382   1415002 6  128  756   65  383 0.158 222.1 184.5 -12.1   6.2
1943 415.382   1415102 6    8   44   21  104 0.976  81.2 101.7   7.4 -76.6
1943 416.398   1415002 6  123  639   66  341 0.349 249.3 184.4 -12.1  19.5
1943 416.398   1415102 6   14   78   18   95 0.908  78.9 100.9   7.8 -64.0
1943 417.332   1415002 6  110  518   67  314 0.562 256.7 186.5 -11.8  34.0
1943 417.332   1415102 6  105  454   92  395 0.815  74.0  99.8   9.8 -52.7
1943 418.318   1415002 5   68  307   51  230 0.741 259.3 187.5 -11.4  48.0
1943 418.318   1415102 6  236  910  160  617 0.672  69.0  99.9  10.0 -39.6
1943 419.323   1415002 5   29  180   30  186 0.872 259.6 187.3 -11.5  61.1
1943 419.323   1415102 6  198 1123  115  650 0.499  61.1  99.9   9.4 -26.3
1943 420.391   1415002 5    8   63   18  133 0.970 259.5 188.7 -11.4  76.6
1943 420.391   1415102 6  265 1504  140  792 0.309  38.0 101.0   9.2 -11.1
1943 421.345   1415102 6  386 1969  200 1018 0.249 352.8 101.3   9.4   1.8
1943 422.572   1415102 1  483 2736  264 1493 0.396 307.5 101.9   9.4  18.6
1943 423.369   1415102 1  384 3062  228 1818 0.536 296.5 101.9   9.7  29.1
1943 424.315   1415102 1  352 2317  252 1655 0.710 289.0 103.3  10.0  43.0
1943 425.394   1415102 1  320 1821  314 1785 0.858 284.4 103.5   9.9  57.5
1943 426.452   1415102 1  120  808  208 1394 0.955 281.8 103.7   9.9  71.7
1943 427.403   1415102 1    3   21    8   44 0.969 282.7  93.9  11.2  74.4
1943 427.403   1415201 0   10   85   29  234 0.982  89.0 300.4   0.2 -79.1
1943 428.358   1415201 0   22  143   29  183 0.919  87.6 300.3   0.5 -66.6
1943 429.345   1415201 0   41  243   35  207 0.807  86.3 300.2   0.5 -53.6
1943 430.368   1415201 0   45  260   30  171 0.646  84.3 300.3   0.6 -40.0
1943 5 1.312   1415201 0   49  317   28  180 0.466  80.6 300.4   0.9 -27.4
1943 5 2.360   1415201 0   54  308   28  159 0.244  70.7 300.7   0.9 -13.3
1943 5 3.525   1415201 0   67  326   34  164 0.094 338.2 300.6   1.3   2.0
1943 5 3.525  11990100 0    1    9    1    5 0.189 296.0 308.4   1.1   9.8
1943 5 4.326   1415201 0   73  353   38  182 0.232 291.2 300.5   1.3  12.5
1943 5 5.422   1415201 0   56  263   32  149 0.463 279.6 300.7   1.3  27.2
1943 5 6.464   1415201 0   42  206   28  137 0.656 276.2 300.4   1.5  40.7
1943 5 7.332   1415201 0   38  167   32  139 0.795 274.3 300.7   1.4  52.5
1943 5 8.413   1415201 0   24  116   32  151 0.920 273.3 300.8   1.8  66.8
1943 5 9.527   1415201 0    6   39   23  134 0.988 272.3 300.3   1.8  81.1
1943 5 9.527   1415302 4   22   78   12   41 0.288 264.9 235.9  -4.4  16.7
1943 510.348   1415302 0    3   13    2    8 0.526 266.8 240.2  -4.2  31.8
1943 511.334   1415401 1    4   22   20   94 0.992  81.0 113.0   8.6 -82.3
1943 512.354   1415401 1   56  298   99  520 0.956  81.1 109.5   7.7 -72.4
1943 513.365   1415401 1   67  374   73  406 0.885  80.1 106.9   7.5 -61.6
1943 514.359   1415401 1  103  525   79  400 0.752  77.7 107.5   7.5 -47.8
1943 514.359   1415502 7    0   22    0   21 0.843  77.2  98.9   9.4 -56.4
1943 515.349   1415401 1  121  600   75  371 0.584  74.2 107.7   7.2 -34.5
1943 515.349   1415502 7    4   45    3   31 0.681  75.9 100.4   7.8 -41.8
1943 516.359   1415401 1  121  616   66  334 0.384  64.2 108.5   7.5 -20.4
1943 516.359   1415502 7    5   64    3   38 0.519  67.6  99.8   9.4 -29.1
1943 516.359   1415603 8   22   69   18   56 0.787 216.7 167.4 -40.9  38.5
1943 517.329   1415401 1  101  574   52  294 0.209  39.0 108.5   7.2  -7.6
1943 517.329   1415502 7    9   42    5   23 0.352  51.1  99.9  10.7 -16.2
1943 517.329   1415603 8   53  240   54  245 0.871 223.3 168.1 -40.7  52.0
1943 518.335   1415401 1  107  608   55  310 0.191 329.0 108.5   7.4   5.7
1943 518.335   1415502 7    9   46    5   24 0.209  12.9 100.1   9.7  -2.7
1943 518.335   1415603 8   60  319   87  461 0.938 227.2 167.5 -40.5  64.7
1943 519.327   1415401 1  140  613   75  328 0.350 296.6 108.0   7.2  18.4
1943 519.327   1415502 7    9   38    5   20 0.270 313.8 101.0   8.9  11.4
1943 519.327   1415603 8   67  227  175  587 0.981 228.7 166.4 -40.8  76.8
1943 520.330   1415401 1  101  553   61  332 0.549 285.5 108.6   6.9  32.2
1943 520.330   1415502 7    7   25    4   14 0.447 295.6 100.5   9.5  24.1
1943 520.330   1415603 8    0    6    0   34 0.995 228.5 160.6 -41.5  84.2
1943 521.328   1415401 1   66  378   48  274 0.720 281.4 108.5   7.0  45.3
1943 521.328   1415502 7    4   24    3   16 0.638 286.2 101.5   8.9  38.3
1943 522.360   1415401 1   38  234   38  232 0.861 279.1 108.4   7.0  58.9
1943 522.360   1415502 7    2   21    2   17 0.770 283.6  98.8   9.4  49.3
1943 523.353   1415401 1   17  110   31  190 0.955 277.8 108.9   7.0  72.5
1943 523.353   1415502 7    1   16    2   20 0.912 282.0 101.4  10.3  65.0
1943 524.543   1415502 7    0    8    0   43 0.994 281.0 104.1  10.8  83.5
1943 524.543   1415701 2   13   57   27  113 0.966  85.8 305.8   3.7 -74.8
1943 525.347   1415701 2   24   86   29  102 0.904  85.4 305.4   3.6 -64.6
1943 526.324   1415701 2   27  122   22   99 0.784  84.0 305.7   4.0 -51.4
1943 527.360   1415701 2   28  124   18   79 0.614  82.5 305.7   3.8 -37.6
1943 528.338   1415701 2   30   88   17   49 0.421  77.1 306.1   4.6 -24.3
1943 529.313   1415701 2   23   68   12   35 0.219  67.4 305.8   4.1 -11.7
1943 530.475   1415701 2   15   55    8   28 0.096 321.8 305.5   3.7   3.4
1943 531.327   1415701 2   15   36    8   19 0.269 288.8 305.7   4.5  14.8
1943 6 1.342   1415701 2    3   17    2   10 0.475 279.4 305.4   4.1  28.0
1943 6 1.342  12000100 0    5   13    3    7 0.339 282.0 296.8   3.7  19.4
1943 6 2.341   1415701 0    1    7    1    5 0.639 274.7 303.8   2.8  39.6
1943 6 3.378   1415701 0    0    9    0    8 0.808 273.8 304.3   3.0  53.8
1943 6 7.337  12000200 0    0    6    0    6 0.824  83.1 142.7   5.9 -55.3
1943 6 8.361   1415801 0    8   48   18   98 0.967  81.1 109.3   8.7 -75.2
1943 6 9.513   1415801 0   22  132   23  136 0.870  80.4 109.1   8.6 -60.2
1943 610.381   1415801 0   31  131   24  101 0.756  79.1 109.1   8.7 -48.7
1943 611.346   1415801 0   25  134   16   84 0.597  76.7 109.0   8.6 -36.0
1943 611.346   1415902 9    0    6    0   13 0.965  78.0  70.4  11.8 -74.6
1943 612.427   1415801 0   36  124   20   68 0.391  69.7 108.9   8.7 -21.8
1943 612.427   1415902 9    4   22    5   24 0.876  76.2  70.1  12.5 -60.6
1943 613.355   1415801 0   25  119   13   61 0.210  50.8 108.9   8.7  -9.5
1943 613.355   1415902 9    9   43    7   34 0.773  73.3  68.8  13.5 -49.6
1943 614.372   1415801 0   29  118   15   60 0.145 333.1 108.8   8.6   3.8
1943 614.372   1415902 9   15   75   10   47 0.599  68.6  70.0  13.6 -35.0
1943 615.358   1415801 0   18   68   10   36 0.317 294.9 108.8   8.9  16.9
1943 615.358   1415902 9    1   14    1    8 0.367  56.6  73.6  12.9 -18.3
1943 616.461   1415801 0   15   32    9   19 0.535 284.7 108.9   9.0  31.6
1943 616.461   1415902 9   13   52    7   27 0.224  22.2  72.3  13.4  -5.0
1943 617.313   1415801 0   14   27   10   19 0.681 281.7 108.5   9.1  42.5
1943 617.313   1415902 9   11   23    6   12 0.237 331.0  72.8  13.5   6.8
1943 618.355   1415801 0    2   10    2   10 0.833 280.1 108.5   9.3  56.2
1943 619.420   1415902 9    0   15    0    9 0.476 288.8  65.5  10.4  27.3
1943 621.300   1416002 9    0   41    0   29 0.704  97.2 328.9  -3.6 -44.4
1943 622.375   1416002 9    5   15    3    9 0.480  96.2 330.5  -1.1 -28.5
1943 623.355   1416002 9   17   92    9   48 0.258 103.6 331.6  -1.3 -14.5
1943 624.322   1416002 9   27  109   14   55 0.070 170.0 332.6  -1.6  -0.7
1943 625.547   1416002 9   13   41    7   22 0.301 257.7 334.1  -1.3  17.1
1943 626.327   1416002 9    7   31    4   18 0.478 262.5 335.0  -1.3  28.3
1943 627.528   1416002 9    5   11    4    8 0.703 266.0 335.3  -0.9  44.5
1943 628.358   1416002 9    2    8    2    8 0.826 267.0 335.4  -0.9  55.6
1943 630.511  12010100 0    0    4    0    3 0.627 294.2 288.1  17.3  36.8
1943 7 1.352  12010200 0    0    4    0    8 0.949 262.2 311.3  -6.4  71.1
1943 7 7.350   1416102 6    6   40   28  171 0.992  78.0  77.3  12.4 -83.5
1943 7 8.323   1416102 6   49  284   75  435 0.943  77.5  76.9  13.1 -71.0
1943 7 9.368   1416102 6  131  714  122  662 0.840  76.5  77.0  13.5 -57.1
1943 710.359   1416102 6  164 1249  113  861 0.685  74.6  78.2  13.5 -42.8
1943 711.535   1416102 6  189 1223  108  699 0.481  68.0  78.0  14.1 -27.4
1943 712.430   1416102 6  214 1232  113  649 0.311  55.8  78.2  14.2 -15.4
1943 713.319   1416102 6  194 1264   99  644 0.186  16.9  78.6  14.6  -3.2
1943 714.358   1416102 6  179 1031   93  534 0.256 313.3  79.2  14.5  11.1
1943 715.314   1416102 6  142  919   79  510 0.428 294.0  79.2  14.2  23.8
1943 716.310   1416102 6  112  629   72  404 0.624 287.5  80.1  14.5  37.9
1943 717.311   1416102 6   71  399   59  330 0.793 284.5  81.4  14.4  52.4
1943 718.352   1416102 6   26  246   35  320 0.921 283.7  82.8  14.5  67.6
1943 719.507   1416102 6   14  111   53  394 0.989 283.3  82.3  13.9  82.4
1943 724.357   1416202 4    5   27    3   14 0.204 231.6 305.0  -2.0   9.2
1943 724.357  12020100 0    0    7    0    4 0.322 263.9 314.4   3.1  18.7
1943 725.337   1416202 4   20   73   11   40 0.409 252.1 305.7  -2.2  22.9
1943 726.326   1416202 4   17   82   11   52 0.608 258.9 306.4  -2.3  36.7
1943 727.523   1416202 4   24  112   21   97 0.813 263.5 307.8  -2.0  53.9
1943 727.523   1416301 0    8   44   30  151 0.989  82.5 171.9   8.2 -82.0
1943 728.394   1416202 4   16  107   20  132 0.912 266.0 307.9  -1.3  65.5
1943 728.394   1416301 0    8   45   13   67 0.938  83.2 172.1   8.3 -70.3
1943 729.378   1416202 4    6   44   19  126 0.983 267.7 308.6  -1.2  79.2
1943 729.378   1416301 0   14   59   13   55 0.839  83.8 172.0   8.3 -57.4
1943 730.313   1416301 0   15   71   11   50 0.700  84.1 172.3   8.3 -44.7
1943 730.313  12020200 0    1   13    1    7 0.202 207.7 222.4  -4.5   5.4
1943 731.326   1416301 0    8   39    5   23 0.513  83.7 172.6   8.3 -31.0
1943 8 1.345   1416301 0    7   34    4   18 0.298  81.5 172.8   8.2 -17.3
1943 8 3.437   1416401 0   15   54   36  124 0.975  77.6  84.3  13.4 -78.1
1943 8 4.371   1416401 0   22  147   28  183 0.913  78.0  83.4  13.4 -66.7
1943 8 5.353   1416401 0   40  217   34  181 0.798  77.8  83.8  13.5 -53.3
1943 8 5.353   1416502 9   12   43    7   24 0.433 279.5 162.8   9.7  25.7
1943 8 6.375   1416401 0   44  251   29  165 0.643  77.4  83.5  12.9 -40.1
1943 8 6.375   1416502 9   10   30    7   20 0.639 277.6 163.6   9.7  40.0
1943 8 7.386   1416401 0   42  256   24  144 0.455  74.2  83.5  12.8 -26.7
1943 8 7.386   1416502 9    3   21    3   18 0.793 276.9 163.1   9.3  52.9
1943 8 8.400   1416401 0   40  295   21  153 0.253  63.1  83.4  12.8 -13.4
1943 8 8.400   1416502 9    5   22    7   30 0.925 277.9 165.2   9.7  68.4
1943 8 8.400   1416601 0    0    6    0   34 0.994  94.2  13.3  -3.5 -83.5
1943 8 9.358   1416401 0   57  313   29  158 0.110   8.0  83.3  12.7  -0.9
1943 8 9.358   1416502 9    3   15   10   40 0.980 279.2 163.7  10.3  79.5
1943 8 9.358   1416601 0   12   83   21  137 0.952  96.1  12.7  -3.8 -71.5
1943 810.558   1416401 0   36  278   19  145 0.272 293.4  83.1  12.5  14.8
1943 810.558   1416601 0   22  126   21  116 0.835  99.4  12.6  -4.2 -55.7
1943 811.497   1416401 0   44  243   25  137 0.461 284.1  83.1  12.3  27.2
1943 811.497   1416601 0   37  208   26  146 0.698 102.6  12.8  -4.0 -43.1
1943 812.322   1416401 0   45  224   29  143 0.617 281.5  83.2  12.3  38.2
1943 812.322   1416601 0   41  201   25  122 0.559 107.7  12.7  -4.2 -32.3
1943 813.360   1416401 0   37  130   30  104 0.777 280.2  82.8  12.1  51.5
1943 813.360   1416601 0   39  307   21  165 0.365 120.9  13.0  -4.5 -18.3
1943 814.356   1416401 0   13   61   16   71 0.900 280.0  83.0  11.9  64.9
1943 814.356   1416601 0   39  220   20  113 0.211 156.7  13.3  -4.5  -4.8
1943 814.356   1416702 1   12   62   20   97 0.945  80.6 306.4  11.0 -71.7
1943 815.307   1416401 0    0    6    0   15 0.974 281.0  83.5  12.2  78.0
1943 815.307   1416601 0   46  250   24  129 0.238 216.2  13.6  -4.4   8.1
1943 815.307   1416702 1   20  104   20  100 0.851  80.6 306.5  11.5 -59.0
1943 816.373   1416601 0   28  168   16   93 0.423 243.5  13.7  -4.6  22.3
1943 816.373   1416702 1   27  132   19   93 0.700  80.5 306.6  11.5 -44.8
1943 817.443   1416601 0   23  114   15   73 0.621 253.6  14.0  -4.6  36.7
1943 817.443   1416702 1   32  165   19   97 0.519  80.1 305.9  11.0 -31.4
1943 817.443   1416801 0    6   22   13   44 0.965  93.7 262.9  -1.7 -74.4
1943 818.370   1416601 0   17   97   14   76 0.767 258.1  13.8  -4.6  48.8
1943 818.370   1416702 1   30  158   16   84 0.333  77.3 305.7  10.7 -19.3
1943 818.370   1416801 0    4   19    5   21 0.883  94.9 263.4  -1.1 -61.6
1943 819.361   1416601 0   18   81   20   90 0.891 261.2  13.9  -4.6  62.0
1943 819.361   1416705 1   33  287   17  145 0.130  63.5 305.1  10.2  -6.8
1943 819.361   1416801 0    5   13    4   10 0.745  97.9 264.3  -1.2 -47.6
1943 819.361   1416902 9    7   36    4   21 0.476 114.8 286.2  -5.3 -25.7
1943 820.474   1416601 0    5   17   12   41 0.976 264.2  14.0  -4.1  76.8
1943 820.474   1416702 1   31   82   16   42 0.170 293.8 306.3  10.8   9.1
1943 820.474   1416801 0    5    8    3    5 0.545 103.1 265.1  -1.2 -32.1
1943 820.474   1416902 9   24   73   13   38 0.279 138.9 286.6  -5.3 -10.6
1943 821.392   1416702 0    9   40    5   22 0.382 282.7 307.4  11.3  22.3
1943 821.392   1416801 0    1    7    1    4 0.360 112.7 265.7  -1.4 -19.4
1943 821.392   1416902 9   17   76    9   39 0.208 190.6 287.3  -4.8   2.2
1943 822.308   1416702 0    6   29    4   18 0.561 277.7 307.4  10.1  34.4
1943 822.308   1416902 9   11   62    6   33 0.327 232.1 288.0  -4.8  15.0
1943 823.357   1416702 0    5    9    4    7 0.735 279.0 306.9  11.4  47.8
1943 823.357   1417005 9   11   36    7   23 0.614 123.9 227.4 -14.1 -31.7
1943 824.344   1416702 0    2   11    2   11 0.854 278.4 305.4  10.8  59.3
1943 824.344   1417005 9    5   22    3   13 0.495 137.9 226.0 -14.9 -20.1
1943 824.344   1417105 0    0    6    0   10 0.937  82.8 175.7   9.2 -70.4
1943 825.371   1416702 0    0    7    0   11 0.943 280.5 304.1  12.2  71.6
1943 825.371   1417005 9    5   16    3    9 0.410 162.7 225.2 -16.0  -7.3
1943 825.371   1417105 0    5   22    5   21 0.840  83.4 174.8   9.4 -57.7
1943 826.578   1417005 9    1   10    1    6 0.401 200.1 224.8 -15.1   8.2
1943 827.353   1417005 9   10   49    6   28 0.481 221.7 225.6 -14.3  19.3
1943 828.339   1417005 9   35  132   23   85 0.627 236.8 226.0 -14.1  32.7
1943 829.489   1417005 9    9   48    8   40 0.789 245.3 225.9 -14.5  47.8
1943 830.364   1417005 9    3   20    4   23 0.891 250.4 226.3 -13.9  59.8
1943 831.392   1417005 9    0    6    0   16 0.976 255.7 228.4 -12.2  75.4
1943 9 7.426   1417202 6   68  234   36  124 0.325 292.0  78.2  13.9  18.1
1943 9 8.360   1417202 6  201  872  117  507 0.508 285.3  78.0  14.0  30.3
1943 9 9.362   1417202 6  287 1319  192  882 0.662 282.4  76.2  13.6  41.7
1943 910.339   1417202 6  218 1148  190 1001 0.817 282.7  77.0  14.5  55.4
1943 910.339  12030100 0    1   11    1    6 0.288 241.9  36.3  -0.8  14.7
1943 911.383   1417202 6  134  663  191  943 0.935 283.4  78.1  15.0  70.3
1943 911.383   1417302 0    5   23    3   12 0.272  61.7 353.5  14.4 -14.3
1943 912.648   1417202 6   18  128   66  454 0.989 283.4  74.1  14.2  83.0
1943 912.648   1417302 0    5   25    3   13 0.140 336.6 354.4  14.6   3.3
1943 918.375   1417402 4   66  275   34  142 0.239 183.3 276.3  -6.7   0.8
1943 918.375  12040100 0    1    7    1    4 0.390  97.3 252.6   3.7 -22.8
1943 919.439   1417402 4   72  306   39  164 0.351 228.3 276.7  -6.7  15.3
1943 920.537   1417402 4   43  220   26  131 0.541 245.4 276.7  -6.9  29.7
1943 921.348   1417402 4   27  140   19   96 0.679 253.0 277.0  -6.2  40.8
1943 922.366   1417402 4   14   48   13   44 0.831 256.5 277.3  -7.2  54.5
1943 923.477   1417402 4    2    8    4   16 0.959 261.2 280.5  -6.4  72.4
1943 924.366   1417402 4    1    6    6   21 0.987 262.6 276.1  -6.1  79.7
1943 926.367   1417502 0    8   57   48  319 0.996  75.0  83.6  15.5 -86.4
1943 927.394   1417502 0   79  304  134  513 0.953  75.8  82.8  15.5 -73.6
1943 928.356   1417502 2  110  594  117  631 0.880  76.6  81.4  15.0 -62.4
1943 929.393   1417502 2  147  801  111  603 0.745  75.3  81.7  15.4 -48.4
1943 930.154   1417502 2  188  986  121  634 0.627  73.6  81.4  15.4 -38.6
194310 1.365   1417502 2  192 1074  105  586 0.398  65.6  82.0  15.6 -22.1
194310 2.306   1417502 2  247 1140  127  586 0.231  47.0  81.5  15.5 -10.1
194310 3.448   1417502 2  228 1134  116  576 0.177 332.3  81.5  15.5   4.9
194310 4.374   1417502 2  183 1047   97  552 0.318 301.3  80.7  15.7  16.4
194310 5.302   1417502 2  181 1012  104  581 0.489 290.3  80.5  15.4  28.4
194310 6.330   1417502 2  185  871  125  588 0.669 285.6  80.4  15.1  41.9
194310 7.539   1417502 2  100  572   94  534 0.842 284.1  80.4  15.2  57.8
194310 8.359   1417502 0   70  381   95  515 0.928 283.9  80.7  15.2  68.9
194310 9.358   1417502 0   30  153   94  479 0.987 284.4  80.5  15.2  81.9
194310 9.358   1417602 9    4   28    3   18 0.596 207.2  16.3 -26.2  17.7
19431010.462   1417602 9   12   31    9   22 0.701 222.9  16.0 -25.8  32.0
19431011.299   1417602 9    2   11    2   10 0.803 231.3  17.2 -25.9  44.2
19431012.301   1417602 9    0    4    0    5 0.913 237.2  19.0 -26.7  59.2
19431018.367  12050100 0    3   17    2   10 0.492 117.4 213.5  -8.2 -26.2
19431019.396  12050200 0    7   25    4   13 0.145 186.9 227.2  -2.9   1.0
19431024.444   1417701 0   19  120   56  350 0.984  75.9  78.8  14.7 -80.8
19431025.414   1417701 0   45  231   59  303 0.923  76.0  79.0  14.8 -67.8
19431026.449   1417701 0   69  341   60  295 0.813  75.3  78.8  14.7 -54.4
19431027.467   1417701 0   79  408   53  273 0.663  72.8  78.8  14.8 -40.9
19431028.571   1417701 0  102  480   58  272 0.468  66.6  78.8  14.8 -26.4
19431029.266   1417701 0   77  425   41  226 0.340  57.4  78.8  14.8 -17.2
19431030.264   1417701 0   96  488   49  249 0.194  20.8  78.8  14.8  -4.1
19431031.543   1417701 0   92  445   48  232 0.279 310.2  78.7  14.5  12.7
194311 1.493   1417701 0   89  407   50  228 0.449 294.3  78.5  14.4  25.0
194311 2.265   1417701 0   64  339   40  211 0.594 288.7  78.8  14.3  35.5
194311 3.439   1417701 0   45  262   36  209 0.777 285.0  78.5  14.1  50.7
194311 4.557   1417701 0   32  170   39  205 0.907 283.9  78.4  14.2  65.3
194311 5.504   1417701 0   14  103   34  238 0.975 283.5  78.3  14.0  77.7
19431113.430   1417802 2   11   84    7   51 0.560 109.1 223.8  -8.2 -32.3
19431114.455   1417802 2   22  102   12   55 0.366 122.9 224.5  -8.9 -18.1
19431115.385   1417802 2   13   56    7   29 0.216 157.0 225.4  -8.9  -4.9
19431115.385   1417902 9    6   40    6   35 0.816 272.4 285.1   3.4  54.8
19431116.563   1417802 0    3   21    2   11 0.280 225.6 226.5  -8.9  11.7
19431116.563   1417902 9    2   18    3   27 0.939 272.6 284.7   3.3  69.9
19431116.563   1418005 0    3   28    2   17 0.555 249.7 246.6  -9.0  31.8
19431117.578   1418005 0    6   25    5   19 0.736 255.7 247.6  -8.9  46.2
19431118.442   1418005 0    0    9    0    9 0.863 258.6 248.8  -8.7  58.8
19431120.347   1418102 1    1    7    6   24 0.986  74.6  84.2  15.5 -80.7
19431121.700   1418102 1   36  191   50  261 0.909  74.5  82.1  14.8 -65.0
19431122.131   1418102 1   66  335   71  356 0.881  74.4  80.2  14.5 -61.2
19431123.356   1418102 1   62  309   46  226 0.727  71.3  79.8  14.6 -45.4
19431124.373   1418102 1   74  392   45  238 0.566  65.7  79.6  14.7 -32.2
19431125.385   1418102 1   92  417   50  225 0.376  50.9  80.9  15.0 -17.6
19431126.303   1418102 1   67  381   35  197 0.252  25.3  80.0  14.4  -6.4
19431127.880   1418102 1   85  429   44  221 0.238 341.3  80.5  14.1   4.5
19431128.342   1418102 1   67  297   37  163 0.412 303.1  80.3  13.9  20.8
19431128.342   1418202 4    3   12    5   17 0.928  84.4 351.4   5.6 -68.1
19431129.388   1418102 1   64  346   40  215 0.591 292.6  79.9  13.8  34.2
19431129.388   1418202 4   16   74   14   64 0.811  83.7 351.6   5.6 -54.1
19431130.383   1418102 1   30  213   23  162 0.752 288.0  80.1  13.9  47.5
19431130.383   1418202 4   21  137   14   91 0.655  82.6 351.9   5.4 -40.7
194312 1.290   1418102 0   14  129   14  124 0.852 285.9  78.3  13.8  57.6
194312 1.290   1418202 4   26  124   15   71 0.476  80.5 352.6   5.0 -28.1
194312 2.469   1418102 0   16   72   31  133 0.961 284.0  78.7  13.6  73.6
194312 2.469   1418202 4   35  188   18   96 0.191  66.5 355.0   4.8 -10.1
194312 3.494   1418202 4   61  287   31  144 0.083 349.1 352.5   5.0   0.9
194312 4.388   1418202 4   67  410   35  212 0.247 293.3 353.0   5.8  13.2
194312 5.284   1418202 4   32  193   18  107 0.430 282.0 353.0   5.2  25.0
194312 6.269   1418202 4   12   67    8   42 0.595 278.2 351.3   4.8  36.2
194312 6.269   1418301 0   14   74   45  233 0.986  81.4 234.7   8.5 -80.4
194312 7.467   1418202 4    4   29    4   26 0.821 276.1 354.3   4.9  55.0
194312 7.467   1418301 0   30  189   36  227 0.908  80.8 234.4   8.3 -64.9
194312 7.467  12070100 0    3   23    2   12 0.158  67.4 290.8   3.3  -8.4
194312 8.258   1418202 4    0    4    0    5 0.915 276.4 354.8   5.7  66.0
194312 8.258   1418301 0   41  243   36  212 0.816  80.2 234.5   7.8 -54.3
194312 9.257   1418301 0   50  292   34  196 0.663  78.1 234.8   7.5 -40.9
194312 9.257   1418405 9    5   25    3   13 0.176 236.6 284.2  -6.0   8.5
19431210.557   1418301 0   38  255   21  141 0.424  70.8 234.7   7.5 -23.8
19431210.557   1418405 9   12   61    7   34 0.436 257.1 283.8  -6.1  25.3
19431211.474   1418301 0   46  275   24  142 0.246  55.6 234.7   7.3 -11.8
19431211.474   1418405 9    1   29    1   18 0.576 259.1 281.2  -6.8  34.7
19431212.272   1418301 0   45  245   23  124 0.140  10.0 234.6   7.1  -1.4
19431213.570   1418301 0   49  255   26  134 0.306 297.9 234.6   7.3  15.8
19431213.570   1418405 9    2    6    3    9 0.924 263.4 286.3  -6.5  67.5
19431214.289   1418301 0   46  244   26  137 0.450 289.1 234.8   7.5  25.4
19431214.289   1418502 6   21  123   40  232 0.963 113.1 136.0 -22.5 -73.4
19431215.258   1418301 0   37  189   24  122 0.627 283.6 234.5   7.5  37.9
19431215.258   1418502 6   70  426   76  462 0.884 114.7 136.4 -22.3 -60.2
19431216.272   1418301 0   30  149   25  122 0.787 280.6 234.6   7.5  51.3
19431216.272   1418502 6  119  851   98  696 0.788 117.9 134.4 -22.5 -48.9
19431217.562   1418301 0   12   62   18   87 0.932 278.5 234.7   7.4  68.4
19431217.562   1418502 6  218 1443  138  910 0.604 127.0 134.8 -22.6 -31.5
19431218.255   1418301 0    6   35   14   81 0.975 278.2 233.9   7.6  76.8
19431218.255   1418502 6  193 1225  113  716 0.511 135.1 134.1 -22.7 -23.0
19431218.255   1418605 9    3   16   11   47 0.977  74.5  80.3  14.8 -76.8
19431219.277   1418502 6  163 1163   89  635 0.395 156.9 134.0 -23.0  -9.7
19431219.277   1418605 9    3   20    5   27 0.922  72.8  77.9  15.1 -65.8
19431220.439   1418502 6  206 1175  111  633 0.367 192.7 133.4 -22.8   5.0
19431220.439   1418605 9    3   14    3   12 0.791  69.1  78.4  15.2 -50.0
19431221.256   1418502 6  137  966   76  535 0.424 215.5 133.0 -22.1  15.4
19431222.454   1418502 6   90  588   57  371 0.604 234.7 134.0 -22.2  32.2
19431223.257   1418502 6   50  303   37  221 0.722 240.3 134.0 -22.6  42.8
19431224.260   1418502 6   34  156   32  146 0.842 244.5 133.4 -22.6  55.4
19431225.274   1418502 6   15   70   23  102 0.936 246.7 133.3 -22.6  68.6
19431226.293   1418502 6    3   20   10   52 0.979 247.5 129.4 -22.5  78.2
19431227.281   1418705 0    0   10    0   13 0.920  94.6 331.1  -5.3 -67.1
19431228.276   1418705 0    0    9    0    8 0.791  92.8 332.7  -3.9 -52.4
