1945 1 1.310   1424505 0    4   12    7   21 0.952 297.4 249.9  24.8  68.6
1945 1 1.310   1424801 2    4   29    3   19 0.624 226.5 212.2 -28.2  30.9
1945 1 2.300   1424801 0    0    8    0    6 0.738 234.3 210.9 -28.0  42.7
1945 1 2.300  12210100 0    0    7    0   17 0.972 299.7 241.0  27.9  72.8
1945 1 5.292   1424902 9    0   34    0   57 0.953  70.5  58.6  17.3 -70.2
1945 1 5.292  12210200 0    0    7    0    8 0.879 227.5 184.8 -38.6  56.0
1945 1 6.289   1424902 9    8   65    9   68 0.874  67.4  57.9  17.6 -57.8
1945 1 6.289   1425002 0    4   18    5   22 0.902 233.8 177.2 -34.1  61.5
1945 1 6.289   1425102 0    7   44   23  134 0.985 113.8  34.8 -24.1 -80.9
1945 1 7.320   1424902 9    6   24    5   20 0.784  64.7  54.3  17.0 -47.8
1945 1 7.320   1425002 2    4   32    7   55 0.954 235.4 173.7 -34.1  71.6
1945 1 7.320   1425102 0   21  111   28  148 0.924 114.6  35.1 -24.2 -67.0
1945 1 8.424   1424902 9    4   17    3   11 0.625  57.1  54.4  16.5 -33.2
1945 1 8.424   1425102 0   26  155   23  137 0.822 118.2  34.3 -25.3 -53.3
1945 1 8.424   1425202 2   14   48    8   27 0.454 130.2  65.8 -20.8 -21.8
1945 1 9.291   1425102 0   26  192   19  138 0.715 121.0  33.7 -24.7 -42.4
1945 1 9.291   1425202 2   15   79    8   42 0.335 147.7  65.1 -20.5 -11.0
1945 110.449   1425102 0   48  227   29  136 0.545 131.1  34.0 -24.8 -26.9
1945 110.449   1425301 0    0   14    0   80 0.995  68.6 338.5  20.8 -82.4
1945 111.459   1425102 0   64  224   36  125 0.435 146.0  32.0 -25.3 -15.6
1945 111.459   1425301 0   16   76   30  137 0.959  66.5 337.2  21.1 -70.4
1945 111.459   1425405 0    0    8    0   10 0.902 283.4 110.7  10.1  63.1
1945 112.289   1425102 7   42  252   23  136 0.369 164.1  30.3 -25.2  -6.4
1945 112.289   1425301 0   45  142   52  164 0.899  64.1 336.7  21.0 -60.0
1945 112.289   1425405 0    0    7    0   17 0.973 281.2 112.3   9.8  75.6
1945 113.287   1425102 7   55  263   30  142 0.365 196.6  30.1 -25.0   6.6
1945 113.287   1425301 0   35  153   29  126 0.791  58.6 337.1  21.2 -46.4
1945 114.459   1425102 0   13   39    8   23 0.518 228.8  33.4 -24.2  25.3
1945 114.459   1425301 0   26  147   17   96 0.641  49.0 336.9  20.9 -31.2
1945 115.314   1425102 0    6   36    4   24 0.645 237.5  33.4 -24.1  36.6
1945 115.314   1425301 0   32  187   19  111 0.537  37.1 336.5  20.9 -20.3
1945 116.283   1425102 0    3   18    3   15 0.778 242.5  33.3 -24.3  49.2
1945 116.283   1425301 0   28  162   16   91 0.449  16.6 336.2  20.7  -7.9
1945 116.283  12220100 0    3   28    2   16 0.437  90.3 318.1  -4.5 -26.0
1945 117.446   1425102 0    0    4    0    5 0.903 244.7  33.0 -24.9  64.2
1945 117.446   1425301 0   30  185   17  104 0.449 345.1 335.9  20.8   7.1
1945 118.304   1425301 0   23  138   14   81 0.522 326.4 335.5  21.0  18.0
1945 118.304   1425501 0    7   37   21   98 0.981  64.3 242.1  24.0 -75.4
1945 119.417   1425301 0   22  141   15   94 0.660 310.3 335.4  21.0  32.6
1945 119.417   1425501 2   31  145   42  193 0.925  60.9 240.2  24.5 -62.6
1945 120.430   1425301 0   18  109   15   89 0.787 301.9 335.2  21.0  45.7
1945 120.430   1425501 2   36  187   31  161 0.813  55.0 242.6  24.3 -46.9
1945 121.336   1425301 0   18   83   20   90 0.884 297.1 335.0  21.0  57.4
1945 121.336   1425501 0   38  191   27  134 0.699  47.9 243.1  23.6 -34.5
1945 121.336   1425601 9    3   44    2   27 0.570  39.1 254.9  21.4 -22.7
1945 122.422   1425301 0    8   35   16   71 0.967 294.5 335.0  22.0  71.7
1945 122.422   1425501 0   32  191   20  117 0.575  33.8 242.9  23.5 -20.4
1945 122.422   1425601 9   12   92    7   52 0.464  15.0 255.9  21.3  -7.4
1945 122.422   1425701 0    3   22    3   17 0.750  49.5 224.3  25.0 -39.0
1945 123.287   1425501 0   32  169   19   98 0.505  16.9 242.7  23.5  -9.2
1945 123.287   1425601 9    5   24    3   14 0.457 348.1 257.7  21.1   5.8
1945 123.287   1425701 0    4   21    3   14 0.643  39.7 225.0  24.8 -26.9
1945 124.460   1425501 0   29  146   17   84 0.491 349.1 242.2  23.3   5.8
1945 124.460   1425601 9    4   21    3   13 0.557 322.9 257.5  21.2  21.1
1945 125.551   1425501 0   16   78   10   48 0.578 327.5 241.9  23.9  19.9
1945 125.551   1425601 9    1    8    1    6 0.714 307.6 259.4  21.4  37.4
1945 126.582   1425501 0   17   75   12   52 0.684 312.9 241.5  23.0  33.0
1945 126.582   1425601 9    1    6    1    6 0.839 300.0 259.7  21.3  51.2
1945 127.286   1425501 2    7   50    6   40 0.775 307.9 241.3  24.2  42.1
1945 127.286   1425802 7   25  142   13   74 0.267 263.2 214.7  -7.4  15.5
1945 128.322   1425501 2    7   32    8   35 0.882 301.0 241.3  23.8  55.7
1945 128.322   1425802 7   74  284   43  164 0.493 264.5 215.3  -7.8  29.7
1945 129.423   1425802 7  108  564   78  407 0.718 264.7 217.3  -7.9  46.2
1945 129.423  12220200 0    0    3    0    6 0.951 299.4 237.8  25.6  66.7
1945 130.314   1425802 7   98  509   92  475 0.841 264.9 217.0  -7.5  57.7
1945 131.290   1425802 7   52  246   85  402 0.950 264.1 218.9  -7.5  72.4
1945 2 1.430   1425802 7    2    8    8   34 0.991 261.1 214.9  -9.6  83.4
1945 2 1.430   1425902 9    3   15   12   49 0.986 112.5  49.3 -23.1 -82.2
1945 2 2.572   1425902 9    8   44   10   55 0.912 112.6  50.2 -23.1 -66.3
1945 2 2.572   1426002 0    3   16    2   10 0.539 114.5  85.4 -18.3 -31.1
1945 2 3.460   1425902 9   12   47   11   42 0.821 112.2  49.9 -21.8 -54.9
1945 2 3.460   1426002 1   33  138   18   75 0.374 120.9  85.2 -17.0 -19.6
1945 2 4.435   1425902 9   17   75   12   52 0.681 117.2  50.8 -23.0 -41.1
1945 2 4.435   1426002 1   25  115   13   59 0.211 151.7  85.9 -17.0  -6.0
1945 2 5.303   1425902 9    8   53    5   33 0.585 120.2  47.3 -22.5 -33.2
1945 2 5.303   1426002 1   11   56    6   29 0.208 204.6  85.7 -17.3   5.2
1945 2 6.296   1425902 9    7   42    4   23 0.401 135.2  49.6 -22.7 -17.8
1945 2 6.296   1426002 0    3   20    2   11 0.377 239.3  87.2 -17.2  19.8
1945 2 7.502   1425902 9    3   21    2   11 0.285 166.6  47.4 -22.6  -4.1
1945 2 8.334   1425902 9    5   17    3    9 0.295 203.8  48.0 -22.2   7.4
1945 2 9.429   1425902 9    3   12    2    7 0.442 231.1  48.0 -22.3  21.8
1945 2 9.429  12220300 0    3   16    2    9 0.353 158.1  17.7 -25.7  -8.4
1945 213.577   1426102 4   10   67   23  141 0.970  64.9 259.8  22.3 -71.7
1945 214.430   1426102 4   43  220   60  307 0.932  62.2 256.9  22.8 -63.4
1945 215.479   1426102 4   41  307   38  280 0.834  57.6 257.0  22.2 -49.5
1945 216.365   1426102 4   46  209   35  156 0.740  50.8 256.4  22.5 -38.4
1945 217.307   1426102 4   61  242   40  157 0.632  40.3 256.1  22.6 -26.3
1945 218.320   1426102 4   45  185   27  110 0.538  24.9 254.9  22.4 -14.2
1945 219.300   1426102 4   19  104   11   60 0.493 358.9 256.8  22.5   0.6
1945 219.300  12230100 0    7   29    4   15 0.231 208.6 262.8 -18.7   6.7
1945 220.445   1426102 4    8   35    5   21 0.548 332.2 257.1  22.2  16.0
1945 221.304   1426102 4    0    7    0    5 0.642 317.7 257.6  22.1  27.8
1945 223.300   1426202 4   12  101   30  244 0.977 106.7 124.1 -17.8 -79.4
1945 223.300  12230200 0    0    7    0   12 0.946 242.6 275.9 -28.2  72.4
1945 224.378   1426202 4   32  159   36  174 0.887 104.8 125.9 -16.4 -63.4
1945 225.322   1426202 4   32  145   25  113 0.763 105.3 126.8 -16.3 -50.1
1945 226.564   1426202 4   34  174   21  105 0.555 109.6 127.4 -16.8 -33.1
1945 227.360   1426202 4   32  157   18   86 0.405 116.2 127.7 -17.0 -22.3
1945 228.307   1426202 4   39  173   20   89 0.216 141.5 129.5 -16.9  -8.1
1945 3 1.567   1426202 4   33  102   17   53 0.225 221.8 130.0 -16.8   9.0
1945 3 2.372   1426202 4   27  117   15   64 0.387 242.7 131.5 -17.0  21.1
1945 3 2.372   1426301 1   17   58   69  233 0.992 103.8  26.2 -14.5 -84.2
1945 3 3.375   1426202 4   30   66   19   41 0.581 249.9 132.0 -17.5  34.9
1945 3 3.375   1426301 1   67  379  105  590 0.946 102.8  24.9 -14.4 -72.2
1945 3 4.454   1426202 4    8   39    7   32 0.784 254.8 135.0 -16.4  52.1
1945 3 4.454   1426301 1  119  591  111  551 0.842 102.4  24.8 -14.3 -58.1
1945 3 5.438   1426202 4    8   25    8   24 0.851 254.5 129.0 -17.0  59.0
1945 3 5.438   1426301 1  144  719  102  507 0.702 103.2  25.1 -14.4 -44.9
1945 3 5.438  12230300 0    8   36   13   56 0.945 241.0 142.0 -29.7  72.1
1945 3 6.603   1426202 4    1    6    5   19 0.982 254.9 135.4 -16.1  80.8
1945 3 6.603   1426301 1  150  829   87  478 0.495 106.0  25.2 -14.2 -29.4
1945 3 7.377   1426301 1  155  881   83  471 0.351 111.2  24.7 -14.1 -19.7
1945 3 8.412   1426301 1  132  818   67  415 0.163 140.2  24.6 -14.4  -6.2
1945 3 9.378   1426301 1  153  877   78  445 0.167 222.8  24.7 -14.2   6.7
1945 3 9.378   1426402 9    3   26    2   14 0.311 225.5  31.6 -19.6  13.6
1945 3 9.378  12230400 0    0    4    0    5 0.910 117.5 311.9 -28.0 -66.1
1945 310.316   1426301 1  139  766   74  407 0.336 247.0  24.3 -14.4  18.6
1945 310.316   1426402 9   10   38    6   22 0.500 241.9  33.7 -20.0  28.0
1945 311.323   1426301 1   98  734   58  434 0.530 254.7  24.2 -14.2  31.8
1945 311.323   1426402 9   22   93   15   63 0.667 247.8  33.5 -20.1  41.1
1945 312.511   1426301 1   61  502   45  369 0.729 257.0  24.0 -14.4  47.2
1945 312.511   1426402 9    4   34    4   33 0.846 250.7  35.0 -20.1  58.2
1945 313.367   1426301 1   73  421   69  398 0.846 257.3  24.0 -14.5  58.5
1945 313.367   1426402 9    4   12    6   18 0.934 251.0  35.7 -20.3  70.2
1945 314.363   1426301 1   34  230   53  352 0.944 256.8  24.2 -14.8  71.9
1945 314.363   1426402 9    0    3    0   10 0.981 252.2  32.9 -18.8  80.6
1945 315.441   1426301 1    3   38   21  213 0.996 255.4  24.5 -15.1  86.4
1945 316.439   1426502 0    0    4    0    7 0.955  61.7 217.7  24.3 -67.3
1945 317.413   1426502 0    1   17    2   18 0.875  57.1 218.4  24.3 -53.7
1945 318.422   1426502 2    5   26    4   21 0.768  50.4 218.4  24.0 -40.4
1945 318.422  12240100 0    0    9    0   13 0.933 122.0 189.3 -32.3 -69.5
1945 319.316   1426502 2    4   29    3   19 0.630  38.0 222.1  23.4 -25.0
1945 320.392   1426502 0    8   40    5   24 0.535  20.4 221.2  23.3 -11.7
1945 321.355   1426502 0    6   34    4   20 0.500 357.4 221.6  23.0   1.4
1945 321.355   1426602 1   21   91   84  363 0.991 120.0 135.0 -30.5 -85.2
1945 322.373   1426602 1   79  412  153  798 0.965 120.7 130.4 -31.4 -76.4
1945 323.365   1426602 1   82  476   92  534 0.893 121.5 130.9 -31.1 -62.8
1945 324.417   1426602 1  102  703   85  582 0.795 124.5 129.7 -31.3 -50.1
1945 325.320   1426602 1  147  875  102  604 0.686 129.2 129.5 -31.1 -38.4
1945 326.327   1426602 1  139 1027   85  625 0.568 138.3 128.4 -31.2 -26.2
1945 326.327   1426702 6    0   10    0   31 0.984 110.1  72.9 -20.9 -81.7
1945 327.580   1426602 1  183 1019  102  568 0.440 160.0 128.3 -31.0 -10.1
1945 327.580   1426702 6   35  157   37  164 0.874 110.8  77.0 -21.4 -61.4
1945 327.580   1426801 0    1   12   10   62 0.995  55.4  60.0  33.3 -78.4
1945 328.422   1426602 1  160 1091   88  600 0.414 181.0 127.5 -31.1   0.5
1945 328.422   1426702 6  103  601   81  472 0.769 112.1  77.2 -21.2 -49.8
1945 328.422   1426801 0    9   29   18   59 0.967  53.1  59.5  33.2 -67.5
1945 329.400   1426602 1  147  910   83  513 0.459 205.5 127.4 -30.9  13.3
1945 329.400   1426702 6  221 1150  143  742 0.629 116.0  76.7 -21.3 -37.4
1945 329.400   1426801 0   14   28   18   34 0.909  49.1  59.2  32.9 -54.9
1945 330.354   1426602 1  165  861  100  520 0.558 220.4 126.5 -31.1  25.0
1945 330.354   1426702 6  251 1503  143  854 0.472 124.5  76.8 -21.5 -24.7
1945 330.354   1426801 0   13   48   12   44 0.833  43.2  58.9  32.7 -42.6
1945 331.309   1426602 1  122  602   83  409 0.675 230.1 126.0 -30.9  37.1
1945 331.309   1426702 6  347 1698  185  905 0.345 140.7  75.3 -21.8 -13.6
1945 331.309   1426801 0   14   42   11   32 0.747  34.5  58.8  32.4 -30.1
1945 4 1.321   1426602 1   85  493   71  408 0.795 235.4 125.3 -31.1  49.8
1945 4 1.321   1426702 6  282 1866  146  965 0.255 178.2  75.0 -21.2  -0.5
1945 4 1.321   1426801 0   17   51   12   35 0.671  21.6  58.5  32.5 -17.0
1945 4 2.425   1426602 1   48  275   56  319 0.900 238.9 124.7 -30.7  63.7
1945 4 2.425   1426702 6  258 1567  137  832 0.335 219.1  74.1 -21.3  13.1
1945 4 2.425   1426801 0   20   94   13   61 0.630   4.7  57.5  32.5  -3.5
1945 4 2.425   1426901 0   11   94   21  180 0.964 118.0 345.2 -28.6 -75.8
1945 4 3.342   1426602 0   37  174   72  338 0.965 239.4 124.9 -31.1  76.0
1945 4 3.342   1426702 6  284 1543  162  880 0.478 236.1  74.1 -21.2  25.2
1945 4 3.342   1426801 0   12   49    8   32 0.635 347.7  58.1  32.1   9.2
1945 4 3.342   1426901 0   18   97   21  112 0.898 118.8 345.2 -28.6 -63.7
1945 4 4.595   1426702 6  195 1181  133  804 0.676 245.5  73.5 -21.0  41.2
1945 4 4.595   1426801 0    8   29    6   21 0.712 330.2  57.1  32.5  24.8
1945 4 4.595   1426901 0   29  154   23  122 0.772 122.7 344.4 -28.9 -47.9
1945 4 4.595  12240200 0    3   17    3   15 0.816 112.3 337.9 -21.8 -54.4
1945 4 5.314   1426702 6  169  914  137  741 0.785 247.7  74.1 -21.3  51.2
1945 4 5.314   1426801 0    3   21    3   17 0.771 321.9  57.2  32.3  34.3
1945 4 5.314   1426901 0   24  128   17   88 0.682 126.3 344.1 -28.7 -38.8
1945 4 6.342   1426702 6   97  547  114  640 0.903 249.3  74.3 -21.3  65.0
1945 4 6.342   1426801 0    4   16    4   16 0.858 313.9  56.4  32.5  47.1
1945 4 6.342   1426901 0   15   88    9   53 0.543 135.9 343.8 -28.5 -25.5
1945 4 7.357   1426702 6   59  278  139  652 0.976 249.2  74.8 -21.6  78.9
1945 4 7.357   1426801 0    4   17    6   24 0.933 308.3  56.1  32.5  60.2
1945 4 7.357   1426901 0   21   72   12   40 0.429 153.0 343.1 -28.4 -12.8
1945 4 8.319   1426801 0    0    8    0   22 0.979 305.7  54.8  33.1  71.6
1945 4 8.319   1426901 0   14   51    8   28 0.378 179.1 342.8 -28.2  -0.4
1945 4 9.401   1426901 0   10   61    6   34 0.439 206.5 341.8 -28.9  12.9
1945 410.521   1426901 0    1   29    1   18 0.565 226.3 341.7 -28.2  27.6
1945 414.388   1427002 4   10   49    6   28 0.476  93.8 234.5  -6.7 -28.6
1945 415.358   1427002 4   13   42    7   22 0.260  95.5 235.2  -6.7 -15.1
1945 416.334   1427002 4   19   99   10   50 0.049 111.7 234.8  -6.4  -2.6
1945 417.341   1427002 4   31  108   16   55 0.179 262.8 234.4  -6.5  10.3
1945 417.341   1427102 5    4   13    8   27 0.965 111.9 148.3 -22.5 -75.8
1945 418.336   1427002 4   23   97   13   53 0.397 265.4 234.4  -6.6  23.5
1945 418.336   1427102 5   20  117   24  139 0.904 112.9 146.2 -22.9 -64.7
1945 419.309   1427002 4    6   31    4   19 0.558 266.3 232.2  -6.3  34.1
1945 419.309   1427102 5   50  254   42  213 0.800 115.2 146.2 -23.1 -51.9
1945 419.309   1427201 0    8   34   32  130 0.991 121.2 114.0 -31.6 -84.1
1945 420.338   1427002 4    1    9    1    7 0.739 265.8 232.4  -6.5  47.9
1945 420.338   1427102 5  126  588   84  392 0.659 119.8 146.1 -23.1 -38.4
1945 420.338   1427201 0   17   84   29  138 0.951 121.7 112.5 -31.7 -72.0
1945 421.568   1427102 5  100  662   57  376 0.473 133.2 146.2 -23.5 -22.1
1945 421.568   1427201 0   24  142   24  140 0.858 124.2 111.8 -31.7 -56.5
1945 422.319   1427102 5   91  559   49  300 0.363 149.6 146.8 -23.0 -11.5
1945 422.319   1427201 0   24  117   20   95 0.785 126.9 110.9 -31.5 -47.4
1945 422.319   1427301 0    1    8    6   27 0.986 110.2  76.6 -20.7 -81.7
1945 423.336   1427102 5   98  511   52  270 0.319 185.5 146.8 -23.3   1.9
1945 423.336   1427201 0   37  165   25  111 0.667 133.5 110.4 -31.3 -34.5
1945 423.336   1427301 0    2    6    3    9 0.922 110.0  77.4 -20.3 -67.5
1945 424.511   1427102 5   94  502   52  276 0.411 220.8 146.3 -22.6  16.9
1945 424.511   1427201 0   45  178   27  106 0.540 147.9 109.7 -31.6 -19.7
1945 424.511   1427301 0    0    5    0    5 0.803 114.8  77.3 -22.6 -52.1
1945 425.345   1427102 5   79  352   48  212 0.555 234.9 147.9 -22.6  29.5
1945 425.345   1427201 0   52  231   30  132 0.478 162.7 108.8 -31.7  -9.6
1945 425.345   1427402 7   30  137  102  466 0.988 107.0  36.2 -17.5 -82.2
1945 426.477   1427102 5   33  135   25  100 0.733 242.9 148.4 -22.7  45.0
1945 426.477   1427201 1   63  280   36  159 0.470 191.2 109.6 -31.9   6.2
1945 426.477   1427402 7  138  862  183 1142 0.925 107.5  35.5 -17.9 -67.9
1945 427.518   1427102 5   25  124   25  121 0.856 246.2 147.7 -22.6  58.0
1945 427.518   1427201 1   40  242   24  144 0.541 210.7 108.7 -31.9  19.0
1945 427.518   1427402 7  215 1287  187 1116 0.815 108.8  35.6 -17.8 -54.1
1945 428.314   1427102 5   14   52   20   72 0.931 247.5 147.6 -22.5  68.5
1945 428.314   1427201 1   40  185   26  119 0.626 220.7 107.9 -32.1  28.8
1945 428.314   1427402 7  254 1518  180 1075 0.706 110.9  35.3 -17.7 -43.8
1945 429.324   1427102 5    0   10    0   28 0.981 247.6 145.4 -22.8  79.6
1945 429.324   1427201 1   25  156   19  115 0.732 228.4 106.2 -32.3  40.4
1945 429.324   1427402 7  307 1756  183 1045 0.540 117.2  35.5 -17.9 -30.3
1945 430.336   1427201 1   17   91   16   84 0.835 233.4 104.9 -32.4  52.5
1945 430.336   1427402 7  243 1513  131  814 0.367 130.2  35.3 -17.6 -17.1
1945 430.336   1427502 0    4   18    5   22 0.910 109.2 347.0 -19.1 -65.4
1945 430.336   1427602 0    8   34   22   86 0.979 115.3 333.4 -25.6 -79.0
1945 5 1.503   1427201 1   17   93   25  131 0.932 235.8 104.2 -33.2  67.2
1945 5 1.503   1427402 7  227 1061  117  546 0.236 172.3  35.1 -17.5  -1.9
1945 5 1.503   1427502 0    8   16    7   13 0.784 110.9 346.3 -18.8 -50.7
1945 5 1.503   1427602 0   17   98   21  119 0.909 116.5 332.5 -25.7 -64.5
1945 5 1.503   1427701 9    1    9    2   10 0.887  62.9 338.8  21.8 -58.2
1945 5 2.321   1427201 1   17   81   42  196 0.977 237.1 104.1 -33.0  77.9
1945 5 2.321   1427301 0   13   26   11   22 0.805 249.9  79.0 -18.4  52.8
1945 5 2.321   1427402 7  217 1221  113  635 0.275 212.1  35.0 -17.3   8.8
1945 5 2.321   1427502 4    4    8    3    6 0.665 114.0 346.3 -18.7 -39.9
1945 5 2.321   1427602 0   23  140   21  127 0.830 118.7 332.2 -25.8 -54.0
1945 5 2.321   1427701 9    4   26    4   23 0.813  58.9 337.4  22.3 -48.8
1945 5 3.330   1427301 0    0   12    0   15 0.903 248.6  77.0 -20.9  64.2
1945 5 3.330   1427402 7  171 1142   95  632 0.426 235.4  34.4 -17.5  21.6
1945 5 3.330   1427502 4   13   48    8   28 0.502 120.0 345.6 -17.9 -27.2
1945 5 3.330   1427602 0   29  137   21   97 0.707 123.6 331.9 -25.9 -40.9
1945 5 3.330   1427802 0    6   20    5   16 0.770  56.5 328.8  22.5 -44.0
1945 5 4.340   1427301 0    1    4    4   11 0.975 251.0  77.2 -19.3  77.7
1945 5 4.340   1427402 7  127  779   80  491 0.607 246.0  35.0 -17.3  35.5
1945 5 4.340   1427602 0   32  153   20   94 0.574 132.2 331.3 -25.9 -28.2
1945 5 4.340   1427802 2    6   27    4   18 0.643  47.2 328.7  22.8 -30.8
1945 5 5.400   1427402 7   74  450   59  356 0.772 250.1  35.1 -17.6  49.6
1945 5 5.400   1427602 0   42  178   24  100 0.455 149.1 330.4 -26.4 -15.1
1945 5 5.400   1427802 0    3   18    2   11 0.540  34.1 326.3  23.2 -19.2
1945 5 6.340   1427402 7   72  369   80  410 0.891 252.6  35.8 -17.1  62.8
1945 5 6.340   1427502 4   11   44    6   24 0.389 224.5 349.8 -19.4  16.8
1945 5 6.340   1427602 1   27  121   15   66 0.395 171.3 329.2 -26.4  -3.8
1945 5 7.506   1427402 7   14  186   34  428 0.975 252.6  35.2 -17.7  77.6
1945 5 7.506   1427502 4   41  217   26  135 0.590 242.0 351.0 -18.9  33.4
1945 5 7.506   1427602 1   17   73   10   41 0.437 206.1 330.0 -26.4  12.4
1945 5 8.296   1427502 4   41  181   30  131 0.720 246.7 351.5 -18.9  44.3
1945 5 8.296   1427602 1   29   95   17   55 0.502 222.9 329.3 -24.6  22.1
1945 5 9.334   1427502 4   28   81   27   76 0.842 250.1 350.1 -18.4  56.6
1945 5 9.334   1427602 1   12   41    8   27 0.645 234.4 328.7 -24.6  35.2
1945 5 9.334   1427901 0    3   13    2    7 0.351 144.8 281.1 -19.7 -12.4
1945 5 9.334  12260100 0    0    8    0   18 0.970 252.1   9.7 -18.1  76.3
1945 510.404   1427502 4    3   25    5   39 0.945 251.6 350.1 -18.4  70.8
1945 510.404   1427602 1    3   15    3   12 0.763 242.1 326.4 -23.0  47.1
1945 510.404   1428002 9   10   41    6   23 0.434 231.2 300.2 -18.6  20.9
1945 511.358   1427901 0    1    5    1    3 0.363 223.4 281.9 -18.1  15.2
1945 511.358   1428002 9    4   12    3    8 0.590 241.8 300.0 -18.6  33.3
1945 512.440   1428002 9    3   22    3   18 0.781 248.6 302.4 -18.4  50.0
1945 513.329   1428002 9    0    8    0   10 0.896 250.8 303.7 -18.4  63.1
1945 514.320   1428002 9    0    4    0   11 0.975 251.7 304.9 -18.4  77.4
1945 514.320   1428102 4    1    6    5   19 0.982 115.3 148.3 -25.3 -79.2
1945 515.322   1428102 4   18   77   27  112 0.938 117.5 145.8 -26.6 -68.5
1945 515.322   1428202 4   17   65   10   38 0.513 231.1 239.6 -21.0  25.3
1945 516.318   1428102 4   36  236   36  233 0.860 119.9 144.5 -26.7 -56.6
1945 516.318   1428202 4   44  229   30  154 0.666 241.0 239.6 -20.7  38.5
1945 516.318   1428302 0    0    5    0   10 0.965 108.0 126.3 -18.0 -74.8
1945 517.343   1428102 4   35  139   26  101 0.721 126.2 146.8 -26.9 -40.7
1945 517.343   1428202 4   60  322   51  272 0.803 245.3 238.9 -21.0  51.4
1945 517.343   1428302 0    0    4    0    5 0.866 109.0 128.3 -17.5 -59.2
1945 518.417   1428102 4   17   80   11   49 0.571 136.1 147.1 -26.2 -26.2
1945 518.417   1428202 4   40  242   54  325 0.927 248.7 240.5 -20.5  67.2
1945 518.417   1428302 0    5   11    4    8 0.722 113.7 129.1 -18.4 -44.2
1945 518.417   1428402 0   13   31   10   23 0.729 102.6 126.9 -10.6 -46.4
1945 518.417   1428502 9    0    5    0    6 0.896  57.6 114.6  27.6 -58.7
1945 519.140   1428102 4   22   77   13   44 0.469 152.8 149.9 -26.6 -13.9
1945 519.140   1428202 4   41  228   93  515 0.974 249.2 240.6 -20.7  76.8
1945 519.140   1428402 0   17   60   11   38 0.597 104.8 127.9 -10.4 -35.9
1945 519.140   1428502 9    7   37    7   33 0.819  54.3 115.4  27.2 -48.4
1945 520.135   1428102 4   16   78    9   43 0.420 177.9 149.6 -26.7  -1.0
1945 520.135   1428402 0   16   73    9   40 0.395 112.2 128.8 -10.3 -21.8
1945 520.135   1428502 9    0   13    0    9 0.677  44.8 118.2  27.1 -32.4
1945 521.358   1428102 4    8   43    5   25 0.489 211.3 150.9 -26.4  16.5
1945 521.358   1428402 0    1    9    1    5 0.174 153.6 129.9 -10.7  -4.5
1945 521.358   1428502 9   13   54    8   33 0.557  28.4 117.0  27.7 -17.4
1945 521.358  12260200 0    0    5    0    6 0.895 120.6  73.7 -28.0 -60.7
1945 522.335   1428102 4   14   44    9   27 0.576 223.4 147.7 -26.2  26.2
1945 522.335   1428502 9   12   40    7   23 0.487   9.5 116.3  27.1  -5.2
1945 523.436   1428102 4    5   14    4   11 0.758 237.2 151.7 -25.3  44.8
1945 523.436   1428502 9   20   90   12   52 0.491 344.8 115.2  26.8   8.3
1945 523.436   1428605 0    4   18    3   12 0.651 221.1 136.7 -30.7  29.8
1945 523.436   1428701 0    4   17   27   96 0.996 106.0  21.9 -16.1 -85.0
1945 523.436  12260300 0    4   11    6   15 0.924 107.8  39.9 -17.0 -67.0
1945 524.459   1428102 4    3   26    4   29 0.885 241.0 153.0 -26.1  59.6
1945 524.459   1428502 9   19  109   12   67 0.574 325.7 114.7  27.0  21.3
1945 524.459   1428605 0    0    6    0    5 0.759 231.7 136.4 -29.1  43.0
1945 524.459   1428701 0   17   43   27   67 0.945 106.9  22.9 -16.4 -70.5
1945 525.325   1428302 4   11   42    9   32 0.746 246.1 127.9 -18.5  46.0
1945 525.325   1428502 9    8   38    6   26 0.661 315.6 113.2  27.1  31.3
1945 525.325   1428701 0   17   81   18   82 0.867 108.1  22.7 -16.3 -59.2
1945 525.325   1428802 2   10   36    8   27 0.732 118.1  38.1 -21.1 -43.8
1945 526.337   1428302 4   12   51   13   52 0.869 249.2 127.6 -18.6  59.0
1945 526.337   1428502 9    8   26    7   21 0.769 307.6 111.8  27.1  43.2
1945 526.337   1428701 0   26  134   20  100 0.737 111.2  22.9 -16.3 -45.7
1945 526.337   1428802 2    3   12    2    8 0.592 126.7  37.9 -21.7 -30.7
1945 526.337  12260400 0    0    6    0   17 0.980 246.8 146.5 -23.0  78.0
1945 527.403   1428302 4   10   43   17   69 0.948 251.4 125.2 -17.9  70.8
1945 527.403   1428502 9    3   29    4   32 0.888 300.5 112.9  26.2  58.5
1945 527.403   1428701 0   21  112   13   68 0.565 117.7  23.0 -16.1 -31.4
1945 528.339   1428302 4    6   26   27  103 0.992 250.4 124.6 -19.6  82.5
1945 528.339   1428701 0   23   87   13   48 0.405 130.1  23.3 -16.0 -18.8
1945 529.417   1428701 0    9   65    5   34 0.274 163.3  23.1 -16.0  -4.7
1945 529.417   1428902 4   23   95   14   58 0.566 337.2  42.6  30.7  14.8
1945 530.309   1428701 0    7   17    4    9 0.292 203.6  23.0 -16.2   7.0
1945 530.309   1428902 4   25  111   17   73 0.644 322.9  42.7  30.3  26.7
1945 531.326   1428701 0    7   16    4    9 0.424 231.6  22.7 -15.8  20.2
1945 531.326   1428902 4   25  127   19   97 0.750 312.6  42.1  30.1  39.6
1945 531.326   1429001 9    5   13    7   19 0.930  96.6 294.2  -6.3 -68.3
1945 6 1.351   1428902 4   17  119   17  117 0.857 306.9  41.8  30.7  52.8
1945 6 1.351   1429001 9    2    6    2    6 0.825  97.0 293.6  -6.0 -55.4
1945 6 2.325   1428902 4   22   94   33  137 0.937 303.4  41.8  30.9  65.7
1945 6 3.337   1428902 4    0    8    0   23 0.981 303.1  39.3  32.3  76.6
1945 6 3.337   1429101 0    8   39   21   94 0.977 109.5 245.7 -19.1 -77.0
1945 6 4.312   1429101 0   15   68   19   83 0.909 111.1 245.9 -19.1 -63.9
1945 6 5.374   1429101 0   18  103   15   86 0.795 114.4 245.7 -19.1 -50.0
1945 6 6.404   1429101 0   16   89   11   59 0.654 120.3 245.4 -19.1 -36.7
1945 6 6.404  12270100 0    8   29    7   23 0.772 118.8 235.4 -21.7 -46.7
1945 6 7.330   1429101 0   13   75    8   44 0.517 129.9 245.0 -19.1 -24.8
1945 6 8.306   1429101 2   11   45    6   25 0.394 146.5 243.6 -18.8 -13.3
1945 6 9.313   1429202 4   30  102   17   57 0.443 146.7 228.5 -21.2 -15.1
1945 610.415   1429202 4   98  413   53  223 0.377 178.5 228.4 -21.5  -0.6
1945 611.307   1429202 4   90  486   50  268 0.421 205.9 228.6 -21.5  11.4
1945 611.307   1429301 0    8   45   13   67 0.939 108.6 148.6 -17.1 -68.6
1945 611.307   1429401 0   31  157   81  406 0.981 122.8 140.9 -31.9 -76.3
1945 612.303   1429202 4   68  384   40  226 0.526 224.0 227.1 -21.4  23.1
1945 612.303   1429301 0    8   36    8   34 0.842 111.2 148.7 -17.2 -55.3
1945 612.303   1429401 0   67  244   93  335 0.931 125.0 140.1 -31.9 -63.9
1945 613.522   1429202 4   22  104   16   73 0.699 237.1 227.0 -21.5  39.1
1945 613.522   1429301 0    8   52    6   36 0.675 116.9 148.9 -17.0 -39.0
1945 613.522   1429401 0   73  359   66  321 0.828 130.0 139.9 -31.5 -48.0
1945 613.522   1429502 9   12   40    7   23 0.475 218.1 206.2 -21.0  18.3
1945 613.522   1429602 0    0    4    0    4 0.781 112.5 139.0 -16.7 -48.9
1945 613.522   1429702 2   27  115   42  173 0.941 115.2 119.9 -23.3 -68.0
1945 613.522   1429802 4    5   36   15  108 0.985 117.8 109.7 -27.1 -78.2
1945 614.461   1429202 4   14   31   13   28 0.827 243.2 227.8 -21.2  52.3
1945 614.461   1429301 0   18   54   11   32 0.527 126.2 149.1 -17.1 -26.4
1945 614.461   1429401 0   78  416   58  306 0.731 136.8 139.7 -31.3 -35.8
1945 614.461   1429502 9   14   41    9   26 0.605 231.2 205.9 -21.3  30.4
1945 614.461   1429602 0    0    4    0    3 0.641 116.3 138.9 -15.6 -36.6
1945 614.461   1429702 2   46  173   45  167 0.853 118.4 120.7 -23.3 -54.8
1945 614.461   1429802 4   15  115   22  164 0.935 119.9 109.7 -27.3 -65.8
1945 615.528   1429301 0    9   37    5   20 0.377 147.9 149.2 -17.4 -12.1
1945 615.528   1429401 0   87  472   56  303 0.626 149.1 139.2 -31.3 -22.1
1945 615.528   1429502 9    0    9    0    7 0.744 238.9 204.6 -21.7  43.3
1945 615.528   1429602 0    0    8    0    5 0.482 129.0 138.3 -16.5 -23.0
1945 615.528   1429702 2   52  228   38  167 0.727 124.7 120.6 -23.5 -40.7
1945 615.528   1429802 4   25  125   23  113 0.830 123.8 110.7 -26.7 -50.6
1945 615.528   1429902 0    0    6    0   10 0.939  61.9  93.2  26.7 -68.1
1945 616.387   1429301 0    9   37    5   20 0.319 177.0 149.0 -17.2  -1.0
1945 616.387   1429401 0   85  481   52  292 0.566 162.8 138.7 -31.4 -11.3
1945 616.387   1429602 0    0    7    0    4 0.344 151.7 140.2 -16.3  -9.8
1945 616.387   1429702 2   37  238   24  151 0.611 132.9 120.8 -23.4 -29.2
1945 616.387   1429802 4   44  237   33  175 0.733 129.6 110.8 -26.8 -39.2
1945 616.387   1429902 0    0    5    0    5 0.838  59.4  96.6  26.1 -53.4
1945 617.334   1429301 0    9   29    5   16 0.375 209.9 148.7 -17.5  11.3
1945 617.334   1429401 0   82  495   49  294 0.537 181.8 138.5 -31.0   1.1
1945 617.334   1429502 9    0   13    0   17 0.910 246.0 200.4 -21.1  63.0
1945 617.334   1429602 0    0    7    0    4 0.330 182.0 138.1 -17.8   0.7
1945 617.334   1429702 7   71  396   41  228 0.492 147.9 120.9 -23.2 -16.5
1945 617.334   1429802 4   32  218   21  139 0.619 139.4 110.6 -26.7 -26.8
1945 618.345   1429301 2    8   27    5   16 0.506 229.1 147.8 -17.9  23.7
1945 618.345   1429401 0   78  426   48  261 0.576 200.9 138.0 -31.0  13.9
1945 618.345   1429502 9    0   11    0   23 0.967 247.7 197.6 -21.1  73.5
1945 618.345   1429702 7   88  530   49  293 0.425 173.5 121.1 -23.4  -3.0
1945 618.345   1429802 4   34  162   20   95 0.517 155.8 110.4 -26.6 -13.7
1945 618.345  12270200 0    1   13    1    7 0.324 181.8 124.6 -17.3   0.6
1945 619.319   1429301 2    0    8    0    6 0.662 240.9 148.5 -17.4  37.3
1945 619.319   1429401 0   81  397   54  264 0.657 215.3 137.5 -30.9  26.3
1945 619.319   1429702 7   85  414   48  233 0.449 201.5 121.5 -23.0  10.3
1945 619.319   1429802 4   15   75    9   43 0.471 178.3 110.3 -26.4  -0.9
1945 619.319   1429902 0    5   31    3   18 0.479  27.6  96.8  26.8 -14.4
1945 619.319   1430002 6    4   14   37  118 0.998 104.7  25.6 -14.5 -85.6
1945 620.347   1429401 0   45  270   35  209 0.761 225.5 136.7 -30.8  39.2
1945 620.347   1429602 2   12   48    8   32 0.648 245.7 135.0 -14.0  37.5
1945 620.347   1429702 7   69  360   42  219 0.569 222.1 122.0 -23.3  24.5
1945 620.347   1429802 4    0    8    0    5 0.494 201.3 109.0 -25.6  11.5
1945 620.347   1429902 4   34  159   19   88 0.419 358.9  98.0  26.6   0.5
1945 620.347   1430002 6   15   79   29  147 0.962 106.3  24.5 -15.1 -73.0
1945 621.573   1429401 0   40  214   43  227 0.880 232.8 136.2 -31.0  54.9
1945 621.573   1429602 2    2   14    2   13 0.825 252.0 135.1 -13.6  53.8
1945 621.573   1429702 7   54  356   40  260 0.726 235.5 121.8 -22.8  40.5
1945 621.573   1429802 4    0   16    0   10 0.595 225.4 108.7 -23.0  27.4
1945 621.573   1429902 4   24  128   14   74 0.491 327.8  98.3  26.4  17.0
1945 621.573   1430002 6   48  289   48  285 0.859 109.4  24.0 -15.5 -57.3
1945 622.350   1429401 0   27  148   39  212 0.936 235.8 135.4 -30.9  64.4
1945 622.350   1429602 2    0    6    0    9 0.921 250.3 136.2 -17.2  65.2
1945 622.350   1429702 7   44  295   39  261 0.822 240.5 121.8 -22.6  50.8
1945 622.350   1429902 4   12   77    8   48 0.581 314.8  98.3  26.0  27.3
1945 622.350   1430002 6   69  340   54  265 0.765 112.6  23.8 -15.7 -47.2
1945 623.381   1429401 0   13   53   42  167 0.986 238.2 135.0 -30.9  77.6
1945 623.381   1429702 0   31  179   43  246 0.930 244.6 122.9 -22.6  65.5
1945 623.381   1429902 4    5   30    4   22 0.727 304.9  99.1  26.2  41.7
1945 623.381   1430002 6   92  548   59  349 0.616 118.9  23.4 -15.5 -34.0
1945 624.379   1429702 0   13   76   42  239 0.987 246.1 123.0 -23.1  78.8
1945 624.379   1429902 4    7   35    7   32 0.828 301.6  96.6  27.1  52.4
1945 624.379   1430002 6   83  462   47  262 0.468 130.4  22.5 -15.5 -21.7
1945 625.380   1429902 4    2   23    3   31 0.921 298.6  96.3  27.2  65.4
1945 625.380   1430002 6   81  378   43  200 0.327 157.0  23.3 -15.1  -7.6
1945 626.206   1430002 6   68  395   36  208 0.309 190.3  23.3 -15.2   3.3
1945 626.206  12270300 0    0   17    0   27 0.943 299.9  89.1  29.0  69.2
1945 627.311   1430002 6   55  268   31  149 0.435 225.0  24.0 -15.4  18.6
1945 627.311   1430102 9    3   21    2   12 0.480 206.4  18.8 -22.9  13.4
1945 628.159   1430002 6   34  239   21  144 0.552 236.1  22.5 -15.5  28.4
1945 628.159   1430102 9   16   88   10   54 0.573 223.7  19.4 -22.0  25.3
1945 628.159  12280100 0    5   29    3   16 0.398 259.1  17.1  -1.8  23.0
1945 629.506   1430002 0   18  103   15   85 0.790 249.1  26.0 -14.5  49.7
1945 629.506   1430102 9   32  133   26  107 0.779 238.1  21.9 -22.3  45.6
1945 630.320   1430002 0   15   82   17   90 0.886 251.4  25.9 -15.0  60.4
1945 630.320   1430102 9    8   45    9   46 0.867 241.8  21.3 -22.5  55.8
1945 630.320   1430202 0    0    4    0    3 0.559 164.2 315.4 -29.6 -10.1
1945 7 1.362   1430002 0    4   27   10   56 0.968 253.8  25.9 -14.8  74.1
1945 7 1.362   1430102 9    0    6    0   12 0.959 245.7  22.6 -22.3  70.8
1945 7 1.362   1430202 0    0    5    0    3 0.536 189.2 317.4 -28.9   5.6
1945 7 4.562   1430202 0   18   47   16   41 0.816 231.0 315.6 -28.6  46.2
1945 7 4.562   1430301 2    1   10    1   10 0.848 251.4 325.2 -13.8  55.8
1945 7 5.456   1430202 0   19   77   23   91 0.905 235.8 316.2 -28.8  58.6
1945 7 5.456   1430301 0    4   17    8   29 0.952 251.5 327.9 -16.4  70.3
1945 7 6.296   1430202 0   30  121   52  210 0.956 237.6 314.4 -29.5  68.0
1945 7 6.296   1430301 0    0    4    0   18 0.990 252.8 327.0 -16.5  80.6
1945 7 6.296   1430402 2    8   34    7   28 0.785 260.9 297.5  -4.9  51.1
1945 7 6.296   1430501 0    4   17   13   47 0.981  94.4 167.8  -3.6 -78.6
1945 7 7.328   1430202 0    0   24    0  112 0.994 238.3 313.2 -30.9  80.4
1945 7 7.328   1430402 2    8   31   11   39 0.911 262.9 298.0  -4.9  65.2
1945 7 7.328   1430501 0    5   17    6   21 0.905  94.6 168.2  -2.6 -64.6
1945 7 8.429   1430501 0    0    7    0    6 0.799  95.1 165.4  -1.8 -52.8
1945 7 8.429   1430602 2    2   11    5   28 0.976  71.0 140.2  19.4 -78.0
1945 7 9.340   1430602 2   25  119   29  137 0.898  71.6 142.4  18.2 -63.8
1945 7 9.340   1430702 2   22  192   57  483 0.979 110.6 130.0 -19.3 -76.2
1945 7 9.340   1430802 4    4   24   12   62 0.979  68.2 127.4  22.1 -78.8
1945 7 9.340   1430902 7    0    8    0   43 0.994 106.4 123.6 -15.8 -82.6
1945 7 9.340  12280200 0    0    8    0   11 0.919 286.1 273.1  16.3  67.0
1945 710.649   1430602 2   31  192   23  140 0.724  67.6 143.8  18.9 -45.0
1945 710.649   1430702 2   91  473   93  484 0.870 114.5 132.0 -19.0 -56.8
1945 710.649   1430802 4    9   75   10   78 0.873  65.8 128.9  23.0 -59.9
1945 710.649   1430902 7    0   15    0   18 0.908 108.3 125.8 -14.8 -63.0
1945 710.649   1431001 0    2   19    4   29 0.940 116.6 122.6 -23.3 -66.2
1945 711.592   1430602 2   51  278   32  174 0.599  64.6 141.7  18.3 -34.7
1945 711.592   1430702 2  137  731  111  589 0.783 118.9 129.8 -19.4 -46.6
1945 711.592   1430802 4   23  140   20  117 0.797  64.1 125.2  23.0 -51.2
1945 711.592   1430902 7   23  143   20  124 0.814 112.0 124.9 -15.2 -51.5
1945 711.592   1431001 0   11   54   12   57 0.876 119.9 120.4 -23.6 -56.0
1945 712.382   1430602 2   58  278   33  158 0.470  57.0 141.3  18.7 -24.6
1945 712.382   1430702 2  172  966  118  660 0.679 124.9 129.7 -19.5 -36.2
1945 712.382   1430802 4   36  208   25  141 0.671  60.7 126.6  22.5 -39.3
1945 712.382   1430902 7   49  212   35  152 0.712 116.1 124.4 -15.1 -41.5
1945 712.382   1431001 0   13   98   11   81 0.793 124.1 120.2 -23.5 -45.7
1945 712.382   1431102 2    0   18    0   13 0.697 239.1 204.8 -17.7  38.9
1945 713.328   1430602 2   64  294   34  156 0.330  39.4 140.6  19.0 -12.8
1945 713.328   1430702 3  179 1043  108  628 0.555 135.5 129.0 -19.4 -24.4
1945 713.328   1430802 4   72  362   43  216 0.541  53.2 125.4  22.7 -28.0
1945 713.328   1430902 7   50  318   31  195 0.576 124.1 123.8 -15.1 -29.6
1945 713.328   1431001 0   14   79   10   54 0.680 132.0 120.0 -23.5 -33.4
1945 713.328   1431102 2   36  165   33  148 0.829 243.8 205.2 -18.8  51.8
1945 714.426   1430602 2   34  158   18   82 0.250 353.6 140.6  18.8   1.7
1945 714.426   1430702 3  208 1171  116  651 0.435 156.0 128.1 -19.1 -10.8
1945 714.426   1430802 4   71  439   39  239 0.387  35.8 124.7  22.6 -14.2
1945 714.426   1430902 7   27  200   15  110 0.416 142.8 123.8 -15.1 -15.1
1945 714.426   1431001 0    8   83    5   50 0.553 147.1 119.8 -23.5 -19.1
1945 714.426   1431102 2   43  261   58  346 0.924 248.2 203.5 -18.2  64.6
1945 714.426   1431202 4    0   11    0   13 0.887 120.6  81.9 -24.5 -57.0
1945 715.350   1430602 2   20   92   11   49 0.336 318.2 140.3  18.9  13.7
1945 715.350   1430702 3  186 1071  102  586 0.406 182.8 127.8 -19.4   1.2
1945 715.350   1430802 4   74  436   39  230 0.311   1.8 126.0  22.6  -0.6
1945 715.350   1430902 7   28  124   15   66 0.339 168.5 122.6 -14.9  -4.0
1945 715.350   1431001 0   21   73   12   42 0.484 166.7 119.6 -23.6  -7.0
1945 715.350   1431102 2   37  138  103  378 0.982 250.2 203.6 -18.5  77.0
1945 715.350   1431302 2   37  126   26   87 0.688 142.8  98.1 -29.3 -28.5
1945 715.350   1431402 9    0    6    0   15 0.973  66.6  49.2  23.8 -77.4
1945 716.628   1430602 2    6   29    4   18 0.562 294.5 142.1  17.4  32.4
1945 716.628   1430702 3  170 1043   98  599 0.491 216.1 127.5 -19.0  17.8
1945 716.628   1430802 4   36  246   20  135 0.406 319.1 126.4  22.3  16.7
1945 716.628   1430902 7    1    9    1    5 0.402 208.4 121.2 -16.2  11.5
1945 716.628   1431001 0   20   69   12   40 0.496 198.0 119.3 -23.6   9.6
1945 716.628   1431202 4   20   77   14   53 0.681 138.9  79.6 -26.9 -30.1
1945 716.628   1431302 2  101  431   63  268 0.593 162.4  97.8 -29.9 -11.9
1945 716.628   1431402 9    0    8    0    9 0.875  66.1  49.3  23.1 -60.4
1945 716.628  12280300 0    1    8    1    5 0.561 235.1 138.1 -14.7  28.4
1945 717.366   1430702 3  121  744   75  460 0.585 227.6 127.1 -19.1  27.2
1945 717.366   1430802 4   22   88   13   52 0.528 305.0 127.7  21.8  27.8
1945 717.366   1430902 7    3   17    2   10 0.499 225.6 121.7 -16.1  21.8
1945 717.366   1431001 0   18   59   11   36 0.557 212.4 118.9 -23.6  19.0
1945 717.366   1431202 4   43  184   27  115 0.599 149.5  80.0 -26.7 -19.9
1945 717.366   1431302 2   68  270   42  165 0.572 176.7  97.7 -30.1  -2.2
1945 717.366   1431402 9    0    7    0    6 0.780  63.2  50.4  23.7 -49.5
1945 718.391   1430702 3  102  560   75  411 0.730 238.5 127.5 -18.8  41.1
1945 718.391   1430802 4    5   30    4   22 0.721 295.3 130.8  21.4  44.4
1945 718.391   1431001 0    7   27    5   19 0.677 226.4 118.8 -23.8  32.4
1945 718.391   1431202 4   30  192   18  113 0.527 170.3  80.7 -26.5  -5.7
1945 718.391   1431302 2   49  213   31  134 0.600 196.1  97.5 -30.5  11.1
1945 718.391   1431402 9   13   66    9   44 0.649  57.1  49.6  24.5 -36.8
1945 718.391   1431502 9    5   24    5   24 0.853 122.2  34.1 -24.2 -52.3
1945 719.368   1430702 3   75  380   72  365 0.851 244.5 127.7 -18.7  54.2
1945 719.368   1430802 4    5   17    5   17 0.849 292.5 131.0  21.6  57.5
1945 719.368   1431001 0    4   20    4   17 0.792 234.5 118.4 -24.0  44.9
1945 719.368   1431202 4   47  194   28  115 0.533 190.9  80.0 -26.7   6.5
1945 719.368   1431302 2   16   73   11   50 0.677 211.1  97.6 -31.0  24.1
1945 719.368   1431402 9   53  263   31  152 0.497  47.5  49.8  24.1 -23.7
1945 719.368   1431502 9    8   24    6   18 0.721 129.8  36.3 -23.6 -37.2
1945 719.368  12280400 0    0    8    0   12 0.933 285.4 142.8  16.1  69.4
1945 719.368  12280500 0    0    4    0    5 0.885 144.9  29.3 -43.0 -44.1
1945 720.363   1430702 3   40  194   65  308 0.948 248.1 128.7 -18.9  68.4
1945 720.363   1430802 4    0    6    0   10 0.943 291.1 131.3  21.5  71.0
1945 720.363   1431202 4   32  152   20   95 0.598 210.3  80.0 -26.4  19.7
1945 720.363   1431402 5   95  528   51  283 0.353  25.4  50.8  23.5  -9.5
1945 720.363   1431502 9    1   16    1   10 0.584 143.4  38.0 -23.4 -22.3
1945 720.363  12280600 0    0    4    0    6 0.912 243.5 121.7 -21.7  61.4
1945 721.641   1430702 3    2   21   10   72 0.988 251.1 122.5 -17.8  79.1
1945 721.641   1431202 4    7   40    6   31 0.750 229.8  82.6 -25.1  39.2
1945 721.641   1431402 5   74  364   40  195 0.351 338.2  51.6  24.0   8.2
1945 721.641   1431605 0    0    7    0   31 0.991  64.6 319.3  25.8 -84.1
1945 722.371   1431202 4    5   17    5   17 0.857 237.0  86.0 -24.7  52.3
1945 722.371   1431402 5   78  507   44  283 0.440 318.8  52.2  24.2  18.5
1945 722.371   1431605 0    0    8    0   14 0.950  62.1 321.6  28.1 -72.1
1945 723.383   1431202 4    0   12    0   16 0.914 239.1  80.6 -25.5  60.3
1945 723.383   1431402 5   97  483   60  298 0.581 306.0  51.4  24.5  31.1
1945 723.383   1431702 7    9   36    8   31 0.803  64.9 328.0  23.2 -52.3
1945 724.351   1431202 4    0    4    0   12 0.980 241.5  81.7 -26.5  74.2
1945 724.351   1431402 5   54  457   39  329 0.715 299.4  50.7  24.5  43.2
1945 724.351   1431702 7    8   47    6   32 0.658  60.3 329.0  23.2 -38.5
1945 725.443   1431402 5   35  186   34  179 0.851 295.9  50.6  24.8  57.5
1945 725.443   1431702 7    8   32    5   19 0.511  51.3 327.3  23.5 -25.8
1945 725.443   1431805 0    1    8    2   10 0.902 126.7 296.7 -29.7 -56.4
1945 726.614   1431402 5    8   73   19  157 0.971 294.1  55.0  24.7  77.4
1945 726.614   1431702 7    5   18    3   10 0.332  20.2 330.4  23.6  -7.2
1945 726.614   1431901 0   13   62   28  127 0.968  73.9 261.2  16.9 -76.4
1945 727.399   1431805 0    0    6    0    5 0.729 141.5 295.6 -30.1 -31.6
1945 727.399   1431901 0   25  123   31  153 0.913  74.2 260.7  16.7 -66.5
1945 727.399  12290100 0    5   18    3   10 0.384  27.2 316.0  25.4 -11.2
1945 728.334   1431901 0   24  145   21  125 0.809  73.5 260.7  16.6 -54.1
1945 728.334   1432002 9   23   76   12   39 0.206   1.9 314.4  17.5  -0.4
1945 728.334  12290200 0    0    6    0    4 0.614 146.7 292.8 -25.7 -22.0
1945 729.409   1431901 0   45  206   30  136 0.648  71.0 260.9  16.6 -39.7
1945 729.409   1432002 9    7   38    4   20 0.302 313.8 313.8  17.6  13.2
1945 729.409   1432102 9    0    7    0    8 0.893  66.0 237.4  24.0 -63.2
1945 730.601   1431901 0   41  247   23  138 0.441  62.8 260.7  16.9 -24.2
1945 730.601   1432102 9    0    7    0    6 0.787  63.2 234.3  24.5 -50.6
1945 731.628   1431901 0   32  196   17  102 0.265  42.6 260.5  17.0 -10.8
1945 731.628   1432102 9    4   23    3   15 0.634  57.5 235.3  24.7 -36.0
1945 8 1.138   1431901 0   46  242   24  124 0.209  23.0 259.6  17.0  -4.9
1945 8 2.350   1431901 0   32  155   17   81 0.276 315.4 260.2  17.2  11.7
1945 8 2.350   1432102 9   11   42    6   23 0.361  29.0 237.4  24.3 -11.1
1945 8 2.350   1432205 0    7   26    5   18 0.661 317.4 281.2  34.2  32.7
1945 8 3.354   1431901 0   23  151   13   85 0.449 297.3 259.9  17.4  24.7
1945 8 3.354   1432102 9   13   39    7   21 0.312 353.8 237.3  24.1   2.1
1945 8 4.345   1431901 0   24  156   16  100 0.623 290.5 259.8  17.5  37.7
1945 8 4.345   1432102 9    1   27    1   15 0.383 324.1 236.3  24.0  14.2
1945 8 4.345   1432205 0    0    5    0    5 0.854 309.4 277.2  36.5  55.1
1945 8 4.345   1432302 2    8   45   14   73 0.949 109.4 153.3 -16.2 -68.8
1945 8 5.294   1431901 0   17  120   14   94 0.764 287.9 259.3  17.6  49.7
1945 8 5.294   1432302 2   15   40   16   41 0.870 113.3 153.0 -16.8 -56.6
1945 8 6.422   1431901 0   11   61   13   71 0.898 287.1 259.2  18.1  64.5
1945 8 6.422   1432302 0   10   47    8   36 0.756 119.7 151.2 -17.5 -43.5
1945 8 6.422   1432402 7    4   20   27  112 0.995  67.6 108.1  22.8 -86.6
1945 8 7.258   1431901 0    3   31    7   57 0.959 287.7 258.5  18.7  74.8
1945 8 7.258   1432302 0    7   51    5   34 0.655 127.7 150.6 -18.4 -33.1
1945 8 7.258   1432402 7   20  109   42  226 0.969  69.1 106.7  21.8 -77.0
1945 8 8.351   1432302 0    5   24    3   14 0.503 143.8 150.9 -17.9 -18.2
1945 8 8.351   1432402 7   56  283   62  314 0.890  67.8 105.9  22.6 -63.2
1945 8 8.351  12290300 0    5   17    4   13 0.724  85.4 122.4   7.7 -46.7
1945 8 8.351  12290400 0    0    7    0    9 0.916 128.3 111.8 -31.3 -57.3
1945 8 8.351  12290500 0    2    8    3   12 0.929  64.6 100.2  25.9 -68.9
1945 8 9.188   1432402 7   78  424   67  362 0.798  67.3 105.6  21.9 -52.5
1945 810.411   1432402 8  113  553   74  360 0.636  61.1 104.6  23.1 -37.3
1945 810.411   1432505 0    1    7    1    4 0.458 155.1 130.2 -18.2 -11.7
1945 810.411   1432602 2    6   17    9   23 0.922 120.9  80.9 -25.3 -61.0
1945 811.384   1432402 8  136  670   78  384 0.485  53.1 104.2  22.9 -24.9
1945 811.384   1432505 0    5   17    3   10 0.490 180.0 129.1 -22.8   0.0
1945 811.384   1432602 0    4    8    4    8 0.827 126.7  81.9 -25.3 -47.2
1945 812.451   1432402 8  139  774   74  411 0.332  30.6 104.3  23.1 -10.6
1945 812.451   1432505 0    1    8    1    5 0.529 207.4 130.1 -21.7  15.2
1945 812.451   9432602 0    0    4    0    5 0.867 295.7 174.8  25.5  59.9
1945 812.451  12290600 0    5   10    3    6 0.421 157.6 105.3 -16.4  -9.6
1945 812.451  12290700 0    0    9    0   17 0.962  70.5  39.3  20.5 -75.6
1945 813.657   1432402 8  277  857  146  451 0.308 355.0 100.7  24.5   1.7
1945 813.657   9432602 0    0   11    0   24 0.969 295.9 176.3  26.7  77.3
1945 813.657  12290800 0    7   34    5   23 0.655 143.9  73.6 -26.0 -25.4
1945 814.266   1432402 8  268 1742  143  929 0.343 337.6  99.2  25.1   8.3
1945 814.266  12290900 0   16   69   11   48 0.683 124.1  54.6 -17.2 -36.3
1945 815.127   1432402 8  285 1884  159 1051 0.432 319.6  97.6  25.6  18.1
1945 815.127   1432505 0    4   14    4   13 0.822 238.8 128.3 -20.9  48.8
1945 815.127   1432705 0    8   37   12   55 0.943  72.4   7.8  18.8 -71.7
1945 815.127  12291000 0    8   25    8   24 0.855  63.7  21.1  25.9 -58.4
1945 816.370   1432402 8  149 1081   96  696 0.627 303.8  98.5  26.0  35.4
1945 816.370   1432705 0    9   36    8   31 0.808  71.0   9.0  19.3 -54.1
1945 817.575   1432402 8  111  627   91  514 0.790 297.5  98.3  25.8  51.1
1945 817.575   1432705 0    9   23    6   15 0.638  68.1   8.4  19.1 -38.8
1945 818.430   1432402 8   78  373   81  387 0.874 296.5  96.8  26.4  60.9
1945 818.430   1432705 0    5   13    3    8 0.492  62.4   8.4  19.3 -27.5
1945 818.430   1432805 2    8   35    8   34 0.847 237.9  86.9 -22.6  51.0
1945 819.278   1432402 8   50  238   76  361 0.942 295.2  96.3  26.0  71.6
1945 819.278   1432705 0    5   29    3   16 0.363  52.6   6.9  19.3 -17.8
1945 819.278   1432805 2    7   34   10   44 0.920 241.0  85.9 -23.3  61.2
1945 819.278   1432905 0    0    7    0   12 0.944  62.1 312.9  28.6 -71.8
1945 820.140   1432402 8   16   77   52  242 0.986 295.1  96.0  25.8  82.7
1945 821.453  12300100 0    0    8    0   21 0.977 241.4  68.4 -26.0  72.5
1945 823.347   1432905 0    1    8    1    5 0.434  36.6 314.0  27.1 -16.9
1945 823.347   1433001 0    1    8    1    5 0.485 156.4 319.0 -19.5 -11.9
1945 824.354   1433001 0    5   16    3    9 0.444 185.3 320.1 -19.2   2.5
1945 824.354  12300200 0    5   13    6   16 0.904 243.5  17.2 -20.3  59.6
1945 825.398   1433001 0    5   17    3   10 0.516 212.2 320.7 -19.1  16.9
1945 827.343   1433102 9    0    4    0   15 0.986 107.4 200.3 -15.8 -77.8
1945 828.339   1433102 9   10   31   12   37 0.903 110.2 203.7 -14.8 -61.3
1945 829.657   1433102 9   20   56   15   42 0.739 117.1 204.8 -14.5 -42.8
1945 829.657   9433105 0    0    9    3   10 0.867 300.5 307.2  29.9  59.6
1945 830.338   1433102 9    4   26    3   17 0.624 125.6 206.9 -15.2 -31.7
1945 830.338   9433105 0    0    9    0   12 0.924 298.9 306.8  29.4  68.2
1945 831.487   1433102 9    7   37    4   21 0.470 141.8 205.9 -14.8 -17.5
1945 831.487   1433202 2    0   11    0   22 0.965 113.7 152.7 -20.6 -70.7
1945 9 1.459   1433102 9   11   77    6   42 0.375 165.6 205.1 -14.1  -5.5
1945 9 1.459   1433202 2   16   74   18   79 0.881 118.3 154.5 -20.8 -56.1
1945 9 1.459   1433302 9    8   47    9   48 0.865 242.6 265.1 -19.4  54.5
1945 9 1.459   1433401 0   19   94   50  244 0.980 107.5 134.6 -15.5 -76.0
1945 9 2.413   1433102 9    0   20    0   11 0.384 188.1 201.1 -15.1   3.2
1945 9 2.413   1433202 2   19   73   15   58 0.769 124.2 155.2 -20.4 -42.7
1945 9 2.413   1433302 9   16   62   26   96 0.945 246.6 264.7 -19.3  66.8
1945 9 2.413   1433401 0   40  164   53  214 0.922 110.4 134.1 -15.7 -63.8
1945 9 3.348   1433202 2   13   55    9   37 0.655 133.1 154.9 -20.4 -30.7
1945 9 3.348   1433302 9    3   33   18  154 0.993 249.5 266.0 -19.3  80.4
1945 9 3.348   1433401 0   48  228   43  204 0.826 114.2 134.2 -15.4 -51.4
1945 9 4.188   1433202 0    3   23    2   14 0.544 147.4 156.3 -20.4 -18.2
1945 9 4.188   1433401 0   53  300   39  220 0.727 119.2 133.3 -15.4 -41.2
1945 9 4.188   1433505 0    0    5    0    8 0.928 105.7 108.7 -11.7 -65.8
1945 9 5.344   1433401 0   56  413   34  248 0.551 131.5 133.9 -14.9 -25.3
1945 9 5.344   1433505 0    0    9    0    8 0.807 110.1 108.5 -11.6 -50.7
1945 9 5.344   1433602 4    4   17    9   39 0.973  65.3  80.6  25.6 -78.6
1945 9 6.592   1433401 2   45  298   25  163 0.403 159.3 134.3 -15.0  -8.5
1945 9 6.592   1433602 4   46  202   55  240 0.905  65.6  77.3  25.1 -65.5
1945 9 6.592   1433702 0    9   32    5   18 0.423 181.1 143.3 -17.8   0.5
1945 9 7.350   1433401 2   57  293   31  159 0.381 184.1 134.3 -15.1   1.6
1945 9 7.350   1433602 4   38  220   34  197 0.826  64.5  77.3  25.1 -55.4
1945 9 7.350   1433702 0    5   17    3   10 0.449 204.5 143.9 -17.0  11.2
1945 9 7.350   1433802 9    2   10    4   19 0.959 120.7  65.3 -26.7 -67.4
1945 9 8.336   1433401 2   53  247   30  139 0.453 212.7 134.4 -15.4  14.7
1945 9 8.336   1433602 4   32  182   23  128 0.699  61.4  77.1  25.0 -42.6
1945 9 8.336   1433702 0    0    8    0    5 0.564 223.9 143.9 -17.4  24.2
1945 9 8.336   1433802 9    7   39    8   43 0.888 125.4  65.5 -26.9 -54.2
1945 9 9.315   1433401 2   30  154   19   95 0.583 230.2 134.5 -15.5  27.7
1945 9 9.315   1433602 4   26  124   16   75 0.551  54.9  77.0  24.8 -29.8
1945 910.321   1433401 2    8   52    6   38 0.720 240.8 134.1 -15.1  40.6
1945 910.321   1433602 4   12   65    7   36 0.417  41.9  75.6  25.0 -17.9
1945 910.321   1433802 9    6   34    5   25 0.720 139.9  62.0 -27.3 -31.5
1945 910.321   1433901 2    4   25    4   24 0.845 236.9 143.8 -23.0  50.3
1945 911.361   1433401 2    0   11    0   11 0.854 247.5 134.6 -15.0  54.8
1945 911.361   1433602 4    9   47    5   25 0.315  14.2  74.9  25.0  -4.9
1945 911.361   1433802 9    1   12    1    8 0.594 156.8  64.7 -26.1 -15.1
1945 911.361   1433901 0    0    8    0   14 0.947 242.5 145.9 -23.2  66.1
1945 912.316   1433802 9   12   77    8   48 0.588 168.2  59.4 -28.0  -7.8
1945 913.570   1433802 9    4   22    3   14 0.585 191.7  58.3 -27.8   7.7
1945 914.318   1433802 9    0    9    0    6 0.631 203.8  57.5 -28.4  16.8
1945 916.473   1434002 0    0    6    0   11 0.953 116.2 304.8 -22.3 -67.5
1945 917.398   1434002 0    1   22    2   23 0.873 121.1 305.9 -22.8 -54.2
1945 918.415   1434002 0    3   19    3   15 0.760 129.0 306.7 -23.2 -40.0
1945 919.379   1434002 2   21  102   14   68 0.654 137.6 305.3 -22.7 -28.6
1945 920.526   1434002 2   21  126   13   75 0.532 158.5 306.6 -22.8 -12.2
1945 921.365   1434002 2   15   70    9   41 0.497 179.3 307.3 -22.8  -0.4
1945 922.435   1434002 0    8   36    5   22 0.552 205.7 308.7 -23.1  15.1
1945 922.435   1434105 0    0   14    0    8 0.480 309.7 317.5  24.3  23.9
1945 922.435   1434202 4   22  149   12   80 0.352 353.9 296.0  27.5   2.4
1945 922.435   1434302 3    8   34    5   20 0.504 151.4 278.8 -19.5 -14.8
1945 922.435  12310100 0    0    8    0    5 0.463 283.9 321.0  12.6  27.4
1945 923.317   1434002 0    0   12    0    8 0.639 219.6 308.2 -23.3  26.3
1945 923.317   1434105 0    1   10    1    7 0.636 300.2 319.0  24.3  37.1
1945 923.317   1434202 4   29  154   16   84 0.396 333.0 293.6  27.5  11.7
1945 923.317   1434302 3  136  638   75  352 0.417 175.2 279.8 -17.6  -2.1
1945 923.317   1434402 0    4   21   10   53 0.978  62.8 201.9  28.0 -80.0
1945 924.635   1434002 0    3   11    3    9 0.786 232.7 307.6 -23.5  43.0
1945 924.635   1434105 0    0    3    0    3 0.808 296.1 317.8  25.1  53.2
1945 924.635   1434202 4   47  192   29  118 0.575 309.5 294.6  27.5  30.0
1945 924.635   1434302 3  276 1652  158  945 0.483 208.4 278.6 -18.4  14.0
1945 924.635   1434402 0    3   28    4   32 0.892  61.9 201.4  28.1 -63.2
1945 925.339   1434202 4   69  416   48  287 0.685 300.6 296.2  25.7  40.9
1945 925.339   1434302 3  313 1888  189 1140 0.557 221.8 278.3 -18.2  23.0
1945 925.339   1434402 0    9   39    8   35 0.824  60.2 201.0  28.3 -54.3
1945 926.461   1434202 5   44  253   42  237 0.843 297.0 297.4  26.4  57.0
1945 926.461   1434302 3  276 1519  196 1077 0.706 234.8 277.9 -18.6  37.5
1945 926.461   1434402 0    0    8    0    6 0.688  56.1 200.2  27.9 -40.2
1945 927.345   1434202 5   50  289   69  400 0.931 295.7 298.2  26.4  69.4
1945 927.345   1434302 3  170  963  149  840 0.817 241.1 277.9 -18.9  49.1
1945 927.345   1434501 0    3   32   41  365 0.999 113.1 144.6 -22.6 -84.2
1945 928.556   1434202 5    0    3    0   10 0.981 295.7 293.5  26.4  80.7
1945 928.556   1434302 3   89  569  124  786 0.930 246.7 277.3 -18.8  64.5
1945 928.556   1434501 0   39  208   69  363 0.956 115.5 144.2 -22.0 -68.6
1945 928.556   1434602 4   21   72   12   40 0.418  53.3 191.8  20.8 -21.0
1945 928.556   1434702 6    3   12    6   20 0.947  68.0 140.4  23.0 -72.4
1945 929.374   1434302 3   43  234  102  551 0.976 249.1 276.2 -18.7  74.2
1945 929.374   1434501 0   70  349   78  387 0.890 118.6 144.8 -21.7 -57.2
1945 929.374   1434602 4   32  173   17   91 0.293  34.9 191.7  20.5 -10.3
1945 929.374   1434702 6   20  116   20  114 0.858  66.6 142.9  23.5 -59.1
1945 930.412   1434302 3    1   14   15  118 0.998 250.6 271.8 -18.7  83.5
1945 930.412   1434501 0   95  488   78  399 0.788 124.9 144.1 -22.1 -44.2
1945 930.412   1434602 4   31  192   16   99 0.241 351.8 190.4  20.5   2.1
1945 930.412   1434702 6  127  746   92  539 0.719  63.8 143.7  23.3 -44.6
1945 930.412   1434802 9    9   40    6   25 0.585 229.6 216.0 -16.4  27.7
1945 930.412   1434902 6   26  144   29  158 0.887 118.8 131.5 -21.8 -56.8
1945 930.412   1435002 2   24  110   42  190 0.956 110.4 118.5 -17.3 -69.8
194510 1.447   1434501 0  105  538   71  363 0.667 134.3 143.7 -22.1 -31.0
194510 1.447   1434602 4   30  167   16   89 0.339 316.3 189.2  20.6  14.5
194510 1.447   1434702 6  208 1059  126  641 0.561  57.0 143.8  23.5 -30.9
194510 1.447   1434802 9    3   13    3   10 0.748 241.0 217.7 -16.5  43.0
194510 1.447   1434902 6   89  511   71  408 0.777 125.1 131.5 -21.8 -43.2
194510 1.447   1435002 2   29  171   30  175 0.870 114.2 118.5 -17.3 -56.2
194510 2.351   1434501 0  135  621   82  377 0.563 147.4 143.6 -22.1 -19.1
194510 2.351   1434602 4    6   50    4   29 0.498 300.9 189.9  20.7  27.2
194510 2.351   1434702 6  213 1310  118  723 0.421  47.0 143.2  22.9 -19.5
194510 2.351   1434802 9    0   16    0   16 0.855 243.8 216.6 -18.4  53.9
194510 2.351   1434902 6  113  775   77  528 0.676 133.3 130.6 -22.1 -32.1
194510 2.351   1435002 2   34  265   27  206 0.763 119.5 118.6 -17.4 -44.1
194510 3.313   1434501 0  121  752   70  433 0.491 166.9 143.1 -22.1  -6.9
194510 3.313   1434702 6  184 1475   97  776 0.311  24.0 142.1  23.0  -7.9
194510 3.313   1434902 6  153 1149   93  696 0.561 145.8 130.2 -21.5 -19.8
194510 3.313   1435002 2   24  198   16  129 0.634 128.3 118.5 -17.6 -31.5
194510 4.221   1434501 0  152  651   87  373 0.483 188.5 142.5 -22.1   4.4
194510 4.221   1434702 6  264 1588  138  830 0.289 352.0 140.6  23.1   2.5
194510 4.221   1434902 6  143  881   82  504 0.483 165.8 130.8 -21.5  -7.3
194510 4.221   1435002 2   25  123   15   72 0.516 142.0 118.6 -17.9 -19.5
194510 5.353   1434501 0  135  577   82  350 0.561 214.0 142.8 -21.7  19.7
194510 5.353   1434702 6  218 1580  119  862 0.400 318.2 140.0  23.5  16.9
194510 5.353   1434902 6  110  594   63  340 0.482 198.3 132.4 -20.9   9.3
194510 5.353   1435002 2   18   69   10   38 0.411 170.0 118.8 -17.5  -4.3
194510 6.428   1434501 0  111  574   77  395 0.685 228.9 142.6 -21.5  33.7
194510 6.428   1434702 6  180 1361  109  821 0.558 303.4 139.4  23.4  30.5
194510 6.428   1434902 6  101  556   63  344 0.585 217.6 131.5 -21.8  22.6
194510 6.428   1435002 2    7   30    4   17 0.445 200.2 118.2 -18.4   9.3
194510 6.428   1435101 2    9   36    5   19 0.291 186.1 110.7 -10.5   1.8
194510 6.428   1435202 4    1   10    1    7 0.673  64.5  68.1  21.7 -40.8
194510 7.328   1434501 0   97  455   81  378 0.795 236.8 142.7 -21.5  45.6
194510 7.328   1434702 6  166 1285  115  887 0.687 297.6 138.6  23.3  41.5
194510 7.328   1434902 6   52  303   37  214 0.703 231.0 133.0 -21.2  35.9
194510 7.328   1435002 2    8   33    5   20 0.537 220.9 118.8 -18.1  21.7
194510 7.328   1435101 0    3   25    2   14 0.380 223.2 112.4 -10.0  15.3
194510 7.328   1435202 4   27  163   17  100 0.573  61.5  64.4  21.2 -32.7
194510 7.328   1435302 4   13   48   31  112 0.975 124.1  26.4 -31.2 -70.7
194510 8.383   1434501 0   57  293   67  345 0.903 242.6 142.6 -21.5  59.5
194510 8.383   1434702 6  117  759  105  677 0.826 295.0 138.2  24.1  55.1
194510 8.383   1434902 6   37  200   35  185 0.839 239.8 134.1 -21.1  51.0
194510 8.383   1435002 2    4   22    3   16 0.704 234.2 120.4 -19.4  37.3
194510 8.383   1435202 4   95  398   52  217 0.397  46.5  65.0  21.8 -18.1
194510 8.383   1435302 4   26  121   32  147 0.908 128.2  26.9 -30.8 -56.2
194510 9.459   1434501 0   41  130   93  294 0.974 245.9 142.2 -21.8  73.2
194510 9.459   1434702 6   78  391  113  564 0.937 293.4 139.3  24.0  70.3
194510 9.459   1434902 6   27  131   39  190 0.936 244.6 134.1 -21.2  65.1
194510 9.459   1435002 2    0   15    0   13 0.804 240.9 117.0 -19.0  48.0
194510 9.459   1435202 4   59  344   31  180 0.287  15.6  64.2  22.2  -4.8
194510 9.459   1435302 4   33  166   29  144 0.812 135.4  27.4 -30.8 -41.6
194510 9.459   1435402 0    0    7    0    6 0.788 124.0  24.3 -21.8 -44.7
19451010.388   1434702 6   17   87   41  205 0.976 293.3 135.7  24.0  79.0
19451010.388   1434902 6   13   74   37  208 0.983 246.3 132.7 -21.9  76.0
19451010.388   1435202 4   22  149   12   78 0.295 337.8  63.6  21.9   6.9
19451010.388   1435302 4   41  204   30  149 0.722 144.6  27.6 -30.8 -29.1
19451010.388   1435402 2    8   39    6   27 0.680 132.7  24.0 -22.4 -32.7
19451011.421   1435202 4   12   75    7   42 0.447 308.3  65.3  21.7  22.2
19451011.421   1435302 4   67  277   44  181 0.638 159.8  28.2 -31.0 -14.9
19451012.494   1435202 4    4   21    3   14 0.638 296.5  66.7  21.3  37.8
19451012.494   1435302 4   36  186   23  117 0.603 177.2  26.9 -31.1  -2.0
19451013.384   1435202 4    3   17    3   14 0.768 293.5  66.5  21.7  49.3
19451013.384   1435302 4   25  128   16   82 0.616 194.3  27.4 -30.9  10.2
19451013.384   1435502 2    9   40    6   26 0.629 233.5  49.1 -17.0  31.9
19451013.384   1435602 2   26   87   61  200 0.975  64.0 298.6  26.6 -78.6
19451014.591   1435302 4   12   70    9   50 0.704 215.0  29.0 -30.1  27.8
19451014.591   1435502 2   14   70   12   60 0.806 244.8  50.7 -16.4  49.5
19451014.591   1435602 2   39  206   47  244 0.905  62.7 296.6  27.1 -64.6
19451014.591   1435701 7    3   24   22  138 0.995 109.1 279.0 -18.3 -82.2
19451015.417   1435302 4   10   42    9   35 0.793 225.8  31.1 -29.3  40.7
19451015.417   1435502 2    6   29    7   33 0.896 248.3  50.7 -16.6  60.3
19451015.417   1435602 2   58  310   52  278 0.827  61.0 296.1  27.1 -54.3
19451015.417   1435701 7   21  178   43  355 0.967 111.7 278.3 -19.3 -72.1
19451016.428   1435302 4    1    8    2    9 0.880 234.6  30.9 -27.4  53.9
19451016.428   1435502 2    0   13    0   28 0.967 249.9  49.6 -17.8  72.6
19451016.428   1435602 2   79  379   56  266 0.699  56.5 296.1  27.0 -40.9
19451016.428   1435701 7   43  233   49  264 0.895 114.9 277.7 -19.3 -59.3
19451016.428   1435802 5   14   97   42  274 0.983 116.6 261.4 -24.8 -75.6
19451017.400   1435602 2   74  359   45  216 0.552  47.9 296.9  26.7 -27.3
19451017.400   1435701 7   57  372   47  305 0.789 119.8 277.7 -19.3 -46.5
19451017.400   1435802 5   46  317   71  485 0.943 119.4 258.8 -25.4 -65.4
19451018.372   1435602 2   61  344   34  191 0.431  32.2 296.5  26.7 -14.9
19451018.372   1435701 7   69  418   46  279 0.658 127.4 277.8 -19.0 -33.6
19451018.372   1435802 5   85  569   85  569 0.864 123.6 258.6 -25.3 -52.8
19451018.372   1435901 0    2   11    4   21 0.964  56.4 236.2  33.8 -75.2
19451019.380   1435602 2   53  263   29  142 0.369   7.3 295.1  26.9  -3.0
19451019.380   1435701 7   63  411   37  241 0.519 140.9 277.9 -18.7 -20.2
19451019.380   1435802 5  144  840  108  629 0.740 130.6 259.9 -24.6 -38.2
19451019.380   1435901 0    1   13    2   16 0.909  54.6 234.4  34.3 -63.7
19451019.380   1436002 9    3   21    3   18 0.795 223.5 337.8 -31.1  39.7
19451019.380   1436102 2    7   35    4   18 0.208  36.3 290.8  15.0  -7.3
19451019.380   1436202 9    3   12    3   10 0.759  56.8 251.9  28.4 -46.2
19451019.380   1436305 2    3   13    5   18 0.930  67.3 229.2  23.1 -68.9
19451020.386   1435602 2   32  198   18  109 0.411 333.9 296.5  26.9  11.7
19451020.386   1435701 7   48  320   27  177 0.424 162.1 276.9 -18.5  -7.9
19451020.386   1435802 5  156  944  103  621 0.646 140.1 257.6 -25.0 -27.2
19451020.386   1435901 0    2    9    2    8 0.808  50.5 235.6  34.5 -49.2
19451020.386   1436002 9    9   45   10   49 0.882 230.4 337.3 -31.1  52.5
19451020.386   1436102 0    1   13    1    7 0.205 337.4 289.5  16.2   4.7
19451020.386   1436202 9    6   26    4   17 0.608  48.4 253.7  28.4 -31.1
19451020.386   1436305 2    4   37    4   35 0.840  65.6 228.4  23.3 -56.4
19451021.336   1435602 2   20  171   12  101 0.525 316.1 296.4  27.0  24.1
19451021.336   1435701 7   45  290   25  159 0.407 190.1 276.6 -18.4   4.3
19451021.336   1435802 5  185 1207  111  722 0.546 158.0 259.2 -25.3 -13.1
19451021.336   1436002 9    5   29   11   56 0.963 235.6 340.5 -31.1  68.2
19451021.336   1436202 9    5   27    3   16 0.495  37.4 252.4  28.1 -19.9
19451022.383   1435602 2   22  151   15  103 0.676 305.5 296.7  27.2  38.2
19451022.383   1435701 7   29  193   17  111 0.485 216.1 276.0 -18.2  17.5
19451022.383   1435802 5  171 1140   99  660 0.500 176.7 256.7 -24.8  -1.8
19451022.383   1436202 4   10   50    6   28 0.414  17.9 250.2  28.3  -8.3
19451023.437   1435602 2    9   62    8   51 0.790 300.5 294.4  27.0  49.8
19451023.437   1435701 7    9   56    6   36 0.607 230.8 274.3 -18.2  29.7
19451023.437   1435802 5  131  836   78  496 0.534 197.6 254.9 -25.6  10.3
19451023.437   1435901 0    1    8    1    5 0.557  27.3 226.5  34.5 -18.1
19451023.437   1436202 4   40  216   22  118 0.400 344.6 251.5  27.7   6.9
19451024.473   1435602 2    4   14    5   18 0.912 296.8 296.3  26.4  65.4
19451024.473   1435701 0    3   18    3   14 0.751 240.6 274.4 -18.1  43.5
19451024.473   1435802 5  130  752   83  480 0.617 215.3 254.2 -25.7  23.3
19451024.473   1436202 4   58  291   34  169 0.508 322.4 251.5  28.4  20.6
19451024.473   1436401 2    4   13    4   12 0.837 143.2 191.2 -38.3 -39.7
19451024.473  12320200 0    0    7    0    9 0.919 118.4 168.9 -23.7 -62.0
19451025.368   1435701 0    0    9    0    9 0.859 245.7 274.5 -18.0  55.4
19451025.368   1435802 5  149  695  105  487 0.697 224.4 251.9 -25.8  32.8
19451025.368   1436202 4   56  306   36  196 0.623 310.9 251.4  28.2  32.3
19451025.368   1436401 2    2   13    2   10 0.746 153.3 194.2 -37.4 -24.9
19451025.368   1436502 7   12   73   26  149 0.968  69.2 142.9  21.3 -76.2
19451025.368   1436601 0    3   24   19  125 0.994 113.6 137.8 -22.8 -81.3
19451025.368  12320300 0    0    4    0    3 0.727 124.8 179.4 -20.8 -39.7
19451026.439   1435802 5  127  666  111  582 0.817 233.5 251.9 -25.9  46.9
19451026.439   1436202 4   71  350   55  269 0.757 304.5 250.4  28.8  45.4
19451026.439   1436401 2    5   20    4   15 0.714 163.2 189.7 -38.5 -15.3
19451026.439   1436502 7    3   39    4   50 0.916  68.4 138.5  21.7 -66.5
19451026.439   1436601 0   12   74   21  121 0.950 115.6 136.9 -22.5 -68.1
19451027.396   1435802 5   81  479   99  581 0.909 239.0 252.2 -25.6  59.8
19451027.396   1436202 4  111  478  112  480 0.865 301.1 250.4  29.1  58.0
19451027.396   1436401 2    4   17    3   12 0.682 183.7 195.6 -38.2   3.2
19451027.396   1436502 7   13   93   11   78 0.797  66.0 140.7  21.9 -51.7
19451027.396   1436601 0   30  135   32  140 0.873 119.2 136.7 -22.6 -55.7
19451027.396   1436702 4   11   56    6   29 0.257 341.7 197.3  18.8   4.9
19451027.396   1436801 5   10   77   28  205 0.981 106.8 115.4 -15.5 -77.0
19451028.521   1435802 5   25  146   52  297 0.967 241.4 248.7 -26.2  71.2
19451028.521   1436202 4   56  413   94  690 0.953 299.0 249.8  29.0  72.3
19451028.521   1436401 2   17   84   12   59 0.693 195.7 191.2 -37.4  13.7
19451028.521   1436502 7   22  116   15   78 0.661  61.0 138.8  22.3 -38.7
19451028.521   1436601 0   38  201   29  154 0.752 126.0 136.2 -22.8 -41.3
19451028.521   1436702 4   41  270   23  149 0.420 306.4 198.4  18.7  20.9
19451028.521   1436801 5   49  223   56  252 0.894 109.3 116.7 -15.0 -60.8
19451029.600   1436202 4    8   38   34  153 0.991 299.0 247.1  29.3  83.8
19451029.600   1436401 2   13   66   10   51 0.754 210.4 191.7 -36.6  28.4
19451029.600   1436502 7   29  146   17   85 0.503  52.3 137.9  22.0 -25.4
19451029.600   1436601 0   44  204   28  130 0.615 136.7 136.1 -22.6 -27.2
19451029.600   1436702 4   92  556   59  353 0.614 295.0 199.3  18.7  36.0
19451029.600   1436801 5   58  254   45  196 0.758 114.3 117.6 -15.1 -45.7
19451029.600  12320400 0    0    4    0    6 0.933 244.9 228.5 -21.5  65.2
19451030.380   1436401 4   27  125   24  108 0.812 216.4 190.3 -37.4  37.3
19451030.380   1436502 7   12   86    7   47 0.380  37.5 138.6  21.8 -14.4
19451030.380   1436601 0   42  231   25  137 0.516 152.5 138.0 -23.0 -15.0
19451030.380   1436702 4   93  685   68  500 0.726 291.9 198.4  18.8  45.4
19451030.380   1436801 5   56  320   37  209 0.640 120.0 118.0 -15.1 -35.0
19451031.403   1436401 4   16  103   18  111 0.881 222.7 188.5 -37.6  49.0
19451031.403   1436502 7    9   53    5   28 0.305   3.3 138.4  22.0  -1.1
19451031.403   1436601 0   54  258   31  146 0.462 173.0 136.0 -23.0  -3.5
19451031.403   1436702 4   76  493   75  482 0.858 289.7 198.2  19.1  58.7
19451031.403   1436801 5   54  274   31  155 0.464 133.7 119.2 -14.7 -20.3
19451031.403   1436901 0    6   33   27  134 0.992 112.2  59.2 -21.3 -80.3
194511 1.408   1436401 4   16   70   25  109 0.945 227.6 188.3 -37.7  62.0
194511 1.408   1436502 7    3   35    2   19 0.372 322.7 140.3  21.3  14.0
194511 1.408   1436601 0   36  204   21  117 0.480 198.2 135.7 -23.0   9.4
194511 1.408   1436702 4   46  258   71  399 0.945 288.7 197.5  19.0  71.2
194511 1.408   1436801 5   45  285   24  152 0.339 161.5 119.9 -14.6  -6.4
194511 1.408   1436901 0   12   62   20   97 0.944 114.2  58.8 -21.2 -67.5
194511 2.302   1436401 4   10   63   24  152 0.977 229.4 185.3 -38.2  70.8
194511 2.302   1436502 7    0    8    0    5 0.516 307.1 140.8  21.8  26.3
194511 2.302   1436601 0   46  207   28  125 0.554 216.0 135.2 -22.8  20.7
194511 2.302   1436702 4   12  109   35  298 0.982 289.2 194.5  19.6  80.0
194511 2.302   1436801 5   41  220   22  117 0.328 200.8 121.4 -13.8   6.9
194511 2.302   1436901 0   20  109   21  110 0.865 117.3  59.0 -21.1 -55.5
194511 2.302   1437005 0    1    7    2    9 0.897 232.8 170.6 -30.6  56.1
194511 3.412   1436601 0   37  197   26  137 0.688 230.4 134.9 -22.8  35.1
194511 3.412   1436801 5   47  205   27  116 0.465 230.3 121.4 -13.6  21.6
194511 3.412   1436901 0   24  134   18   99 0.730 123.9  59.3 -21.0 -40.5
194511 3.412   1437005 0    0    3    0    8 0.971 237.2 171.1 -30.5  71.3
194511 3.412   1437101 0    0    6    0   15 0.973 121.4  27.6 -29.3 -72.2
194511 4.318   1436502 7    0   12    0   10 0.778 295.5 137.2  22.1  49.3
194511 4.318   1436601 0   20  152   17  127 0.798 237.8 134.9 -22.6  47.0
194511 4.318   1436801 5   20  155   13   98 0.606 240.0 120.7 -14.4  32.8
194511 4.318   1436901 0   25  159   16  101 0.609 132.9  59.3 -21.1 -28.6
194511 4.318  12320500 0    2    8    3   11 0.918  80.1  20.9  10.6 -67.0
194511 5.389   1436502 7    0    4    0    5 0.899 293.5 137.2  22.7  63.4
194511 5.389   1436601 0   17   95   21  114 0.906 242.4 134.5 -23.0  60.7
194511 5.389   1436801 5   12   60   10   47 0.759 247.6 120.2 -14.2  46.4
194511 5.389   1436901 0   22  136   13   78 0.477 150.6  59.3 -20.9 -14.5
194511 5.389   1437101 0    0    6    0    6 0.826 130.0  27.1 -29.5 -46.7
194511 6.311   1436601 0    8   54   16  108 0.967 244.9 133.8 -23.1  72.2
194511 6.311   1436801 5    5   38    6   41 0.884 251.9 121.6 -14.1  60.0
194511 6.311   1436901 0   16  117    9   65 0.421 173.8  58.8 -21.1  -2.8
194511 6.311   1437101 7   21  114   16   87 0.749 131.5  22.6 -26.9 -39.0
194511 7.335   1436901 0   21   76   12   43 0.446 203.2  58.9 -20.7  10.8
194511 7.335   1437101 0    6   50    4   32 0.604 143.7  24.7 -25.9 -23.4
194511 8.296   1436901 0   18   88   11   53 0.553 221.8  58.8 -21.2  23.3
194511 8.296   1437101 0    3   30    2   18 0.524 160.8  24.4 -26.3 -11.1
194511 8.296  12320600 0    0   10    0    8 0.728 239.2  76.9 -19.3  41.5
194511 8.296  12320700 0    1   13    1    8 0.517 233.0  60.7 -15.0  25.3
194511 9.509   1436901 0   15   65   11   47 0.712 235.8  58.6 -21.0  39.1
194511 9.509   1437201 2    8   55   26  166 0.985 112.2 301.5 -21.2 -78.0
19451110.392   1436901 0    6   30    6   27 0.822 241.6  58.6 -21.0  50.8
19451110.392   1437201 2   25  147   39  221 0.941 114.0 300.4 -21.3 -67.4
19451110.392   1437305 0    0    3    0    7 0.961  62.1 294.3  27.7 -73.5
19451111.448   1436901 0    3   21    5   29 0.926 245.6  58.7 -21.2  64.8
19451111.448   1437201 2   40  274   40  268 0.857 117.1 299.0 -21.2 -54.9
19451111.448   1437305 0    0    4    0    5 0.913  59.8 289.8  28.7 -64.1
19451111.448   1437402 7   10   61    6   34 0.440 315.8  13.1  21.3  19.2
19451111.448   1437502 0    3   21   15   84 0.992 109.3 272.8 -18.7 -81.1
19451112.494   1437201 2   47  290   35  213 0.729 122.9 299.1 -21.1 -41.0
19451112.494   1437402 7   19  129   12   80 0.587 301.7  12.3  20.5  32.2
19451112.494   1437502 0   12   70   20  109 0.944 110.8 271.5 -18.5 -68.6
19451113.381   1437201 2   59  326   38  207 0.611 131.1 298.8 -21.2 -29.6
19451113.381   1437402 7   25  147   19  108 0.729 295.3  13.0  20.2  44.6
19451113.381   1437502 0   28  148   28  148 0.864 113.9 271.8 -18.9 -56.6
19451113.381   1437602 2   13   70    8   41 0.507 118.4 301.3 -11.4 -27.1
19451113.381   1437705 0    0    8    0   21 0.978  61.4 250.7  28.5 -77.7
19451113.381   1437803 2    1   10    6   33 0.986 115.5 250.4 -24.5 -78.0
19451114.469   1437201 2   52  288   30  164 0.472 148.1 298.6 -21.0 -15.5
19451114.469   1437402 7   30  170   31  173 0.868 291.8  13.3  20.2  59.2
19451114.469   1437502 1   42  195   31  144 0.730 118.1 271.5 -18.1 -42.6
19451114.469   1437602 0    3   15    2    8 0.311 145.4 303.7 -12.1 -10.4
19451114.469   1437705 0    0    8    0   11 0.920  59.6 249.0  28.9 -65.1
19451114.469   1437803 2   11   44   16   63 0.933 117.0 248.6 -24.0 -65.5
19451115.294   1437201 2   41  222   23  122 0.404 169.3 298.6 -20.8  -4.6
19451115.294   1437402 7   18  148   27  214 0.937 290.5  12.4  20.1  69.2
19451115.294   1437502 1   39  205   25  130 0.607 124.0 271.3 -17.6 -31.9
19451115.294   1437602 0    3   23    2   12 0.256 180.4 303.3 -12.2   0.1
19451115.294   1437705 0    0    8    0    8 0.847  57.2 248.8  28.9 -54.4
19451115.294   1437803 2    9   62    9   60 0.851 120.5 249.8 -24.0 -53.4
19451116.494   1437201 2   25  154   14   86 0.437 204.8 298.7 -20.9  11.3
19451116.494   1437502 0   17   69   10   39 0.438 143.0 271.3 -18.1 -16.1
19451116.494   1437602 0    0    9    0    5 0.383 230.2 304.9 -11.8  17.5
19451116.494   1437803 2   11   48    8   35 0.712 128.0 249.5 -24.0 -37.9
19451116.494   1437902 9   17   83   10   47 0.445 177.1 286.0 -23.9  -1.4
19451117.391   1437201 0   21  113   13   68 0.548 224.8 299.9 -20.7  24.4
19451117.391   1437502 0   11   39    6   21 0.356 168.2 271.1 -18.0  -4.4
19451117.391   1437803 7   44  154   27   94 0.567 137.7 251.1 -22.6 -24.4
19451117.391   1437902 9   19   89   11   51 0.470 197.9 284.6 -24.2   9.1
19451118.320   1437201 0   20   91   14   63 0.685 236.0 300.7 -20.7  37.4
19451118.320   1437502 0    5   27    3   15 0.372 200.0 271.0 -18.2   7.7
19451118.320   1437705 0    0    6    0    4 0.493  27.6 248.3  28.1 -15.0
19451118.320   1437803 7   28  142   16   80 0.457 155.8 251.6 -22.4 -11.7
19451118.320   1437902 9   14   86    9   53 0.572 220.2 287.1 -23.8  23.8
19451119.293   1437201 0    8   33    7   28 0.799 241.5 299.3 -21.0  48.8
19451119.293   1437502 0    3   15    2    9 0.480 222.8 270.6 -18.6  20.1
19451119.293   1437803 7   10   55    6   31 0.436 178.3 249.7 -23.7  -0.8
19451119.293   1437902 9    8   42    6   30 0.708 232.9 288.5 -23.6  38.0
19451119.293   1438001 0    1    7    5   21 0.982 128.4 175.7 -37.1 -74.8
19451119.293  12330100 0    0    5    0    4 0.672 204.8 270.7 -35.6  20.3
19451120.428   1437201 0    0    3    0    5 0.931 245.3 301.4 -22.1  65.9
19451120.428   1437803 7   13   84    8   49 0.500 198.1 245.5 -26.4  10.0
19451120.428   1437902 5   24  120   22  108 0.827 240.2 286.7 -23.0  51.2
19451120.428   1438001 0    3   16    5   22 0.922 131.8 176.2 -36.9 -59.3
19451120.428  12330200 0    3   28   11   79 0.983 293.0 314.9  23.0  79.4
19451121.287   1437803 7    1    9    1    6 0.562 212.8 244.1 -26.4  19.9
19451121.287   1437902 5   43  375   55  474 0.915 243.6 287.3 -23.2  63.1
19451121.287   1438001 0    4   16    4   16 0.854 136.1 176.5 -36.7 -47.7
19451121.287   1438102 7    8   46    5   28 0.546  30.7 205.5  29.8 -18.7
19451122.299   1437902 5   39  172  101  444 0.980 246.1 287.5 -23.0  76.6
19451122.299   1438102 7   21   86   12   49 0.466  10.0 205.6  29.1  -5.3
19451122.299   1438202 2   27  118   24  105 0.822 131.5 164.5 -31.8 -46.4
19451123.276   1438102 7   17   94   10   54 0.484 345.1 206.2  29.5   8.2
19451123.276   1438202 2   20  104   15   75 0.716 139.5 164.9 -31.6 -33.1
19451123.276   1438302 5   19   89   11   50 0.445   4.4 195.8  28.0  -2.2
19451123.276   1438405 0    3   20    6   33 0.948 114.4 128.9 -22.5 -69.1
19451124.406   1438102 7   47  227   29  140 0.581 322.7 206.8  28.9  23.7
19451124.406   1438202 0   12   62    8   39 0.588 156.0 166.9 -31.0 -16.2
19451124.406   1438302 5   79  405   45  231 0.480 337.9 194.9  27.9  11.8
19451124.406   1438405 0    4   21    4   21 0.856 117.4 127.9 -22.3 -55.2
19451124.406   1438502 2   13  116    8   69 0.539 305.5 210.9  19.6  27.8
19451125.436   1438102 5   47  262   34  188 0.715 311.2 207.6  29.2  38.1
19451125.436   1438202 0    3   21    2   13 0.538 176.3 167.2 -31.1  -2.3
19451125.436   1438302 5   84  522   52  322 0.583 321.0 194.1  28.2  24.6
19451125.436   1438502 2   11   41    8   30 0.720 296.0 212.8  19.4  43.3
19451126.293   1438102 5   47  250   41  217 0.815 305.7 207.5  29.2  49.3
19451126.293   1438202 0    0    9    0    6 0.551 193.1 166.6 -31.2   8.4
19451126.293   1438302 5   76  387   53  267 0.687 311.3 194.0  28.0  35.8
19451126.293   1438502 0    3   16    3   14 0.799 294.3 209.0  20.0  50.8
19451126.293   1438602 4   21   87   11   44 0.143 355.2 158.9   9.5   0.7
19451127.406   1438102 5   21  118   28  155 0.923 301.2 208.2  29.1  64.6
19451127.406   1438302 5   32  190   29  169 0.825 303.6 194.6  27.9  51.0
19451127.406   1438602 4   45  231   24  122 0.317 298.5 160.0   9.8  16.4
19451127.406   1438702 9    3   17    3   13 0.745 211.9 173.7 -38.2  30.1
19451127.406   1438902 5    0    8    0   20 0.975 104.9  67.2 -14.2 -76.4
19451128.302   1438102 5    6   37   16   98 0.982 299.5 209.7  29.1  78.0
19451128.302   1438302 5   20  138   26  173 0.915 299.5 195.3  27.2  63.6
19451128.302   1438602 4   34  208   20  121 0.506 287.4 161.0   9.6  29.3
19451128.302   1438702 9    0   28    0   24 0.806 218.5 171.5 -38.3  39.8
19451128.302   1438802 2    9   30    6   20 0.646 139.3 103.1 -28.4 -28.6
19451128.302   1438902 5   10   39   12   45 0.898 106.3  69.0 -14.1 -62.7
19451129.293   1438302 5   10   72   26  173 0.978 298.1 195.5  27.6  76.8
19451129.293   1438602 4   20  107   14   74 0.688 283.3 161.5   9.8  42.8
19451129.293   1438702 9    0   15    0   17 0.875 224.3 169.8 -38.2  51.1
19451129.293   1438902 5   26  141   21  113 0.777 109.2  69.5 -14.2 -49.2
19451130.601   1438602 4    8   47    8   47 0.861 281.9 160.4  10.6  59.0
19451130.601   1438702 9    0    7    0   15 0.970 228.9 172.4 -39.4  71.0
19451130.601   1438902 5  112  651   68  393 0.556 117.1  70.7 -14.0 -30.7
19451130.601   1439002 9   17   73   20   83 0.895 300.1 161.8  27.1  60.4
194512 1.413   1438602 4    0    7    0   13 0.961 280.9 164.5  10.7  73.8
194512 1.413   1438802 2    0   16    0   10 0.532 201.3 103.5 -29.1  12.8
194512 1.413   1438902 5  108  652   60  360 0.420 129.0  71.0 -14.7 -19.7
194512 1.413   1439002 9   26  140   45  242 0.956 298.2 161.8  27.1  71.1
194512 2.308   1438802 2    7   31    5   20 0.598 215.9 102.4 -28.5  23.5
194512 2.308   1438902 5  108  648   57  340 0.299 153.3  70.9 -15.0  -8.0
194512 2.308   1439002 9    0    7    0   21 0.982 298.2 157.0  27.8  78.1
194512 2.308  12330300 0    3   13    2    8 0.518 218.0  99.3 -23.6  20.4
194512 3.408   1438902 5  128  675   67  353 0.289 199.0  70.0 -15.5   5.6
194512 3.408   1439102 2    0    3    0   21 0.995 111.7 340.6 -21.5 -83.8
194512 4.297   1438902 5  150  883   82  480 0.389 224.7  69.2 -15.8  16.5
194512 4.297   1439102 2    7   32   11   46 0.933 113.6 345.7 -21.8 -67.0
194512 5.456   1438902 5  105  707   65  436 0.581 241.5  69.6 -16.0  32.1
194512 5.456   1439102 2   13   68   12   61 0.822 117.7 345.6 -22.4 -51.9
194512 6.294   1438902 5   67  535   48  378 0.703 246.9  68.7 -16.0  42.3
194512 6.294   1439102 2   12   57    9   42 0.721 121.5 344.8 -22.1 -41.6
194512 7.288   1438902 5   18  116   17  107 0.838 250.8  68.7 -16.1  55.4
194512 7.288   1439201 2    5   28   16   79 0.983 107.2 294.3 -16.9 -79.0
194512 7.288   1439301 2    1    9    7   36 0.990 112.3 291.9 -22.1 -81.4
194512 8.419   1438902 5   10   52   16   79 0.944 251.9  68.3 -17.1  69.9
194512 8.419   1439201 2   29  128   37  160 0.914 108.1 293.3 -16.6 -65.1
194512 8.419   1439301 0    4   21    6   31 0.935 113.5 290.8 -22.0 -67.6
194512 9.318   1438902 5    0    7    0   29 0.990 252.2  68.3 -17.7  81.7
194512 9.318   1439201 2   41  228   29  160 0.818 110.1 293.3 -16.6 -53.3
194512 9.318   1439301 0    4   27    4   24 0.857 115.7 290.2 -22.0 -56.4
194512 9.318  12340100 0    3   18    3   18 0.697 250.8  29.2 -13.5  42.6
19451210.287   1439201 2   38  170   26  116 0.677 114.7 293.8 -16.8 -40.0
19451210.287   1439301 0    8   41    6   31 0.735 119.8 290.4 -21.8 -43.4
19451211.488   1439201 2   29  155   17   89 0.482 124.7 293.6 -16.5 -24.4
19451211.488   1439301 2   16   94   10   58 0.571 128.4 289.3 -21.3 -28.7
19451212.288   1439201 2   20   82   11   44 0.358 139.7 293.4 -16.6 -14.0
19451212.288   1439301 2   10   57    6   32 0.450 140.4 289.5 -21.0 -17.9
19451212.288   1439402 0    1   20    2   21 0.868  71.3 248.7  15.8 -58.7
19451213.290   1439201 2    9   59    5   31 0.270 176.1 293.1 -16.5  -1.1
19451213.290   1439301 2   11   54    6   29 0.342 169.3 290.3 -20.5  -3.9
19451213.290   1439402 2   16   73   12   55 0.738  67.9 249.0  15.5 -45.2
19451213.290   1439502 2    8   64    5   37 0.491  14.7 286.1  27.5  -8.1
19451214.475   1439201 2    9   46    5   25 0.361 220.6 292.8 -16.9  14.2
19451214.475   1439301 0    3   16    2    9 0.386 204.2 288.4 -21.6   9.8
19451214.475   1439402 2   11   57    7   34 0.533  57.6 250.7  15.7 -27.9
19451214.475   1439502 2   17   69   10   40 0.490 346.9 285.8  27.5   7.2
19451214.475   1439605 9    0    3    0    8 0.968 110.9 203.8 -20.5 -74.8
19451214.475   1439701 0   10   63   25  150 0.977  58.9 203.5  30.0 -75.1
19451215.433   1439201 2    3   20    2   12 0.513 237.5 292.9 -17.0  26.9
19451215.433   1439301 0    3   34    2   20 0.483 225.9 287.8 -20.7  21.8
19451215.433   1439402 0    1   12    1    7 0.428  47.3 246.9  15.8 -19.1
19451215.433   1439605 9    0    7    0    9 0.900 111.7 203.2 -20.0 -62.8
19451215.433   1439701 0   16  102   22  135 0.924  56.8 203.0  29.9 -63.0
19451215.433   1439802 0    0    9    0    6 0.600  45.7 238.0  23.8 -28.0
19451216.523   1439605 9    0    8    0    7 0.781 116.2 202.9 -21.0 -48.7
19451216.523   1439701 0   36  168   33  152 0.829  52.2 202.6  29.7 -49.0
19451216.523   1439802 2   10   45    6   25 0.429  22.0 241.6  22.2 -10.0
19451216.523   1439901 0   10   61   32  184 0.985  68.6 172.7  20.8 -78.9
19451217.378   1439605 9    1   16    1   11 0.660 120.5 203.0 -20.7 -37.4
19451217.378   1439701 0   29  164   22  124 0.745  46.5 201.9  29.8 -38.5
19451217.378   1439802 2    7   27    4   15 0.396 358.1 241.2  21.9   0.8
19451217.378   1439901 0   20  100   30  148 0.939  66.9 172.7  21.1 -67.7
19451217.378   1440002 2   33  129   19   74 0.486 356.3 242.4  27.6   2.0
19451218.285   1439701 0   22  111   15   74 0.653  37.8 201.0  29.7 -27.4
19451218.285   1439802 0    1    7    1    4 0.459 329.1 243.1  21.7  14.7
19451218.285   1439901 0   33  153   33  152 0.862  64.3 172.0  21.1 -56.4
19451218.285   1440002 2   23  108   14   64 0.530 338.2 241.3  28.0  12.9
19451219.425   1439701 0   34  143   21   86 0.554  20.7 200.4  29.6 -13.0
19451219.425   1439901 0   49  208   36  152 0.725  58.6 171.9  21.0 -41.5
19451219.425   1440002 0    4   26    3   17 0.631 323.5 238.8  29.0  25.4
19451220.396   1439701 0   22  105   13   62 0.525   0.8 200.1  29.9  -0.5
19451220.396   1439901 0   51  302   32  189 0.600  49.7 171.2  21.3 -29.4
19451221.352   1439701 0   21   88   13   53 0.552 341.5 199.6  29.7  11.6
19451221.352   1439901 0   47  289   27  164 0.471  35.0 171.2  20.9 -16.8
19451222.297   1439701 0   17   62   11   40 0.621 326.7 198.6  29.4  23.0
19451222.297   1439901 0   60  297   33  162 0.393  10.8 171.1  20.7  -4.5
19451223.460   1439701 0    9   47    7   36 0.751 314.0 198.7  29.8  38.5
19451223.460   1439901 0   67  324   37  179 0.421 335.9 170.8  20.5  10.6
19451224.316   1439701 0    0    4    0    4 0.842 308.0 198.8  29.8  49.8
19451224.316   1439901 0   76  360   45  211 0.518 317.9 170.8  20.5  21.8
19451224.316   1440101 0   18  152   58  473 0.986 106.8  68.3 -16.9 -80.7
19451225.530   1439901 0   48  218   33  150 0.683 303.4 170.4  20.2  37.4
19451225.530   1440101 0   47  253   59  314 0.913 107.1  67.4 -16.6 -65.6
19451226.529   1439901 0   48  217   42  187 0.812 297.1 170.1  20.1  50.3
19451226.529   1440101 0   70  359   60  305 0.806 109.0  67.1 -16.7 -52.7
19451227.519   1439901 0   29  142   37  176 0.914 293.1 170.1  19.8  63.3
19451227.519   1440101 0   72  462   48  308 0.657 113.0  67.6 -16.9 -39.2
19451228.286   1439901 0   12   65   25  129 0.966 291.2 169.7  19.7  73.0
19451228.286   1440101 0   87  466   52  276 0.532 118.5  67.4 -17.1 -29.3
19451229.473   1440101 0  122  522   65  278 0.338 138.8  67.5 -17.5 -13.5
19451230.433   1440101 0   83  433   43  224 0.249 176.6  67.5 -17.4  -0.9
19451231.117   1440101 0   80  467   42  244 0.285 208.2  67.5 -17.6   8.1
19451231.117   1440201 2   11   39   24   80 0.968 104.2 343.6 -14.5 -75.8
