1944 120.427   1418801 0    0    3    0    4 0.884 246.6 142.0 -23.1  61.8
1944 121.435   1418801 0    0    8    0   15 0.957 246.5 140.8 -24.0  73.8
1944 122.279   1418901 0    5   31   24  134 0.993  79.5 333.9   9.7 -82.0
1944 123.473   1418901 0   21   93   29  124 0.925  77.3 333.9   9.6 -66.2
1944 124.273   1418901 0   17   98   16   92 0.841  75.1 334.1   9.4 -55.5
1944 125.276   1418901 0   21  143   15  101 0.702  70.7 334.2   9.3 -42.2
1944 126.277   1418901 0   23  144   14   86 0.539  62.6 334.2   9.4 -29.0
1944 127.282   1418901 0   29  158   16   85 0.365  46.8 334.4   8.9 -15.6
1944 128.280   1418901 0   21   94   11   49 0.266   8.9 334.5   9.4  -2.4
1944 129.475   1418901 0   24  108   13   58 0.348 318.2 334.7   9.3  13.6
1944 130.396   1418901 0   17   55   10   32 0.492 300.6 334.4   9.1  25.4
1944 131.441   1418901 0    7   22    5   15 0.671 290.5 334.7   8.9  39.5
1944 2 1.277   1418901 0    6   24    5   20 0.794 286.3 334.7   9.0  50.5
1944 2 2.277   1418901 0    1    9    2   12 0.910 282.5 335.1   8.7  64.0
1944 2 3.434   1418901 0    0    3    0   14 0.989 280.3 336.2   9.2  80.4
1944 3 3.406  12100100 0    5   22    3   12 0.388 260.1 257.2 -10.5  22.9
1944 314.358   1419002 9    4   18    7   31 0.951 117.2  16.6 -28.0 -73.4
1944 315.401   1419002 9    0   11    0   11 0.857 117.7  17.5 -27.3 -58.7
1944 316.313   1419002 9    0    3    0    3 0.768 122.3  16.2 -29.1 -48.0
1944 317.582   1419002 9   12   84    8   53 0.604 127.8  14.9 -27.7 -32.6
1944 318.449   1419002 9   24  153   14   88 0.491 137.6  14.1 -27.8 -22.0
1944 318.449   1419102 2    8   52   43  263 0.995 114.9 309.1 -25.3 -87.0
1944 319.639   1419002 9   53  249   29  135 0.377 162.4  13.0 -28.0  -7.4
1944 319.639   1419102 2   56  276   85  419 0.943 113.7 308.6 -24.6 -71.8
1944 320.320   1419002 9   46  299   25  160 0.348 186.4  13.9 -27.2   2.5
1944 320.320   1419102 2   72  372   78  402 0.884 114.1 308.9 -24.5 -62.5
1944 321.333   1419002 9   25  137   14   76 0.426 213.9  13.5 -27.4  15.5
1944 321.333   1419102 2   87  642   69  509 0.774 116.1 308.2 -24.5 -49.8
1944 322.372   1419002 9   17   94   11   58 0.573 229.5  13.8 -27.9  29.5
1944 322.372   1419102 2  124  722   80  463 0.622 120.8 308.4 -24.2 -35.9
1944 322.372   1419202 2    8   30    5   17 0.446  61.4 321.1   6.0 -23.2
1944 323.401   1419002 9    6   27    5   20 0.729 238.6  15.2 -27.3  44.4
1944 323.401   1419102 2  124  680   70  384 0.462 131.8 308.6 -24.3 -22.2
1944 323.401   1419202 2   21   73   11   38 0.264  35.7 321.9   5.6  -8.9
1944 324.400   1419102 2  133  580   71  308 0.333 153.7 308.3 -24.1  -9.3
1944 324.400   1419202 0    3   13    2    7 0.217 325.9 324.6   3.6   7.0
1944 324.400   1419305 0    0    8    0   18 0.968  96.8 241.4  -8.3 -76.2
1944 325.435   1419002 9    0    7    0   11 0.946 244.7  16.1 -26.1  72.2
1944 325.435   1419102 2  131  551   69  290 0.312 193.8 308.6 -24.4   4.7
1944 325.435   1419305 0    0    7    0    7 0.859  94.4 244.2  -7.2 -59.7
1944 326.499   1419002 9    0    8    0   34 0.992 242.3  15.3 -28.2  85.4
1944 326.499   1419102 2   92  536   51  295 0.416 223.0 308.0 -24.1  18.1
1944 326.499   1419305 0    4   18    3   14 0.737  94.7 242.0  -8.0 -47.9
1944 327.483   1419102 2   62  326   38  200 0.575 236.1 308.5 -24.4  31.6
1944 328.479   1419102 2   41  148   30  108 0.726 242.8 308.8 -24.1  45.0
1944 329.318   1419102 2   12   68   12   64 0.845 245.8 310.2 -23.9  57.5
1944 330.391   1419102 2    0    3    0    6 0.945 246.8 310.5 -24.0  71.9
1944 4 7.565   1419405 0    0    9    0   11 0.908 246.6 196.2 -23.7  65.5
1944 4 8.580   1419405 0    0    4    0   11 0.982 247.4 198.0 -23.3  80.7
1944 528.368   1419502 9   14   51    8   29 0.449 143.6 162.5 -22.0 -16.7
1944 529.354   1419502 9   18   65   10   35 0.371 172.8 163.3 -22.3  -2.9
1944 529.354   1419603 0    0    8    0    5 0.467 273.5 194.0   1.0  27.8
1944 530.307   1419502 9    7   23    4   13 0.409 206.6 165.0 -22.0  11.4
1944 530.307   1419603 0    1    8    1    6 0.695 271.6 197.6   0.7  44.0
1944 531.404   1419603 4   41  190   40  185 0.855 271.0 197.9   0.6  58.8
1944 6 1.410   1419603 4   30  188   53  332 0.957 270.5 199.0   0.4  73.2
1944 6 2.304   1419603 4    8   66   31  237 0.989 270.7 195.5   0.7  81.6
1944 6 5.426   1419701 9    0    4    0   19 0.991 117.8 351.2 -27.5 -81.4
1944 6 6.322   1419701 9    0    5    0    8 0.944 118.9 352.5 -27.1 -68.2
1944 6 7.353   1419701 9    0   12    0   13 0.869 122.4 351.3 -27.5 -55.8
1944 6 8.407   1419701 9    6   17    5   13 0.725 130.7 354.7 -27.8 -38.4
1944 610.317   1419701 9    5   17    3   10 0.499 151.0 352.4 -25.2 -15.5
1944 615.348   1419701 9    0    9    0    8 0.822 234.6 350.4 -27.6  49.1
1944 616.392   1419701 9    0    8    0   11 0.919 237.1 349.6 -29.3  62.2
1944 616.392   1419801 0    4   22   16   72 0.987  88.5 206.5   1.7 -80.9
1944 617.322   1419801 0   13   58   19   83 0.933  88.8 206.1   1.7 -69.0
1944 617.322  12140100 0    0   15    0   16 0.872 233.3 329.3 -30.5  54.2
1944 618.299   1419801 0   14   82   13   75 0.833  89.0 205.8   1.8 -56.4
1944 619.355   1419801 0   22   98   15   67 0.675  89.3 205.7   1.8 -42.5
1944 620.334   1419801 0   27  132   16   76 0.494  89.9 205.7   1.7 -29.6
1944 621.547   1419801 0   23  140   12   72 0.232  92.5 205.8   1.4 -13.4
1944 622.339   1419801 0   35  155   18   78 0.048 103.6 206.0   1.5  -2.7
1944 623.391   1419801 0   27  144   14   74 0.201 267.4 206.4   1.7  11.6
1944 624.330   1419801 0   23  138   13   76 0.413 268.9 206.8   1.7  24.4
1944 625.325   1419801 0   17   96   11   61 0.611 269.5 206.9   1.7  37.7
1944 626.354   1419801 0   24   93   20   75 0.782 270.4 207.1   1.9  51.5
1944 627.310   1419801 0    8   41   10   48 0.898 270.5 206.9   1.6  64.0
1944 628.586   1419801 0    4   13   16   46 0.988 271.5 207.3   1.9  81.3
1944 630.525  12140200 0    0    4    0    5 0.887 114.4  41.2 -19.9 -59.2
1944 7 1.354  12140300 0    5   47    4   36 0.752  98.1  41.1  -4.0 -48.3
1944 7 2.349   1419905 2   15   70    9   41 0.496 330.0  92.6  28.6  16.4
1944 7 3.358   1419905 2   10   54    7   35 0.631 314.8  93.8  29.3  30.9
1944 7 4.398   1419905 0    8   23    7   19 0.783 306.9  95.7  30.5  46.6
1944 7 4.398  12140400 0    0    9    0    5 0.317 230.4  63.4  -8.3  14.3
1944 7 5.341   1419905 0    9   17   10   19 0.881 303.0  95.7  30.6  59.1
1944 7 5.341   1420005 0    0   14    0   13 0.841 127.4 347.2 -28.4 -49.4
1944 7 6.346   1419905 0    1   11    3   20 0.953 300.3  95.1  30.0  71.8
1944 7 6.346   1420005 0    0    7    0    5 0.699 135.6 350.0 -26.9 -33.3
1944 719.504   1420105 0    3   15    7   29 0.961 120.6 140.2 -27.6 -69.0
1944 720.357   1420105 0    2    9    3   12 0.926 123.2 136.4 -28.2 -61.5
1944 724.344  12150100 0    0    6    0   13 0.964 120.8  75.7 -27.8 -69.5
1944 726.326  12150200 0    1   11    1    6 0.308  42.6 106.2  18.5 -12.7
1944 727.351   1420202 4    5    8    4    6 0.702 221.4 136.8 -27.0  31.4
1944 728.426   1420202 4   63  181   56  160 0.822 231.4 137.3 -27.0  46.1
1944 729.597   1420202 4   22  114   32  164 0.936 237.6 138.8 -27.6  63.1
1944 730.370   1420202 4   13   65   35  168 0.980 240.5 139.5 -27.4  74.0
1944 8 5.393   1420302 4    8   45    7   37 0.789 135.5 306.3 -29.5 -39.5
1944 8 5.393   1420402 4    0    6    0   28 0.993 101.8 264.2 -10.9 -81.6
1944 8 6.467   1420302 4   17   97   12   67 0.681 146.8 306.3 -29.1 -25.3
1944 8 6.467   1420402 4   18   81   26  113 0.930 103.8 264.9 -10.4 -66.7
1944 8 7.389   1420302 4   18   57   11   35 0.571 161.5 307.7 -26.6 -11.7
1944 8 7.389   1420402 4   14   56   13   51 0.832 106.2 265.2  -9.8 -54.2
1944 8 8.333   1420302 4   23   77   14   47 0.564 178.7 306.1 -27.9  -0.8
1944 8 8.333   1420402 4   50  141   36  101 0.710 110.2 264.4  -9.5 -42.5
1944 8 9.337   1420302 4   15   55   10   35 0.607 195.4 304.4 -29.5  10.7
1944 8 9.337   1420402 4   50  228   30  135 0.530 117.9 265.4  -8.7 -28.3
1944 810.341   1420302 4   11   51    8   35 0.681 211.2 304.4 -29.7  24.0
1944 810.341   1420402 4   41  225   22  121 0.362 134.9 265.4  -8.5 -15.0
1944 811.385   1420302 0    0    4    0    4 0.784 223.6 305.0 -29.5  38.4
1944 811.385   1420402 4   59  287   31  149 0.263 175.5 265.4  -8.6  -1.2
1944 811.385   1420502 9    6   25    4   16 0.580 351.3 273.3  41.5   6.7
1944 812.343   1420302 0    0    6    0    7 0.868 229.8 303.8 -29.9  49.9
1944 812.343   1420402 4   30  188   16  100 0.328 219.6 266.1  -8.2  12.2
1944 813.166   1420302 0    2   12    3   17 0.924 232.3 301.7 -31.1  58.7
1944 813.166   1420402 4   25  118   14   66 0.445 233.6 264.3  -9.1  21.3
1944 814.330   1420402 4   16   40   11   27 0.653 248.0 265.4  -8.9  37.8
1944 814.330   1420502 9    5   17    4   14 0.770 320.9 268.3  41.9  40.7
1944 814.330   1420605 9    0   10    0   16 0.947  83.8 155.6   8.0 -72.0
1944 814.330  12160100 0    0    4    0   13 0.982 233.6 299.7 -33.8  72.1
1944 815.335   1420402 4    4   14    4   12 0.806 253.2 265.8  -9.3  51.4
1944 815.335   1420502 9    0    5    0    5 0.849 316.3 266.8  42.2  52.4
1944 815.335   1420605 9    2   13    2   13 0.844  85.2 156.3   7.7 -58.1
1944 816.315   1420605 9    7   33    5   23 0.676  86.5 158.5   7.4 -42.9
1944 816.315   1420702 9   14   41    8   22 0.353 224.2 215.8  -8.1  14.4
1944 817.393   1420605 9   14   63    8   36 0.474  86.9 158.7   7.5 -28.5
1944 817.393   1420702 9   45  189   27  112 0.531 242.9 215.7  -8.0  28.5
1944 817.393   1420802 9    5   13    3    7 0.174 204.2 191.3  -2.3   4.1
1944 818.362   1420605 9   19   65   10   34 0.270  87.9 158.6   7.2 -15.8
1944 818.362   1420702 9   33  186   23  129 0.687 250.2 215.2  -8.3  40.8
1944 818.362   1420802 9   17   74    9   39 0.302 240.9 189.7  -1.8  15.3
1944 819.391   1420702 9   11   54   10   49 0.827 253.8 214.4  -9.3  53.6
1944 820.517   1420802 9   18  105   13   76 0.716 259.9 190.8  -2.3  44.9
1944 821.344   1420802 9    4   18    4   18 0.864 262.6 194.0  -2.8  59.1
1944 822.360   1420802 9    0    7    0   10 0.932 265.0 189.8  -2.1  68.3
1944 823.402   1420905 0    4   11    4    9 0.788 135.1  68.5 -28.6 -39.3
1944 823.402   1421005 0    4   18    4   16 0.822 273.9 163.6   7.2  55.8
1944 824.338   1420905 2    5   24    4   18 0.727 143.7  65.7 -29.8 -29.7
1944 824.338   1421005 0    0    7    0   10 0.931 275.5 164.7   7.7  69.3
1944 825.333   1421005 0    0    4    0   16 0.988 277.7 164.3   8.6  82.1
1944 825.333   1421105 9    4   15    3   11 0.693 226.7 115.3 -22.5  33.1
1944 825.333   1421202 4   50  129   35   89 0.685 132.6  49.3 -21.7 -32.9
1944 826.342   1421105 9    2    4    2    4 0.827 232.8 115.6 -25.2  46.7
1944 826.342   1421202 4   39  196   24  120 0.574 145.6  48.5 -21.6 -20.4
1944 827.354   1421202 4   36  146   21   84 0.493 166.3  48.3 -21.5  -7.2
1944 828.397   1421202 4   33  114   19   66 0.494 193.3  48.8 -21.6   7.0
1944 828.397   1421302 9    8   39    6   27 0.678 205.9  62.0 -30.9  20.2
1944 829.389   1421202 4   22  127   14   78 0.578 215.8  50.0 -21.3  21.3
1944 829.389   1421302 9    9   44    7   34 0.753 219.6  62.2 -29.6  33.5
1944 830.386   1421202 4    8   33    6   23 0.681 228.4  48.5 -20.9  33.0
1944 830.386   1421302 9    2    7    2    7 0.857 229.6  63.8 -29.1  48.3
1944 9 2.395   1421402 4   27  129   49  229 0.958 236.8  42.0 -28.9  66.3
1944 9 3.351   1421402 4    4   17   17   63 0.989 239.5  39.4 -28.7  76.3
1944 9 8.337  12170100 0    0    5    0   10 0.966 248.9 328.9 -18.2  71.6
1944 9 9.322   1421503 7    6   39   27  157 0.992 115.0 165.6 -23.6 -78.7
1944 9 9.322  12170200 0    0    8    0   12 0.927 236.1 304.7 -27.8  60.4
1944 910.339   1421503 7   20  165   33  267 0.950 117.9 164.4 -23.7 -66.4
1944 911.393   1421503 7   60  301   63  316 0.885 122.5 161.9 -24.4 -55.0
1944 912.390   1421503 7   83  471   66  374 0.774 129.3 162.8 -24.0 -41.0
1944 913.357   1421503 7  165  702  109  463 0.649 140.1 164.0 -23.5 -27.0
1944 913.357   1421605 9    4    9    5   10 0.882 231.1 243.0 -29.4  52.0
1944 913.357   1421705 2    4   13    4   12 0.812 243.5 240.3 -16.6  49.3
1944 914.426   1421503 7  133  746   80  448 0.550 157.1 163.4 -23.5 -13.5
1944 914.426   1421605 9    0    4    0    7 0.953 233.5 241.1 -31.7  64.2
1944 914.426   1421705 0    2    6    3    9 0.920 246.3 239.6 -18.5  62.7
1944 915.361   1421503 7   89  640   52  374 0.515 177.5 163.1 -23.8  -1.4
1944 915.361   1421605 9    0   10    0   48 0.994 234.9 241.9 -33.6  77.4
1944 916.346   1421503 7   90  440   54  264 0.549 200.4 163.6 -24.0  12.1
1944 917.383   1421503 7   90  431   59  282 0.641 218.2 163.5 -23.9  25.7
1944 918.333   1421503 1   67  375   51  283 0.746 229.2 163.4 -23.7  38.1
1944 919.330   1421503 1   60  300   59  292 0.855 236.7 163.4 -23.7  51.3
1944 920.315   1421503 1   36  197   53  290 0.938 241.4 163.3 -23.8  64.2
1944 920.315   1421802 1    1   20    2   21 0.871 123.1  45.9 -24.3 -53.2
1944 921.475   1421503 1    8   56   31  199 0.989 244.7 161.4 -23.7  77.6
1944 921.475   1421802 1   42  187   30  133 0.707 131.9  49.1 -22.5 -34.7
1944 922.566   1421802 1  110  419   68  257 0.575 148.9  50.6 -22.9 -18.8
1944 923.362   1421802 1  135  581   79  340 0.515 166.1  51.2 -23.1  -7.7
1944 924.338   1421802 1  129  690   75  401 0.505 189.7  51.3 -23.0   5.3
1944 925.323   1421802 1  118  540   72  327 0.562 210.0  50.7 -22.6  17.7
1944 925.323  12170300 0    5   39    3   23 0.518 276.2  64.4   9.1  31.4
1944 926.365   1421802 1  101  563   70  387 0.683 226.4  51.6 -22.4  32.3
1944 927.396   1421802 1   98  439   86  382 0.816 236.5  53.0 -22.3  47.3
1944 928.415   1421802 1   48  271   61  340 0.914 242.2  53.0 -22.1  60.8
1944 929.487   1421802 1   12   96   35  263 0.982 245.8  53.5 -22.2  75.4
1944 929.487  12180100 0    1   11    1    6 0.303 218.7 349.0  -7.1  11.0
1944 930.360   1421902 6   76  394   40  207 0.303 333.5 335.0  22.3   8.4
1944 930.360  12180200 0    4    8    3    6 0.676 104.4 285.4  -4.7 -41.1
194410 1.381   1421902 6   69  365   39  206 0.460 306.9 336.5  22.1  23.4
194410 1.381   1422002 9    6   24    4   15 0.592 212.8 333.6 -23.7  20.5
194410 1.381   1422102 4    0    3    0    4 0.855 123.4 261.7 -24.1 -51.4
194410 1.381   1422201 0    8   44   22  111 0.979 124.0 241.3 -31.3 -71.8
194410 2.378   1421902 6  104  502   68  326 0.635 296.2 337.7  21.5  37.8
194410 2.378   1422002 9    0    9    0    7 0.739 229.2 337.6 -23.8  37.7
194410 2.378   1422102 4    3   13    3   10 0.749 130.5 261.3 -24.1 -38.6
194410 2.378   1422201 0   19   84   27  114 0.927 127.4 240.5 -31.1 -59.4
194410 3.365   1421902 6   78  344   63  278 0.784 292.0 338.1  21.2  51.2
194410 3.365   1422002 9   13   52   13   49 0.842 235.8 336.7 -24.2  49.8
194410 3.365   1422102 4   22   66   15   44 0.649 139.8 259.6 -24.0 -27.3
194410 3.365   1422201 0   26  102   26   99 0.852 133.0 240.1 -31.2 -46.8
194410 4.333   1421902 6   34  228   40  263 0.899 290.3 338.7  21.0  64.6
194410 4.333   1422002 9    9   41   13   57 0.928 241.4 336.9 -23.6  62.8
194410 4.333   1422102 4   13   41    8   25 0.551 155.8 259.8 -24.0 -14.3
194410 4.333   1422201 0   24  129   19  101 0.766 140.4 239.4 -31.0 -34.7
194410 5.411   1421902 6    8   63   18  133 0.970 291.1 337.3  22.0  77.4
194410 5.411   1422002 9    0    8    0   22 0.978 242.4 333.3 -25.3  73.4
194410 5.411   1422102 4    3   13    2    8 0.512 186.4 263.5 -24.2   3.6
194410 5.411   1422201 0   26  156   18  106 0.671 153.6 239.5 -31.0 -20.4
194410 6.384   1421902 6    0    6    0   28 0.992 295.0 332.3  25.5  85.2
194410 6.384   1422201 0   26  173   17  110 0.611 168.8 239.2 -30.6  -7.9
194410 6.384   1422305 9    0   21    0   16 0.746 155.0 223.9 -36.8 -23.2
194410 6.384  12180300 0    6   25    4   16 0.627 220.4 273.3 -22.9  26.2
194410 7.289   1422201 0   27  154   17   97 0.599 185.3 238.8 -30.4   3.7
194410 8.349   1422201 0   24  138   16   91 0.643 203.3 238.2 -30.3  17.1
194410 8.349   1422405 0    2    9    3   13 0.933  63.1 151.6  27.3 -69.5
194410 9.292   1422201 0   19  105   14   76 0.718 216.3 238.1 -30.1  29.4
194410 9.292   1422405 0    0    9    0    9 0.853  60.7 151.3  28.1 -57.4
194410 9.292   1422505 2   24   75   21   66 0.817 252.5 261.1 -10.5  52.4
19441010.454   1422201 0   23   92   21   83 0.829 227.1 238.0 -30.1  44.6
19441010.454   1422305 9    2   16    2   13 0.778 207.8 220.9 -38.2  27.5
19441010.454   1422505 2   10   66   16  104 0.945 256.5 262.7 -10.7  69.3
19441011.418   1422201 0   12   73   15   89 0.908 232.9 237.5 -30.1  56.8
19441012.311   1422201 0    3   27    7   52 0.962 236.6 236.9 -29.9  68.0
19441015.418   1422602 2    1    9    1    6 0.642  66.5  89.3  19.3 -38.6
19441015.418   1422701 0   12   78   45  278 0.989 113.9  49.6 -22.6 -78.3
19441016.385   1422602 2   34  155   20   89 0.485  59.2  88.9  19.4 -26.2
19441016.385   1422701 0   26  148   42  231 0.945 116.5  48.5 -22.8 -66.6
19441017.354   1422602 2   35  153   19   81 0.322  42.1  89.2  19.2 -13.2
19441017.354   1422701 0   29  207   29  207 0.864 120.6  48.6 -22.9 -53.8
19441018.372   1422602 2   11   42    6   22 0.240   1.6  88.5  19.3  -0.4
19441018.372   1422701 0   31  227   24  175 0.755 127.0  48.0 -23.0 -40.9
19441019.428   1422701 0   47  248   31  161 0.632 137.6  47.4 -23.1 -27.6
19441020.294   1422701 1   65  397   39  235 0.529 153.2  48.6 -23.1 -15.0
19441020.294   1422805 0    0    5    0   20 0.988  69.3 341.1  21.2 -82.5
19441021.307   1422701 1   94  473   54  270 0.477 176.9  48.6 -23.3  -1.6
19441021.307   1422805 0    0    6    0    8 0.923  68.8 342.5  21.5 -67.7
19441022.472   1422701 1   90  369   53  217 0.521 203.5  48.0 -23.6  13.1
19441023.341   1422701 1   51  318   32  199 0.599 218.0  47.1 -23.6  23.7
19441024.284   1422701 1   38  241   27  170 0.700 228.2  45.8 -23.8  34.8
19441025.601   1422701 1   29  204   29  202 0.859 238.1  46.7 -24.2  53.1
19441026.286   1422701 0   23  128   28  156 0.908 240.7  44.8 -24.1  60.2
19441027.476   1422701 0   12   44   35  122 0.982 244.2  44.7 -24.2  75.8
19441028.460   1422901 0    7   12   11   20 0.947  97.3 245.3  -5.4 -70.6
19441029.317   1422901 0    0    8    0   10 0.903  98.9 240.8  -6.1 -63.8
19441029.317   1423002 4    2   18    8   55 0.985  96.4 225.0  -5.5 -79.6
19441030.449   1422901 0    4   18    3   13 0.717 102.1 244.9  -5.6 -44.8
19441030.449   1423002 4   19   87   23  101 0.900  97.9 226.2  -5.2 -63.5
19441031.304   1422901 0    0   11    0    7 0.571 106.3 245.0  -5.7 -33.4
19441031.304   1423002 4   15   97   13   80 0.792 100.1 226.9  -5.4 -51.5
194411 1.456   1423002 4   20   76   13   48 0.602 105.8 227.6  -6.1 -35.6
194411 2.440   1423002 4   30  181   17  100 0.420 113.9 227.5  -6.1 -22.7
194411 3.273   1423002 4   25  138   13   72 0.265 130.5 227.5  -6.1 -11.7
194411 4.372   1423002 4   21   76   11   39 0.192 208.7 230.1  -5.9   5.3
194411 4.372   1423105 0    0    8    0   22 0.979  69.3 146.0  21.0 -78.8
194411 5.340   1423105 0    0    6    0    8 0.924  69.1 144.7  20.7 -67.3
194411 6.395   1423002 4    3   24    2   14 0.481 252.4 225.5  -5.2  27.4
194411 6.395   1423105 0    2    4    2    4 0.829  67.1 143.3  20.9 -54.8
19441112.320  12190100 0    5   17    4   12 0.679 119.0  81.5 -17.0 -38.4
19441113.288   1423205 0    2   10    3   15 0.934 114.9  41.2 -22.0 -66.0
19441114.427   1423205 0    4   11    4   10 0.828 119.2  40.9 -22.2 -51.3
19441115.353  12190200 0    2   16    2   14 0.807 120.1  31.0 -22.2 -49.0
19441116.451   1423301 0   32  179   63  348 0.966  69.0 350.7  20.9 -74.8
19441117.536   1423301 0   64  332   68  353 0.881  67.1 350.7  21.2 -60.5
19441118.284   1423301 0   68  397   57  330 0.797  65.4 350.5  20.8 -50.8
19441119.532   1423301 1   98  567   63  364 0.625  58.3 350.2  20.9 -34.7
19441120.286   1423301 0  152  676   89  394 0.510  50.5 350.1  20.7 -24.9
19441121.445   1423301 0  160  703   86  377 0.360  26.3 349.9  20.6  -9.8
19441122.285   1423301 0  140  651   74  343 0.316 357.3 349.5  20.1   0.9
19441122.285   1423402 4    6   32    4   20 0.575 130.8 320.9 -20.6 -27.7
19441123.296   1423301 0  132  773   72  420 0.393 323.5 349.7  19.9  14.4
19441123.296   1423402 4   16   96    9   54 0.443 146.2 320.1 -20.1 -15.2
19441124.294   1423301 0  125  646   74  382 0.533 306.4 349.2  19.7  27.1
19441124.294   1423402 4   11   83    6   45 0.368 173.6 319.6 -20.0  -2.5
19441125.419   1423301 0  111  543   79  384 0.706 297.0 349.2  19.7  41.9
19441125.419   1423402 4    7   25    4   14 0.410 205.1 318.0 -20.5  10.7
19441126.324   1423301 0   60  394   54  352 0.827 293.5 349.2  20.0  53.8
19441126.324   1423402 4    1   18    1   11 0.518 223.4 317.8 -21.0  22.4
19441127.502   1423301 0   43  246   64  361 0.939 291.1 348.7  20.1  68.9
19441127.502   1423502 9    7   46    4   25 0.366  34.0 267.3  18.7 -12.5
19441128.421   1423301 0   18  105   60  343 0.987 290.3 348.3  20.2  80.6
19441128.421   1423502 9   13   55    7   29 0.299   1.6 267.2  18.3  -0.5
19441129.452   1423502 9    3   20    2   11 0.375 322.9 267.9  18.2  13.8
19441130.292  12200100 0    1   12    1    7 0.453 112.6 217.9  -9.4 -25.1
194412 5.469   1423601 0    3   16    5   21 0.916 109.2 109.7 -17.5 -65.1
194412 6.416   1423601 0    2   12    2   11 0.814 111.9 109.9 -17.7 -52.5
194412 6.416   1423702 4   16   77   11   50 0.635  50.8 129.9  23.6 -32.5
194412 7.422   1423702 4   14   72    8   41 0.476  34.7 132.0  22.8 -17.1
194412 8.490   1423702 4    9   38    5   21 0.391   4.7 133.0  22.6  -2.0
194412 8.490   1423803 4   29  189   85  550 0.984 112.4  55.9 -22.1 -79.1
194412 8.490  12200200 0    4   10    7   18 0.953 296.2 205.3  24.8  70.3
194412 9.463   1423702 4   18   86   10   48 0.437 338.4 132.3  23.5  10.1
194412 9.463   1423803 4   88  686  114  886 0.920 113.5  57.0 -21.7 -65.2
19441210.320   1423702 4   13  110    8   65 0.525 320.1 132.4  23.2  21.5
19441210.320   1423803 4  112  907  103  832 0.834 116.4  57.1 -22.1 -53.8
19441210.320  12200300 0    3   19    2   10 0.271 176.5 109.9 -16.3  -1.0
19441211.527   1423702 4   28  137   20   97 0.706 303.9 134.4  22.6  39.4
19441211.527   1423803 4  273 1485  185 1004 0.669 123.1  57.8 -22.0 -37.2
19441211.527   1423905 4   13   90   12   81 0.825 119.3  42.9 -24.3 -52.1
19441212.447   1423702 0   21  113   19  102 0.830 297.6 135.4  22.1  52.5
19441212.447   1423803 4  245 1687  147 1010 0.546 131.7  56.8 -22.1 -26.1
19441212.447   1423905 7   12   63    9   45 0.707 127.1  44.1 -25.9 -38.8
19441213.445   1423702 0   13   64   18   88 0.929 294.8 135.7  22.5  65.9
19441213.445   1423803 4  285 1626  157  893 0.409 150.9  57.4 -21.9 -12.4
19441213.445   1423905 7   20  111   13   70 0.597 134.7  41.7 -25.7 -28.1
19441213.445   1424001 0    1   33   10  168 0.995  69.0 346.4  20.8 -83.4
19441214.284   1423702 0    1   12    5   33 0.980 293.1 135.9  22.4  77.2
19441214.284   1423803 4  233 1535  125  822 0.353 174.5  56.6 -21.7  -2.1
19441214.284   1423905 7   17  125   10   71 0.466 150.9  44.2 -25.1 -14.5
19441214.284   1424001 0   24  139   48  270 0.966  68.2 345.3  20.7 -73.4
19441215.286   1423803 4  215 1230  117  667 0.381 206.2  55.9 -21.2  10.4
19441215.286   1423905 7    7   77    4   42 0.392 179.3  45.2 -24.3  -0.3
19441215.286   1424001 0   36  217   40  241 0.891  65.9 345.1  20.7 -60.4
19441216.315   1423803 4  125  979   74  576 0.522 229.2  57.0 -21.2  25.1
19441216.315   1424001 0   82  305   66  243 0.777  61.5 345.0  20.8 -46.9
19441217.333   1423803 4   95  662   64  444 0.662 238.4  55.8 -21.5  37.3
19441217.333   1424001 0   68  330   45  216 0.643  53.9 344.7  21.0 -33.8
19441217.333   1424102 4    3   11    2    7 0.576 343.7  29.5  32.1  11.0
19441217.333   1424202 4    1    8    1    5 0.477 337.1  30.3  24.6  11.8
19441217.333  12200400 0    4    5    3    4 0.730 243.9  62.7 -19.8  44.2
19441218.461   1423803 4   75  401   65  346 0.811 244.3  55.5 -21.6  51.8
19441218.461   1424001 0   76  417   44  240 0.495  38.4 344.4  21.3 -19.3
19441218.461   1424102 4   31  106   21   71 0.666 326.6  29.4  32.3  25.7
19441218.461   1424202 9   12   70    8   44 0.592 320.0  28.6  25.5  24.9
19441218.461   1424302 4    7   25    6   20 0.769 127.8 319.6 -29.3 -44.1
19441219.446   1423803 4   31  172   38  206 0.906 247.0  54.4 -21.5  63.7
19441219.446   1424001 0   69  367   38  201 0.404  15.4 344.1  21.2  -6.6
19441219.446   1424102 4   40  208   32  165 0.773 316.6  29.9  32.8  39.2
19441219.446   1424202 9   16   72   12   51 0.706 309.5  27.8  25.3  37.1
19441219.446   1424302 4   39  204   26  135 0.648 136.4 319.8 -29.5 -30.9
19441220.310   1423803 4   18  102   38  211 0.968 248.2  54.5 -21.6  75.2
19441220.310   1424001 0   67  425   37  232 0.403 349.8 343.7  21.5   4.4
19441220.310   1424102 4   26  134   27  135 0.866 310.7  31.0  33.2  51.7
19441220.310   1424202 9    8   38    7   33 0.808 303.3  27.5  25.1  48.2
19441220.310   1424302 4   23  130   14   78 0.546 147.9 319.9 -29.3 -19.4
19441220.310   1424405 0    0    5    0    9 0.948  95.7 267.7  -6.0 -71.6
19441221.287   1423803 4    0   14    0   44 0.984 245.6  46.2 -24.4  79.8
19441221.287   1424001 0   68  350   39  199 0.477 325.4 343.3  21.2  16.9
19441221.287   1424102 4    9   84   13  122 0.937 305.7  30.6  32.3  64.2
19441221.287   1424202 9    0    9    0   13 0.927 296.4  31.3  23.5  64.9
19441221.287   1424302 4   24  155   14   88 0.467 167.8 319.9 -29.1  -6.5
19441221.287   1424405 0    2    6    2    6 0.853  95.9 267.8  -6.1 -58.6
19441221.287   1424502 7    9   71   20  147 0.969  63.6 253.2  25.0 -73.2
19441222.284   1424001 0   63  306   40  192 0.603 310.9 342.6  21.4  29.3
19441222.284   1424102 4    7   35   29  134 0.991 302.9  32.6  32.2  79.3
19441222.284   1424302 4   35  137   20   78 0.467 194.9 321.2 -28.9   7.9
19441222.284   1424405 0    4   15    3   11 0.712  96.3 267.9  -6.0 -45.4
19441222.284   1424502 7   20  105   24  125 0.906  60.5 252.5  25.5 -60.8
19441223.427   1424001 0   60  275   46  210 0.752 301.2 341.9  21.3  43.7
19441223.427   1424302 4   25  180   16  112 0.590 219.2 323.5 -29.2  25.3
19441223.427   1424506 7   40  183   33  151 0.793  55.6 252.0  25.1 -46.2
19441223.427   1424605 0    3   30    2   18 0.544 204.9 313.8 -31.7  15.6
19441224.455   1424001 0   42  231   43  235 0.869 295.7 341.6  20.9  56.9
19441224.455   1424302 4   45  303   33  220 0.720 229.7 323.9 -29.6  39.2
19441224.455   1424502 8   38  223   26  149 0.662  47.1 252.4  24.8 -32.3
19441224.455   1424605 0    4   21    3   14 0.615 215.9 309.9 -32.0  25.2
19441225.605   1424001 0   28  152   55  290 0.964 292.8 342.0  21.2  72.4
19441225.605   1424302 4   78  478   71  430 0.828 235.5 321.2 -29.5  51.6
19441225.605   1424502 8   64  386   39  232 0.553  33.7 249.8  25.1 -19.8
19441226.317   1424001 0    9   50   41  212 0.993 291.3 341.8  20.8  81.6
19441226.317   1424302 4   38  263   44  298 0.894 238.0 320.9 -29.6  60.7
19441226.317   1424502 8   63  353   37  205 0.507  20.5 248.8  25.8 -11.4
19441226.317   1424605 0    0    6    0    6 0.839 231.1 311.7 -33.4  51.5
19441227.341   1424302 4   22  120   40  217 0.960 240.0 319.5 -29.5  72.8
19441227.341   1424502 8   56  323   32  184 0.481 357.4 248.1  26.0   1.4
19441227.341   1424605 0    0    5    0    8 0.927 235.3 312.1 -33.0  65.4
19441227.341   1424702 9    1   15    1    8 0.316 332.6 255.3  13.6   8.6
19441228.285   1424302 4    4   25   13   78 0.986 240.7 314.8 -29.4  80.5
19441228.285   1424502 8   33  201   20  119 0.533 335.2 248.7  26.2  14.4
19441228.285   1424702 9    5   35    3   20 0.441 309.4 254.8  13.6  20.5
19441229.331   1424502 8   26  124   17   81 0.640 318.8 248.5  26.2  28.0
19441230.289   1424502 8   10   87    8   67 0.757 307.9 249.3  25.4  41.4
19441231.471   1424502 0    9   31   10   35 0.892 300.3 250.5  25.1  58.2
