1954 111.440  13420100 0    0    9    0    6 0.584  88.6 187.6  -2.7 -35.8
1954 118.386  13420200 0    0    4    0    4 0.829 133.1  81.9 -37.8 -50.0
1954 124.409  13420300 0    3   21    2   12 0.435  56.0  31.2   8.9 -21.4
1954 2 9.293   1712502 2    7   33    6   26 0.756 322.4 236.2  31.3  32.7
1954 210.429   1712502 0    0    8    0    8 0.846 314.1 234.0  31.5  45.4
1954 211.304   1712502 0    0    3    0    5 0.922 307.6 235.3  30.9  58.3
1954 3 1.372   1712602 0    4   21    3   15 0.696 242.6 341.7 -24.1  42.6
1954 3 2.360   1712602 2   34  180   31  161 0.826 245.3 341.6 -24.4  55.5
1954 3 3.304   1712602 2   16  113   23  155 0.930 247.3 343.1 -23.7  69.5
1954 3 4.380   1712602 2    4   27   14   88 0.987 246.9 342.7 -23.8  83.2
1954 312.600   1712702 6    5   34    6   36 0.873  96.2  89.7  -8.9 -61.5
1954 313.303   1712702 6   86  374   69  299 0.779  95.8  90.2  -9.0 -51.7
1954 314.456   1712702 6  149  833   91  507 0.566  94.6  91.9  -8.5 -34.8
1954 315.302   1712702 6  177 1147   97  627 0.402  94.4  91.6  -8.3 -23.9
1954 316.307   1712702 6  235 1396  120  712 0.194  96.9  91.1  -8.3 -11.2
1954 317.409   1712702 6  243 1168  122  585 0.045 236.7  90.0  -8.5   2.2
1954 317.409   1712805 0    1    8    2    9 0.874  76.8  28.6   7.9 -59.2
1954 318.303   1712702 6  166  899   86  464 0.247 264.0  90.4  -8.3  14.4
1954 318.303   1712805 0    0    3    0    3 0.773  75.3  27.2   6.7 -48.8
1954 319.303   1712702 6  153  732   88  419 0.484 266.6  92.0  -7.8  29.2
1954 319.303   1712805 0    4   12    3    8 0.621  69.7  26.9   6.8 -35.9
1954 320.305   1712702 6   87  463   59  311 0.664 265.3  91.6  -8.3  42.0
1954 321.420   1712702 6   39  323   36  296 0.836 265.0  92.1  -8.0  57.2
1954 322.645   1712702 6   14   91   27  175 0.964 265.1  93.9  -6.5  75.2
1954 323.406   1712702 6    0    3    0   10 0.980 261.4  88.2  -9.7  79.5
1954 4 6.344   1712901 9    0    3    0   14 0.989  94.4 102.7  -5.2 -82.1
1954 4 7.333   1712901 9    1   16    3   25 0.943  93.2 100.9  -5.0 -70.9
1954 4 8.391   1712901 9    4   19    4   17 0.820  91.9 102.4  -5.0 -55.4
1954 4 9.398   1712901 9    1    9    1    6 0.642  90.1 104.4  -4.6 -40.1
1954 4 9.398  13450100 0    0    1    0    1 0.520 278.2 175.5  -0.8  31.0
1954 415.433   1713002 0    1    9    1    6 0.634 271.8 104.3  -3.1  39.4
1954 416.273   1713002 0    3   20    3   16 0.774 270.8 104.6  -2.8  50.8
1954 420.302  13450200 0    1   17    1   10 0.519 290.3  29.9   6.0  29.3
1954 5 9.304  13460100 0    0    6    0   14 0.969 305.5 180.0  33.3  70.6
1954 514.108  13460200 0    5   21    3   11 0.132   4.5  45.3   5.0  -0.6
1954 6 1.633   1713101 2    5   22    3   13 0.492 299.4 187.0  13.6  26.2
1954 6 2.343   1713101 2    4   21    3   14 0.616 292.7 187.2  13.5  35.8
1954 6 3.531   1713101 0    0    8    0    7 0.788 288.4 186.2  14.3  50.5
1954 6 4.301   1713101 0    0    5    1    6 0.894 285.3 188.0  13.6  62.5
1954 6 4.301  13470100 0    0    9    0    9 0.860 303.8 179.9  28.5  54.4
1954 622.405  13480100 0    0    5    0    6 0.893 282.2 308.9  11.8  63.1
1954 7 3.337  13480200 0    7   35    6   28 0.777 120.5  55.4 -20.9 -45.8
1954 7 8.311   1713201 0    1   14    1    8 0.463 319.4  54.7  24.2  19.3
1954 7 9.335   1713201 0    1   11    1    7 0.613 305.4  55.0  24.1  33.2
1954 712.334   1713302 0    1   13    1    8 0.490 320.3   2.5  26.1  20.4
1954 713.299   1713302 2    4   37    3   24 0.621 308.1   2.4  26.2  33.0
1954 714.540   1713302 0    4   23    4   20 0.815 298.4   5.6  25.5  52.6
1954 714.540  13490100 0    1    8    1    5 0.526 267.0 344.6   2.2  31.7
1954 715.305   1713302 0    5   29    6   35 0.903 295.6   6.8  25.0  64.0
1954 716.448   1713302 0    1   10    5   28 0.981 295.4   7.5  25.8  79.8
1954 716.448   1713402 2    7   23    4   12 0.076  10.5 286.9   8.9  -0.8
1954 717.239   1713402 2    5   35    3   18 0.185 293.6 287.1   8.9   9.9
1954 725.331   1713502 9   10   61   11   64 0.877  82.8 108.5   8.9 -61.7
1954 726.712   1713502 9    5   40    4   28 0.680  83.1 108.8   8.7 -43.1
1954 727.303   1713502 9    1   17    1   11 0.609  83.3 106.4   8.5 -37.7
1954 728.302   1713502 9    1   14    1    8 0.411  83.0 106.6   8.0 -24.3
1954 729.354   1713502 9    0   25    0   13 0.128  68.1 110.0   8.4  -6.9
1954 730.337   1713502 9    3   19    2   10 0.089 305.2 108.1   8.7   4.2
1954 8 1.513   1713601 0    8   43   25  127 0.984  65.5 353.7  25.1 -81.5
1954 8 2.329   1713601 2   16   86   26  136 0.946  64.9 352.5  25.7 -71.9
1954 8 3.431   1713601 0   16  115   15  107 0.840  64.3 353.3  24.8 -56.5
1954 8 4.338   1713601 0   24  113   18   83 0.726  61.4 353.2  24.8 -44.6
1954 8 5.446   1713601 0   19  108   12   66 0.564  53.1 353.3  25.2 -29.9
1954 8 6.658   1713601 0   33  202   18  110 0.393  32.7 353.5  25.4 -13.6
1954 8 7.421   1713601 0   28  135   15   72 0.335   8.1 354.0  25.7  -3.0
1954 8 8.400   1713601 0    7   48    4   26 0.357 331.2 355.0  24.5  10.9
1954 8 9.616   1713601 0    8   57    5   34 0.530 307.4 355.6  24.5  27.6
1954 8 9.616   1713702 4   27  112   16   65 0.495 169.0 322.1 -22.7  -5.9
1954 810.282   1713702 4   43  223   25  128 0.489 186.6 322.7 -22.6   3.5
1954 811.414   1713702 4   46  198   28  120 0.559 211.5 322.6 -22.3  18.4
1954 812.323   1713702 4   37  179   25  119 0.651 225.0 321.9 -21.7  29.7
1954 813.424   1713702 4    4   36    4   31 0.807 236.2 324.1 -22.2  46.4
1954 814.310   1713702 4    0    5    0    6 0.897 240.8 324.0 -22.5  58.0
1954 821.313   1713802 4    7   36    5   23 0.606 186.3 177.8 -30.1   4.4
1954 822.292   1713802 4   41  149   27   98 0.645 201.1 176.1 -30.3  15.6
1954 823.327   1713802 4   50  256   37  187 0.725 215.1 175.7 -30.3  28.9
1954 824.465   1713802 4   41  179   37  162 0.830 226.1 175.5 -30.2  43.8
1954 825.343   1713802 4   13   62   16   73 0.901 231.4 174.7 -30.3  54.6
1954 826.324   1713802 4    2    8    4   16 0.960 233.3 172.8 -32.3  65.6
1954 827.318  13500100 0    1   12    1    8 0.616 107.3  57.8  -4.8 -36.2
1954 9 4.716   1713901 2    2   14    3   21 0.940 117.3 278.3 -22.6 -64.8
1954 9 4.716  13510100 0    0    4    0    8 0.955 291.7  57.3  22.8  74.2
1954 9 5.429   1713901 0    0    1    0    2 0.911 120.5 274.5 -24.0 -59.2
1954 9 6.322   1713901 0    0    4    0    4 0.803 125.2 276.6 -22.6 -45.3
1954 913.301   1713901 0    0    5    0    5 0.841 234.6 278.7 -24.5  48.9
1954 914.305   1713901 0    0    6    0    9 0.930 241.1 279.1 -23.6  62.6
1954 915.430   1714005 0    0    7    0    4 0.312 355.1 203.3  25.3   1.7
1954 916.455   1714005 2    0   12    0    7 0.401 323.1 203.6  25.6  15.5
1954 917.370   1714005 0    0    3    0    2 0.518 307.1 203.0  24.6  27.0
1954 925.324  13510200 0    0    4    0    5 0.910 135.0  18.2 -36.1 -52.8
195410 2.410   1714101 9    0    6    0   23 0.989  58.2 253.4  32.3 -84.1
195410 2.410  13520100 0    2   13    2   11 0.795 311.3  25.3  36.2  47.8
195410 3.340   1714101 9    1   17    3   28 0.947  57.7 253.5  32.6 -71.8
195410 3.340  13520200 0    3   18    2   11 0.556 219.0 347.0 -19.6  21.8
195410 4.344   1714205 9    0    3    0   16 0.992  53.7 226.0  36.7 -86.0
195410 5.333   1714205 9    0    6    0    8 0.921  53.6 232.8  35.9 -66.2
19541012.343   1714101 0    0   13    0   10 0.748 308.1 250.4  31.9  43.9
19541012.343   1714301 9    0    7    0    5 0.660 165.0 194.6 -33.8 -11.9
19541012.343   1714402 2    0   14    0   19 0.925  80.9 138.2  10.7 -68.3
19541013.351   1714301 9    6   36    4   24 0.648 178.9 192.3 -34.5  -0.9
19541014.424   1714301 9    4   35    3   24 0.674 195.8 191.9 -34.8  12.9
19541014.424   1714402 0    1    8    1    5 0.571  77.5 144.3  11.9 -34.7
19541014.424   1714502 2    3   16    4   17 0.868  63.1 119.4  26.2 -59.6
19541015.607   1714301 9    7   30    6   23 0.747 210.2 190.8 -35.2  27.4
19541015.607   1714502 2   12   50    9   37 0.726  58.9 119.5  26.2 -43.9
19541016.305   1714301 9    4   20    4   18 0.815 218.9 192.9 -35.0  38.7
19541016.305   1714502 2   14   61    9   39 0.619  54.3 120.2  25.9 -34.0
19541016.305   1714601 0    0   10    0    9 0.814 120.6 105.6 -20.8 -48.6
19541017.493   1714301 9    0    3    0    5 0.921 228.9 195.8 -34.4  57.2
19541017.493   1714502 0    1   12    1    7 0.427  37.6 121.9  25.1 -16.7
19541017.493   1714601 0    0    8    0    6 0.658 130.6 106.3 -20.7 -32.3
19541018.303   1714701 0    0    8    0   34 0.992  58.0  43.1  32.4 -84.8
19541019.396   1714701 0    3   11    6   17 0.945  57.8  42.7  32.1 -70.8
19541020.464   1714701 0    7   15    7   15 0.864  55.9  41.9  31.9 -57.5
19541021.579   1714701 0    9   13    7   10 0.746  51.3  41.5  31.7 -43.2
19541022.400   1714701 0    9   22    6   15 0.648  45.4  41.1  31.4 -32.7
19541023.432   1714701 0    3   20    2   12 0.536  32.6  40.4  31.6 -19.8
19541024.591   1714701 0    8   21    5   12 0.454   9.8  39.7  31.5  -5.2
19541025.449   1714701 0    7   26    4   15 0.458 350.3  38.8  31.7   5.2
19541026.348   1714701 0    3   20    2   12 0.516 332.8  37.9  31.9  16.1
195411 5.381   1714802 0    1    8    1    5 0.535 313.4 274.9  25.0  25.4
195411 6.386   1714802 0    7   44    5   30 0.677 304.4 274.4  25.4  38.2
195411 8.320   1714802 0    3   18    5   25 0.924 296.9 277.3  26.1  66.6
195411 9.378   1714802 2    0    8    0   21 0.977 296.1 274.8  26.2  78.0
195411 9.378   1714901 2    2   18    2   17 0.846 297.8 252.6  25.1  55.8
195411 9.378   1715002 2    9   53    6   33 0.585 180.9 197.4 -32.5   0.6
19541110.385   1714901 0    4   12    7   21 0.952 295.4 255.3  25.1  71.8
19541110.385   1715002 2   36  304   23  193 0.608 196.6 195.4 -32.5  11.9
19541110.385   1715102 9    3   31    2   17 0.405 358.5 184.2  27.1   0.7
19541110.385   1715201 0    4   30    8   61 0.967 112.9 110.7 -21.2 -72.8
19541111.300   1715002 2   49  359   33  241 0.663 207.6 192.9 -33.1  21.5
19541111.300   1715201 0   12   82   15   99 0.908 114.5 109.4 -20.7 -62.0
19541111.300  13530100 0    0   10    0   14 0.921  84.5 104.2   6.3 -67.2
19541112.513   1715002 2   55  350   43  272 0.761 220.8 191.7 -32.8  36.3
19541112.513   1715102 9    4   39    3   24 0.577 315.8 182.3  27.1  26.9
19541112.513   1715201 0    8   34    7   28 0.783 119.6 108.7 -20.7 -46.7
19541113.394   1715002 2   43  243   40  223 0.835 226.7 190.2 -33.0  46.4
19541113.394   1715201 0    4   22    3   15 0.665 126.4 108.8 -20.9 -35.0
19541113.394   1715302 2    6   38    4   22 0.486 346.3 151.5  31.0   7.7
19541114.410   1715002 2   22  121   26  143 0.903 231.2 187.5 -33.0  57.1
19541114.410   1715201 0    1    8    1    5 0.531 139.0 108.5 -21.1 -21.9
19541114.410   1715302 2    6   37    4   23 0.565 327.0 151.4  30.8  21.0
19541115.418   1715002 2   14   81   30  171 0.969 235.0 188.2 -33.0  71.1
19541115.418   1715102 9    0    4    0    5 0.912 298.8 181.1  27.2  64.0
19541117.434   1715402 2    2   12    3   13 0.864 132.5  40.2 -34.2 -50.4
19541118.480   1715402 0    0    3    0    3 0.751 138.7  40.8 -32.5 -36.0
19541119.291   1715402 0    1   14    1   10 0.690 146.4  38.9 -33.2 -27.2
195412 1.461  13540100 0    0    8    0    8 0.824 237.5 316.3 -25.9  50.6
19541215.465   1715502 1   63  296   39  182 0.580 358.9  82.0  34.3   0.8
19541216.430   1715502 1  112  540   71  341 0.610 341.5  81.9  34.1  13.5
19541217.588   1715502 1   96  465   67  323 0.692 325.6  81.2  33.6  28.0
19541218.412   1715502 1   93  452   74  359 0.776 317.0  81.6  33.4  39.3
19541218.412   1715602 9    5   36    8   52 0.934  63.0 336.2  24.5 -66.1
19541219.308   1715502 1   48  358   47  350 0.858 311.6  81.0  33.7  50.5
19541219.308   1715602 9    5   44    6   45 0.866  60.3 334.7  24.5 -55.8
19541220.440   1715502 1   48  235   70  343 0.938 306.7  79.8  33.3  64.2
19541220.440   1715602 9    8   49    6   36 0.725  53.6 335.9  24.1 -39.7
19541221.299   1715502 1   26  120   70  318 0.982 304.4  79.8  33.2  75.5
19541222.446   1715602 9    3   19    2   11 0.466  20.8 338.8  23.8 -10.4
19541223.427   1715602 9   16  142    9   79 0.439 356.0 338.2  23.8   1.9
19541224.401   1715602 9   13   98    8   57 0.499 328.6 339.8  23.0  16.4
19541225.322   1715602 9    6   26    4   17 0.610 313.9 339.8  22.9  28.5
19541226.101   1715602 9    5   23    4   17 0.715 305.1 340.2  22.3  39.2
19541229.342   1715702 6   11   62    6   34 0.376 157.0 249.2 -23.1  -9.2
19541230.278   1715702 6   95  525   51  282 0.357 192.2 250.7 -23.4   4.7
19541231.277   1715702 6  116  781   65  437 0.444 218.8 250.5 -23.2  17.6
