1953 1 1.426   1706202 9   44  240   25  135 0.454  56.0 110.3  11.7 -22.6
1953 1 1.426  13280100 0    7   30    6   24 0.771 287.8 181.3  11.5  48.5
1953 1 2.301   1706202 9   43  264   23  139 0.313  31.4 111.7  12.2  -9.6
1953 1 3.407   1706202 9   38  191   20  100 0.291 341.9 112.1  12.6   5.3
1953 1 4.291   1706202 9   25  111   14   61 0.406 313.1 112.8  12.7  17.7
1953 1 4.291   1706402 4   17   95   27  151 0.947  68.2  26.3  19.3 -68.8
1953 1 5.511   1706202 9   19   94   12   59 0.593 298.8 111.4  13.5  32.3
1953 1 5.511   1706402 4   44  233   43  224 0.851  65.5  24.3  18.6 -54.8
1953 1 6.288   1706202 9   23  164   16  114 0.690 292.6 109.5  12.5  40.7
1953 1 6.288   1706402 4   36  240   28  185 0.758  60.0  24.6  19.6 -44.2
1953 1 6.288   1706501 2   11   81   24  168 0.969  86.7 353.2   2.3 -75.6
1953 1 7.297   1706202 9    9   49    9   46 0.840 287.6 110.6  12.5  55.1
1953 1 7.297   1706402 4   67  357   43  228 0.620  51.3  24.6  19.5 -30.9
1953 1 7.297   1706501 2   24  138   27  152 0.890  85.4 352.9   2.3 -62.6
1953 1 8.503   1706402 4  106  474   60  268 0.465  32.2  24.5  19.3 -15.2
1953 1 8.503   1706501 2   51  242   38  179 0.734  83.3 352.9   2.2 -46.8
1953 1 8.503   1706601 0    3   29   10   78 0.981  80.4 321.6   8.6 -78.1
1953 1 8.503  13280200 0    0    8    0   27 0.986  96.8 318.8  -7.4 -80.8
1953 1 9.297   1706402 4   74  462   41  253 0.405  10.3  24.8  19.4  -4.4
1953 1 9.297   1706501 2   52  285   33  178 0.594  80.8 353.3   2.1 -35.9
1953 1 9.297   1706601 0    3   11    5   16 0.932  79.0 321.5   8.7 -67.7
1953 1 9.297   1706702 1   13  104   35  277 0.981  96.4 310.0  -7.1 -79.2
1953 110.464   1706402 4   83  437   46  242 0.428 337.2  23.9  19.1  10.1
1953 110.464   1706501 2   55  310   30  167 0.371  73.2 353.0   2.2 -20.8
1953 110.464   1706702 1   71  350   80  391 0.892  96.0 310.4  -7.3 -63.4
1953 110.464   1706801 0    3   35   14  127 0.989 100.0 291.7 -10.5 -82.1
1953 111.415   1706402 4   47  281   28  166 0.531 318.5  23.2  19.4  21.9
1953 111.415   1706501 2   60  304   31  155 0.183  51.2 353.1   2.3  -8.2
1953 111.415   1706702 1   89  508   70  399 0.768  95.9 310.9  -7.3 -50.4
1953 111.415   1706801 0   21  101   31  146 0.936  99.6 291.4 -10.5 -69.9
1953 112.496   1706402 4   33  192   23  133 0.689 303.9  24.3  19.1  37.2
1953 112.496   1706501 2   57  260   29  132 0.159 319.9 353.0   2.6   5.9
1953 112.496   1706702 1   99  594   61  366 0.581  96.2 311.5  -7.2 -35.6
1953 112.496   1706801 0   31  157   28  142 0.829  99.6 290.9 -10.4 -56.2
1953 113.282   1706402 4   14   66   12   57 0.808 297.5  26.0  19.0  49.3
1953 113.282   1706501 2   45  203   24  107 0.302 293.6 352.8   2.6  16.1
1953 113.282   1706702 1   99  521   55  289 0.429  97.9 311.3  -7.5 -25.4
1953 113.282   1706801 0   24  187   18  135 0.718 100.2 290.8 -10.5 -45.9
1953 114.514   1706402 4   13   51   19   75 0.938 292.0  27.2  18.8  66.7
1953 114.514   1706501 2   51  217   31  130 0.544 282.0 352.7   2.6  32.2
1953 114.514   1706702 1  140  670   71  340 0.166 109.7 311.4  -7.8  -9.1
1953 114.514   1706801 0   51  233   30  135 0.497 102.9 291.0 -10.4 -29.5
1953 115.284   1706402 4    0    4    0   13 0.987 291.3  28.8  20.1  78.4
1953 115.284   1706501 2   30  149   21  102 0.680 278.8 352.7   2.5  42.3
1953 115.284   1706702 1   63  411   32  206 0.055 198.5 311.4  -7.7   1.0
1953 115.284   1706801 0   28  270   15  144 0.341 106.7 291.0 -10.1 -19.4
1953 115.284   1706905 0    5   21    3   11 0.276 295.7 324.8   2.3  14.4
1953 115.284   1707002 9    3   23    2   13 0.441 101.5 284.4  -9.3 -26.0
1953 116.291   1706501 2   23  131   21  119 0.831 276.3 352.9   2.5  55.8
1953 116.291   1706702 1   52  313   27  163 0.267 256.3 312.3  -8.3  15.2
1953 116.291   1706801 0   45  251   23  127 0.141 133.0 291.1 -10.3  -6.0
1953 116.291   1707002 9   11   83    6   43 0.226 109.3 284.6  -9.0 -12.5
1953 117.287   1706501 2   14   70   21   99 0.934 274.4 352.7   2.3  68.7
1953 117.287   1706702 1   41  231   24  133 0.488 262.0 313.2  -8.2  29.2
1953 117.287   1706801 0   55  227   28  115 0.151 231.4 290.9 -10.3   6.9
1953 117.287   1707002 9    7   19    4   10 0.075 211.7 286.3  -8.6   2.3
1953 118.520   1706501 2    1   14    6   47 0.994 272.0 351.4   1.4  83.6
1953 118.520   1706702 0   21   92   16   68 0.727 264.0 314.7  -7.8  46.9
1953 118.520   1706801 0   25  188   14  103 0.401 256.2 291.1 -10.1  23.3
1953 118.520   1706905 0    0    4    0    4 0.839 276.6 324.3   2.8  56.5
1953 118.520   1707002 9   11   38    6   20 0.298 257.8 284.9  -8.4  17.1
1953 119.588   1706702 0   12   51   13   53 0.872 263.8 314.8  -7.9  61.1
1953 119.588   1706801 0   25  135   16   85 0.603 260.0 290.8 -10.1  37.1
1953 119.588   1706905 0    1    3    2    7 0.962 273.9 327.5   2.3  73.8
1953 119.588   1707002 9    0   11    0    7 0.555 262.9 287.5  -8.2  33.8
1953 120.415   1706702 0    5   30   10   53 0.949 263.5 315.0  -7.8  72.2
1953 120.415   1706801 0   21   92   16   69 0.743 261.2 291.0 -10.0  48.2
1953 121.293   1706801 0   12  117   12  114 0.854 261.7 290.4  -9.8  59.1
1953 122.408   1706801 0    8   39   14   68 0.956 261.5 290.1  -9.7  73.5
1953 122.408   1707102 2    5   29    4   20 0.678  67.7 176.9  10.8 -39.7
1953 123.414   1707102 2   13   36    8   21 0.498  56.3 178.3  11.1 -25.0
1953 124.442   1707102 0    9   32    5   17 0.324  32.9 179.5  10.3 -10.3
1953 2 2.432   1707201 0    4   16    9   37 0.973  85.5 355.2   2.9 -76.2
1953 2 3.295   1707201 0    4   35    5   44 0.913  83.7 354.7   3.2 -65.4
1953 2 4.363   1707201 0    8   53    7   44 0.795  81.2 354.1   3.1 -51.9
1953 2 5.399   1707201 0   12   64    8   42 0.633  77.4 354.2   2.9 -38.2
1953 2 6.398   1707201 0    8   35    5   20 0.450  70.5 354.1   2.8 -25.1
1953 2 6.398  13290100 0    0    9    0   11 0.906  79.3 315.5   6.9 -63.7
1953 2 7.457   1707201 0   13   46    7   24 0.248  50.3 354.3   2.7 -11.0
1953 2 7.457  13290200 0    3   22    3   17 0.750  94.9 316.3  -8.0 -49.0
1953 2 8.397   1707201 0    3   25    2   13 0.166 352.8 354.1   2.9   1.2
1953 2 9.348   1707201 0    7   42    4   22 0.281 304.0 353.9   2.6  13.5
1953 2 9.348   1707301 0    0    3    0    2 0.220  23.8 335.3   5.0  -5.1
1953 210.293   1707201 0    1   12    1    7 0.464 289.3 353.9   2.8  26.0
1953 211.414   1707201 0    4   13    3    9 0.670 282.1 354.2   3.0  41.0
1953 211.414   1707301 0    0    3    0    2 0.380 296.7 333.1   3.5  19.9
1953 3 5.463  13300100 0    3   12    2    7 0.378 265.0  45.1  -8.6  22.4
1953 3 5.463  13300200 0    0    9    0    5 0.166 129.1  15.1 -13.2  -7.6
1953 3 8.423  13310100 0    1    8    1    5 0.446 265.5  10.5  -8.5  26.7
1953 312.398  13310200 0    0    1    0    2 0.890 286.8 351.7  11.4  60.4
1953 313.472  13310300 0    4   25    4   22 0.814 284.2 329.9   7.2  52.7
1953 315.384   1707401 7    3   27    2   14 0.095 168.7 250.9 -12.5  -1.1
1953 316.344   1707401 0    0    3    0    2 0.176 233.1 247.7 -13.1   8.3
1953 318.304   1707501 1    3   27   13   92 0.988 104.4 130.7 -15.2 -82.8
1953 319.635   1707501 1   26  105   31  122 0.900 103.2 130.9 -14.9 -65.1
1953 320.472   1707501 0   26  114   22   94 0.791 103.5 132.2 -14.9 -52.8
1953 321.363   1707501 0   30  159   20  105 0.648 104.7 132.8 -14.8 -40.4
1953 322.465   1707501 0   32  137   18   77 0.455 110.1 132.4 -15.2 -26.3
1953 323.489   1707501 0   21  102   11   53 0.257 124.2 132.5 -15.0 -12.7
1953 324.441   1707501 0    7   27    4   14 0.144 179.3 132.5 -15.1  -0.1
1953 325.340   1707501 0    3   23    2   12 0.246 233.9 132.7 -15.0  11.9
1953 327.364   1707602 9    5   27    3   15 0.372  28.3  83.7  12.5 -10.4
1953 327.364   1707701 0    6   35   19   96 0.982  78.7  16.3   9.7 -77.8
1953 328.305   1707602 9    7   52    4   28 0.333 352.4  84.3  12.6   2.6
1953 328.305   1707701 0   16   91   21  117 0.920  76.0  16.7  10.1 -65.0
1953 328.305   1707801 0    2    6    4   11 0.961  96.3   7.1  -7.9 -74.6
1953 329.314   1707701 0   26  124   22  105 0.802  72.0  17.6  10.2 -50.8
1953 329.314   1707801 0    6   29    6   29 0.860  95.6   8.5  -8.2 -59.9
1953 330.683   1707602 9   13  112    9   74 0.647 298.0  86.1  12.4  35.8
1953 330.683   1707701 2   24  173   15  108 0.594  62.5  17.9  10.4 -32.4
1953 330.683   1707801 0    4   18    3   12 0.647  95.4   9.7  -8.5 -40.6
1953 330.683   1707905 0    0   15    0   13 0.797  98.2 357.0 -10.5 -53.3
1953 330.683   1708002 7   42  327   52  399 0.910  87.1 344.9  -0.1 -65.4
1953 331.343   1707602 9   13   64   10   48 0.736 294.2  85.1  12.9  43.5
1953 331.343   1707701 0   17   87   10   50 0.478  53.9  18.5  10.4 -23.1
1953 331.343   1707801 0    3   10    2    6 0.528  95.7   9.5  -8.5 -32.1
1953 331.343   1707905 0    0    4    0    3 0.692  97.8 357.5 -10.1 -44.1
1953 331.343   1708002 7   62  476   58  440 0.838  85.5 344.9   0.2 -56.7
1953 4 1.344   1707602 9    0    4    0    4 0.851 291.0  83.4  14.1  55.0
1953 4 1.344   1707701 2   14   65    8   35 0.346  33.2  17.3  10.5 -11.1
1953 4 1.344   1707801 0    1   13    1    7 0.339  96.6   8.5  -8.3 -19.9
1953 4 1.344   1708002 7   76  474   54  333 0.700  82.9 344.4   0.3 -44.0
1953 4 2.314   1707701 2    9   48    5   25 0.269   1.5  15.2   9.2  -0.4
1953 4 2.314   1708002 7   91  540   54  320 0.533  79.2 344.0   0.3 -31.6
1953 4 2.314   1708101 2   21   74   11   38 0.222 105.8   3.1  -9.7 -12.5
1953 4 3.372   1707701 0    3   18    2   10 0.419 312.1  20.0  10.3  18.4
1953 4 3.372   1708002 7  108  654   57  344 0.307  66.7 345.2   0.9 -16.4
1953 4 3.372   1708101 2   15   91    8   46 0.065 211.8   3.6  -9.5   2.0
1953 4 3.372   1708202 9    8   55    5   31 0.445  67.9 337.2   3.9 -24.4
1953 4 4.369   1707701 0    3   17    2   11 0.590 297.3  20.7  10.4  32.2
1953 4 4.369   1708002 7  136  784   69  396 0.136  17.2 346.2   1.2  -2.3
1953 4 4.369   1708101 2    5   21    3   11 0.282 257.2   4.7  -9.6  16.2
1953 4 4.369   1708202 9    3   36    2   19 0.270  49.8 336.6   3.9 -11.9
1953 4 5.605   1707701 0    3   17    3   14 0.778 287.3  21.0   9.3  48.8
1953 4 5.605   1708002 7   90  483   47  252 0.277 299.3 346.2   1.8  14.0
1953 4 5.605   1708202 9    3   17    2    9 0.195 331.7 337.5   3.7   5.3
1953 4 6.351   1708002 7   74  384   41  212 0.417 288.0 345.7   1.8  23.4
1953 4 6.351   1708202 9   21  120   11   63 0.287 305.8 335.8   3.7  13.5
1953 4 7.340   1708002 7   44  259   28  162 0.598 282.0 345.1   2.2  35.8
1953 4 7.340   1708101 9    3   30    3   25 0.792 263.9   2.1  -8.5  52.8
1953 4 7.340   1708202 9   38  196   22  112 0.478 289.1 336.2   3.6  26.9
1953 4 8.340   1708002 7   42  209   33  164 0.768 278.2 345.6   2.4  49.5
1953 4 8.340   1708101 9    3   30    5   39 0.918 264.2   3.2  -7.7  67.1
1953 4 8.340   1708202 9   78  407   53  275 0.670 281.6 337.2   3.2  41.1
1953 4 9.513   1708002 0   22   73   24   79 0.884 274.7 342.4   1.4  61.8
1953 4 9.513   1708202 9   71  492   67  462 0.844 278.0 337.5   3.5  56.9
1953 410.374   1708002 0    3   26    7   48 0.959 273.3 342.4   1.5  73.2
1953 410.374   1708202 9   55  352   79  501 0.934 275.7 337.8   3.2  68.6
1953 411.343   1708202 9   17   97   54  302 0.986 273.8 336.6   2.8  80.2
1953 418.367  13320100 0    2    6    2    6 0.835  75.7 108.6   8.9 -55.0
1953 422.316   1708302 6   21  147   57  391 0.981  78.0  33.9  10.8 -77.6
1953 423.358   1708302 6   76  604   97  766 0.917  76.5  32.8  10.4 -65.0
1953 423.358   1708401 2    4   17   20   73 0.992  98.1  14.3  -8.6 -83.5
1953 424.361   1708302 6  150  834  125  694 0.796  73.4  33.7  10.2 -50.8
1953 424.361   1708401 2   10   37   15   56 0.941  96.7  13.9  -7.9 -70.6
1953 425.313   1708302 6  150  865  101  581 0.664  68.1  33.1  10.8 -38.8
1953 425.313   1708401 2    7   36    7   34 0.846  96.6  13.8  -8.0 -58.1
1953 425.313   1708501 2    5   16    7   22 0.930  97.3   3.1  -8.5 -68.8
1953 426.319   1708302 6  168  871   96  497 0.478  57.7  34.3  10.7 -24.3
1953 426.319   1708401 2    5   27    4   19 0.694  97.2  14.5  -8.2 -44.1
1953 426.319   1708501 0    2    8    2    8 0.833  97.5   1.9  -8.7 -56.7
1953 426.319   1708601 0   13   93   30  202 0.972  85.4 342.6   3.4 -76.0
1953 427.649   1708302 6  248 1885  130  986 0.290  25.8  33.7  10.8  -7.4
1953 427.649   1708401 2    7   24    4   14 0.465 101.0  13.6  -9.0 -27.5
1953 427.649   1708501 0    1    9    1    6 0.622  98.3   2.6  -8.6 -38.5
1953 427.649   1708601 0   27  172   26  165 0.850  83.4 343.3   3.3 -57.8
1953 428.422   1708302 6  277 1842  144  957 0.269 350.8  33.3  11.1   2.5
1953 428.422   1708401 0    1   15    1    8 0.331 106.3  12.0  -9.4 -18.8
1953 428.422   1708601 0   41  207   31  156 0.746  81.7 343.1   3.3 -47.7
1953 428.422   1708705 0    0    9    0    5 0.224 107.2  18.3  -8.0 -12.5
1953 429.347   1708302 6  277 1804  149  970 0.364 316.2  33.5  11.2  14.9
1953 429.347   1708601 0   45  253   28  157 0.588  78.3 343.4   3.4 -35.2
1953 429.347   1708705 0    1    7    1    4 0.075 181.3  18.7  -8.5   0.1
1953 430.426   1708302 6  195 1511  116  898 0.537 298.8  33.1  11.4  28.7
1953 430.426   1708601 0   44  260   24  141 0.378  69.7 343.6   3.7 -20.8
1953 5 1.345   1708302 6  216 1453  151 1015 0.695 290.6  33.7  11.2  41.5
1953 5 1.345   1708601 0   50  276   26  141 0.194  45.8 344.2   3.8  -8.0
1953 5 2.321   1708302 6  137 1184  123 1062 0.828 286.3  33.4  11.2  54.1
1953 5 2.321   1708601 0   41  256   21  130 0.161 327.3 344.3   3.9   5.0
1953 5 3.373   1708302 6   69  528  106  801 0.943 282.9  34.7  10.8  69.3
1953 5 3.373   1708601 0   44  217   24  116 0.351 292.4 344.4   4.1  19.0
1953 5 4.314   1708302 6   23  219   86  819 0.990 281.0  34.2  10.4  81.2
1953 5 4.314   1708601 0   35  151   21   90 0.535 283.2 344.5   3.9  31.5
1953 5 4.314   1708705 0    0    4    0    6 0.914 261.3  19.4  -9.4  66.4
1953 5 5.311   1708601 0   18  119   13   85 0.707 279.0 344.2   3.8  44.4
1953 5 6.306   1708601 0   19   94   19   91 0.854 276.9 344.8   4.1  58.2
1953 5 7.306   1708601 0    6   48   11   80 0.951 275.3 345.0   4.0  71.6
1953 518.339  13330100 0    4   11    4   10 0.820 283.5 181.5   9.8  54.0
1953 519.475   1708801 2   24  111   50  229 0.969  77.4  37.5  11.7 -75.0
1953 520.305   1708801 2   32  179   38  212 0.904  76.4  37.8  11.4 -63.7
1953 521.376   1708801 2   42  223   34  178 0.776  74.1  37.8  11.1 -49.5
1953 522.304   1708801 2   35  233   23  151 0.631  70.1  37.9  11.1 -37.2
1953 523.329   1708801 2   48  253   27  142 0.446  61.2  38.0  11.0 -23.5
1953 524.384   1708801 2   53  254   28  132 0.266  36.2  38.3  11.0  -9.2
1953 525.404   1708801 2   36  204   19  105 0.226 341.9  38.1  11.1   4.1
1953 525.404  13330200 0    4   15    3   11 0.721  80.1 348.5   6.2 -45.6
1953 526.308   1708801 2   31  196   17  105 0.347 308.4  38.2  11.3  16.1
1953 527.675   1708801 2   30  156   19   97 0.590 290.8  38.2  11.2  34.2
1953 528.297   1708801 2   22  124   16   87 0.695 287.1  38.4  11.1  42.6
1953 528.297   1708902 9    9   41    5   23 0.407  96.0 331.9  -3.3 -23.9
1953 529.327   1708801 2   13   73   12   68 0.837 284.3  38.0  11.5  55.9
1953 529.327   1708902 2    0   21    0   11 0.169 105.5 332.7  -3.4  -9.4
1953 530.416   1708801 2    0    9    0   14 0.944 282.3  37.9  11.4  70.2
1953 530.416   1709002 9   11   45    6   24 0.301 285.7 344.6   4.0  16.9
1953 531.309   1709002 9    5   36    3   21 0.502 279.4 345.7   4.2  29.8
1953 531.309   1709102 9    0   13    0    7 0.279 326.0 325.1  12.8   9.2
1953 6 1.297   1709202 0    0   17    0   14 0.765 106.6 254.0 -12.9 -48.8
1953 6 2.370   1709102 9   13   68    9   44 0.628 291.9 325.4  13.3  36.8
1953 6 2.370   1709202 3   79  392   49  242 0.583 112.5 255.0 -13.2 -33.6
1953 6 3.434   1709202 3  150  716   82  391 0.399 125.2 254.9 -13.5 -19.6
1953 6 3.434   1709302 0    4   17    4   14 0.779  70.6 225.0  14.9 -49.5
1953 6 4.315   1709102 9    0    4    0    6 0.916 284.7 328.5  13.4  65.6
1953 6 4.315   1709202 3  102  617   53  321 0.273 149.0 254.6 -13.6  -8.3
1953 6 4.315   1709302 5   65  384   43  253 0.648  66.3 225.0  15.0 -37.9
1953 6 5.348   1709102 9    0    4    0   13 0.981 283.5 327.7  13.2  78.5
1953 6 5.348   1709202 3  121  611   63  316 0.253 199.1 254.1 -13.8   4.9
1953 6 5.348   1709302 5   79  428   45  243 0.469  55.3 225.6  15.5 -23.6
1953 6 6.325   1709202 3  105  532   57  289 0.388 231.9 254.6 -13.7  18.3
1953 6 6.325   1709302 5   68  378   36  200 0.322  32.6 225.9  15.9 -10.4
1953 6 7.338   1709202 3  120  604   72  362 0.549 243.8 253.4 -13.8  30.5
1953 6 7.338   1709302 5   53  337   28  176 0.285 348.5 226.3  16.5   3.4
1953 6 8.348   1709202 3   98  480   70  343 0.711 249.6 252.9 -14.1  43.4
1953 6 8.348   1709302 5   34  194   19  107 0.410 314.2 227.4  17.0  17.9
1953 6 9.418   1709202 3   54  283   52  271 0.851 252.9 252.3 -14.2  57.0
1953 6 9.418   1709302 5   41  225   25  137 0.562 299.1 226.1  16.3  30.8
1953 610.298   1709202 3   32  155   48  228 0.939 253.6 252.6 -15.1  68.9
1953 610.298   1709302 5   44  183   31  129 0.698 291.7 226.0  15.4  42.3
1953 611.302   1709202 3    4   35   14  101 0.983 254.3 249.3 -15.3  78.9
1953 611.302   1709302 5   14   74   13   69 0.838 288.4 226.1  15.8  55.7
1953 612.360   1709302 5    0    8    0   15 0.952 287.5 228.1  16.9  71.7
1953 614.386   1709402 9    0    7    0    4 0.246 347.0 132.9  15.0   3.3
1953 614.386   1709501 4   22  132   51  309 0.976  81.8  52.2   8.2 -77.4
1953 614.386  13340100 0    0    7    0    4 0.343 262.8 149.5  -1.4  19.9
1953 615.308   1709402 9    9   44    5   24 0.352 314.2 132.6  15.4  15.2
1953 615.308   1709501 4   39  215   47  259 0.907  81.5  52.4   8.2 -65.0
1953 615.308  13340200 0    0    4    0    5 0.874 259.1 177.7  -8.9  60.3
1953 616.560   1709402 9    0   14    0    9 0.568 295.0 133.0  15.0  32.2
1953 616.560   1709501 4   56  376   42  283 0.744  80.3  53.0   8.1 -47.8
1953 617.314   1709402 9    9   37    7   26 0.697 291.5 133.2  15.9  42.4
1953 617.314   1709501 4   74  412   48  265 0.625  78.9  52.5   8.1 -38.3
1953 618.303   1709501 4   54  231   30  127 0.410  73.4  54.4   8.2 -23.4
1953 619.722   1709501 4   31  120   16   61 0.130  31.1  55.1   8.1  -3.9
1953 619.722   1709602 2    8   49   21  117 0.976  78.2 341.5  11.9 -77.5
1953 620.325   1709501 4   13   69    7   35 0.138 324.9  55.6   8.3   4.6
1953 620.325   1709602 2   15  101   25  161 0.948  77.2 339.7  12.7 -71.3
1953 621.379   1709501 4    3   35    2   19 0.346 289.0  56.3   8.3  19.3
1953 621.379   1709602 2   29  124   27  115 0.839  76.1 340.4  12.7 -56.6
1953 622.302   1709602 2   24  155   17  108 0.693  73.6 341.8  12.8 -43.0
1953 623.304   1709602 2   27  146   16   85 0.509  67.8 342.7  13.0 -28.9
1953 624.319   1709602 2   18  115   10   61 0.323  54.2 342.5  13.1 -15.6
1953 624.319   1709705 0    0    4    0    4 0.831 275.2  54.4   5.6  56.3
1953 625.408   1709602 2   21  135   11   69 0.179   7.1 342.4  12.6  -1.3
1953 625.408   1709705 0    0    4    0    8 0.950 274.9  55.6   5.4  71.9
1953 626.300   1709602 2   13   46    7   24 0.232 326.9 339.4  13.7   7.5
1953 626.300   1709805 0    2    8    4   17 0.964 105.5 258.5 -14.2 -73.4
1953 626.300  13350100 0    1    9    1    6 0.616 251.1   8.1  -9.5  36.2
1953 627.302   1709602 2    0    9    0    5 0.401 300.5 339.5  14.2  20.9
1953 627.302   1709805 0    1    9    2   10 0.882 107.7 258.5 -14.3 -60.1
1953 628.485   1709805 0    1   13    1   10 0.734 112.6 258.6 -14.4 -44.4
1953 629.307   1709805 0    4   14    3    9 0.610 118.4 258.4 -14.5 -33.7
1953 629.307  13350200 0    0    5    0    4 0.777 282.9 342.7  11.8  50.7
1953 630.325   1709805 0    5   14    3    8 0.449 131.6 258.3 -14.6 -20.3
1953 7 2.592  13350300 0    4   12    5   13 0.879 108.6 189.0 -14.7 -59.5
1953 7 9.301   1709902 2    0   26    0  171 0.997  98.7  75.1  -8.3 -84.7
1953 710.389   1709902 2   38  215   70  394 0.961  99.6  72.3  -8.1 -73.1
1953 711.328   1709902 2   64  321   66  331 0.872 102.5  73.5  -8.8 -59.5
1953 711.328   1710002 0    0    9    0    5 0.232 183.0 133.7  -9.3   0.7
1953 712.400   1709902 2   73  405   54  297 0.729 106.4  73.7  -8.9 -45.1
1953 713.500   1709902 2   74  352   44  209 0.537 114.0  74.4  -8.9 -29.8
1953 713.500   1710002 2    5   23    3   14 0.520 239.0 131.3 -11.7  27.1
1953 714.333   1709902 2   73  341   40  185 0.384 126.5  75.0  -9.0 -18.2
1953 714.333   1710002 2    7   25    5   17 0.661 246.6 131.5 -11.8  38.3
1953 715.364   1709902 2   91  433   47  224 0.250 160.2  74.7  -9.1  -4.9
1953 716.415   1709902 2   63  327   33  171 0.287 213.7  75.0  -9.3   9.3
1953 717.305   1709902 2   48  250   27  138 0.421 236.9  74.8  -8.9  20.9
1953 718.329   1709902 0   41  222   26  141 0.613 249.7  75.9  -8.4  35.5
1953 718.329  13350400 0    1   14    1    8 0.384 289.5  62.0  11.8  21.7
1953 719.308   1709902 0   17  128   14  101 0.770 254.3  76.0  -8.8  48.6
1953 720.596   1709902 0   11   52   15   68 0.921 258.2  76.3  -8.9  65.9
1953 721.643   1709902 0    0    5    0   15 0.985 260.2  75.6  -8.7  79.1
1953 8 2.341   1710102 9    0    6    0   18 0.980  74.7 122.0  16.1 -79.8
1953 8 3.317   1710102 9   23  133   28  162 0.909  74.8 122.8  16.3 -66.1
1953 8 4.338   1710102 9   40  175   33  144 0.792  74.1 122.9  16.3 -52.5
1953 8 5.399   1710102 9   18   91   12   59 0.631  71.7 122.7  16.3 -38.6
1953 8 6.348   1710102 9    8   45    5   26 0.492  66.2 120.7  17.0 -28.1
1953 8 7.311   1710202 2    5   17    3    9 0.223  41.2 127.2  15.9  -8.8
1953 8 8.401   1710102 8    5   23    3   12 0.178  26.4 116.9  15.5  -4.7
1953 8 8.401   1710202 2   11   53    6   27 0.188 328.1 127.5  15.5   5.9
1953 8 9.321   1710102 8   29  131   15   68 0.242 315.3 119.8  16.2  10.2
1953 8 9.321   1710301 0   13   68   24  120 0.957  81.8  35.6   9.7 -74.0
1953 810.316   1710102 8   37  221   21  124 0.448 293.8 121.6  16.3  25.3
1953 810.316   1710301 2   24  138   25  142 0.871  82.1  35.1  10.0 -61.2
1953 810.316   1710402 2    8   33    6   24 0.718 280.2 142.5  11.8  46.2
1953 811.315   1710102 8   72  380   48  253 0.656 287.4 123.8  16.3  40.7
1953 811.315   1710301 2   29  171   22  128 0.738  82.5  35.1   9.9 -48.0
1953 811.315   1710402 0    4   17    5   18 0.866 280.0 143.7  11.9  60.6
1953 811.315   1710502 6   28  119   64  269 0.974  79.5   5.1  11.7 -78.0
1953 811.315   1710601 2   14   60   41  176 0.984  96.0   3.9  -4.7 -79.2
1953 812.297   1710102 8   68  403   59  350 0.815 285.7 125.0  16.6  54.9
1953 812.297   1710301 0   39  202   24  123 0.566  82.6  35.4   9.6 -34.7
1953 812.297   1710402 0    0    6    0   12 0.958 280.4 144.3  11.8  74.2
1953 812.297   1710502 6   74  430   84  483 0.893  80.1   6.1  11.8 -64.0
1953 812.297   1710601 2   18  100   23  123 0.911  98.4   5.3  -4.9 -64.8
1953 813.339   1710102 8   18   88   24  113 0.920 285.4 124.1  16.7  67.8
1953 813.339   1710301 2   41  237   22  127 0.358  81.0  35.3   9.4 -21.0
1953 813.339   1710502 6  136  726  106  565 0.763  80.7   6.1  11.4 -50.2
1953 813.339   1710601 2   21  116   17   94 0.780 102.0   6.3  -5.1 -50.0
1953 814.302   1710102 8    0    4    0   18 0.990 284.9 127.1  15.6  83.5
1953 814.302   1710301 0   45  217   23  110 0.144  70.9  35.7   9.3  -7.9
1953 814.302   1710502 6  126  826   79  517 0.596  79.2   6.9  11.8 -36.7
1953 814.302   1710601 2   17  133   11   84 0.607 107.7   8.1  -5.2 -35.5
1953 815.322   1710301 0   35  242   18  122 0.110 295.4  35.9   9.4   5.8
1953 815.322   1710502 6  168  963   92  526 0.400  75.3   6.8  12.0 -23.3
1953 815.322   1710601 2   18   81   10   45 0.423 117.1   7.9  -4.9 -22.2
1953 816.266   1710301 0   32  180   17   95 0.317 278.5  36.2   9.1  18.5
1953 816.266   1710502 6  202 1026  103  523 0.188  61.1   8.0  11.9  -9.7
1953 816.266   1710601 2   13   69    7   36 0.276 138.5   7.1  -5.3 -10.6
1953 817.295   1710301 0   32  144   19   85 0.528 276.3  36.2   9.1  32.1
1953 817.295   1710502 6  156  841   79  424 0.122 316.8   9.0  11.9   4.9
1953 817.295   1710601 0    7   25    4   13 0.218 205.4   9.5  -4.6   5.4
1953 818.367   1710301 0   18   77   13   56 0.715 275.8  36.0   8.9  46.1
1953 818.367   1710502 6  117  591   63  316 0.351 285.5  10.1  11.8  20.2
1953 818.367   1710601 0    5   14    3    8 0.388 239.9   9.6  -4.8  19.7
1953 819.303   1710301 0    8   29    8   28 0.850 279.3  36.4  11.5  58.9
1953 819.303   1710502 6   97  533   58  319 0.546 281.2  10.7  11.9  33.2
1953 819.303   1710601 0    6   23    4   14 0.567 251.1  10.1  -4.8  32.6
1953 820.514   1710502 0   77  390   59  298 0.754 279.6  10.9  11.8  49.4
1953 820.514   1710601 0    4   13    4   11 0.779 258.0  11.4  -4.9  49.9
1953 821.393   1710502 0   49  307   50  313 0.868 279.8  10.9  11.9  61.0
1953 821.393   1710601 0    1    8    2   10 0.893 260.7  12.1  -5.1  62.2
1953 822.301   1710502 0   31  153   51  248 0.950 280.4  10.7  12.0  72.8
1953 822.301  13370100 0    2   30    3   40 0.925 260.8   4.4  -5.8  66.6
1953 823.321   1710502 0    8   45   55  293 0.997 281.6  11.0  12.1  86.6
1953 823.321  13370200 0    0    9    0   15 0.952 258.8 355.1  -8.4  70.7
1953 9 5.298   1710702 9    0   16    0    9 0.329 284.5 132.0  11.6  19.0
1953 9 6.297   1710802 0    0    4    0   14 0.984  95.9  20.7  -4.5 -79.1
1953 9 6.297   1710901 0    1   13   12   85 0.997  77.0  13.0  13.5 -86.8
1953 9 7.310   1710802 0    0    4    0    6 0.922  97.8  20.1  -4.3 -66.3
1953 9 7.310   1710901 0   19  123   34  215 0.956  78.3  12.2  13.3 -74.2
1953 9 7.310   1711001 9    4   25    4   22 0.814  77.3  31.3  14.5 -55.1
1953 9 7.310   1711102 0    0    5    0    9 0.959  74.4  11.5  17.0 -74.9
1953 9 8.301   1710702 9    4   40    5   41 0.869 279.0 134.4  11.4  61.1
1953 9 8.301   1710901 0   44  180   45  184 0.869  78.7  12.2  13.4 -61.1
1953 9 8.301   1711001 9    4   17    3   12 0.661  79.0  31.6  12.7 -41.7
1953 9 8.301  13370300 0    1   22    2   28 0.910  99.7   8.9  -5.7 -64.4
1953 9 9.302   1710702 9    0    8    0   17 0.966 279.0 136.1  10.5  76.0
1953 9 9.302   1710901 0   56  286   42  213 0.738  78.6  12.1  13.3 -48.0
1953 9 9.302   1711001 9    5   30    3   17 0.458  76.9  32.9  12.4 -27.2
1953 910.295   1710901 0   36  308   22  188 0.571  77.6  12.1  13.0 -34.9
1953 910.295   1711102 2   18   90   11   55 0.566  70.4  13.1  17.0 -33.9
1953 911.300   1710901 0   64  327   35  177 0.380  73.3  11.8  13.0 -21.9
1953 911.300   1711001 9    1   11    1    6 0.132  11.0  32.2  14.7  -1.5
1953 911.300   1711102 2   16   74    9   40 0.371  62.4  13.6  16.7 -20.1
1953 911.300  13370400 0    1   10    1    7 0.681  85.1 350.4   8.6 -43.3
1953 912.314   1710901 0   64  316   33  161 0.175  55.6  11.8  12.8  -8.5
1953 912.314   1711001 9   13   79    7   41 0.236 294.7  33.0  12.7  12.7
1953 912.314   1711102 2    7   41    4   21 0.184  33.7  14.2  16.0  -6.1
1953 913.481   1710901 0   77  375   39  190 0.149 312.2  11.4  12.9   6.5
1953 913.481   1711202 4    5   27    6   30 0.890 106.4 304.4 -11.1 -60.5
1953 914.300   1710901 0   54  314   29  166 0.318 289.4  12.0  12.9  17.9
1953 914.300   1711202 4   14   83   12   71 0.808 109.8 303.2 -11.4 -50.9
1953 914.300   1711301 9    0    9    0   20 0.973  99.8 278.7  -7.8 -75.4
1953 915.477   1710901 0   45  240   27  144 0.550 282.4  12.0  12.8  33.4
1953 915.477   1711202 4   26  140   17   91 0.634 117.9 303.7 -11.4 -34.9
1953 915.477   1711301 9    0    4    0    5 0.879 103.0 278.8  -7.8 -59.8
1953 915.477   1711401 0   10   57   19  104 0.960  85.9 264.3   5.9 -74.3
1953 916.370   1710901 0   36  190   26  135 0.707 281.1  12.2  12.9  45.4
1953 916.370   1711202 4   31  162   18   94 0.496 128.7 303.5 -11.5 -23.3
1953 916.370   1711301 9    0    5    0    4 0.750 107.7 280.6  -8.3 -46.2
1953 916.370   1711401 2   14   93   15  100 0.881  86.6 264.6   6.4 -62.2
1953 916.370  13380100 0    0    4    0   14 0.985 282.3  48.0  13.3  81.3
1953 917.326   1710901 0   28  163   27  152 0.842 280.8  12.3  12.9  58.1
1953 917.326   1711202 4   40  187   22  101 0.369 152.0 304.0 -12.0 -10.2
1953 917.326   1711301 9    0   27    0   17 0.603 115.8 280.8  -9.3 -33.4
1953 917.326   1711401 0   22  106   17   81 0.753  88.1 265.0   6.1 -49.2
1953 918.328   1710901 0   26  106   40  159 0.941 281.2  12.2  12.9  71.2
1953 918.328   1711202 4   24  145   13   77 0.330 191.3 304.8 -11.8   3.8
1953 918.328   1711301 9    5   51    3   29 0.441 130.9 281.2 -10.1 -19.8
1953 918.328   1711401 0   25  134   16   83 0.582  89.5 265.2   6.1 -35.8
1953 919.292   1710901 0    4   39   18  148 0.990 282.1  11.6  12.9  83.4
1953 919.292   1711202 4   14   78    8   43 0.416 218.7 303.6 -12.1  15.4
1953 919.292   1711401 0   35  154   19   84 0.385  90.1 265.4   6.5 -22.8
1953 920.300   1711202 4    4   26    3   16 0.555 234.0 302.3 -12.8  27.4
1953 920.300   1711401 0   31  150   16   76 0.159  91.7 265.7   6.7  -9.2
1953 921.309   1711301 9    5   32    3   18 0.433 231.6 281.7  -9.0  20.1
1953 921.309   1711401 0   43  215   22  108 0.071 266.9 265.7   6.8   4.1
1953 922.405   1711401 0   22  124   12   66 0.325 270.2 266.2   6.7  19.1
1953 923.291   1711401 0   17  104   10   61 0.512 271.8 266.4   6.9  31.0
1953 924.387   1711401 0   15   53   11   38 0.706 273.3 266.3   7.2  45.3
1953 924.387   1711501 0    0    4    0    8 0.965  83.6 145.5   8.0 -75.5
1953 925.311   1711401 0    8   39    8   37 0.841 273.9 266.5   7.0  57.7
1953 925.311   1711501 0    3   22    4   24 0.886  84.6 145.8   8.0 -63.0
1953 926.298   1711401 0    6   26   10   39 0.939 275.0 266.2   7.0  70.5
1953 926.298   1711501 0    5   18    4   14 0.762  84.9 145.6   8.3 -50.1
1953 927.316   1711501 0    4   28    3   18 0.626  88.3 143.3   6.4 -39.0
195310 4.408  13380200 0    5   41    5   35 0.803 247.5 138.5 -13.8  49.8
195310 6.333   1711602 4   23  116   15   74 0.598 107.2  28.3  -5.0 -35.0
195310 7.352   1711602 4   23  174   13   96 0.414 117.1  28.2  -5.0 -21.7
195310 8.336   1711602 4   29  151   15   78 0.235 145.4  29.2  -5.0  -7.7
195310 9.335   1711602 4   13   70    7   36 0.211 205.9  29.0  -4.8   5.3
19531010.364   1711602 4    7   38    4   21 0.389 241.7  30.3  -4.9  20.1
19531011.399   1711602 4    5   38    3   23 0.545 247.8  27.0  -6.7  30.5
19531012.305   1711702 9    2   11    2    9 0.770 254.4  33.0  -8.0  48.5
19531013.642   1711702 9    8   37   12   51 0.929 259.1  34.0  -7.9  67.1
19531013.642   1711802 4    8   74    5   42 0.466 240.2 351.0  -8.0  24.1
19531014.304   1711702 9    0   12    0   32 0.979 260.8  35.4  -7.8  77.2
19531014.304   1711802 4   81  396   51  247 0.594 247.7 351.9  -8.2  33.7
19531015.395   1711802 4   85  344   68  274 0.774 254.4 352.7  -8.3  48.9
19531016.304   1711802 4   31  196   35  220 0.893 257.2 353.6  -8.8  61.8
19531017.301   1711802 4   14   64   29  129 0.967 259.4 352.6  -8.7  74.0
19531026.341   1711902 9   12   63    8   40 0.606  72.4 122.8  14.4 -36.6
19531027.306   1711902 9    3   20    2   11 0.415  65.3 123.8  14.3 -22.9
19531028.519   1711902 9    1   17    1    9 0.222  39.0 122.4  14.5  -8.3
19531031.451   1712002 0    3   21    5   29 0.926  97.1  24.7  -4.9 -67.3
195311 1.305   1712002 2   18   94   17   86 0.835  98.7  24.9  -4.9 -55.9
195311 2.292   1712002 2   21   94   15   65 0.683 102.2  25.7  -5.3 -42.1
195311 3.342   1712002 0   17   85   10   49 0.489 109.4  26.3  -5.8 -27.6
195311 4.349   1712002 0    9   43    5   23 0.298 123.4  26.1  -5.7 -14.5
19531120.349   1712105 2    0   23    0   35 0.941  73.4 119.8  16.3 -69.9
19531121.153   1712105 0    0    7    0    8 0.871  74.2 119.1  14.7 -60.0
19531126.411   1712205 0    0    3    0    4 0.890  96.2  47.2  -4.9 -62.6
19531127.295   1712205 0    0    3    0    3 0.772  97.5  48.0  -5.0 -50.2
195312 7.588   1712302 2   11   51   14   63 0.911 270.4  28.2   0.3  65.7
195312 8.473   1712302 0    0    3    0    9 0.977 270.5  28.5   0.4  77.7
19531225.514   1712401 0    5   37    3   20 0.342 107.7  67.1  -8.2 -19.2
19531226.296   1712401 0    1    9    1    5 0.167 127.4  68.3  -8.3  -7.7
19531227.417   1712401 0    0    9    0    5 0.182 231.5  69.6  -9.1   8.3
19531228.388   1712401 0    9   48    5   26 0.367 250.8  69.1  -9.5  20.6
19531229.439   1712401 0   12   70    8   44 0.590 258.1  70.4  -9.3  35.8
19531230.288   1712401 0    0   13    0   10 0.735 261.4  70.8  -8.3  47.3
19531231.404   1712401 0    0    3    0    4 0.884 262.9  71.1  -7.7  62.3
