1952 1 1.409   1693202 6   91  682   48  359 0.312 282.8 301.5   0.9  17.7
1952 1 1.409   1693301 9   34  154   18   81 0.296 354.4 285.5  13.9   1.7
1952 1 1.409   1693401 2    8   42    8   38 0.829 111.2 228.8 -19.3 -55.0
1952 1 1.409   1693502 0    9   67    5   34 0.118 131.7 278.7  -7.7  -5.1
1952 1 1.409   1693602 9   13   47    7   24 0.148 116.0 276.1  -6.9  -7.7
1952 1 1.409   1693701 9    1    8    2   10 0.904  81.0 219.8   6.7 -64.0
1952 1 2.320   1693202 6   88  429   51  249 0.503 276.7 301.8   0.5  30.0
1952 1 2.320   1693301 9   29   87   16   47 0.354 324.1 284.1  13.4  12.3
1952 1 2.320   1693401 2    5   34    4   25 0.713 114.0 228.2 -19.3 -43.6
1952 1 2.320   1693502 0    3   29    2   15 0.164 246.1 280.5  -7.1   8.7
1952 1 2.320   1693602 9   11   19    6   10 0.096 223.4 275.6  -7.3   3.8
1952 1 2.320   1693701 9    0   19    0   16 0.786  79.2 220.8   6.4 -51.0
1952 1 2.320   1693801 9    0    3    0    6 0.945  76.0 202.2  12.1 -69.6
1952 1 3.462   1693202 6   77  352   56  255 0.720 273.7 302.7   0.3  45.9
1952 1 3.462   1693301 9   12   44    7   26 0.513 304.5 282.6  13.8  25.8
1952 1 3.462   1693401 2    8   30    5   18 0.531 122.7 228.5 -19.7 -28.3
1952 1 3.462   1693602 9    7   51    4   27 0.295 248.1 272.9  -9.6  16.1
1952 1 3.462   1693701 9    0   26    0   17 0.641  73.2 218.5   8.0 -38.3
1952 1 3.462   1693801 9    0    5    0    5 0.825  72.8 203.1  12.1 -53.7
1952 1 4.432   1693202 0   37  185   37  184 0.862 272.4 303.4   0.3  59.4
1952 1 4.432   1693602 9    8   59    5   34 0.473 256.9 271.8  -9.3  27.8
1952 1 4.432   1693801 9    4   14    3   10 0.684  69.5 203.2  11.2 -40.8
1952 1 5.416   1693202 0   17   96   30  171 0.958 271.3 304.3   0.2  73.2
1952 1 5.416   1693602 9    9   42    6   28 0.653 260.3 271.8  -9.1  40.7
1952 1 5.416  13150200 0    3   23    2   12 0.265 183.6 232.0 -19.0   1.0
1952 1 6.313   1693902 9    7   28    4   16 0.442 234.2 241.4 -18.5  22.2
1952 1 7.285   1693801 9    3   32    2   17 0.262 357.8 207.0  11.3   0.6
1952 1 7.285   1693902 9   17  133   11   84 0.605 244.1 241.4 -18.5  35.0
1952 1 8.385   1693801 9   13   82    7   44 0.355 317.4 206.2  11.3  14.2
1952 1 8.385   1693902 9   12   89   10   70 0.764 248.9 240.8 -18.6  48.8
1952 1 8.385   1694001 0   21  119   49  270 0.974  76.6 116.2  12.1 -75.8
1952 1 9.397   1693801 9   27  150   16   88 0.515 298.7 206.0  10.7  27.4
1952 1 9.397   1693902 9    1    8    2   10 0.901 251.5 242.9 -18.4  64.3
1952 1 9.397   1694001 0   36  241   42  275 0.896  75.0 116.5  11.5 -62.1
1952 1 9.397   1694101 1   46  264  100  562 0.971  82.8 103.0   6.0 -75.6
1952 1 9.397  13150300 0    4   17    3   11 0.631 250.3 216.7 -15.5  38.1
1952 110.283   1693801 9    7   53    5   37 0.683 289.6 207.8  10.1  40.8
1952 110.283   1694001 0   70  355   58  294 0.795  71.4 116.6  12.0 -50.4
1952 110.283   1694101 1   70  490   83  579 0.905  80.9 103.0   6.4 -64.0
1952 110.283   1694202 9    6   45    6   42 0.840 270.6 224.2  -1.8  57.2
1952 111.579   1693801 9    6   25    7   26 0.868 283.8 208.7   9.7  58.8
1952 111.579   1694001 0   64  337   40  210 0.593  63.4 117.1  11.8 -32.8
1952 111.579   1694101 1  148  813  111  610 0.743  78.1 102.9   5.9 -47.0
1952 111.579   1694202 9    7   32   13   60 0.962 269.5 224.1  -1.7  74.2
1952 111.579   1694305 9    6   32    8   38 0.900  79.8  86.6   7.3 -63.3
1952 111.579  13150400 0    1   12    1    9 0.732  61.6 107.5  17.2 -42.4
1952 112.412   1693801 9    2   23    3   33 0.932 283.8 206.2  11.2  67.3
1952 112.412   1694001 0   58  380   33  214 0.457  53.0 117.0  11.9 -21.9
1952 112.412   1694101 1  182 1019  114  638 0.599  74.0 103.5   5.9 -35.4
1952 112.412   1694305 9    8   39    7   33 0.799  76.7  87.2   7.9 -51.7
1952 112.412   1694401 2    7   54    4   28 0.234 344.2 142.6   8.6   3.7
1952 113.420   1693801 9    0    6    0   19 0.982 282.5 203.7  11.4  78.0
1952 113.420   1694001 0   81  408   43  215 0.313  27.2 117.3  11.7  -8.4
1952 113.420   1694101 1  212 1287  117  710 0.421  66.3 102.9   5.6 -22.8
1952 113.420   1694305 0    1   12    1    8 0.612  71.8  89.8   7.4 -35.9
1952 113.420   1694401 2    9   37    5   20 0.370 302.6 144.0   7.2  18.3
1952 113.420   1694502 9    0    3    0   16 0.992  87.9  43.0   1.5 -82.7
1952 114.403   1694001 0   68  349   36  183 0.293 345.5 117.0  11.9   4.3
1952 114.403   1694101 1  196 1013  101  522 0.241  42.4 103.3   5.7  -9.4
1952 114.403   1694401 2   13   70    8   42 0.534 292.7 142.5   7.9  29.8
1952 114.403   1694502 9   26  102   34  132 0.920  85.7  46.0   2.1 -66.7
1952 115.629   1694001 2   57  359   32  200 0.438 308.4 117.1  11.4  20.5
1952 115.629   1694101 1  152  919   78  470 0.209 326.8 103.2   5.4   6.6
1952 115.629   1694401 2   27  122   21   93 0.750 284.9 143.6   7.9  47.0
1952 115.629   1694502 9   70  413   58  338 0.790  82.4  45.0   3.1 -51.6
1952 116.410   1694001 2   37  199   23  122 0.575 298.5 117.4  11.8  31.1
1952 116.410   1694101 1  181  898   97  480 0.351 301.2 103.9   5.9  17.6
1952 116.410   1694401 2   15   87   15   87 0.861 282.2 144.5   8.0  58.2
1952 116.410   1694502 9   68  397   46  268 0.669  81.3  44.9   2.2 -41.4
1952 117.446   1694001 2   21   68   16   51 0.738 291.2 117.3  12.0  44.7
1952 117.446   1694101 1  138  602   83  362 0.553 288.6 104.4   6.0  31.8
1952 117.446   1694401 0    2    6    4   13 0.964 279.5 146.2   7.8  73.6
1952 117.446   1694502 9   52  317   30  180 0.471  75.1  45.5   2.6 -27.1
1952 118.411   1694001 2   13   76   13   76 0.862 287.3 117.2  12.2  57.3
1952 118.411   1694101 0   99  569   72  410 0.718 283.4 104.5   6.0  44.6
1952 118.411   1694502 9   81  409   42  212 0.261  58.8  47.0   2.9 -12.9
1952 119.444   1694101 0   56  356   56  356 0.864 280.0 105.1   6.0  58.8
1952 119.444   1694502 9   47  237   24  120 0.143 345.9  48.3   2.9   2.0
1952 120.417   1694101 0   34  155   57  259 0.953 278.5 105.0   6.5  71.5
1952 120.417   1694502 9   84  362   44  190 0.294 298.3  48.5   3.0  15.0
1952 120.417  13150500 0    7   37    9   44 0.904 259.3  98.7 -11.9  65.2
1952 121.410   1694502 9   64  326   37  188 0.494 285.8  48.8   3.1  28.4
1952 122.391   1694502 9   37  148   26  103 0.692 280.4  50.5   3.3  43.0
1952 123.353   1694502 9   17   86   16   80 0.841 277.1  51.6   3.0  56.7
1952 123.353   1694601 4   12   66   18   98 0.940  99.4 284.3 -10.7 -70.6
1952 124.500   1694502 9   12   45   22   79 0.957 275.4  52.4   3.5  72.6
1952 124.500   1694601 4   40  368   36  326 0.822  98.1 284.1  -9.8 -55.7
1952 124.500   1694705 9    1   21    1   15 0.697  97.2 295.4  -9.0 -44.4
1952 125.436   1694601 4   81  498   56  343 0.684  98.4 284.1  -9.8 -43.4
1952 125.436   1694705 9    1   10    1    6 0.515  97.8 296.4  -8.8 -31.1
1952 126.284   1694601 4   81  517   48  305 0.528  99.6 284.4  -9.9 -31.9
1952 126.284   1694801 0    4   14    3    9 0.612  69.9 280.9   7.5 -35.4
1952 127.411   1694601 3   79  471   42  248 0.310 103.7 283.6  -9.7 -17.8
1952 127.411   1694801 0    3   14    2    8 0.396  54.6 282.4   7.8 -19.0
1952 128.284   1694601 3   41  250   21  126 0.109 128.2 284.9  -9.7  -5.0
1952 129.502   1694601 3   31  152   16   78 0.207 248.8 285.2 -10.1  11.3
1952 130.415   1694601 3   27  138   15   76 0.410 258.7 286.0 -10.1  24.1
1952 130.415   1694901 9    1   13    3   21 0.949  78.0 191.7   9.4 -70.2
1952 130.415  13160100 0    1    9    3   14 0.945  75.0 193.0  12.1 -68.9
1952 131.505   1694601 3   23   73   15   47 0.625 261.4 286.4 -10.1  38.9
1952 131.505   1694901 9    4   17    4   16 0.840  72.8 192.7  10.9 -54.8
1952 2 1.593   1694601 3    7   37    6   31 0.797 262.0 286.5 -10.1  53.3
1952 2 1.593   1694901 9    1   20    1   14 0.687  69.4 192.5   9.4 -40.7
1952 2 1.593  13160200 0    3   19    2   11 0.416  45.9 215.5  11.0 -17.7
1952 2 2.428   1694601 3    6   19    8   23 0.900 261.9 287.0 -10.0  64.8
1952 2 3.426   1694601 3    0    8    0   21 0.977 261.3 287.7  -9.8  78.6
1952 2 3.426  13160300 0    1   12    1    7 0.459 256.6 236.1 -11.7  27.1
1952 2 4.433   1694901 9    3   41    2   22 0.324  14.0 191.2  12.0  -4.6
1952 2 4.433   1695002 9    1   14    1   11 0.735 114.9 149.6 -22.5 -46.2
1952 2 4.433  13160400 0    1   13    1    7 0.307  38.4 184.7   7.7 -11.1
1952 2 5.431   1695002 9   47  178   29  109 0.572 122.2 150.9 -23.2 -31.8
1952 2 5.431   1695102 4   13   46    7   24 0.205  60.6 172.4  -0.5 -10.3
1952 2 5.431  13160500 0    1   10    4   24 0.974  80.0 106.9   8.2 -75.8
1952 2 6.364   1695002 9   43  222   24  123 0.423 134.4 151.2 -23.3 -19.2
1952 2 6.364   1695102 4   39  139   20   70 0.096 345.3 171.8  -1.1   1.4
1952 2 6.364   1695202 9    3   47    2   24 0.086 308.0 174.3  -3.4   3.9
1952 2 7.401   1695002 9   34  121   18   64 0.303 164.0 151.5 -23.4  -5.2
1952 2 7.401   1695102 4   26  124   14   65 0.279 288.9 172.0  -1.1  15.3
1952 2 7.401   1695202 9   11   36    6   19 0.310 279.7 174.5  -3.2  17.8
1952 2 8.374   1695002 9   15  139    8   74 0.325 203.7 152.1 -23.8   8.2
1952 2 8.374   1695102 4   12   96    7   55 0.479 279.2 172.1  -1.4  28.2
1952 2 9.353   1695002 9   12   57    7   32 0.441 227.9 151.9 -23.4  20.9
1952 2 9.353   1695102 4    8   34    6   23 0.671 276.5 172.8  -0.6  41.8
1952 2 9.353   1695301 9    9   57    5   30 0.302 282.1 148.2  -2.7  17.2
1952 210.493   1695002 9   10   39    7   25 0.621 239.9 151.9 -23.6  35.9
1952 210.493   1695102 4    2   15    2   15 0.857 273.6 174.8  -0.4  58.8
1952 210.493   1695301 9    3   21    2   13 0.537 275.1 148.4  -2.9  32.4
1952 211.300   1695002 9    1   12    1    9 0.728 243.0 150.7 -24.1  45.3
1952 212.468   1695402 6   19   95   50  247 0.980  99.9  10.4 -11.0 -79.6
1952 213.405   1695402 6   92  634  128  881 0.931  99.2   8.2 -11.0 -69.5
1952 213.405   1695501 0    0    8    0   23 0.980  70.1   2.1  17.9 -75.6
1952 214.294   1695402 6  106  963   96  871 0.831  98.9   9.2 -11.2 -56.8
1952 214.294   1695501 0   12   47   17   63 0.924  67.7   2.2  17.6 -63.8
1952 215.443   1695402 6  175 1172  118  789 0.666  99.0   8.7 -11.1 -42.1
1952 215.443   1695501 0   20  170   18  151 0.824  62.8   0.5  17.8 -50.3
1952 216.295   1695402 6  177 1284  103  747 0.509 100.1   8.9 -11.1 -30.7
1952 216.295   1695501 2   51  231   37  167 0.720  57.3   0.1  17.6 -39.5
1952 216.295   1695601 0    0    8    0   13 0.950 101.7 326.8 -13.2 -72.8
1952 217.310   1695402 6  220 1279  115  670 0.295 104.5   9.4 -10.9 -16.9
1952 217.310   1695501 2   25  172   16  107 0.589  45.6   0.0  18.1 -26.3
1952 217.310   1695601 0    0   14    0   14 0.853 101.5 327.1 -13.4 -59.2
1952 218.442   1695402 6  175 1264   88  634 0.077 155.0   9.5 -11.0  -1.9
1952 218.442   1695501 2   35  148   20   84 0.468  22.3   0.6  18.8 -10.8
1952 218.442   1695601 0    4   17    3   12 0.679 102.2 328.4 -13.4 -43.0
1952 219.293   1695402 6  173 1219   88  619 0.172 241.9   9.1 -11.6   8.9
1952 219.293   1695501 0   30  131   17   73 0.437   0.0   0.2  18.9   0.0
1952 219.293   1695601 0    1   13    1    8 0.532 103.5 328.1 -13.1 -32.1
1952 220.460   1695402 6  128  836   71  461 0.419 257.4   9.5 -11.7  24.7
1952 220.460   1695501 0   22   77   13   45 0.507 331.4 359.7  19.6  14.9
1952 221.435   1695402 6   92  524   59  336 0.623 260.4  10.7 -11.5  38.8
1952 221.435   1695501 0   17   61   11   39 0.620 315.6 359.4  20.0  27.5
1952 222.305   1695402 6   67  317   53  249 0.768 260.9  11.2 -11.5  50.7
1952 222.305   1695501 0    8   46    6   34 0.731 306.8 359.2  20.5  38.7
1952 223.461   1695402 6   38  181   46  214 0.904 260.4  10.9 -11.7  65.6
1952 223.461   1695501 0   11   39   11   39 0.863 299.1 359.0  20.7  53.7
1952 223.461  13170100 0    3   11    2    6 0.111 114.1 299.3  -9.7  -5.9
1952 224.307   1695402 6   20  128   43  269 0.970 259.5  11.1 -11.9  77.0
1952 224.307   1695501 0    4   20    6   29 0.934 295.6 358.4  20.8  64.3
1952 225.474   1695501 0    0    3    0   18 0.994 292.4 358.8  21.2  80.1
1952 3 5.393   1695701 2    4   33   13  110 0.987  76.1  82.4  12.4 -78.9
1952 3 6.305   1695701 2    9   67   13   97 0.937  73.3  82.2  12.9 -67.0
1952 3 7.302   1695701 2   10   46   10   43 0.837  69.7  82.5  12.7 -53.6
1952 3 8.312   1695701 2   12   43    9   31 0.705  63.6  82.4  12.8 -40.4
1952 3 9.283   1695701 2   13   43    8   26 0.556  53.8  82.6  12.8 -27.4
1952 3 9.283   1695802 0    0    5    0    4 0.703 268.9 155.0  -5.9  45.0
1952 310.430   1695701 2    3   25    2   14 0.398  33.3  82.0  12.4 -12.9
1952 310.430   1695802 2    3   26    4   27 0.874 266.2 156.3  -6.8  61.4
1952 310.430   1695902 0   11   56   21  107 0.964  98.1  19.4  -9.7 -75.5
1952 310.430   1696001 0    6   33   25  126 0.990 102.1  11.5 -12.9 -83.4
1952 311.514   1695701 2    3   13    2    7 0.336 355.6  82.1  12.4   1.5
1952 311.514   1695802 0    0    3    0    8 0.969 265.3 156.8  -6.3  76.2
1952 311.514   1695902 0   14  103   15  105 0.868  96.5  19.7  -9.2 -60.9
1952 311.514   1696001 0   13  104   18  143 0.930 101.3  11.2 -13.1 -69.4
1952 312.379   1695701 0    3   25    2   14 0.385 328.7  81.0  12.2  11.8
1952 312.379   1695902 4   16   95   13   76 0.774  96.2  18.0  -9.3 -51.2
1952 312.379   1696001 1   25  135   24  127 0.844 101.0  10.9 -13.1 -58.3
1952 313.376   1695701 0    0    8    0    5 0.523 310.3  80.3  13.3  24.2
1952 313.376   1695902 4   21   84   14   54 0.622  96.0  17.3  -9.3 -38.8
1952 313.376   1696001 1   54  234   38  164 0.696 100.7  11.6 -12.6 -44.5
1952 314.344   1695902 4   20  116   11   64 0.413  95.8  18.7  -8.9 -24.6
1952 314.344   1696001 1   59  262   35  155 0.533 102.7  11.1 -12.8 -32.2
1952 315.347   1695902 4   13   52    7   27 0.193 100.5  19.0  -9.0 -11.1
1952 315.347   1696001 1   31  191   17  102 0.336 108.0  11.0 -12.7 -19.1
1952 316.405   1695902 4    7   39    4   20 0.078 252.6  20.4  -8.4   4.3
1952 316.405   1696001 0   31  128   16   65 0.135 137.0  10.7 -12.7  -5.4
1952 317.349   1695902 4   17   81    9   42 0.267 265.5  19.3  -8.0  15.6
1952 317.349   1696001 0   23  108   12   55 0.153 231.2  10.7 -12.5   7.0
1952 317.349  13170200 0    0    8    0    7 0.783  96.7 311.6  -9.6 -52.1
1952 318.628   1696001 0   29   65   16   36 0.408 254.8  10.6 -12.6  23.8
1952 319.485   1696001 0   13   39    8   24 0.573 258.4  10.6 -12.4  35.1
1952 321.348   1695902 4    0    3    0    5 0.929 263.8  20.0  -8.3  69.0
1952 324.574   1696102 4    3   29    2   17 0.472  92.5 240.0  -7.2 -28.4
1952 324.574   1696202 1    1   10   10   53 0.994  92.0 184.2  -2.7 -84.2
1952 325.670   1696102 4   15  132    8   68 0.223  92.3 241.0  -7.1 -13.0
1952 325.670   1696202 1   12   78   19  118 0.942  90.5 183.5  -2.7 -70.5
1952 326.343   1696102 4   23  163   12   82 0.076  94.0 240.7  -7.0  -4.4
1952 326.343   1696202 1   19  132   20  138 0.876  89.2 183.9  -2.5 -61.2
1952 327.340   1696102 4   43  296   22  150 0.145 267.9 240.4  -6.9   8.4
1952 327.340   1696202 1   30  198   23  149 0.744  87.6 183.9  -2.7 -48.1
1952 327.340   1696301 0    3   27    2   15 0.430 305.7 252.7   8.3  20.7
1952 328.344   1696102 4   65  484   35  261 0.369 266.3 240.5  -7.5  21.8
1952 328.344   1696202 1   32  196   20  119 0.565  86.0 184.3  -3.2 -34.4
1952 328.344   1696301 2   12   65    8   41 0.601 292.8 252.7   8.0  34.0
1952 328.344   1696401 2    7   43    4   22 0.107 297.0 224.2  -3.8   5.5
1952 328.344   1696502 2   17  101   10   59 0.513 115.6 189.5 -18.6 -29.2
1952 329.309   1696102 4   81  560   49  338 0.556 265.8 240.0  -7.8  34.0
1952 329.309   1696202 1   24  209   13  113 0.372  81.1 184.4  -2.8 -21.6
1952 329.309   1696301 2    3   36    3   28 0.755 286.6 252.9   8.0  46.9
1952 329.309   1696401 2   14   95    8   51 0.363 276.1 227.2  -3.9  21.2
1952 329.309   1696502 2    7   67    4   36 0.343 129.1 189.7 -18.8 -16.3
1952 330.338   1696102 4   39  328   30  249 0.750 265.6 241.4  -7.6  49.0
1952 330.338   1696202 1   39  187   20   95 0.145  67.0 184.7  -3.2  -7.7
1952 330.338   1696301 0    4   13    5   15 0.898 282.1 254.8   7.9  62.4
1952 330.338   1696401 2    9   51    6   32 0.589 273.2 228.5  -3.4  36.1
1952 330.338   1696502 0    3   21    2   11 0.216 182.6 193.0 -19.0   0.6
1952 330.338  13180100 0    3   16    2    9 0.385 261.4 215.0  -9.3  22.7
1952 331.551   1696102 4   12   82   16  104 0.915 264.5 243.2  -7.6  66.8
1952 331.551   1696202 1   33  219   17  111 0.158 289.2 185.0  -3.4   8.6
1952 331.551   1696401 0    9   30    8   26 0.804 271.5 230.0  -2.6  53.6
1952 4 1.377   1696102 4    3   26    8   55 0.970 263.6 242.1  -7.7  76.6
1952 4 1.377   1696202 1   35  276   19  147 0.340 278.6 185.2  -3.1  19.7
1952 4 1.377   1696401 0    1   10    2   13 0.907 270.4 230.7  -2.3  65.2
1952 4 2.377   1696202 1   36  231   22  139 0.548 274.2 185.5  -3.0  33.2
1952 4 3.344   1696202 1   17  142   13  103 0.721 272.1 185.8  -2.8  46.2
1952 4 3.344   1696602 1    7   26   10   37 0.932  82.7  71.6   4.5 -68.0
1952 4 4.572   1696202 1    8   48   10   54 0.892 270.2 186.6  -2.6  63.2
1952 4 4.572   1696602 1   45  226   39  194 0.809  79.7  70.4   4.6 -53.0
1952 4 5.387   1696202 1    3   12    7   23 0.960 268.9 186.6  -2.8  74.0
1952 4 5.387   1696602 1   97  560   68  390 0.692  76.5  70.1   4.8 -42.5
1952 4 6.318   1696602 1   92  644   55  382 0.534  70.8  69.9   4.9 -30.4
1952 4 7.339   1696602 1  108  763   58  409 0.356  56.8  69.4   5.5 -17.4
1952 4 8.385   1696602 1  121  622   62  318 0.205  19.3  69.1   5.2  -3.9
1952 4 8.385   1696702 9    4   12    3    8 0.622 281.6 110.6   2.5  37.6
1952 4 8.385  13180200 0    1    8    1    6 0.687  48.8  39.1  22.0 -33.9
1952 4 9.351   1696602 1   91  515   47  266 0.245 323.1  68.8   5.5   8.5
1952 4 9.351   1696702 9   17   62   14   50 0.777 278.0 110.7   2.5  50.4
1952 410.410   1696602 1   85  492   47  272 0.424 295.9  68.8   5.3  22.5
1952 410.410   1696702 9   10   83   13  101 0.909 276.3 111.1   3.3  64.8
1952 411.348   1696602 1  109  630   69  396 0.602 286.5  69.3   5.2  35.4
1952 411.348   1696702 9    8   54   19  117 0.971 274.5 109.7   3.0  75.8
1952 411.348  13180300 0    3   25    7   46 0.961 290.5 104.9  17.9  71.0
1952 411.348  13180400 0    4    8    4    8 0.829 260.9  90.3 -10.7  56.4
1952 412.558   1696602 8  142  692  120  584 0.803 281.3  70.2   5.6  52.3
1952 413.369   1696602 8  112  642  131  751 0.902 278.9  70.8   5.6  63.6
1952 413.369  13180500 0    2    9    2    7 0.749  99.0 318.4 -10.4 -48.8
1952 414.438   1696602 8   38  229   96  576 0.979 276.8  70.7   5.5  77.6
1952 415.466   1696602 8    0    3    0   29 0.998 272.3  65.3   1.9  85.8
1952 416.377  13190100 0    4   17    3   13 0.736 294.4  11.2  13.9  43.7
1952 417.344   1696802 5    1   22    1   12 0.317 101.2 296.4  -8.5 -18.3
1952 418.347   1696802 5   37  179   19   90 0.104 130.4 296.9  -9.0  -4.6
1952 419.345   1696802 5   82  468   42  238 0.178 244.5 297.7  -9.4   9.4
1952 419.345   1696902 9    9   35    5   19 0.378  56.0 269.9   7.4 -18.4
1952 420.422   1696802 5  134  751   74  414 0.418 257.8 298.6  -9.6  24.5
1952 420.422   1696902 9   19  115   10   59 0.221   6.7 272.6   7.7  -1.5
1952 420.422   1697002 0    0    8    0   17 0.966  93.8 198.7  -4.9 -75.4
1952 421.313   1696802 5  129 1048   80  649 0.587 260.9 298.3  -9.3  36.0
1952 421.313   1696902 9   13   62    7   33 0.297 326.8 271.8   9.6   9.5
1952 421.313   1697002 0    0   10    0   13 0.912  92.4 196.3  -4.2 -66.0
1952 421.313   1697102 0    1   11    1    6 0.340 111.9 243.5 -11.9 -18.8
1952 421.313   1697201 0    8   51   24  141 0.983  72.9 184.9  15.8 -77.4
1952 422.322   1696802 5  178 1066  140  837 0.769 261.8 299.5  -9.4  50.5
1952 422.322   1696902 0    0   10    0    6 0.515 291.1 277.9   6.5  28.9
1952 422.322   1697002 0    2   14    2   12 0.798  91.4 195.9  -4.0 -53.1
1952 422.322   1697102 0    1    9    1    5 0.151 147.3 244.2 -12.1  -4.8
1952 422.322   1697201 0   22   98   29  125 0.917  70.6 185.0  15.7 -64.0
1952 422.322   1697305 0    4   17    7   25 0.933  74.0 181.9  13.1 -67.1
1952 423.374   1696802 5  100  670  111  742 0.890 261.8 298.3  -9.4  63.2
1952 423.374   1696902 0    4    8    3    6 0.669 285.2 275.6   6.5  40.5
1952 423.374   1697201 1   27  152   23  129 0.804  67.2 184.9  15.2 -50.2
1952 423.374   1697305 0    4   17    4   16 0.829  71.1 181.5  12.8 -53.6
1952 424.330   1696802 5   33  227   76  523 0.975 261.4 300.3  -9.4  77.8
1952 424.330   1696902 0    2   15    2   13 0.799 282.6 274.3   7.2  51.8
1952 424.330   1697201 1   24  142   16   94 0.652  60.5 186.5  15.0 -36.0
1952 424.330   1697401 2    4   16    3   10 0.572 254.7 256.9 -12.5  34.4
1952 425.272   1697002 9    5   27    3   14 0.239  84.2 196.2  -3.0 -13.8
1952 425.272   1697201 1   46  213   27  124 0.504  51.5 186.0  14.2 -24.0
1952 425.272   1697401 2    4   27    3   19 0.688 255.7 253.2 -13.1  43.2
1952 426.313   1697002 9    7   71    4   36 0.031 322.1 197.4  -3.0   1.1
1952 426.313   1697201 1   42  212   23  114 0.361  27.8 186.3  14.3 -10.0
1952 427.318   1697002 9    5   36    3   19 0.271 273.9 198.7  -3.1  15.7
1952 427.318   1697201 1   41  177   22   94 0.327 350.2 186.3  14.5   3.3
1952 428.331   1697002 9    5   35    3   21 0.532 273.5 201.7  -1.7  32.1
1952 428.331   1697201 1   30  122   17   68 0.426 317.2 187.0  14.2  17.4
1952 429.271   1697002 9   12   48    9   34 0.704 272.6 201.9  -1.1  44.7
1952 429.271   1697201 0   18   98   11   60 0.570 302.2 187.0  14.1  29.8
1952 429.271   1697501 0    2    8    4   17 0.966  83.5  82.7   5.2 -74.5
1952 429.271  13190200 0    1    5    1    3 0.408  26.0 146.4  17.5 -10.8
1952 430.323   1697002 9   23   90   23   89 0.860 270.8 202.6  -1.4  59.3
1952 430.323   1697201 0    9   58    7   43 0.732 293.9 187.0  14.4  43.7
1952 430.323   1697501 0    1   10    2   11 0.876  81.7  82.8   5.3 -60.5
1952 430.323   1697601 0    4   17   10   37 0.970  84.7  67.8   4.1 -75.5
1952 5 1.357   1697002 9    4   26   11   61 0.975 269.7 206.8  -1.2  77.2
1952 5 1.357   1697201 0    4   33    5   34 0.865 289.3 187.1  14.5  57.5
1952 5 1.357   1697601 0    9   60   10   65 0.883  83.1  68.1   4.2 -61.5
1952 5 2.344   1697201 0    3   12    6   21 0.950 286.3 186.8  14.2  70.2
1952 5 2.344   1697601 0    3   26    3   20 0.753  81.0  68.4   4.2 -48.2
1952 5 3.606   1697601 0    5   25    3   15 0.538  76.2  68.3   4.2 -31.6
1952 5 4.424   1697601 0    0    7    0    4 0.377  69.3  68.4   4.3 -20.7
1952 5 4.424   1697702 4   16   87   10   54 0.585 271.1 124.9  -2.3  35.8
1952 5 4.424  13190300 0    1   15    1    8 0.184  31.2  83.5   5.5  -5.5
1952 5 5.422   1697702 4   41  276   32  214 0.762 269.8 125.6  -2.4  49.7
1952 5 5.422   1697802 2    5   18    3   11 0.538 256.6 108.0 -10.1  32.1
1952 5 6.641   1697702 4   70  424   86  518 0.910 269.0 125.4  -2.3  65.6
1952 5 6.641   1697802 2   75  329   56  244 0.734 260.2 107.0  -9.5  47.2
1952 5 7.277   1697702 4   53  326   88  533 0.951 268.6 123.4  -2.3  72.0
1952 5 7.277   1697802 2   68  365   62  331 0.832 260.9 107.8  -9.4  56.4
1952 5 8.428   1697702 4    4   25   27  144 0.995 268.9 120.7  -1.4  84.6
1952 5 8.428   1697802 2   39  290   60  440 0.943 261.2 106.9  -9.3  70.8
1952 5 9.328   1697802 2   18  122   78  519 0.992 261.1 107.5  -9.2  83.3
1952 511.454   1697902 0    2    8    2    7 0.810 100.8 302.1 -10.4 -54.0
1952 513.319   1697902 0    5   36    3   21 0.497 107.3 302.6 -10.8 -28.9
1952 514.596   1697902 0    9   48    5   25 0.244 127.2 303.2 -10.9 -11.4
1952 515.424   1697902 0    1   11    1    6 0.138 179.3 303.5 -10.3  -0.1
1952 515.424   1698002 0    8   31   16   59 0.962  98.7 229.3  -9.0 -74.3
1952 516.317   1698002 0   14   90   15   96 0.881  99.3 230.0  -9.3 -61.8
1952 516.317   1698102 0    0    5    0    6 0.906  95.5 226.7  -5.9 -65.1
1952 517.309   1698002 0   30  106   23   81 0.753 100.5 230.1  -9.3 -48.6
1952 517.309   1698102 0    0    4    0    4 0.798  95.8 225.7  -5.9 -53.0
1952 518.372   1698002 2   40  197   25  121 0.575 102.8 230.0  -9.0 -34.6
1952 518.372   1698102 7   15   90   10   58 0.624  97.6 226.1  -6.3 -38.5
1952 519.270   1698002 2   49  204   27  111 0.393 109.0 230.6  -9.1 -22.1
1952 519.270   1698102 7   32  160   18   90 0.453  99.5 226.0  -6.0 -26.7
1952 519.270   1698201 0    1    9    1    7 0.739 113.4 207.1 -18.4 -45.6
1952 520.531   1698002 2   33  142   17   72 0.160 149.6 231.4  -9.7  -4.7
1952 520.531   1698102 7   15   98    8   50 0.175 114.4 226.9  -5.9  -9.2
1952 520.531   1698201 2    8   38    5   23 0.531 121.7 207.8 -17.8 -28.3
1952 520.531  13200100 0    1    9    1    5 0.354 262.3 256.6  -4.4  20.6
1952 521.260   1698002 2   19   59   10   30 0.162 211.4 231.3  -9.6   4.9
1952 521.260   1698102 7   13   81    7   41 0.086 192.8 227.5  -6.5   1.1
1952 521.260   1698201 0    0    1    0    1 0.424 131.5 206.9 -17.9 -19.5
1952 522.312   1698002 2   13   59    7   32 0.349 247.0 231.5  -9.3  19.0
1952 522.312   1698102 7   13   72    7   38 0.279 251.8 228.0  -6.5  15.5
1952 522.312   1698301 0   29  160   58  315 0.966  92.0 137.4  -2.3 -75.1
1952 523.312   1698002 2    8   46    5   28 0.548 255.3 231.8  -9.2  32.5
1952 523.312   1698102 7    8   59    5   34 0.490 259.5 228.3  -6.4  29.0
1952 523.312   1698301 0   56  280   59  295 0.878  91.6 137.9  -2.1 -61.4
1952 523.312   1698402 0    1   11    1    6 0.189 122.1 190.0  -7.2  -9.3
1952 524.308   1698002 2    6   43    5   32 0.727 258.4 232.3  -9.3  46.2
1952 524.308   1698102 7    4   20    3   14 0.679 262.6 228.7  -6.0  42.6
1952 524.308   1698301 0   63  395   48  298 0.745  92.2 137.9  -2.5 -48.2
1952 524.308   1698402 2   13   47    7   24 0.134 225.4 191.6  -6.7   5.5
1952 525.295   1698002 2    5    9    5    9 0.862 259.7 232.3  -9.5  59.3
1952 525.295   1698102 7    0    4    0    4 0.808 264.6 226.9  -5.1  53.9
1952 525.295   1698301 0   60  402   37  246 0.572  92.6 138.1  -2.5 -34.9
1952 526.308   1698002 2    0    5    0    9 0.957 261.2 232.7  -8.7  73.1
1952 526.308   1698301 0   87  460   47  248 0.370  93.8 137.9  -2.4 -21.7
1952 527.303   1698301 0   88  484   45  245 0.151  99.0 137.9  -2.3  -8.6
1952 527.303   1698502 7   14   68    9   44 0.623 240.4 181.4 -18.7  34.9
1952 527.303   1698602 9    5   41    3   23 0.448 293.5 171.1   9.4  24.6
1952 527.303   1698701 9    0   14    0    8 0.396 251.8 168.8  -8.0  22.3
1952 528.358   1698301 0   91  446   46  224 0.094 254.3 137.7  -2.3   5.2
1952 528.358   1698502 2   67  348   55  286 0.792 246.3 182.6 -19.1  50.1
1952 528.358   1698602 9   21   99   14   66 0.659 285.8 172.5   9.7  40.0
1952 528.358  13200200 0    1   13    1    7 0.325 115.3 115.2  -8.8 -17.3
1952 529.322   1698301 1   89  470   47  248 0.313 264.8 138.0  -2.3  18.2
1952 529.322   1698502 2   35  224   41  263 0.903 248.6 183.0 -19.6  63.2
1952 529.322   1698602 9   13   79   12   69 0.812 283.1 173.3  10.2  53.5
1952 530.599   1698301 1   68  404   42  249 0.582 267.2 138.5  -2.1  35.6
1952 530.599   1698502 2    9   50   28  151 0.985 249.1 182.6 -20.7  79.7
1952 530.599   1698602 9    0    6    0   10 0.939 281.2 172.4  10.3  69.5
1952 530.599   1698701 9    0    7    0   10 0.931 261.2 171.3  -8.4  68.4
1952 530.599  13200300 0    1    8    7   32 0.990  82.1  21.0   7.7 -81.8
1952 531.363   1698301 1   60  332   43  237 0.711 267.8 138.0  -1.9  45.3
1952 6 1.394   1698301 1   45  242   45  238 0.858 267.9 138.2  -2.0  59.1
1952 6 1.394   1698802 0    1   10    4   24 0.974  78.0   2.5  11.6 -76.6
1952 6 1.394  13200400 0    0    5    0    9 0.943 290.4 148.4  19.1  69.3
1952 6 2.378   1698301 1   22  124   37  203 0.951 268.5 138.0  -1.5  71.9
1952 6 2.378   1698802 0    1    9    2   10 0.886  76.3   4.5  12.0 -61.6
1952 6 3.304   1698301 1    4   22   22  101 0.994 267.8 137.3  -2.2  83.5
1952 6 3.304   1698802 0    2   14    2   11 0.763  73.2   5.3  12.7 -48.5
1952 6 4.306   1698802 0    1   14    1    9 0.590  67.9   6.5  12.8 -34.1
1952 6 5.385   1698905 0    2    8    3   12 0.927  99.7 318.7  -8.9 -67.6
1952 6 6.326   1698905 0    0    6    0    6 0.819 101.7 319.4  -9.4 -54.4
1952 6 6.326   1699002 0    1   13    1   10 0.730 258.6  60.1  -8.1  46.3
1952 6 7.363   1698802 2    5   27    3   14 0.237 328.9   7.3  12.1   7.2
1952 6 7.363   1699002 2   10   38   11   41 0.878 260.1  61.1  -8.5  61.0
1952 6 7.363   1699102 2    7   48    6   37 0.749 103.3 312.4  -9.7 -47.7
1952 6 8.319   1698802 2    1   22    1   12 0.388 301.4   7.3  12.1  19.8
1952 6 8.319   1699002 0    0    6    0   15 0.974 261.4  64.3  -8.3  76.8
1952 6 8.319   1699102 0    0    1    0    1 0.613 108.5 311.2 -10.8 -36.3
1952 6 8.319   1699201 0    1   14    2   15 0.886 257.4  49.2 -10.9  61.7
1952 6 8.319   1699302 2    0   11    0   33 0.983  95.5 268.1  -5.3 -79.4
1952 6 9.469   1699201 0    0    4    0   14 0.984 261.8  51.8  -8.0  79.6
1952 6 9.469   1699302 2    4   40    5   45 0.893  95.8 269.1  -4.9 -63.1
1952 610.374   1699302 2    7   46    6   37 0.782  96.2 269.0  -4.4 -51.2
1952 611.300   1699302 2    8   35    5   22 0.575 101.2 273.5  -5.7 -34.5
1952 612.330   1699302 2    9   49    5   27 0.387 105.4 272.4  -5.0 -22.0
1952 612.330   1699402 0    5   15    3    9 0.512 100.1 264.0  -4.3 -30.4
1952 613.343   1699302 2   31  215   16  109 0.159 128.4 273.6  -4.6  -7.2
1952 613.343   1699402 0    1   13    1    7 0.277 110.4 265.7  -4.5 -15.1
1952 614.757   1699302 2   56  279   29  144 0.241 245.3 274.9  -4.6  12.7
1952 614.757   1699502 9    5   39    3   20 0.159 305.5 269.7   6.5   7.5
1952 614.757   1699602 2    4   28    4   23 0.788  69.2 211.8  17.0 -50.4
1952 615.429   1699302 2   60  300   33  163 0.385 254.7 275.3  -4.6  21.9
1952 615.429   1699502 9    9   51    5   27 0.290 288.3 269.5   6.5  16.1
1952 615.429   1699602 2    7   30    5   21 0.686  65.4 212.5  17.6 -40.9
1952 615.429   1699701 0    8   66   32  249 0.990 110.9 172.4 -20.5 -81.0
1952 616.304   1699302 0   52  280   32  170 0.562 259.8 275.5  -4.5  33.7
1952 616.304   1699502 9    5   20    3   12 0.489 279.7 270.8   6.0  29.0
1952 616.304   1699602 2   13   61    8   36 0.508  58.0 215.0  16.9 -26.8
1952 616.304   1699701 0   17  123   27  189 0.944 112.3 173.1 -20.5 -68.7
1952 617.391   1699302 0   37  217   28  164 0.746 262.2 275.3  -4.8  47.9
1952 617.391   1699602 2   18   77   10   41 0.324  37.2 215.6  16.5 -11.8
1952 617.391   1699701 0   23  176   22  167 0.847 115.5 172.7 -20.5 -54.7
1952 617.391   1699802 2   14   64    8   35 0.386 148.0 215.0 -17.6 -12.4
1952 618.318   1699302 0   17  131   18  135 0.872 263.8 275.5  -4.6  60.4
1952 618.318   1699602 2   19   77   10   40 0.254   1.5 214.7  16.4  -0.4
1952 618.318   1699701 0   13  166   10  123 0.737 120.0 172.2 -20.4 -42.9
1952 618.318   1699802 2   20   68   11   36 0.329 182.0 215.8 -17.5   0.7
1952 618.318   1699901 0    0    4    0   12 0.979  77.3 136.9  12.8 -78.2
1952 619.303   1699302 0   14   72   25  130 0.958 264.8 275.3  -4.5  73.2
1952 619.303   1699602 2   11   43    6   23 0.332 319.1 215.2  16.3  13.1
1952 619.303   1699701 0   31  168   20  106 0.605 128.4 171.7 -20.5 -30.4
1952 619.303   1699802 3   26   91   15   51 0.448 219.5 219.6 -18.5  17.5
1952 619.303   1699901 0    7   34    9   43 0.913  77.4 136.4  12.2 -65.7
1952 620.474   1699602 2    5   28    3   17 0.519 299.1 214.8  16.3  28.2
1952 620.474   1699701 0   37  192   21  108 0.456 147.2 171.3 -20.7 -15.3
1952 620.474   1699802 3   40  280   26  179 0.622 236.7 219.8 -18.4  33.2
1952 620.474   1699901 0    5   31    4   25 0.768  76.1 137.0  11.9 -49.6
1952 620.474   1700001 0    4   27   14   82 0.985  72.9 106.5  17.2 -80.1
1952 620.474  13210100 0    5   29    4   22 0.731 282.1 233.1  10.1  46.6
1952 621.304   1699602 2    5   32    4   22 0.674 291.6 216.3  15.9  40.7
1952 621.304   1699701 0   44  174   24   95 0.393 169.5 171.2 -20.7  -4.4
1952 621.304   1699802 3   57  329   43  245 0.740 242.8 219.5 -18.3  43.9
1952 621.304   1699901 0    4   32    3   21 0.632  73.6 137.3  11.9 -38.3
1952 621.304   1700001 0   12   58   17   83 0.933  72.3 107.1  17.2 -68.5
1952 622.593   1699602 2    4   14    4   14 0.853 287.6 216.3  16.1  57.8
1952 622.593   1699701 0   35  163   20   91 0.436 207.4 170.9 -20.7  12.4
1952 622.593   1699802 3   42  242   45  259 0.882 248.4 218.0 -17.9  59.5
1952 622.593   1699901 1   14   71    8   39 0.382  59.8 138.7  13.1 -19.8
1952 622.593   1700001 0   17  115   15   96 0.797  69.9 106.9  17.2 -51.6
1952 622.593   1700101 0    0    4    0   30 0.997  98.7  73.5  -8.5 -85.0
1952 623.303   1699602 2    2   14    3   19 0.928 286.4 216.9  16.0  67.8
1952 623.303   1699701 0   35  167   21   98 0.521 222.0 171.0 -20.7  21.9
1952 623.303   1699802 3   29  214   45  328 0.944 249.9 217.9 -18.1  68.8
1952 623.303   1699901 1   13   61    7   32 0.251  41.3 139.3  13.1  -9.8
1952 623.303   1700001 0   30  257   21  179 0.692  68.6 106.9  16.3 -42.2
1952 623.303   1700101 0   31  185   75  444 0.977  99.4  71.9  -8.7 -77.2
1952 624.304   1699701 0   31  139   21   93 0.662 234.1 170.9 -20.9  35.0
1952 624.304   1699802 3    4   31   14   90 0.984 250.5 214.4 -18.7  78.5
1952 624.304   1699901 1    7   33    4   17 0.198 337.8 140.3  12.9   4.4
1952 624.304   1700001 0   54  290   32  171 0.525  61.7 107.1  16.5 -28.8
1952 624.304   1700101 0   87  485  105  583 0.907 100.6  71.5  -8.6 -64.4
1952 625.359   1699701 0   15   87   13   74 0.804 241.4 171.0 -21.0  49.1
1952 625.359   1699901 0    5   15    3    8 0.321 300.6 138.3  11.8  16.4
1952 625.359   1700001 0   44  241   24  129 0.347  44.9 107.1  16.6 -14.8
1952 625.359   1700101 0  158  791  129  644 0.787 103.5  71.1  -9.0 -50.8
1952 625.359   1700202 4    0    6    0    7 0.883  77.2  60.1  12.5 -61.8
1952 626.350   1699701 0   13   54   16   64 0.905 245.2 170.5 -21.1  61.7
1952 626.350   1700001 0   30  139   16   72 0.250   5.0 107.5  17.0  -1.3
1952 626.350   1700101 1  188  986  121  633 0.625 107.6  71.7  -8.8 -37.1
1952 626.350   1700202 4    9   46    7   34 0.731  73.6  62.6  13.7 -46.2
1952 626.350  13210200 0    0   14    0   16 0.896  67.8  46.0  21.0 -62.7
1952 627.306   1699701 0    6   24   14   51 0.970 247.4 169.9 -21.2  73.8
1952 627.306   1700001 0   13   88    7   47 0.318 323.7 107.5  17.5  11.4
1952 627.306   1700101 1  197 1019  111  572 0.453 115.8  71.7  -8.9 -24.4
1952 627.306   1700202 4    5   18    3   11 0.540  68.4  65.0  13.8 -31.1
1952 627.306   1700302 5    1   16    2   19 0.896 101.0  33.3  -8.6 -62.8
1952 628.307   1700001 2   13   62    8   36 0.491 302.0 108.8  17.6  25.9
1952 628.307   1700101 1  221 1196  115  622 0.274 137.5  72.1  -8.9 -10.8
1952 628.307   1700202 4    1   22    1   12 0.347  58.0  65.3  13.3 -17.6
1952 628.307   1700302 5   28  138   22  108 0.766 104.8  34.2  -9.4 -48.7
1952 628.307   1700401 9   45  222   23  113 0.180 139.0  76.1  -5.0  -6.8
1952 629.306   1700001 0    9   32    6   21 0.642 294.7 107.5  17.9  37.8
1952 629.306   1700101 1  216 1076  111  551 0.215 192.0  72.3  -9.2   2.6
1952 629.306   1700302 5   57  340   35  207 0.566 111.3  37.4  -9.4 -32.3
1952 629.306   1700401 9   31  185   16   94 0.178 212.5  75.2  -5.7   5.5
1952 630.303   1700001 0    4   13    4   11 0.794 290.5 108.0  18.1  51.5
1952 630.303   1700101 1  202 1125  108  599 0.342 231.4  72.2  -9.4  15.7
1952 630.303   1700202 4    5   31    3   16 0.208 329.1  62.8  13.3   6.3
1952 630.303   1700302 5  103  486   55  260 0.351 126.4  39.9  -9.1 -16.6
1952 630.303   1700401 9   16   91    9   49 0.351 241.6  74.6  -6.7  18.1
1952 7 1.303   1700001 0    5   17    6   21 0.905 288.4 107.7  18.0  64.5
1952 7 1.303   1700101 1  159  863   94  509 0.528 245.7  72.4  -9.8  29.2
1952 7 1.303   1700202 4    5   14    3    8 0.410 297.4  65.2  13.8  22.0
1952 7 1.303   1700302 5   93  454   48  233 0.220 174.6  42.0  -9.5  -1.2
1952 7 1.303   1700401 9    8   32    5   19 0.515 251.2  72.6  -6.8  29.4
1952 7 2.401   1700101 1  165  670  118  477 0.709 252.7  72.1  -9.8  43.4
1952 7 2.401   1700202 4    4   13    3    9 0.634 287.9  67.1  13.8  38.4
1952 7 2.401   1700302 5   93  477   49  251 0.310 225.8  41.7  -9.3  13.0
1952 7 2.401   1700401 9    5   25    4   19 0.743 257.6  75.7  -7.0  47.0
1952 7 2.401  13210300 0    1    8    1    5 0.510 129.6   4.6 -16.0 -24.1
1952 7 3.337   1700101 0  106  544  100  512 0.845 255.7  72.6 -10.2  56.3
1952 7 3.337   1700302 5   54  414   31  236 0.477 244.3  42.1  -8.9  25.8
1952 7 3.337   1700401 9    2   13    2   13 0.861 259.9  74.9  -6.9  58.6
1952 7 3.337  13210400 0    3   24    2   15 0.576 302.7  47.6  21.0  31.3
1952 7 4.508   1700101 0   41  300   71  518 0.956 258.0  72.8 -10.4  72.0
1952 7 4.508   1700302 5   47  265   33  184 0.690 253.5  42.8  -8.7  42.0
1952 7 5.323   1700101 0   17  107   69  424 0.992 259.3  71.8 -10.1  81.8
1952 7 5.323   1700302 5   32  205   29  181 0.822 256.5  44.0  -9.0  54.0
1952 7 5.323   1700501 2    0    8    0   14 0.946  83.7 278.7   7.1 -71.3
1952 7 6.362   1700302 5   14   88   20  124 0.939 259.0  45.2  -9.0  69.0
1952 7 6.362   1700501 2    0   12    0   11 0.824  83.5 280.5   7.4 -55.7
1952 7 7.324   1700302 5    0    4    0   24 0.994 260.2  46.7  -9.3  83.2
1952 7 7.324   1700501 2    1    8    1    6 0.706  83.7 278.5   7.1 -45.0
1952 7 8.277   1700501 2   10   51    6   30 0.503  83.0 280.7   6.9 -30.2
1952 7 8.277   1700601 0    1   13   15  103 0.998  79.7 224.3  10.5 -86.6
1952 7 9.624   1700501 5   47  185   24   94 0.167  69.5 284.0   7.3  -9.1
1952 7 9.624   1700601 0   31  182   44  255 0.933  80.4 223.9  10.4 -69.2
1952 7 9.624   1700702 5   54  629   94 1085 0.955  93.6 220.5  -2.3 -72.6
1952 710.328   1700501 5   27  121   14   61 0.068 322.6 286.2   7.2   2.4
1952 710.328   1700601 0   42  229   42  229 0.862  80.7 224.0  10.1 -59.8
1952 710.328   1700702 5  114  996  132 1148 0.900  94.8 220.0  -2.5 -63.8
1952 711.368   1700501 5   13   75    7   40 0.316 279.9 288.3   7.1  18.3
1952 711.368   1700601 1   57  325   42  236 0.722  79.7 223.8  10.3 -46.2
1952 711.368   1700702 5  206 1522  164 1212 0.776  96.8 219.5  -2.6 -50.5
1952 711.368   1700802 9    1   48    1   26 0.350 198.5 276.6 -15.2   6.6
1952 712.313   1700501 0   11   42    7   25 0.523 276.0 289.1   6.8  31.6
1952 712.313   1700601 1   57  390   35  236 0.559  77.5 223.8  10.5 -33.7
1952 712.313   1700702 5  217 1695  139 1085 0.622  99.5 219.6  -2.5 -37.9
1952 712.313   1700802 0    0    7    0    4 0.477 233.7 280.7 -12.5  23.2
1952 712.313   1700905 9    4   17    3   12 0.684  77.6 214.5  11.6 -43.0
1952 713.310   1700501 0   14   21   10   15 0.710 275.2 289.7   6.8  45.4
1952 713.310   1700601 1   95  551   51  296 0.359  70.8 224.1  10.9 -20.2
1952 713.310   1700702 5  263 1620  146  898 0.429 105.2 219.8  -2.5 -24.5
1952 713.310   1700905 9    0   13    0    8 0.496  75.4 215.0  11.0 -29.3
1952 714.607   1700501 0    4   22    5   25 0.887 275.5 290.0   6.9  62.8
1952 714.607   1700601 1  105  525   53  265 0.128  25.4 224.0  11.1  -3.2
1952 714.607   1700702 5  214 1646  109  837 0.183 131.3 219.3  -2.5  -7.9
1952 714.607   1700905 9    1   17    1    9 0.230  58.0 215.7  11.4 -11.5
1952 714.607   1701001 9    9   34    5   19 0.430 224.9 245.4 -13.5  18.2
1952 714.607   1701102 9    4   42    3   26 0.562 110.0 195.0  -7.3 -32.2
1952 714.607   1701202 0    5   14    4   10 0.704  74.5 182.8  14.1 -44.4
1952 715.334   1700501 0    0    3    0    6 0.946 276.6 289.0   7.7  71.5
1952 715.334   1700601 1   76  456   39  231 0.158 316.2 223.9  11.1   6.4
1952 715.334   1700702 5  226 1533  114  773 0.128 192.6 219.1  -2.6   1.6
1952 715.334   1701001 9   16   70   10   42 0.545 236.7 245.4 -13.4  27.9
1952 715.334   1701102 9    3    9    2    5 0.402 119.3 196.8  -7.1 -20.7
1952 715.334   1701202 2    6   27    4   17 0.588  72.5 182.2  13.9 -35.3
1952 716.320   1700601 1   69  404   37  216 0.346 289.7 223.9  11.1  19.4
1952 716.320   1700702 5  216 1368  113  713 0.282 245.9 219.4  -2.1  14.9
1952 716.320   1700905 9    5   40    3   21 0.235 304.8 215.9  12.3  11.4
1952 716.320   1701001 9   38  202   27  142 0.700 245.5 245.4 -13.4  40.9
1952 716.320   1701102 9    0    5    0    3 0.239 150.6 197.7  -7.4  -6.8
1952 716.320   1701202 2    1    9    1    5 0.403  64.8 182.4  14.2 -22.1
1952 717.396   1700601 1   54  316   33  191 0.559 283.0 223.9  11.2  33.7
1952 717.396   1700702 5  102  740   60  432 0.514 256.9 220.3  -2.6  30.1
1952 717.396   1700905 9    5   17    3   10 0.433 289.9 214.9  12.8  24.7
1952 717.396   1701001 9   14   62   14   60 0.854 251.2 246.4 -13.4  56.2
1952 717.396   1701102 7    5   27    3   14 0.172 198.9 193.4  -4.6   3.2
1952 717.396  13220100 0    0    5    0    3 0.433  77.5 164.8   9.7 -25.4
1952 718.512   1700601 1   44  232   34  177 0.751 280.7 224.3  11.2  48.8
1952 718.512   1700702 5   71  491   52  359 0.726 262.5 221.6  -2.1  46.1
1952 718.512   1701001 9    4   21    7   37 0.954 254.3 246.3 -13.4  70.8
1952 719.330   1700601 0   34  156   34  154 0.859 279.9 224.3  11.0  59.6
1952 719.330   1700702 5   57  332   53  306 0.838 263.5 221.2  -2.7  56.5
1952 719.330   1701001 9    0    4    0   16 0.987 255.2 244.0 -13.7  79.3
1952 720.315   1700601 0   20   93   34  155 0.952 279.9 224.3  10.9  72.7
1952 720.315   1700702 5   31  221   47  327 0.940 265.2 221.2  -2.8  69.6
1952 720.315   1701301 0   13   77   35  199 0.980 101.8  74.2 -10.5 -77.4
1952 721.617   1701301 0   29  179   32  193 0.884 105.0  74.1 -10.7 -60.3
1952 722.319   1701301 0   41  222   35  186 0.800 107.5  74.2 -10.7 -50.9
1952 723.314   1701301 0   43  234   29  156 0.657 112.9  73.9 -10.7 -38.0
1952 724.305   1701301 0   48  257   28  148 0.492 123.1  74.0 -10.7 -24.8
1952 725.322   1701301 0   52  295   28  157 0.340 144.8  73.9 -10.8 -11.5
1952 725.322  13220200 0    3   27    2   14 0.076 311.3  88.7   8.3   3.3
1952 726.458   1701301 1   59  290   31  152 0.291 192.9  74.2 -11.0   3.8
1952 727.368   1701301 0   42  247   23  134 0.386 224.2  74.2 -10.7  15.9
1952 727.368   1701402 0   17   94   48  258 0.982 100.2 340.2  -8.9 -78.1
1952 728.359   1701301 0   46  254   28  152 0.544 240.9  74.1 -10.4  28.9
1952 728.359   1701402 0   68  287   86  361 0.915 102.0 340.3  -8.6 -64.9
1952 729.462   1701301 0   31  191   23  139 0.723 249.7  74.2 -10.4  43.6
1952 729.462   1701402 0   73  333   59  269 0.783 105.9 341.0  -8.7 -49.6
1952 730.357   1701301 0   27  149   26  141 0.845 253.7  74.4 -10.5  55.6
1952 730.357   1701402 0  108  556   71  363 0.641 111.6 341.7  -9.0 -37.1
1952 731.321   1701301 0   15   85   23  127 0.939 256.5  74.3 -10.5  68.3
1952 731.321   1701402 9  141  997   80  562 0.460 122.5 342.9  -8.9 -23.1
1952 731.321   1701501 0    4   22   10   47 0.970  85.8 289.7   5.5 -76.3
1952 731.321  13220300 0    1   17    1    9 0.213 309.0  15.8  13.5   9.8
1952 8 1.304   1701301 0    6   39   27  157 0.996 258.6  76.4 -10.7  83.4
1952 8 1.304   1701402 9  123  764   65  402 0.310 146.4 343.0  -9.1 -10.0
1952 8 1.304   1701501 0    7   22    8   25 0.890  86.9 289.8   5.5 -63.2
1952 8 2.687   1701402 9   51  309   27  162 0.299 207.7 342.8  -9.4   8.1
1952 8 2.687   1701501 0    0    7    0    5 0.711  87.7 289.1   5.9 -45.6
1952 8 2.687  13230100 0    1    9    1    5 0.312 160.5 328.6 -11.1  -6.1
1952 8 3.345   1701402 9   32  210   18  115 0.404 230.5 344.4  -9.1  18.4
1952 8 3.345   1701602 9   13   77    8   46 0.533  93.1 293.8   3.5 -32.2
1952 8 4.376   1701402 9   26  138   16   85 0.575 244.0 344.0  -9.4  31.6
1952 8 4.376   1701602 9   15   51    8   27 0.319  94.5 293.8   4.4 -18.6
1952 8 4.376   1701702 0    8   68   10   77 0.894 281.0  16.4  12.6  64.0
1952 8 5.574   1701402 9    4   14    4   12 0.798 252.5 347.2 -10.0  50.6
1952 8 5.574   1701602 9   13   89    7   45 0.058 119.2 293.7   4.6  -2.9
1952 8 5.574   1701702 0    4   26   12   66 0.979 282.4  15.9  13.4  79.3
1952 8 5.574   1701801 0    8   54   14   86 0.948  83.4 224.6   8.2 -72.0
1952 8 5.574   1701901 0   14   14   25   25 0.959  96.5 223.7  -4.4 -72.9
1952 8 5.574   1702001 0   14   14  118  118 0.998  98.0 211.5  -7.5 -85.1
1952 8 6.399   1701402 9    5   31    6   36 0.899 256.0 347.9  -9.7  62.2
1952 8 6.399   1701602 9    5   27    3   14 0.154 258.8 294.4   4.5   8.7
1952 8 6.399   1701801 0   20  100   21  103 0.872  84.3 224.5   8.0 -61.2
1952 8 6.399   1701901 0    5   22    6   25 0.891  98.3 223.5  -4.5 -62.2
1952 8 6.399   1702001 0   13   71   25  131 0.961  99.9 212.9  -7.7 -72.8
1952 8 7.302   1701402 9    0   10    0   22 0.968 257.8 347.7 -10.1  74.0
1952 8 7.302   1701602 9   28  204   15  108 0.320 266.5 292.4   4.9  18.7
1952 8 7.302   1701801 0   15  116   12   89 0.753  84.9 224.5   8.0 -49.2
1952 8 7.302   1701901 0    8   17    7   14 0.781 100.8 223.4  -4.4 -50.3
1952 8 7.302   1702001 2   12  100   14  109 0.885 101.8 212.8  -7.4 -60.9
1952 8 7.302   1702102 3    4   30   22  140 0.993  77.8 189.2  12.8 -84.5
1952 8 7.302  13230200 0    2   14    2   12 0.799  73.9 220.4  16.7 -53.3
1952 8 8.312   1701602 9   37  175   22  104 0.531 269.2 292.6   5.0  32.2
1952 8 8.312   1701801 0   17  128   11   79 0.583  85.4 224.5   7.9 -35.9
1952 8 8.312   1701901 0    4   15    3   10 0.625 105.3 223.2  -4.4 -37.2
1952 8 8.312   1702001 2   22  115   17   87 0.748 105.8 213.9  -7.4 -46.5
1952 8 8.312   1702102 3   20  191   36  334 0.956  77.5 186.4  13.8 -74.0
1952 8 9.327   1701602 9   23  100   17   74 0.729 270.5 293.9   4.8  47.0
1952 8 9.327   1701801 0   25  182   14   99 0.381  84.9 224.4   7.9 -22.5
1952 8 9.327   1701901 0    3   17    2   10 0.442 114.1 223.0  -4.5 -23.9
1952 8 9.327   1702001 0   27  116   17   72 0.584 112.7 214.0  -7.6 -32.9
1952 8 9.327   1702102 3   36  316   36  316 0.864  78.2 186.5  13.4 -60.4
1952 810.387   1701602 0    8   56   10   63 0.893 271.8 296.5   4.5  63.6
1952 810.387   1701801 0   27  166   14   84 0.148  80.8 224.4   7.8  -8.5
1952 810.387   1701901 0    1    9    1    5 0.249 139.1 223.5  -4.4  -9.4
1952 810.387   1702001 0   18   84   10   46 0.397 126.5 214.1  -7.5 -18.8
1952 810.387   1702102 3  115  717   83  518 0.718  76.9 186.8  13.9 -46.1
1952 811.303   1701602 0    1    8    4   19 0.972 273.0 297.6   4.4  76.8
1952 811.303   1701801 0   31  151   16   76 0.066 290.7 224.4   7.9   3.6
1952 811.303   1702001 0   15   50    8   26 0.264 154.8 214.3  -7.3  -6.5
1952 811.303   1702102 3  132  601   80  363 0.557  74.6 187.2  14.0 -33.6
1952 812.347   1701801 0   13   45    7   24 0.289 274.7 223.9   7.7  16.9
1952 812.347   1702001 0    9   40    5   21 0.270 208.2 214.4  -7.2   7.4
1952 812.347   1702102 3  106  591   57  317 0.359  67.6 187.0  14.1 -20.0
1952 812.347   1702202 2   13   43    7   23 0.330 134.6 193.3  -7.0 -13.7
1952 812.347  13230300 0    0   21    0   11 0.184 326.2 213.0  15.4   6.1
1952 813.321   1701801 0    1   10    1    6 0.500 273.5 224.3   7.5  30.2
1952 813.321   1702001 0    9   23    5   13 0.418 236.2 214.6  -7.2  20.5
1952 813.321   1702102 3  102  557   52  283 0.174  41.4 187.3  14.1  -6.8
1952 813.321   1702202 0    1    9    1    5 0.237 172.0 192.2  -6.9  -1.9
1952 813.321   1702302 4   34  123   18   64 0.275 201.3 199.9  -8.2   5.8
1952 814.303   1702001 0    9   27    6   17 0.596 248.3 215.1  -7.2  33.9
1952 814.303   1702102 3   78  525   40  267 0.173 316.8 188.2  13.9   7.0
1952 814.303   1702302 4   36  169   20   93 0.414 232.5 200.6  -8.3  19.4
1952 815.524   1702001 0    2    8    2    7 0.797 255.4 216.0  -7.4  51.0
1952 815.524   1702102 3   69  372   38  205 0.414 288.9 188.8  13.9  23.8
1952 815.524   1702302 4   73  359   47  230 0.622 247.8 200.6  -8.1  35.6
1952 816.324   1702102 0   39  271   24  165 0.565 284.0 188.7  13.5  34.3
1952 816.324   1702302 4   51  394   40  305 0.761 252.8 201.7  -8.4  47.3
1952 816.324   1702401 9    9   43    5   22 0.193  41.3 146.8  15.1  -7.6
1952 816.324   1702501 9    3   49   11  140 0.983 103.7  76.7 -12.1 -77.7
1952 817.285   1702102 0   23  192   17  140 0.724 282.6 188.4  13.8  46.7
1952 817.285   1702302 3   49  267   54  295 0.889 257.6 202.9  -7.8  61.2
1952 817.285   1702401 9    0   47    0   24 0.183 346.3 144.3  17.1   2.6
1952 817.285   1702501 9   14   65   18   83 0.918 106.1  77.4 -11.9 -64.3
1952 818.142   1702102 0   25  148   24  139 0.844 281.9 188.6  13.7  58.2
1952 818.142   1702302 3   32  129   60  241 0.962 259.8 203.3  -7.8  72.9
1952 818.142   1702401 9   11  103    6   55 0.340 294.7 149.0  14.7  18.6
1952 818.142   1702501 9   11   37   10   34 0.832 109.3  77.0 -11.9 -53.4
1952 819.322   1702102 0   14   72   23  118 0.951 282.1 187.8  13.6  73.0
1952 819.322   1702401 9    6   24    4   15 0.559 286.6 148.5  15.0  33.7
1952 819.322   1702501 9    8   46    6   31 0.666 116.9  77.4 -12.1 -37.4
1952 820.644   1702401 9    0    9    0    8 0.805 281.3 151.5  13.2  54.2
1952 820.644   1702501 9   24   72   14   41 0.464 134.6  77.5 -12.5 -19.8
1952 820.644   1702602 1   40  323   66  528 0.951  81.8  24.5   9.9 -72.8
1952 820.644   1702702 9    0   13    0   36 0.980  77.4  17.5  13.7 -79.8
1952 821.304   1702501 9   18   90   10   49 0.376 150.8  77.8 -12.3 -10.8
1952 821.304   1702602 1   67  430   75  476 0.890  82.3  25.0  10.0 -63.6
1952 821.304   1702702 9    8   38   13   58 0.941  79.0  17.3  12.7 -71.3
1952 822.302   1702501 9   18   67   10   36 0.332 188.3  78.2 -12.2   2.8
1952 822.302   1702602 1   90  505   71  395 0.766  83.5  24.9   9.5 -50.5
1952 822.302   1702702 9    8   45    8   42 0.839  79.4  17.7  12.7 -57.7
1952 823.301   1702501 9    7   50    4   28 0.429 220.9  78.9 -12.2  16.7
1952 823.301   1702602 1   89  613   56  384 0.599  83.4  25.1   9.6 -37.1
1952 823.301   1702702 9    7   31    5   22 0.700  78.5  17.4  13.1 -44.8
1952 823.301   1702802 4    9   35    7   27 0.753  86.2  12.9   7.5 -49.3
1952 823.301   1702902 2   26  140   36  188 0.927 106.9 356.8 -12.8 -65.4
1952 823.301  13230400 0    4   23    6   29 0.915 273.5 128.9   6.0  66.7
1952 824.337   1702501 9    1    9    1    6 0.588 236.8  78.8 -12.7  30.3
1952 824.337   1702602 1  117  655   64  357 0.395  81.9  25.1   9.7 -23.4
1952 824.337   1702702 9    6   32    4   19 0.533  76.6  16.3  13.1 -32.2
1952 824.337   1702802 4   41  181   25  110 0.561  87.6  14.1   7.2 -34.4
1952 824.337   1702902 2   73  401   65  355 0.823 111.2 356.5 -13.0 -52.0
1952 824.337  13230500 0    0    6    0    4 0.533 251.2  78.9  -3.8  30.4
1952 825.297   1702501 9    1    9    1    7 0.732 245.1  78.8 -12.8  42.9
1952 825.297   1702602 1  109  699   56  357 0.198  75.0  24.7   9.9 -11.2
1952 825.297   1702702 9    7   20    4   11 0.389  73.8  13.4  12.8 -22.5
1952 825.297   1702802 4   65  248   35  133 0.352  88.7  15.1   7.1 -20.8
1952 825.297   1702902 2   76  483   53  336 0.692 117.5 356.8 -13.2 -39.1
1952 825.297   1703001 0    2    6    2    5 0.764 235.2  78.0 -20.7  42.1
1952 825.297  13230600 0    1   21    1   15 0.702 277.1  80.8  10.0  45.0
1952 826.431   1702501 9    0   17    0   19 0.881 252.1  80.0 -12.1  59.1
1952 826.431   1702602 1   99  629   50  316 0.084 301.1  25.1   9.6   4.2
1952 826.431   1702702 9    1   13    1    7 0.185  58.4  11.6  12.6  -9.3
1952 826.431   1702802 4   43  147   22   74 0.092  94.3  15.6   6.7  -5.3
1952 826.431   1702902 2  110  534   65  314 0.523 130.6 356.8 -13.4 -24.1
1952 826.431   1703001 0    0   13    0   15 0.889 242.6  78.3 -20.4  57.4
1952 826.431   1703102 3    4   34   22  158 0.994  94.5 297.9  -3.6 -83.0
1952 826.431   1703202 5    1   17   11   96 0.996  87.8 295.8   2.8 -85.1
1952 827.403   1702602 1   87  575   46  301 0.295 279.1  25.2   9.5  17.2
1952 827.403   1702702 9    7   43    4   22 0.117 313.1  13.0  11.7   5.0
1952 827.403   1702802 4   17   65    9   33 0.132 266.3  15.6   6.6   7.6
1952 827.403   1702902 2  112  550   61  300 0.394 152.2 357.1 -13.4 -10.9
1952 827.403   1703102 3   58  250  108  464 0.962  96.0 294.6  -3.8 -73.4
1952 827.403   1703202 5   30  241   53  421 0.957  88.5 294.6   3.5 -73.4
1952 827.403  13230700 0    0    7    0    8 0.896  90.7 304.2   2.5 -63.8
1952 828.283   1702602 1   75  442   43  252 0.478 276.1  25.2   9.2  28.8
1952 828.283   1702702 9   13   64    7   34 0.296 284.5  13.4  11.1  17.0
1952 828.283   1702802 4    7   36    4   19 0.315 270.3  14.9   6.9  18.5
1952 828.283   1702902 2  106  508   57  272 0.355 183.3 357.6 -13.6   1.2
1952 828.283   1703102 3  120  624  126  655 0.877  97.9 295.9  -3.4 -60.5
1952 828.283   1703202 5   65  522   72  573 0.889  88.6 293.4   4.5 -63.0
1952 829.352   1702602 1   58  322   40  222 0.674 276.5  25.1   9.7  42.8
1952 829.352   1702702 9    5   20    3   12 0.514 279.8  13.4  11.2  31.1
1952 829.352   1702902 2   77  450   43  251 0.440 216.4 357.9 -13.8  15.6
1952 829.352   1703102 3  196 1056  149  800 0.749 101.6 295.0  -3.8 -47.3
1952 829.352   1703202 5  182  970  139  739 0.751  90.3 293.4   4.5 -48.9
1952 830.316   1702602 3   38  209   34  184 0.820 276.3  25.3   9.3  55.7
1952 830.316   1702702 9    1   11    1    8 0.714 278.1  15.6  10.8  46.0
1952 830.316   1702902 2   77  432   48  268 0.588 233.3 358.7 -14.3  29.1
1952 830.316   1703102 3  263 1182  163  731 0.585 106.6 295.4  -3.7 -34.2
1952 830.316   1703202 5  107  613   67  381 0.590  91.7 293.3   4.8 -36.3
1952 830.316   1703301 9    0   14    0   22 0.947 104.7 260.5 -11.4 -69.1
1952 831.360   1702602 3   17   94   25  133 0.934 277.2  25.6   9.3  69.8
1952 831.360   1702902 2   83  354   60  255 0.717 242.7 356.8 -13.8  41.0
1952 831.360   1703102 3  165 1091   90  592 0.386 117.2 295.7  -3.4 -20.1
1952 831.360   1703202 5   62  517   34  280 0.380  95.2 293.5   4.7 -22.3
1952 831.360   1703301 9    4   23    4   19 0.793 109.6 266.3 -10.8 -49.5
1952 9 1.330   1702602 3    6   37   25  141 0.990 279.1  26.1  10.0  83.1
1952 9 1.330   1702902 2   60  355   55  324 0.834 248.5 356.0 -13.5  53.0
1952 9 1.330   1703102 3  169 1161   87  595 0.219 144.6 295.7  -3.1  -7.3
1952 9 1.330   1703202 5   86  442   44  224 0.159 106.2 294.2   4.6  -8.8
1952 9 1.330   1703301 9    8   46    6   32 0.687 114.8 263.5 -11.2 -39.5
1952 9 2.302   1702902 2   29  183   44  274 0.941 252.7 357.6 -13.6  67.5
1952 9 2.302   1703102 3  172  958   88  490 0.204 211.9 296.3  -2.8   6.2
1952 9 2.302   1703202 5   63  406   32  204 0.072 235.6 293.5   4.9   3.4
1952 9 2.302   1703301 9    5   41    3   25 0.547 125.5 263.0 -12.1 -27.1
1952 9 2.302   1703405 2    5   25    3   13 0.114 272.7 296.7   7.5   6.6
1952 9 3.580   1702902 2    0    8    0   22 0.979 257.2 349.7 -10.9  76.5
1952 9 3.580   1703102 3  116  714   65  397 0.435 246.9 296.8  -3.2  23.6
1952 9 3.580   1703202 5   30  241   16  128 0.329 265.3 292.4   5.3  19.2
1952 9 3.580   1703405 0    1    7    1    4 0.421 271.5 298.3   7.2  25.1
1952 9 4.303   1703102 3   87  505   54  310 0.578 254.1 297.5  -3.1  33.8
1952 9 4.303   1703202 5   20  114   12   66 0.495 266.6 293.4   4.6  29.7
1952 9 4.303  13240100 0    2    8    4   17 0.963  99.2 190.3  -6.8 -73.3
1952 9 5.314   1703102 3   83  456   63  344 0.746 259.1 297.5  -3.2  47.2
1952 9 5.314   1703202 0   18   72   13   51 0.704 268.7 295.2   4.2  44.9
1952 9 5.314   1703501 0    0    7    0    4 0.425 122.3 229.1  -6.4 -21.2
1952 9 5.314   1703602 9    8   31   12   43 0.928 100.3 183.5  -6.7 -66.8
1952 9 5.314   1703702 0    0    4    0    6 0.919  76.5 182.5  15.2 -67.8
1952 9 6.303   1703102 3   53  283   57  300 0.880 262.3 298.1  -3.3  60.8
1952 9 6.303   1703202 0    5   23    5   22 0.848 270.4 295.5   4.2  58.2
1952 9 6.303   1703301 9    0    5    0    3 0.491 228.2 259.3 -12.4  22.0
1952 9 6.303   1703501 0    1    7    1    4 0.283 145.9 228.1  -6.4  -9.2
1952 9 6.303   1703602 9   11   51   10   46 0.827 104.1 183.3  -7.4 -54.0
1952 9 6.303   1703702 0    0    4    0    4 0.790  75.2 184.6  16.1 -52.7
1952 9 7.292   1703102 3   30  138   60  272 0.966 264.0 298.5  -3.9  74.3
1952 9 7.292   1703202 0    1    9    3   14 0.944 271.7 295.3   4.0  71.1
1952 9 7.292   1703602 9    7   35    5   24 0.678 109.7 184.1  -7.7 -40.1
1952 9 9.147   1703702 2    3   25    2   13 0.224  48.9 189.6  15.6 -10.1
1952 910.302   1703702 2    9   43    5   22 0.191 319.4 191.9  15.5   7.4
1952 913.306  13240200 0    0    9    0   10 0.873  89.9  83.8   3.6 -61.0
1952 916.301   1703802 9    1   24    6   76 0.986  80.8  23.7  10.2 -81.6
1952 917.348   1703802 9   20  109   29  153 0.933  80.3  21.6  11.6 -69.8
1952 918.323   1703802 9   29  133   27  122 0.836  80.5  21.2  11.8 -57.4
1952 918.323   1703901 0    4   19   17   69 0.989 104.5 359.0 -13.2 -79.6
1952 919.468   1703802 9   13   80    9   53 0.651  81.3  22.5  11.0 -41.0
1952 919.468   1703901 0   13   71   18   94 0.924 107.6 358.7 -13.3 -64.8
1952 919.468  13240300 0    1   13    1    8 0.553 219.0  85.0 -18.9  21.6
1952 920.297   1703802 9   14   85    8   49 0.482  82.5  23.5   9.8 -29.0
1952 920.297   1703901 2   14  123   13  114 0.838 110.4 358.8 -12.9 -53.7
1952 921.662   1703802 9    7   63    4   33 0.259  67.5  20.3  12.5 -14.2
1952 921.662   1703901 0   18   86   12   57 0.651 120.1 359.1 -13.4 -35.4
1952 921.662   1704001 7   44  284   80  515 0.960  88.6 320.5   3.3 -74.0
1952 922.307   1703901 0   21  107   13   65 0.557 127.0 358.8 -13.4 -27.2
1952 922.307   1704001 7   77  401   91  474 0.904  89.9 321.1   3.1 -64.9
1952 922.307   1704101 0    3   20   24  132 0.997  96.3 301.4  -5.7 -84.6
1952 923.355   1703802 9    3   39    2   20 0.177 299.1  21.2  11.8   9.1
1952 923.355   1703901 0    9   57    5   32 0.420 147.9 358.8 -14.1 -13.3
1952 923.355   1704001 7   64  470   52  377 0.779  91.7 320.9   3.0 -51.2
1952 923.355   1704101 0   17  110   28  174 0.946  98.4 301.9  -5.6 -70.2
1952 924.325   1703901 0    9   35    5   19 0.362 178.1 358.6 -14.3  -0.7
1952 924.325   1704001 7   86  506   55  324 0.621  93.6 320.9   3.2 -38.4
1952 924.325   1704101 0   25  151   25  147 0.854 100.4 301.8  -5.2 -57.5
1952 924.325  13250100 0    3   15    2    8 0.058 136.3 357.0   4.5  -2.3
1952 925.447   1703901 0    7   27    4   15 0.433 212.7 358.5 -14.7  14.0
1952 925.447   1704001 7   58  478   32  262 0.404  98.2 320.9   3.0 -23.6
1952 925.447   1704101 0   45  219   32  154 0.701 105.1 301.7  -5.5 -42.8
1952 926.321   1703901 0    6   18    4   11 0.550 229.2 358.5 -14.9  25.5
1952 926.321   1704001 7   52  403   27  207 0.227 106.3 320.4   3.0 -12.6
1952 926.321   1704101 0   38  248   23  149 0.552 110.9 301.8  -5.5 -31.2
1952 927.626   1703901 0    4   17    3   13 0.734 242.0 358.0 -15.2  42.2
1952 927.626   1704001 7   57  300   29  151 0.102 230.0 320.3   3.0   4.5
1952 927.626   1704101 0   45  227   24  120 0.319 131.0 301.8  -5.5 -14.0
1952 928.432   1703901 0    2    8    2    8 0.841 246.3 358.3 -15.8  53.2
1952 928.432   1704001 7   36  184   19   96 0.268 257.9 320.3   3.3  15.2
1952 928.432   1704101 0   64  280   33  144 0.222 164.5 301.7  -5.6  -3.4
1952 929.338   1703901 0    2   15    3   22 0.932 250.4 358.9 -15.6  65.7
1952 929.338   1704001 7   12   76    7   43 0.458 263.7 320.3   3.1  27.1
1952 929.338   1704101 0   48  237   25  123 0.258 214.8 301.7  -5.6   8.5
1952 930.335   1704001 7    1   13    1    9 0.654 266.3 320.8   2.6  40.8
1952 930.335   1704101 0   34  215   19  119 0.419 240.6 301.5  -5.7  21.5
195210 1.301   1704101 0   22  208   14  130 0.594 250.7 301.6  -5.9  34.3
195210 2.340   1704101 0   23  178   18  139 0.763 256.7 301.9  -5.8  48.3
195210 2.340   1704202 0    9   29    6   19 0.629 113.6 217.9  -9.3 -35.7
195210 2.340  13250200 0    1    9    1    5 0.407 220.6 269.3 -11.7  15.7
195210 3.327   1704101 0   10   77   12   85 0.888 260.5 302.2  -5.4  61.6
195210 3.327   1704202 0    3   17    2   10 0.478 122.5 216.5  -9.0 -24.1
195210 4.361   1704101 0    1   12    4   26 0.968 262.7 301.5  -5.4  74.6
195210 4.361   1704202 0    3   22    2   12 0.323 146.5 216.5  -9.3 -10.4
195210 4.361   1704305 0    9   52    5   27 0.196 186.6 228.2  -4.8   1.3
195210 4.361   1704402 0    9   36    5   19 0.254 179.2 226.7  -8.3  -0.2
195210 4.361   1704502 2   29  225   80  614 0.982  79.2 146.6  11.8 -80.3
195210 5.336   1704305 0    7   24    4   13 0.338 235.9 230.3  -4.8  16.3
195210 5.336   1704402 0   13   26    7   14 0.348 221.5 227.5  -8.9  13.5
195210 5.336   1704502 2   85  498  102  598 0.908  79.8 148.1  11.9 -65.9
195210 6.515   1704305 0    3   19    2   12 0.575 251.0 231.6  -5.5  33.1
195210 6.515   1704402 0    3   21    2   13 0.548 242.2 227.9  -9.3  29.4
195210 6.515   1704502 2   88  611   70  481 0.769  80.0 147.8  11.7 -50.7
195210 6.515   1704605 0    2   10    2   10 0.846  73.4 140.3  17.4 -58.2
195210 7.344   1704305 0    1   12    1    9 0.722 256.3 232.4  -5.4  44.8
195210 7.344   1704402 0    1    8    1    6 0.687 249.2 228.2  -9.4  40.6
195210 7.344   1704502 2  143  656   94  430 0.643  79.2 147.4  11.7 -40.2
195210 7.344   1704605 0    0   10    0    8 0.763  72.0 138.0  17.7 -49.6
195210 8.343   1704402 0    2   10    2   10 0.833 254.1 228.8  -9.6  54.4
195210 8.343   1704502 2  137  694   77  389 0.450  76.4 147.9  11.6 -26.5
195210 9.314   1704502 2  133  669   69  346 0.253  66.6 147.9  11.7 -13.7
19521010.347   1704502 2  123  648   62  326 0.099   3.0 147.6  11.7  -0.3
19521011.339   1704502 2   85  485   44  250 0.239 294.5 147.6  11.5  12.8
19521012.441   1704502 2   69  422   39  238 0.458 284.1 147.3  11.7  27.0
19521013.530   1704502 2   75  363   50  242 0.657 281.1 147.1  11.7  41.2
19521014.583   1704502 9   39  230   34  200 0.816 281.4 147.2  12.6  55.1
19521015.354   1704502 9   48  153   56  177 0.899 280.9 146.5  12.3  64.6
19521016.353   1704502 9   12   59   29  133 0.975 282.3 146.7  13.2  78.0
19521019.301   1704702 5    8   60   22  153 0.979  88.4 311.4   2.7 -78.4
19521020.303   1704702 5   31  222   41  285 0.919  89.0 309.6   3.0 -67.0
19521021.627   1704702 5  135  790  107  624 0.772  90.9 308.5   2.6 -50.6
19521022.549   1704702 5  136  949   87  606 0.618  92.1 308.8   2.7 -38.2
19521023.370   1704702 5  166  978   93  548 0.447  94.9 309.7   2.3 -26.5
19521024.401   1704702 5  165 1043   85  536 0.229 100.9 309.6   2.3 -13.0
19521025.365   1704702 5  161 1064   81  533 0.044 156.7 308.8   2.5  -1.0
19521026.393   1704702 5  112  880   58  454 0.244 259.4 310.2   2.0  13.9
19521026.393   1704802 2    4   17    7   29 0.952  77.3 223.5  13.5 -72.8
19521026.393  13260100 0    1   11    1    6 0.255 183.5 297.1 -10.0   0.9
19521027.373   1704702 5  113  624   64  351 0.454 264.4 310.3   1.6  26.9
19521027.373   1704802 2   12   60   13   62 0.872  77.5 222.4  13.2 -61.0
19521028.366   1704702 5   59  350   40  234 0.659 267.1 311.5   1.5  41.2
19521028.366   1704802 2   42  298   32  223 0.740  76.5 222.7  13.0 -47.6
19521029.372   1704702 5   54  330   46  278 0.801 269.1 310.3   1.9  53.3
19521029.372   1704802 2   51  262   32  163 0.591  73.3 221.4  13.4 -35.6
19521030.346   1704702 5   41  194   54  253 0.922 269.4 311.4   1.1  67.2
19521030.346   1704802 2   29  153   16   84 0.410  67.8 221.3  12.9 -22.9
19521030.346  13260200 0    0    3    0    4 0.896  76.7 180.2  13.8 -63.9
19521031.391   1704702 5    1    8    5   24 0.982 272.7 309.8   3.4  79.4
19521031.391   1704802 2   23  161   12   83 0.240  45.8 220.2  13.8 -10.2
195211 1.295   1704802 2   11  151    6   77 0.173 352.7 219.8  14.0   1.3
195211 2.281   1704802 0    3   34    2   18 0.295 310.7 218.9  15.0  13.4
195211 5.527   1704802 0    0    9    0    9 0.857 283.4 221.7  13.4  59.0
195211 5.527   1704901 1    9   36   11   44 0.909 106.5  99.1 -13.3 -63.6
195211 6.341   1704901 1   23  119   20  104 0.815 108.3  99.4 -12.7 -52.5
195211 7.420   1704901 1   44  261   29  172 0.647 115.1 100.7 -13.2 -37.0
195211 7.420   1705002 4   17  164    9   84 0.203 327.6 144.1  13.3   6.4
195211 8.373   1704901 1   48  306   28  176 0.490 125.6 100.9 -13.5 -24.2
195211 8.373   1705002 4   82  530   45  290 0.405 297.0 146.9  13.7  21.8
195211 9.484   1704901 1   41  214   22  113 0.318 156.2 102.9 -13.7  -7.6
195211 9.484   1705002 4   44  319   28  203 0.616 288.5 147.5  13.9  37.0
19521110.435   1704901 0   34  169   18   89 0.298 196.5 103.0 -13.5   5.0
19521110.435   1705002 4   40  194   31  150 0.759 285.9 146.8  14.1  48.8
19521111.347   1704901 0   34  142   19   78 0.401 225.6 103.0 -13.4  17.1
19521111.347   1705002 4   15   71   17   77 0.885 284.1 148.0  13.9  62.1
19521112.369   1704901 0   21  123   13   75 0.566 241.4 103.2 -13.2  30.7
19521112.369   1705002 4    1   21    4   44 0.968 283.0 148.3  13.3  75.8
19521113.407   1704901 0   21  109   16   80 0.728 248.5 102.9 -13.5  44.1
19521113.407   1705102 9   21  115   16   86 0.741 272.5 106.7   3.7  47.9
19521114.418   1704901 0   18   74   18   73 0.859 252.1 102.7 -13.9  57.3
19521114.418   1705102 9   39  148   44  166 0.892 272.2 108.6   3.2  63.2
19521115.403   1704901 0   12   49   20   76 0.944 254.2 102.0 -14.0  69.5
19521115.403   1705102 9    7   48   17  110 0.974 272.3 109.5   2.8  77.0
19521116.458   1704901 0    3   10   18   48 0.993 255.7 101.1 -13.9  82.6
19521116.458   1705202 6   84  393  136  630 0.949  84.9 306.8   5.6 -71.7
19521117.370   1705202 6  153  775  147  741 0.850  85.3 308.2   5.2 -58.3
19521118.426   1705202 6  195 1105  135  764 0.687  84.2 309.2   5.6 -43.4
19521118.426  13270100 0    1   15    1    9 0.511  62.1 324.6  15.8 -28.0
19521119.310   1705202 6  289 1404  172  833 0.536  82.8 308.7   5.6 -32.3
19521120.483   1705202 6  389 2075  203 1081 0.274  87.3 309.6   2.6 -15.9
19521121.292   1705202 6  339 2168  171 1091 0.114  58.7 309.3   5.2  -5.6
19521122.296   1705202 6  392 2288  199 1159 0.161 293.8 310.1   5.4   8.5
19521123.426   1705202 6  316 1796  174  987 0.412 279.4 310.8   5.3  24.1
19521124.369   1705202 6  243 1524  154  965 0.611 277.1 311.8   5.5  37.5
19521124.369   1705302 2    8   50    6   36 0.713 110.5 230.9 -13.4 -43.4
19521125.478   1705202 6  214 1130  178  938 0.796 275.8 312.4   5.4  52.7
19521125.478   1705302 0    1   17    1   10 0.500 119.1 233.1 -12.9 -26.6
19521125.478  13270200 0    1    6    1    4 0.646 252.6 298.5 -10.1  38.8
19521126.302   1705202 6  149  801  167  894 0.893 275.2 312.0   5.2  63.2
19521127.433   1705202 6   58  402  138  944 0.976 274.9 311.4   5.0  77.5
19521128.440   1705302 0    1   13    1    7 0.338 223.8 234.5 -13.2  13.9
19521130.302   1705401 0    7   40   24  127 0.986  86.6 115.6   3.5 -80.5
195212 1.459   1705401 0   10   85   13  105 0.911  86.3 115.1   3.6 -65.7
195212 2.416   1705401 0   21  121   18  100 0.794  85.4 115.7   3.9 -52.5
195212 3.386   1705401 1   35  202   23  132 0.640  84.4 115.7   3.8 -39.7
195212 4.461   1705401 1   12   93    7   52 0.435  82.5 115.7   3.4 -25.6
195212 4.461   1705502 5    0    3    0   21 0.996  79.6  56.7  10.4 -84.6
195212 5.375   1705401 1   29  145   15   75 0.245  72.9 115.6   4.2 -13.6
195212 5.375   1705502 5   17   83   35  167 0.967  78.6  54.2  11.0 -75.0
195212 6.400   1705401 1   27  103   14   52 0.059 356.6 115.9   3.3   0.2
195212 6.400   1705502 5   55  326   58  338 0.874  78.0  55.3  10.4 -60.4
195212 7.448   1705401 1   17   79    9   41 0.254 283.9 116.2   3.3  14.3
195212 7.448   1705502 5   72  428   54  320 0.741  75.8  55.0  10.3 -46.9
195212 8.430   1705401 0   12   60    7   34 0.456 278.1 115.9   3.4  26.9
195212 8.430   1705502 5  122  724   75  443 0.574  70.8  55.5  10.6 -33.5
195212 9.283   1705401 0    4   18    3   12 0.617 275.1 115.7   2.8  38.0
195212 9.283   1705502 5   82  597   45  326 0.398  62.4  56.7  10.2 -21.0
19521210.288   1705502 5   85  604   44  311 0.239  39.1  55.7  10.1  -8.8
19521211.430   1705502 5   56  292   29  150 0.231 321.4  57.8   9.7   8.4
19521211.430   1705602 2    8   50   25  142 0.983 100.0 330.1 -10.0 -79.3
19521212.399   1705502 5   37  276   20  149 0.373 299.0  56.0   9.6  19.3
19521212.399   1705602 2   44  255   70  397 0.946 101.3 325.9 -11.0 -70.8
19521212.399   1705701 2   34  229   88  592 0.980  84.3 318.3   5.4 -78.4
19521213.584   1705502 5   21  104   14   67 0.628 285.5  58.9   8.9  37.8
19521213.584   1705602 2   46  297   40  257 0.813 102.9 327.3 -11.0 -53.8
19521213.584   1705701 2   77  409   87  461 0.895  83.2 317.9   5.6 -63.2
19521213.584   1705802 2    3   21   18   97 0.994  97.1 297.5  -7.2 -83.6
19521214.400   1705502 0   13   48   11   39 0.784 281.9  61.2   8.6  50.9
19521214.400   1705602 2   54  346   37  235 0.672 104.9 328.9 -10.8 -41.4
19521214.400   1705701 2   79  574   66  477 0.796  82.5 317.9   5.3 -52.4
19521214.400   1705802 2   12   60   21   98 0.950  97.9 298.6  -7.8 -71.7
19521214.400   1705901 2   16  152   38  351 0.975  99.8 293.2  -9.8 -77.1
19521215.455   1705502 0    4   19    5   24 0.911 279.9  61.6   8.5  65.2
19521215.455   1705602 2   66  405   38  232 0.482 110.7 329.1 -10.9 -27.3
19521215.455   1705701 2  117  644   76  417 0.633  79.6 317.7   5.6 -38.7
19521215.455   1705802 2   16  112   15  102 0.833  99.2 300.2  -8.3 -56.2
19521215.455   1705901 2   47  341   55  399 0.902 100.8 292.2 -10.3 -64.2
19521216.368   1705602 2   47  252   25  132 0.289 126.0 330.6 -11.1 -13.8
19521216.368   1705701 2  135  716   76  403 0.457  74.5 318.1   5.8 -26.3
19521216.368   1705802 2   35  187   25  132 0.701 100.1 300.2  -8.0 -44.2
19521216.368   1705901 2   83  539   69  447 0.795 101.9 292.2 -10.3 -52.2
19521217.398   1705602 7   47  394   24  200 0.160 182.5 331.2 -10.7   0.4
19521217.398   1705701 2  166  742   86  384 0.256  60.1 317.9   5.9 -12.9
19521217.398   1705802 2   43  160   25   93 0.506 104.8 301.1  -8.7 -29.7
19521217.398   1705901 2   94  534   61  346 0.633 104.4 292.3 -10.2 -38.5
19521217.398   1706002 2   11   69   10   62 0.828 296.4  23.2  20.7  52.4
19521218.477   1705602 7   26  246   14  130 0.313 240.5 332.7 -10.4  16.1
19521218.477   1705701 2  162  757   82  382 0.136 350.4 317.9   6.1   1.3
19521218.477   1705802 0   17   93    9   49 0.290 115.1 301.2  -8.6 -15.4
19521218.477   1705901 2   83  574   46  318 0.426 110.4 292.7 -10.0 -23.9
19521218.477   1706002 2    8   81   11  111 0.956 291.9  27.7  20.4  71.1
19521219.484   1705602 7   24  186   14  108 0.498 252.1 332.1 -10.3  28.8
19521219.484   1705701 2  113  670   59  350 0.285 299.1 317.8   6.3  14.5
19521219.484   1705802 0    7   43    4   22 0.121 164.2 301.4  -8.4  -1.9
19521219.484   1705901 2  100  515   52  266 0.241 128.9 292.3 -10.4 -11.0
19521219.484   1706002 0    3   12   11   36 0.983 291.8  21.3  21.1  78.0
19521220.282   1705602 7   12   85    8   55 0.630 256.7 331.3  -9.8  38.5
19521220.282   1705701 2  121  638   68  356 0.441 288.4 317.7   6.3  24.9
19521220.282   1705802 0    1   11    1    6 0.188 231.9 301.4  -8.5   8.6
19521220.282   1705901 0   86  452   44  229 0.150 178.0 292.5 -10.5  -0.3
19521221.588   1705602 7    6   45    6   40 0.823 259.6 330.8  -9.7  55.2
19521221.588   1705701 2   86  454   59  311 0.681 281.6 317.8   6.4  42.2
19521221.588   1705802 0    0    8    0    5 0.478 256.2 303.6  -8.3  28.0
19521221.588   1705901 0  111  423   59  224 0.325 241.5 292.5 -10.8  16.9
19521222.318   1705602 7    0    7    0    9 0.900 261.2 330.2  -8.8  64.2
19521222.318   1705701 2   59  361   49  297 0.792 279.7 317.8   6.4  51.8
19521222.318   1705901 0   49  392   28  222 0.464 250.0 292.4 -11.0  26.4
19521223.421   1705701 2   47  242   60  310 0.918 278.2 317.7   6.6  66.2
19521223.421   1705802 0    3   21    3   18 0.801 261.2 304.6  -8.4  53.1
19521223.421   1705901 0   82  392   55  263 0.663 256.3 292.5 -10.7  41.0
19521224.281   1705701 2    7  116   18  274 0.976 277.2 317.2   6.5  77.1
19521224.281   1705802 0    6   28    7   33 0.898 261.0 304.0  -9.1  63.9
19521224.281   1705901 0   59  315   49  259 0.791 258.3 292.1 -10.7  52.0
19521225.387   1705901 0   36  205   46  259 0.916 259.8 292.0 -10.3  66.4
19521226.297   1705901 0   20   89   52  226 0.979 259.4 292.1 -10.9  78.5
19521226.297   1706102 2    9   50    5   28 0.428 240.7 236.3 -14.5  22.7
19521227.289   1706102 0    0    7    0    5 0.599 249.4 235.9 -14.4  35.4
19521229.430   1706202 9    1    8    2   11 0.916  76.2 107.2  11.4 -65.1
19521230.471   1706202 9   13   51   11   42 0.791  72.5 108.2  11.8 -50.4
19521230.471   1706305 0    0    6    0   18 0.980  91.8  79.9  -2.4 -78.7
19521231.612   1706202 9   44  168   28  105 0.595  65.4 110.1  11.7 -33.5
19521231.612   1706305 0    0    3    0    5 0.919  91.5  76.7  -2.6 -66.9
