1955 1 1.285   1715700 6  102  635   64  398 0.598 234.2 251.5 -23.3  31.9
1955 1 2.286   1715700 6   76  420   56  307 0.726 241.0 250.0 -23.1  43.6
1955 1 3.283   1715700 6   48  300   48  297 0.860 244.7 251.3 -23.5  58.0
1955 1 4.282   1715700 6   18  135   31  221 0.950 246.1 251.7 -23.8  71.6
1955 1 4.282   1715800 5    7   41    8   43 0.872  65.7 122.9  19.1 -57.2
1955 1 5.282   1715700 6    0    7    0   21 0.982 247.0 246.6 -23.3  79.6
1955 1 5.282   1715800 5   96  508   70  370 0.725  58.7 126.0  19.3 -41.0
1955 1 5.282   1715900 9    7   56    4   31 0.394 165.1 160.5 -26.1  -6.5
1955 1 6.334   1715800 5  192 1012  118  620 0.578  47.6 126.2  19.5 -26.9
1955 1 6.334   1715900 9   23  102   13   56 0.398 199.8 161.7 -25.8   8.6
1955 1 6.334   1716000 9    0    5    0    3 0.501 166.5 145.1 -33.0  -8.0
1955 1 6.334  13550100 0    3   21    2   12 0.456 179.1 152.6 -31.0  -0.5
1955 1 7.279   1715800 5  198 1306  112  737 0.465  30.9 126.0  19.7 -14.7
1955 1 7.279   1715900 9   19   95   11   55 0.494 221.3 161.9 -25.5  21.2
1955 1 7.279   1716000 9    3   18    2   11 0.506 182.3 142.1 -34.3   1.4
1955 1 7.279   1716100 2   44  267  122  729 0.983  52.2  66.9  36.0 -73.8
1955 1 8.286   1715800 5  186 1076  102  589 0.409 359.3 127.7  20.1   0.3
1955 1 8.286   1716000 9    6   36    4   22 0.546 203.1 142.4 -34.1  15.0
1955 1 8.286   1716100 2  105  663  156  980 0.940  49.2  65.7  36.1 -61.7
1955 1 9.491   1715800 0  153  814   88  466 0.487 326.3 128.2  19.9  16.7
1955 1 9.491   1716000 9    9   31    6   21 0.656 221.4 142.7 -33.1  31.2
1955 1 9.491   1716100 2  157  874  157  871 0.864  43.4  64.2  36.1 -47.3
1955 110.282   1715800 0  130  629   82  396 0.606 312.0 129.8  20.2  28.7
1955 110.282   1716100 2  129  978  108  817 0.801  37.8  63.8  35.9 -37.3
1955 111.283   1715800 0   96  500   71  367 0.730 303.6 128.4  20.5  40.5
1955 111.283   1716100 2  176 1111  128  806 0.723  28.3  63.0  35.6 -24.9
1955 112.279   1715800 0   53  301   52  292 0.855 297.5 128.9  20.7  54.1
1955 112.279   1716100 2  183 1014  123  681 0.667  15.9  61.8  35.5 -13.0
1955 113.282   1715800 0   53  234   79  350 0.941 293.7 128.5  20.5  66.9
1955 113.282   1716100 2  140  943   92  616 0.643   0.1  61.5  35.4  -0.1
1955 114.503   1715800 0    1   24    9  114 0.994 290.6 127.0  19.8  81.5
1955 114.503   1716100 2  159  826  108  560 0.675 341.8  60.5  35.4  15.0
1955 115.283   1716100 2  119  789   86  569 0.719 332.3  59.4  35.2  24.1
1955 116.285   1716100 2  116  644   95  526 0.789 323.2  57.5  35.3  35.4
1955 117.483   1716100 2   84  581   90  617 0.881 314.6  56.4  35.1  50.1
1955 118.419   1716100 2   55  269   79  386 0.936 310.5  54.4  35.1  60.4
1955 119.457   1716100 2   25  147   73  426 0.985 307.5  54.1  35.6  73.8
1955 120.284   1716200 0    3   18    7   34 0.961 113.2 254.7 -23.7 -74.7
1955 121.342   1716200 0    3   24    4   26 0.878 114.2 254.4 -23.8 -61.1
1955 122.328   1716200 0    3   30    3   24 0.767 116.3 253.9 -23.5 -48.6
1955 123.273   1716200 0    4   16    3   11 0.635 120.7 253.6 -23.4 -36.5
1955 123.273   1716300 5    1    7    1    5 0.664  30.4 267.3  29.9 -22.8
1955 124.287   1716200 0    8   24    5   14 0.483 130.2 253.0 -23.3 -23.7
1955 124.287   1716300 5   50  231   31  142 0.578   9.7 270.3  29.2  -6.4
1955 125.378   1716300 5   50  341   31  211 0.586 347.4 270.7  29.3   8.4
1955 126.410   1716200 0    3   22    2   12 0.333 189.6 252.3 -24.9   3.5
1955 126.410   1716300 5   36  183   24  122 0.658 330.2 270.9  29.5  22.1
1955 126.410   1716400 0   12   76   28  169 0.973 111.9 170.8 -22.6 -78.0
1955 127.504   1716300 5   17  106   14   84 0.774 316.3 272.2  29.5  37.9
1955 127.504   1716400 1   27  158   34  194 0.911 113.0 168.4 -23.3 -65.9
1955 127.504  13560100 0    4   22    3   14 0.617   2.7 232.3  32.2  -2.0
1955 128.425   1716300 5    9   32    9   31 0.854 310.0 270.9  29.5  48.7
1955 128.425   1716400 1   30  232   25  193 0.797 114.4 170.2 -22.9 -52.0
1955 128.425  13560200 0    0    3    0    4 0.894 123.1 160.1 -32.1 -62.1
1955 129.400   1716300 5    0    4    0    6 0.938 304.2 272.2  29.2  62.8
1955 129.400   1716400 0   42  255   28  169 0.650 118.2 171.0 -22.6 -38.4
1955 129.400   1716500 2    9   38    7   29 0.748 246.6 256.9 -21.4  47.5
1955 130.491   1716400 0   90  515   52  295 0.484 127.8 170.5 -22.8 -24.5
1955 130.491   1716500 2    7   17    8   19 0.889 248.7 258.0 -21.7  63.0
1955 130.491   1716600 0   12   71   23  129 0.960  66.1 125.0  20.9 -70.0
1955 131.439   1716400 1  115  555   62  297 0.351 145.6 170.1 -22.8 -12.4
1955 131.439   1716500 2    0    5    0   11 0.962 249.6 257.9 -21.3  75.4
1955 131.439   1716600 0   17  125   19  140 0.892  63.1 124.2  20.7 -58.3
1955 2 1.400   1716400 0   90  553   47  289 0.283 179.7 169.8 -22.6  -0.1
1955 2 1.400   1716600 0    8   90    7   75 0.796  58.3 123.6  20.5 -46.3
1955 2 2.424   1716400 0  106  546   57  293 0.355 216.0 169.5 -22.8  13.1
1955 2 2.424   1716600 0   16   81   11   54 0.660  49.7 124.0  20.0 -32.4
1955 2 2.424   1716700 4   15   57   10   36 0.609 313.5 184.3  19.3  27.9
1955 2 3.420   1716400 0   98  539   57  312 0.499 233.9 169.2 -22.8  25.9
1955 2 3.420   1716600 0    8   57    5   34 0.543  35.8 123.5  20.2 -19.8
1955 2 3.420   1716700 4   20  119   16   92 0.759 301.6 186.4  18.9  43.1
1955 2 4.470   1716400 0   86  422   58  282 0.660 242.7 168.9 -22.6  39.4
1955 2 4.470   1716600 0   12   35    7   20 0.455  11.8 123.8  20.1  -5.7
1955 2 4.470   1716700 4   29  276   34  314 0.896 295.3 188.7  19.4  59.2
1955 2 4.470   1716800 9    4   13    3   10 0.734  43.1  95.2  27.2 -34.3
1955 2 5.406   1716400 0   64  329   53  272 0.793 246.1 169.0 -22.8  51.9
1955 2 5.406   1716600 2    8   32    5   18 0.456 349.0 122.4  20.2   5.3
1955 2 5.406   1716700 4   37  229   76  465 0.968 291.1 189.3  18.5  72.2
1955 2 5.406   1716800 9    0    4    0    3 0.646  33.8  93.4  26.6 -23.7
1955 2 6.410   1716400 0   38  214   45  250 0.901 248.0 168.7 -22.6  64.8
1955 2 6.410   1716600 0    0    6    0    4 0.538 324.9 123.1  20.0  19.2
1955 2 6.410   1716800 9    0    8    0    5 0.568  18.0  92.6  26.3 -11.3
1955 2 6.410   1716900 9   12   65   28  145 0.973  49.5  36.0  37.0 -67.9
1955 2 7.295   1716400 0   28  107   57  214 0.967 248.6 169.0 -22.3  76.7
1955 2 7.295   1716800 9   11   65    7   39 0.545 355.6  95.0  26.4   2.7
1955 2 7.295   1716900 9   15  102   21  138 0.928  44.8  36.5  37.7 -55.8
1955 2 8.456   1716800 9   31  188   20  120 0.619 331.4  96.4  26.7  19.4
1955 2 8.456   1716900 9   12  135   13  136 0.866  38.8  33.7  37.8 -43.3
1955 2 9.301   1716800 9   21  165   15  118 0.712 318.6  97.7  26.7  31.8
1955 2 9.301   1716900 9   25  207   22  181 0.818  32.0  32.3  38.5 -33.6
1955 210.453   1716800 9   19   95   18   88 0.839 307.3  98.8  26.2  48.1
1955 210.453   1716900 9   50  351   38  265 0.748  20.8  31.0  38.1 -19.7
1955 211.391   1716800 9    9   34   12   45 0.920 302.3  98.4  26.2  60.1
1955 211.391   1716900 9   46  314   33  224 0.712   9.8  29.5  37.9  -8.8
1955 212.415   1716800 9    0    8    0   23 0.981 298.7  98.8  26.4  73.9
1955 212.415   1716900 9   33  175   24  124 0.705 355.3  29.1  37.9   4.2
1955 212.415   1717000 0    2   11    3   16 0.936 312.0  83.6  35.5  58.7
1955 213.396   1716900 9   31  140   23  103 0.728 341.9  28.4  37.3  16.5
1955 213.396   1717000 0    0    8    0   22 0.978 308.9  81.7  35.8  69.8
1955 213.396  13560300 0   11   52    8   36 0.682   4.6   8.0  36.0  -3.9
1955 214.293   1716900 9   18   89   15   72 0.783 332.2  27.6  37.8  27.5
1955 215.422   1716900 9    9   31    9   31 0.865 321.0  28.5  37.4  43.2
1955 216.404   1716900 9    3   17    5   23 0.927 315.0  27.7  37.2  55.4
1955 216.404   1717100 2   12   45    7   25 0.434  80.8 306.9  -2.3 -25.4
1955 217.381   1717100 0    1   11    1    6 0.212  64.9 308.4  -1.7 -11.1
1955 221.296   1717200 2   16  102   51  320 0.986  68.7 190.6  19.6 -77.3
1955 222.374   1717200 2   44  273   59  360 0.924  65.3 190.7  19.6 -63.0
1955 223.292   1717200 2   53  334   49  308 0.838  61.0 190.5  19.6 -51.1
1955 223.292   1717300 0   14  108   26  189 0.957 110.9 167.0 -22.0 -74.6
1955 224.310   1717200 4   57  390   41  278 0.710  53.2 191.1  19.5 -37.1
1955 224.310   1717300 0   29  168   31  175 0.873 111.2 166.8 -22.0 -61.4
1955 225.522   1717200 4   79  358   48  216 0.556  39.4 190.4  18.8 -21.9
1955 225.522   1717300 0   34  225   25  164 0.724 113.8 166.7 -22.1 -45.6
1955 226.296   1717200 4   68  359   39  205 0.478  24.3 190.1  18.8 -12.0
1955 226.296   1717300 0   28  243   18  154 0.612 117.5 166.2 -22.3 -35.9
1955 227.356   1717200 4   75  400   42  223 0.438 355.7 190.1  18.7   2.0
1955 227.356   1717300 0   39  199   22  111 0.440 127.7 166.0 -22.3 -22.1
1955 228.375   1717200 4   51  377   30  220 0.510 327.5 191.5  18.6  16.8
1955 228.375   1717300 0   47  194   25  102 0.297 150.4 165.6 -22.1  -9.1
1955 3 1.375   1717200 4   35  165   23  107 0.631 310.3 191.9  17.9  30.4
1955 3 1.375   1717300 0   42  223   22  116 0.269 191.4 164.8 -22.5   3.3
1955 3 2.383   1717200 4   19   97   15   74 0.748 302.4 189.9  18.3  41.7
1955 3 2.383   1717300 0   39  219   21  118 0.368 224.5 164.4 -22.2  16.2
1955 3 3.381   1717200 4    3   19    4   22 0.895 293.2 194.5  17.1  59.4
1955 3 3.381   1717300 0   30  171   18  101 0.527 239.0 164.3 -22.1  29.2
1955 3 4.373   1717300 0   26  122   18   84 0.682 245.2 163.9 -22.1  41.9
1955 3 5.368   1717300 0   25  106   22   93 0.816 248.0 163.6 -22.1  54.7
1955 3 6.432   1717300 0   12   56   17   75 0.926 248.8 163.8 -22.3  68.9
1955 3 7.304   1717300 0    5   29   14   72 0.979 248.6 163.5 -22.3  80.1
1955 3 8.377   1717400 2    8   47    8   47 0.860 321.5 111.4  37.1  42.1
1955 3 9.381   1717400 2    0    7    0   10 0.925 314.2 111.4  36.3  55.4
1955 310.361   1717400 0    0    7    0   15 0.971 310.6 109.8  36.6  66.7
1955 329.357   1717500 2    0   26    0   21 0.773 328.2 182.7  35.5  30.0
1955 329.357   1717600 2    0   15    0   30 0.963 114.7  76.9 -25.5 -75.8
1955 330.352   1717500 2    0   25    0   24 0.843 320.2 181.1  35.6  41.6
1955 330.352   1717600 2   15   55   17   62 0.891 114.9  76.3 -25.1 -63.2
1955 331.354   1717600 2   18  102   15   82 0.777 117.5  76.6 -25.3 -49.7
1955 4 1.357   1717500 0    0    6    0   16 0.977 307.8 183.2  34.8  70.1
1955 4 1.357   1717600 2   16   41   11   27 0.648 122.1  75.7 -25.3 -37.4
1955 4 2.360   1717600 2    3   29    2   17 0.487 132.3  76.5 -25.0 -23.4
1955 4 2.360  13580100 0    0    7    0    7 0.849 306.3 149.5  26.2  49.7
1955 4 3.315   1717700 2    6   21    4   13 0.549 351.5  92.5  26.6   5.2
1955 4 4.302   1717700 2    9   35    6   22 0.602 332.6  92.2  26.4  18.0
1955 4 4.302   1717800 3    8   52    5   31 0.534 343.0  84.1  24.6   9.9
1955 4 5.333   1717700 0    4   15    3   11 0.717 315.9  94.3  25.9  33.7
1955 4 5.333   1717800 3   18  101   12   65 0.616 325.4  83.3  24.8  22.7
1955 4 5.333   1717900 9   12   51    7   29 0.459  16.6  52.6  20.0  -8.0
1955 4 6.356   1717800 3   37  259   28  192 0.733 312.8  83.5  25.0  36.4
1955 4 6.356   1717900 9   28  136   16   77 0.461 347.8  53.1  20.7   6.0
1955 4 7.381   1717800 3   31  165   29  154 0.842 305.3  83.0  25.3  49.4
1955 4 7.381   1717900 9   73  412   44  246 0.542 325.0  53.0  20.7  19.4
1955 4 8.347   1717800 3   17  102   24  137 0.926 300.1  83.0  25.0  62.1
1955 4 8.347   1717900 9   31  163   21  109 0.660 311.3  52.9  20.8  32.0
1955 4 8.347   1718000 9    3   11    2    7 0.546 242.8  51.9 -19.6  31.0
1955 4 9.340   1717800 3    0    6    0   16 0.975 298.8  80.3  26.4  72.5
1955 4 9.340   1717900 9   13   73   11   60 0.790 302.1  53.5  20.8  45.7
1955 4 9.340   1718000 0    0    4    0    3 0.726 248.2  53.6 -19.8  45.8
1955 410.317   1717900 9   10   63   12   72 0.893 297.6  53.2  21.5  58.3
1955 411.303   1717900 9    0    8    0   14 0.950 295.4  49.5  22.0  67.7
1955 415.504   1718100 2   13   57    7   30 0.312 159.5 279.6 -22.4  -6.8
1955 415.504   1718200 2    0    6    0   21 0.986 115.4 204.4 -25.9 -82.0
1955 416.363   1718100 2   11   51    6   27 0.302 194.9 279.8 -22.3   4.8
1955 416.363   1718200 2    0    9    0   14 0.944 113.0 203.7 -23.5 -71.3
1955 417.322   1718100 2    1   18    1   10 0.425 228.2 282.3 -21.4  19.9
1955 417.322   1718200 2    2   18    2   18 0.863 114.8 203.4 -24.0 -59.0
1955 417.322   1718300 9    0    9    0   13 0.937 118.1 192.8 -28.1 -69.6
1955 418.311   1718300 9    0    7    0    7 0.843 121.2 193.8 -28.9 -55.5
1955 421.321   1718200 2    3   27    2   15 0.382 162.4 202.2 -26.2  -7.4
1955 421.321  13590100 0    4   15    3   11 0.697 241.2 251.2 -23.3  41.7
1955 422.322   1718300 9    5   29    3   16 0.384 171.4 192.6 -27.1  -3.7
1955 424.316   1718300 9    1   17    1   10 0.509 222.3 192.5 -26.4  22.5
1955 427.320   1718400 3    9   41   17   78 0.962  51.9  63.0  34.8 -67.3
1955 428.313   1718400 3   23  119   30  152 0.916  48.6  60.1  35.1 -57.1
1955 428.313   1718500 0    8   41   16   74 0.958  69.9  46.2  17.9 -71.0
1955 429.315   1718400 3   45  289   42  270 0.841  43.2  59.3  34.9 -44.6
1955 429.315   1718500 0   11   69   12   74 0.880  66.9  45.5  18.1 -58.4
1955 430.349   1718400 3   44  220   34  167 0.746  34.3  59.6  34.6 -30.7
1955 430.349   1718500 0   19   93   15   72 0.755  62.0  45.8  17.9 -44.5
1955 5 1.375   1718400 3   42  215   29  146 0.668  22.8  58.4  34.3 -18.3
1955 5 1.375   1718500 0   22   71   14   45 0.609  54.2  45.5  17.5 -31.2
1955 5 2.329   1718400 3   36  196   23  125 0.615   6.9  59.0  33.8  -5.1
1955 5 2.329   1718500 0   22   71   13   41 0.481  41.2  44.7  17.6 -19.4
1955 5 3.297   1718400 0   36  191   23  122 0.616 349.7  58.9  33.6   7.6
1955 5 3.297   1718500 0   22   71   12   39 0.380  15.4  45.2  17.8  -6.1
1955 5 3.297   1718600 9   13   84   31  194 0.975 122.9 334.1 -32.9 -77.2
1955 5 4.315   1718400 0   19  103   13   70 0.668 334.8  57.9  33.8  20.0
1955 5 4.315   1718500 0   11   68    6   37 0.383 342.9  44.7  17.9   6.8
1955 5 4.315   1718600 9   30  193   38  242 0.917 124.2 333.7 -32.6 -64.2
1955 5 4.315   1718700 2   11   34    8   24 0.693 222.2  72.0 -33.9  34.1
1955 5 5.323   1718400 0    9   39    7   30 0.749 323.0  57.4  33.8  32.9
1955 5 5.323   1718500 0    5   27    3   16 0.496 317.3  45.2  18.1  20.7
1955 5 5.323   1718600 9   53  288   51  275 0.850 126.5 330.4 -32.5 -54.1
1955 5 5.323   1718700 2    4   14    4   12 0.806 230.3  72.4 -33.4  47.9
1955 5 6.568   1718400 0    5   17    5   17 0.852 313.0  56.3  33.3  48.2
1955 5 6.568   1718600 9   43  287   32  210 0.730 133.6 329.1 -32.9 -39.0
1955 5 7.322   1718400 0    2    8    3   11 0.916 309.1  56.8  33.6  58.7
1955 5 7.322   1718600 9   37  151   24   98 0.635 142.3 330.5 -33.1 -27.6
1955 5 7.322  13600100 0    0    4    0    5 0.867 303.0  52.3  26.3  54.2
1955 5 8.387   1718600 9    3   27    2   16 0.526 164.4 334.2 -33.6  -9.8
1955 511.398   1718600 9    4   31    3   20 0.630 216.7 330.8 -32.9  26.6
1955 512.303   1718600 9    1   16    1   12 0.708 222.0 327.1 -34.0  34.9
1955 516.330   1718800 2   12   56   17   79 0.931  62.5 173.8  24.5 -65.2
1955 517.467   1718800 2   34  180   36  186 0.872  58.5 168.2  25.9 -55.8
1955 517.467   1718900 9    1   36    1   20 0.422   8.6 220.1  22.5  -3.9
1955 517.467  13600200 0    1    4    1    3 0.561 353.2 228.4  31.7   4.5
1955 518.303   1718800 2   41  236   32  184 0.762  53.7 170.1  25.3 -42.8
1955 518.303   1718900 9    0   29    0   16 0.407 347.1 218.5  21.3   5.6
1955 518.303   1719000 5    4   17   20   73 0.992  64.9 131.7  24.6 -81.2
1955 519.316   1718800 2   40  265   26  171 0.625  43.4 171.1  25.3 -28.4
1955 519.316   1718900 9   13   79    8   46 0.492 321.8 218.5  20.9  19.0
1955 519.316   1719000 5   10   68   18  120 0.958  63.2 129.0  24.9 -70.5
1955 520.326   1718800 5   95  520   55  300 0.492  25.8 172.5  24.5 -13.6
1955 520.326   1718900 9    9   38    6   25 0.632 308.6 218.2  21.7  32.1
1955 520.326   1719000 5   22  128   23  134 0.875  60.9 129.2  24.2 -56.9
1955 521.319   1718800 5  193  881  108  492 0.439   2.3 171.9  24.3  -1.1
1955 521.319   1718900 9    0    9    0    7 0.753 303.9 216.0  23.6  43.0
1955 521.319   1719000 5   50  227   40  181 0.772  55.8 128.4  24.5 -44.6
1955 521.319   1719100 2    2   13    3   20 0.937 117.7 105.0 -26.5 -68.0
1955 522.310   1718800 5  160 1080   92  618 0.481 335.0 172.8  24.3  12.9
1955 522.310   1719000 5   45  267   30  178 0.656  47.1 127.8  25.2 -32.1
1955 522.310   1719100 0    0    8    0    8 0.842 120.4 105.9 -26.2 -54.0
1955 523.307   1718800 5  218 1145  135  709 0.584 317.3 172.4  24.1  25.7
1955 523.307   1719000 5   52  295   31  175 0.532  33.6 127.8  24.9 -18.9
1955 524.367   1718800 5  120  708   88  519 0.727 305.6 173.0  24.0  40.3
1955 524.367   1719000 5   37  249   21  140 0.448   9.3 128.1  24.9  -4.6
1955 524.367   1719200 4    0    5    0    6 0.904  55.7  73.2  29.9 -59.5
1955 525.302   1718800 5   78  434   75  416 0.849 300.2 174.1  24.6  53.8
1955 525.302   1719000 5   42  274   24  154 0.448 346.3 127.0  24.6   6.7
1955 525.302   1719200 4    4   23    4   21 0.830  51.6  71.5  30.2 -48.8
1955 525.302   1719300 0    0    7    0    5 0.634  93.4  81.0  -3.1 -39.3
1955 526.302   1718800 5   67  339   98  489 0.936 297.1 173.7  24.8  66.6
1955 526.302   1719000 5   40  266   24  157 0.524 327.3 125.3  25.1  18.2
1955 526.302   1719200 4   39  173   29  127 0.723  45.1  70.9  29.8 -36.2
1955 526.302   1719300 0    1   10    1    6 0.434  94.6  81.4  -3.0 -25.7
1955 527.396   1718800 5    0   13    0   39 0.985 294.2 171.3  23.6  78.7
1955 527.396   1719000 5   22  121   15   81 0.660 311.3 125.8  25.0  33.2
1955 527.396   1719200 4   84  373   54  238 0.618  32.4  70.0  30.5 -22.6
1955 528.324   1719000 5   21  115   17   90 0.762 305.0 124.0  25.3  43.7
1955 528.324   1719200 4  129  711   78  429 0.554  18.6  68.4  30.8 -11.9
1955 528.324   1719400 9    9   42    6   28 0.639  47.0  49.2  25.1 -31.1
1955 529.354   1719000 5    7   50    7   49 0.856 300.5 121.4  25.3  54.7
1955 529.354   1719200 4   83  582   49  342 0.519 358.0  67.9  30.5   1.2
1955 529.354   1719400 9    6   32    4   19 0.492  29.2  51.4  24.7 -15.3
1955 529.354  13600300 0    1   13    1    9 0.672 139.0  35.6 -31.1 -31.0
1955 530.302   1719000 5    0    9    0   12 0.924 297.6 118.8  25.1  64.7
1955 530.302   1719200 4   78  408   47  246 0.550 340.5  66.4  30.6  12.3
1955 530.302   1719400 9    5   42    3   24 0.438   7.9  50.3  25.1  -3.8
1955 531.307   1719200 4   45  208   30  136 0.638 324.2  66.5  30.7  25.7
1955 531.307   1719400 9    0   26    0   15 0.468 338.4  51.8  25.3  11.0
1955 531.307   1719500 9    0    4    0   15 0.986 125.5 322.0 -35.0 -78.8
1955 6 1.304   1719200 4   14   89   11   66 0.729 312.9  65.4  29.4  37.8
1955 6 1.304   1719400 9    4   38    3   23 0.548 321.1  49.9  24.9  22.3
1955 6 1.304   1719500 9    0   10    0   17 0.951 128.4 319.8 -36.4 -67.8
1955 6 2.307   1719200 4    9   56    9   56 0.861 307.1  67.8  31.1  53.4
1955 6 2.307   1719400 9    4   37    3   25 0.666 309.8  48.8  25.0  34.4
1955 6 2.307   1719500 9    0    4    0    5 0.873 131.4 320.9 -35.4 -53.5
1955 6 3.950   1719200 4    9   34   12   45 0.919 304.1  66.4  30.9  62.5
1955 6 4.366   1719200 4    0    4    0   12 0.985 301.4  65.3  30.9  78.2
1955 6 4.366   1719600 4   22   98   23  103 0.874  53.0 291.9  31.7 -55.2
1955 6 5.349   1719600 4   43  245   35  196 0.775  47.4 292.0  31.7 -42.1
1955 6 6.303   1719600 4   61  381   42  261 0.678  38.3 291.7  32.3 -29.8
1955 6 7.330   1719600 4   42  250   26  152 0.559  23.0 293.1  31.3 -14.8
1955 6 8.427   1719600 4   34  172   20  101 0.513   1.0 292.8  31.3  -0.6
1955 6 9.607   1719600 4   21  118   13   72 0.565 334.0 294.6  31.1  16.8
1955 610.315   1719600 4   18   83   12   54 0.630 324.1 294.0  31.3  25.6
1955 610.315   1719700 9    0    8    0   17 0.965  42.2 199.7  45.9 -68.7
1955 610.315   1719800 1   17  127   59  430 0.989 114.2 188.2 -23.8 -80.2
1955 611.321   1719600 4    9   89    7   64 0.709 315.8 290.4  31.2  35.3
1955 611.321   1719700 9    0    8    0   13 0.941  42.7 192.3  44.1 -62.8
1955 611.321   1719800 1   45  282   67  418 0.940 115.8 187.4 -23.8 -67.7
1955 611.321   1719900 9   13   60    8   35 0.514 148.0 237.6 -25.1 -17.5
1955 611.321   1720000 4    1   42    4  105 0.979 111.6 178.1 -20.9 -77.0
1955 611.321   1720100 9    7   53   20  149 0.983  67.8 176.3  22.0 -78.8
1955 612.482   1719700 9    0   10    0   11 0.863  37.7 192.8  43.7 -46.9
1955 612.482   1719800 1   72  439   67  405 0.838 119.1 186.7 -23.5 -53.0
1955 612.482   1719900 9    7   55    4   31 0.440 174.2 236.9 -25.0  -2.8
1955 612.482   1720000 4   26  171   34  216 0.917 113.9 175.5 -21.4 -64.2
1955 612.482   1720100 9   12   85   16  106 0.913  64.6 175.7  23.5 -64.0
1955 613.302   1719600 9    0    8    0    9 0.864 309.9 282.3  34.3  53.4
1955 613.302   1719700 9    0   19    0   17 0.826  30.5 191.6  46.2 -37.3
1955 613.302   1719800 1  105  624   79  467 0.744 124.2 186.6 -23.9 -42.3
1955 613.302   1720000 4   45  287   42  266 0.840 116.6 175.1 -21.5 -53.8
1955 613.302   1720100 9    2   18    2   16 0.813  61.1 177.8  23.8 -51.1
1955 614.344   1719600 9    1   12    2   16 0.914 306.6 276.8  33.6  61.7
1955 614.344   1719800 1  121  715   77  452 0.612 133.9 186.2 -24.1 -28.9
1955 614.344   1720000 4   88  434   63  310 0.714 122.4 174.7 -21.6 -40.4
1955 614.344   1720100 9    5   42    4   30 0.699  58.5 175.0  22.3 -40.1
1955 615.515   1719700 9    0    5    0    4 0.702  10.0 189.7  45.0  -9.9
1955 615.515   1719800 1  126  748   72  426 0.478 152.4 185.6 -23.8 -14.0
1955 615.515   1720000 4  103  531   61  314 0.533 135.1 175.8 -21.0 -23.8
1955 615.515   1720100 9    6   46    4   27 0.518  44.2 176.5  23.0 -23.1
1955 616.300   1719800 1  156  799   87  443 0.433 172.0 185.4 -24.0  -3.8
1955 616.300   1720000 4  200 1044  111  578 0.430 151.9 176.7 -20.9 -12.5
1955 616.300   1720100 9    1   22    1   13 0.469  34.0 172.5  24.2 -16.7
1955 616.300   1720200 9    4   29   10   63 0.971  70.5 113.4  19.3 -75.8
1955 617.315   1719800 1  117  779   66  438 0.458 199.2 185.2 -24.1   9.5
1955 617.315   1720000 4  214 1296  116  701 0.382 183.4 177.1 -20.9   1.4
1955 617.315   1720200 9    8   38   10   45 0.899  69.2 112.7  19.3 -63.0
1955 618.273   1719800 1   96  607   58  364 0.553 218.1 185.0 -24.3  22.0
1955 618.273   1720000 4  144 1137   81  639 0.457 212.8 178.4 -21.0  15.4
1955 618.273   1720200 9    8   38    7   32 0.790  66.0 112.9  19.8 -50.1
1955 618.273  13610100 0    4   15   16   50 0.988 244.3 242.2 -25.1  79.2
1955 619.359   1719800 1  103  570   71  393 0.688 231.0 184.6 -24.2  35.9
1955 619.359   1720000 4  156 1059   99  670 0.612 230.9 179.3 -21.2  30.6
1955 619.359   1720200 9    7   30    5   20 0.636  60.0 112.8  20.0 -35.9
1955 620.341   1719800 1   92  461   78  387 0.802 237.9 183.7 -24.0  48.0
1955 620.341   1720000 4  139 1146  103  847 0.736 237.0 177.5 -22.2  41.8
1955 620.341   1720200 9    1   17    1   10 0.475  48.7 113.4  20.0 -22.3
1955 620.341  13610200 0    0    3    0    4 0.886 290.9 197.0  19.3  61.3
1955 621.310   1719800 3   33  215   39  251 0.902 242.2 183.6 -23.9  60.8
1955 621.310   1720000 4  122  955  116  907 0.848 241.4 176.7 -22.8  53.9
1955 621.310   1720200 9   18   87   10   47 0.366  24.0 113.6  21.5  -9.2
1955 622.311   1719800 3    9   58   20  130 0.973 244.6 184.0 -24.1  74.4
1955 622.311   1720000 4   68  468  104  710 0.943 244.7 177.5 -23.0  67.9
1955 622.311   1720200 9    1   17    1    9 0.317 352.3 112.2  20.4   2.6
1955 623.360   1720000 4   11   85   33  248 0.984 244.3 173.5 -24.8  77.8
1955 628.414   1720300 1    8   66   40  303 0.994 123.1 308.1 -32.5 -80.7
1955 629.489   1720300 1   20  182   36  314 0.956 125.3 306.9 -32.5 -67.7
1955 630.318   1720300 1   36  299   43  357 0.907 127.5 305.6 -32.0 -58.0
1955 630.318   1720400 0    8   53   32  199 0.990  58.0 281.1  32.1 -82.5
1955 7 1.528   1720300 1   84  392   71  329 0.803 135.0 305.4 -32.3 -42.2
1955 7 1.528   1720400 0   37  211   54  305 0.936  56.3 280.1  32.5 -67.5
1955 7 1.528   1720500 0    3   15    5   21 0.923  72.5 280.4  17.3 -67.2
1955 7 2.312   1720300 1   74  403   55  297 0.734 141.2 304.3 -32.2 -32.9
1955 7 2.312   1720400 0   49  290   52  302 0.873  54.4 280.0  32.3 -57.2
1955 7 2.312   1720500 2   10   36   10   36 0.861  71.9 278.3  17.2 -58.9
1955 7 3.438   1720300 1   64  411   42  267 0.639 155.2 303.8 -32.3 -18.5
1955 7 3.438   1720400 0   69  374   53  286 0.752  48.8 280.3  32.2 -42.0
1955 7 3.438   1720500 0    4   17    3   12 0.679  67.8 281.1  17.4 -41.2
1955 7 4.336   1720300 1   51  471   32  293 0.594 169.2 302.8 -32.3  -7.6
1955 7 4.336   1720400 0   73  393   48  258 0.643  41.6 280.3  31.7 -30.1
1955 7 4.336   1720500 0    5   18    3   11 0.531  62.5 280.9  17.2 -29.5
1955 7 4.336   1720600 9    0    4    0   13 0.982  64.5 230.9  25.7 -79.5
1955 7 5.331   1720300 1   78  457   49  284 0.595 186.5 301.9 -32.7   4.6
1955 7 5.331   1720400 0   79  395   47  234 0.530  28.0 280.4  31.3 -16.9
1955 7 5.331   1720500 0    1    9    1    5 0.365  48.8 280.6  17.3 -16.7
1955 7 5.331   1720600 9    4   34    7   52 0.941  64.9 227.5  24.8 -69.8
1955 7 6.300   1720300 1   55  346   36  224 0.634 201.9 300.7 -32.5  16.3
1955 7 6.300   1720400 0  105  389   60  222 0.472   8.3 279.8  31.5  -4.6
1955 7 6.300   1720500 0    1    9    1    5 0.241  16.5 280.3  17.0  -4.1
1955 7 6.300   1720600 9    7   98    8  105 0.881  63.9 223.9  24.6 -60.5
1955 7 6.300   1720700 9    5   22   10   44 0.965  65.1 209.6  25.0 -74.8
1955 7 7.305   1720300 1   33  242   24  173 0.714 214.9 300.1 -32.6  29.0
1955 7 7.305   1720400 0   69  394   40  226 0.480 345.3 279.3  31.4   8.2
1955 7 7.305   1720600 9    9   48    8   40 0.791  60.0 221.6  25.8 -49.5
1955 7 7.305   1720700 9    1   15    2   17 0.884  63.6 210.2  25.0 -60.9
1955 7 7.305  13620100 0    0    9    0    6 0.571 319.1 296.4  29.0  25.3
1955 7 8.315   1720300 1   17  122   15  104 0.809 223.8 299.6 -32.9  41.8
1955 7 8.315   1720400 0   39  217   24  132 0.560 324.2 280.2  30.6  22.4
1955 7 8.315   1720600 9    6   39    4   26 0.652  54.0 222.0  25.7 -35.8
1955 7 8.315   1720700 9    5   22    4   18 0.776  61.8 209.3  24.1 -48.5
1955 7 9.339   1720300 1    5   15    6   18 0.898 230.7 299.7 -32.5  55.5
1955 7 9.339   1720400 0   20  112   14   77 0.675 313.4 279.1  30.9  34.9
1955 7 9.339   1720600 9   10  102    6   58 0.463  38.4 225.7  25.0 -18.5
1955 7 9.339   1720800 2    8   44    7   35 0.762  55.9 198.5  28.1 -45.7
1955 7 9.339   1720900 0    0    5    0   10 0.966 117.7 172.8 -25.5 -71.4
1955 710.330   1720300 1    0    4    0    9 0.960 234.5 299.0 -32.5  67.9
1955 710.330   1720400 0   11   74    9   60 0.781 308.4 277.2  31.9  46.1
1955 710.330   1720600 9   16  152    9   83 0.391  16.0 224.2  26.1  -6.9
1955 710.330   1720800 0    4   16    3   11 0.669  47.7 196.2  30.1 -34.9
1955 710.330   1721000 9    2   12    2   12 0.855 119.3 177.4 -22.4 -53.7
1955 711.325   1720400 0    4   24    5   25 0.867 308.2 274.0  34.8  56.1
1955 711.325   1720600 9   23  282   13  153 0.381 346.7 223.5  25.9   5.6
1955 711.325   1720700 9   11   55    6   30 0.369  22.2 209.1  24.1  -8.8
1955 711.325   1720800 0    4    8    3    5 0.555  35.5 195.9  30.7 -22.0
1955 712.312   1720600 9    5   59    3   34 0.484 326.5 222.5  27.9  17.6
1955 712.312   1720900 0    1   20    1   15 0.715 134.2 170.0 -26.4 -34.9
1955 712.312   1721100 2   16   87   10   54 0.587  45.9 176.4  27.9 -28.5
1955 713.320   1720600 9    6   60    4   38 0.607 311.0 222.5  27.2  31.0
1955 713.320   1721000 9    8   79    5   46 0.509 154.5 177.7 -23.1 -13.8
1955 713.320   1721100 0   17   69   10   39 0.453  26.2 178.4  28.2 -13.1
1955 714.302   1720600 9    5   16    4   12 0.735 303.1 222.2  26.9  43.7
1955 714.302   1721000 9    8   69    5   39 0.451 176.9 177.0 -22.3  -1.5
1955 714.302   1721100 2   23   69   13   38 0.401   5.5 176.0  28.0  -2.5
1955 714.302   1721200 9    4   17    4   14 0.783 128.0 135.3 -25.6 -43.2
1955 714.302  13620200 0    5   13    4   10 0.732  66.1 132.9  20.4 -45.6
1955 715.336   1720700 9    0    6    0    5 0.729 298.4 209.3  23.6  44.4
1955 715.336   1721100 0    7   21    4   12 0.452 331.8 178.9  27.9  14.0
1955 715.336   1721200 9   13   38    9   26 0.672 138.5 135.1 -26.3 -29.8
1955 716.313   1721200 9    6   24    4   15 0.576 152.8 134.8 -26.4 -17.1
1955 717.313   1721200 9    5   13    3    8 0.527 171.2 133.5 -26.7  -5.2
1955 719.667   1721300 2   10   40   10   38 0.848 288.9 165.4  18.6  57.8
1955 719.667   1721400 9   22  108   29  139 0.919 244.3 170.4 -21.3  62.8
1955 719.667   1721500 0    1    7    1    5 0.691 308.7 145.9  29.5  38.3
1955 719.667  13620300 0    1    7    3   11 0.944 252.4 176.1 -14.8  68.6
1955 720.355   1721200 9   17   62   13   47 0.751 229.9 137.8 -25.1  39.4
1955 720.355   1721300 0    5   20    7   28 0.928 287.2 167.0  17.8  68.6
1955 720.355   1721400 9   20   71   40  143 0.967 246.2 170.4 -21.5  72.0
1955 720.355   1721500 0    2    7    2    6 0.772 305.0 145.2  29.8  46.8
1955 720.355  13620400 0    0   24    0   15 0.565 304.5 128.8  23.0  30.4
1955 721.528   1721200 9    9   79   10   87 0.888 238.7 139.6 -24.8  56.7
1955 722.351   1721200 9   14   71   25  126 0.958 242.5 141.0 -24.5  69.0
1955 722.351   1721500 0    0    4    0    8 0.950 299.2 144.0  29.3  72.0
1955 722.351  13620500 0    0    9    0    8 0.804 129.4  27.8 -27.0 -44.2
1955 725.423  13620600 0    4   18    8   30 0.951 240.4  98.3 -26.0  66.9
1955 726.391   1721600 9    0    4    0   14 0.983  69.4 298.0  21.2 -80.6
1955 727.322   1721600 9    7   45   12   76 0.954  68.0 293.0  22.6 -73.3
1955 727.322   1721700 0    0   13    0   10 0.738 150.0 339.6 -34.8 -26.7
1955 728.339   1721600 9   15  100   15  100 0.863  67.1 293.4  22.6 -59.4
1955 728.339   1721700 0    0    5    0    4 0.697 161.0 336.6 -35.8 -16.2
1955 729.141   1721600 9   17  133   14  104 0.765  65.5 293.4  22.3 -48.8
1955 730.379   1721600 9   56  362   34  218 0.553  58.3 295.3  21.9 -30.5
1955 731.343   1721600 9   54  263   30  144 0.400  45.8 295.1  21.8 -18.0
1955 731.343   1721800 9    3   13    2    9 0.629 168.7 304.7 -32.3  -8.4
1955 8 1.336   1721600 9   26  137   14   72 0.283  14.9 295.5  21.8  -4.5
1955 8 1.336   1721800 9    9   44    6   28 0.614 185.7 304.1 -31.7   4.1
1955 8 2.335   1721600 9   19  133   10   70 0.305 331.5 295.7  21.5   9.0
1955 8 2.335   1721800 9    3   28    2   19 0.659 201.3 303.1 -32.1  16.4
1955 8 3.420   1721600 9    7   74    4   42 0.462 304.2 296.5  20.6  24.1
1955 8 3.420   1721800 9    5   50    4   38 0.747 215.1 303.0 -32.5  30.6
1955 8 4.433   1721600 9    0   34    0   22 0.620 296.9 295.4  21.3  36.4
1955 8 4.433   1721900 9    4   22    5   23 0.866  56.2 200.8  32.2 -58.2
1955 8 5.352   1721900 9    2    8    2    7 0.778  54.3 199.1  31.3 -47.7
1955 8 5.352   1722000 5    4   21    8   34 0.949  75.4 174.1  15.8 -72.7
1955 8 5.352   1722100 4   31  165   77  407 0.978 115.1 172.6 -23.0 -74.2
1955 8 6.424   1721900 9    4   24    3   16 0.647  44.9 199.9  32.6 -32.8
1955 8 6.424   1722000 5   28  163   27  156 0.849  75.0 174.1  16.0 -58.6
1955 8 6.424   1722100 4   73  506   86  592 0.903 118.6 173.6 -22.5 -59.1
1955 8 7.267   1721900 9    5   23    3   14 0.534  34.3 200.7  32.1 -20.8
1955 8 7.267   1722000 5   75  407   55  296 0.724  73.8 175.2  16.1 -46.3
1955 8 7.267   1722100 4  124  706  110  625 0.824 122.6 172.9 -22.3 -48.6
1955 8 8.302   1721900 9    1   14    1    8 0.455  18.1 198.2  31.9  -9.6
1955 8 8.302   1722000 5  153  722   91  427 0.531  69.3 176.6  16.3 -31.2
1955 8 8.302   1722100 4  179  982  127  694 0.704 130.4 172.5 -22.0 -35.3
1955 8 8.302  13630100 0    5   27    3   15 0.386  47.2 190.1  21.3 -17.7
1955 8 9.314   1721900 9   21  100   12   56 0.443 355.0 197.1  32.6   2.6
1955 8 9.314   1722000 5  209  965  111  511 0.326  58.4 177.7  16.0 -16.8
1955 8 9.314   1722100 4  223 1384  137  847 0.576 144.0 173.1 -21.8 -21.4
1955 8 9.314   1722200 9    6   26    9   36 0.929  67.7 125.4  23.1 -69.1
1955 810.429   1721900 9   53  230   31  134 0.507 330.5 196.9  32.4  17.2
1955 810.429   1722000 5  157  935   80  474 0.162   2.4 179.3  15.8  -0.4
1955 810.429   1722100 2  239 1516  137  867 0.483 164.4 171.7 -21.3  -8.0
1955 810.429   1722200 9   37  140   32  119 0.806  66.3 126.5  22.9 -53.2
1955 811.443   1721900 9   40  201   26  128 0.614 316.4 196.3  32.1  30.0
1955 811.443   1722000 5  150  828   78  430 0.266 306.0 179.2  15.4  12.9
1955 811.443   1722100 2  257 1495  147  853 0.481 190.7 171.8 -21.7   5.5
1955 811.443   1722200 9   42  197   28  130 0.648  63.0 127.7  22.3 -38.6
1955 812.311   1721900 9   29   94   21   68 0.717 309.3 195.7  32.1  40.9
1955 812.311   1722000 5  133  707   74  392 0.428 292.6 179.0  15.5  24.2
1955 812.311   1722100 2  236 1353  140  800 0.533 209.8 171.3 -21.2  16.5
1955 812.311   1722200 9   44  244   26  142 0.505  55.9 127.9  22.4 -26.9
1955 813.389   1721900 9    6   28    6   25 0.815 303.7 193.0  31.1  52.4
1955 813.389   1722000 5  124  591   81  384 0.635 285.9 179.9  15.2  39.3
1955 813.389   1722100 2  157 1064  106  716 0.668 226.0 171.8 -22.0  31.2
1955 813.389   1722200 9   28  193   15  103 0.345  37.8 127.4  22.3 -13.2
1955 813.389   1722300 9    3   24    2   15 0.577 168.1 132.9 -27.8  -7.7
1955 814.360   1721900 9    0    5    0    6 0.901 301.4 191.6  31.1  63.9
1955 814.360   1722000 5   95  456   76  362 0.774 284.7 178.7  15.6  51.0
1955 814.360   1722100 2  144  853  116  683 0.779 234.9 171.1 -21.8  43.4
1955 814.360   1722200 9   13   86    7   45 0.262 357.9 128.3  21.9   0.6
1955 814.360   1722300 9    4   21    3   13 0.556 183.4 129.8 -27.0   2.1
1955 815.300   1722000 5   68  372   75  410 0.889 284.3 178.8  15.8  63.5
1955 815.300   1722100 2   82  511   95  589 0.900 241.4 173.8 -22.1  58.5
1955 815.300   1722200 9   11   60    6   32 0.337 322.9 128.0  22.2  12.7
1955 815.300   1722300 9    1    9    1    6 0.600 202.1 130.0 -27.3  14.7
1955 816.350   1722000 5   26  198   55  416 0.970 285.2 178.6  16.3  77.2
1955 816.350   1722100 2   42  241   85  481 0.967 245.3 172.5 -21.8  71.1
1955 816.350   1722400 4    1   14    1    8 0.410  51.1  81.4  21.3 -20.0
1955 817.326   1722100 2    1   24    7   90 0.991 248.1 167.4 -20.5  78.9
1955 817.326   1722400 4    5   26    3   14 0.268  22.0  82.3  21.2  -6.2
1955 818.370   1722200 9    0    8    0    8 0.828 291.5 130.7  21.6  56.0
1955 818.370   1722400 4   19  101   10   53 0.274 332.8  82.4  20.9   7.7
1955 819.335   1722400 4   11  119    6   65 0.394 306.9  81.6  20.2  19.6
1955 820.307   1722400 4   32  193   20  120 0.592 293.6  84.2  19.4  35.1
1955 821.362   1722400 4   27  180   21  139 0.757 289.8  84.3  19.5  49.1
1955 821.362   1722500 9    5   22    4   16 0.703 141.7   5.8 -27.5 -29.4
1955 822.318   1722400 4   41  227   43  239 0.877 288.9  84.5  19.9  61.9
1955 822.318   1722500 9    1   15    1   10 0.603 154.9   6.0 -26.4 -16.6
1955 823.343   1722400 4   21  119   39  213 0.959 288.8  84.0  20.0  75.0
1955 823.343   1722500 9    9   33    6   20 0.559 174.3   5.4 -26.8  -3.6
1955 824.321   1722500 9    0    9    0    6 0.593 190.1   2.9 -28.7   6.8
1955 824.321   1722600 4    2   20    2   17 0.793  40.7 311.9  42.2 -44.2
1955 825.364   1722600 4   17   83   12   58 0.693  31.8 312.7  42.3 -29.6
1955 826.365   1722600 4   51  242   33  155 0.621  19.0 313.1  42.8 -16.0
1955 826.365   1722700 9    6   26    4   17 0.606  66.5 292.9  19.8 -36.2
1955 827.374   1722600 4   87  504   54  311 0.581   5.1 311.8  42.5  -4.0
1955 827.374   1722700 9   47  186   26  103 0.423  56.6 293.7  20.1 -22.1
1955 827.374   1722800 0    2    9    2    7 0.757  57.8 268.8  28.8 -47.0
1955 827.374   1722900 1   13   61   24  109 0.958 111.5 246.1 -18.2 -69.7
1955 828.305   1722600 4   80  384   50  238 0.587 353.1 309.0  42.8   5.5
1955 828.305   1722700 9   36  187   19   98 0.284  36.7 293.1  20.2 -10.4
1955 828.305   1722800 2    6   35    4   23 0.631  51.7 269.0  29.0 -34.5
1955 828.305   1722900 1   19   85   20   88 0.873 115.7 247.5 -18.4 -56.0
1955 829.308   1722600 4   64  324   42  211 0.635 339.0 308.4  43.2  18.2
1955 829.308   1722700 9    5   34    3   18 0.237 341.0 294.9  20.1   4.7
1955 829.308   1722800 0    5   17    3   10 0.472  38.4 270.7  28.5 -19.5
1955 829.308   1722900 1   16   80   12   60 0.739 124.5 250.0 -19.3 -40.2
1955 829.308   1723000 2    8   54   19  117 0.972  64.8 211.9  26.1 -78.3
1955 830.379   1722600 4   51  244   37  175 0.713 327.5 307.8  43.2  31.7
1955 830.379   1722700 9    3   22    2   12 0.342 311.7 291.9  20.1  15.8
1955 830.379   1722800 2    1   16    1    9 0.391  15.3 269.3  29.3  -6.8
1955 830.379   1722900 1   25  104   16   65 0.596 136.4 250.3 -19.1 -25.8
1955 830.379   1723000 2   26  119   31  140 0.902  64.6 211.1  26.0 -65.0
1955 831.649   1722600 9   23  114   20   96 0.802 320.4 304.1  43.5  44.8
1955 831.649   1722700 9    6   37    4   23 0.568 295.4 292.4  20.2  33.1
1955 831.649   1722900 1   35  150   20   85 0.459 165.9 252.5 -19.3  -6.8
1955 831.649   1723000 2   32  170   25  132 0.761  62.2 211.0  25.7 -48.3
1955 831.649   1723100 2   14   67   17   81 0.907  60.0 193.9  30.2 -65.4
1955 831.649   1723200 0    8   41   23  108 0.980  73.0 179.0  18.0 -80.3
1955 831.649   1723300 0   13   69   67  350 0.994  63.6 172.7  26.9 -86.6
1955 9 1.311   1722600 9    7   65    8   69 0.880 316.2 307.8  43.6  57.3
1955 9 1.311   1722700 9    1    8    1    6 0.712 289.6 295.7  19.0  45.2
1955 9 1.311   1722900 1   28  133   16   75 0.448 185.1 252.9 -19.3   2.4
1955 9 1.311   1723000 2   31  212   21  143 0.666  59.4 211.1  25.5 -39.4
1955 9 1.311   1723100 2   11   81   11   76 0.840  58.4 194.5  30.3 -56.0
1955 9 1.311   1723200 0   14   58   22   89 0.944  73.6 178.5  17.8 -72.0
1955 9 1.311   1723300 0   35  169   78  375 0.973  64.0 171.8  26.9 -78.7
1955 9 1.311   1723400 0    8   69   22  170 0.979 113.6 176.3 -21.3 -74.2
1955 9 2.451   1722600 9    0   25    0   37 0.936 314.5 303.5  44.0  68.2
1955 9 2.451   1722700 9    0   11    0   11 0.864 287.9 295.7  19.1  60.4
1955 9 2.451   1722900 1   10   58    6   34 0.520 213.6 253.0 -18.8  17.7
1955 9 2.451   1723000 2   36  237   21  137 0.492  49.1 211.0  25.4 -24.3
1955 9 2.451   1723100 2   24  114   18   83 0.722  53.6 192.7  30.8 -42.6
1955 9 2.451   1723200 0   17   91   16   83 0.830  73.3 178.7  17.9 -56.6
1955 9 2.451   1723300 0   56  283   64  324 0.896  63.4 171.3  27.0 -64.0
1955 9 2.451   1723400 2   14  121   17  145 0.905 117.3 175.9 -21.0 -59.4
1955 9 2.451   1723500 4   15   93   20  120 0.918  73.9 167.6  17.6 -67.7
1955 9 3.317   1722900 1    9   40    6   26 0.626 228.0 253.4 -18.5  29.4
1955 9 3.317   1723000 2   31  174   17   94 0.375  34.3 210.5  25.1 -13.5
1955 9 3.317   1723100 2   15  108   10   69 0.612  47.1 192.5  30.9 -31.5
1955 9 3.317   1723200 0   26   99   19   71 0.714  72.1 178.5  17.8 -45.5
1955 9 3.317   1723300 0   94  409   81  351 0.810  62.1 170.7  26.7 -53.3
1955 9 3.317   1723400 2   23  132   20  115 0.815 121.9 176.3 -20.7 -47.7
1955 9 3.317   1723500 4   13  100   12   87 0.816  74.1 168.8  17.1 -55.2
1955 9 3.317   1723600 2   17   97   47  259 0.981  63.3 143.0  27.5 -81.0
1955 9 4.294   1722900 1    5   27    4   21 0.751 237.6 253.0 -18.4  41.9
1955 9 4.294   1723000 2   13   68    7   36 0.305   3.0 210.1  25.0  -1.0
1955 9 4.294   1723100 2    5   41    3   24 0.499  34.1 192.0  31.3 -19.1
1955 9 4.294   1723200 0   18   68   11   41 0.550  68.3 178.6  17.9 -32.5
1955 9 4.294   1723300 0  107  510   74  351 0.683  58.0 170.6  26.8 -40.5
1955 9 4.294   1723400 2   29  176   21  125 0.707 130.0 175.6 -21.2 -35.5
1955 9 4.294   1723500 4   17   86   12   59 0.681  72.0 168.3  17.5 -42.8
1955 9 4.294   1723600 2   26  156   38  226 0.937  63.4 140.5  27.4 -70.6
1955 9 4.294   1723700 3   11   62    7   39 0.600 217.2 234.1 -21.9  23.0
1955 9 4.294   1723800 0    0   17    0   11 0.602  64.1 175.6  21.2 -35.5
1955 9 5.609   1722900 1    0    4    0    5 0.887 245.1 251.7 -18.2  57.9
1955 9 5.609   1723200 0   11   35    6   19 0.321  52.7 178.2  18.2 -15.6
1955 9 5.609   1723300 0  122  568   71  329 0.502  46.9 169.6  26.7 -24.2
1955 9 5.609   1723400 2   31  178   19  107 0.548 148.2 175.8 -20.9 -18.0
1955 9 5.609   1723500 4    3   23    2   13 0.452  66.1 168.2  17.1 -25.6
1955 9 5.609   1723600 2   44  257   39  223 0.815  61.1 140.2  27.6 -53.6
1955 9 5.609   1723700 3   93  395   73  309 0.767 233.2 235.3 -22.0  41.5
1955 9 5.609   1723800 0    0   20    0   11 0.376  49.3 176.0  21.1 -17.8
1955 9 5.609   1723900 0    4   22    3   14 0.596  55.2 160.8  26.0 -33.0
1955 9 5.609   1724000 9   10   61   16   91 0.940 119.2 129.6 -24.3 -64.2
1955 9 6.318   1723200 0    9   46    5   24 0.218  29.0 178.0  18.2  -6.4
1955 9 6.318   1723300 0  123  590   68  324 0.409  34.6 169.3  26.7 -15.1
1955 9 6.318   1723400 2   34  182   20  105 0.491 163.9 176.0 -21.0  -8.4
1955 9 6.318   1723500 4    7   60    4   32 0.335  56.8 167.3  17.5 -17.1
1955 9 6.318   1723600 2   41  248   30  182 0.727  58.8 139.9  27.4 -44.5
1955 9 6.318   1723700 3   64  437   61  417 0.849 238.4 235.6 -22.0  51.2
1955 9 6.318   1723800 0    0    5    0    3 0.286  28.0 176.1  21.8  -8.3
1955 9 6.318   1723900 0    0   13    0    8 0.494  47.7 160.4  26.1 -24.0
1955 9 6.318   1724000 9    9   57   10   61 0.880 122.4 129.9 -24.1 -54.5
1955 9 7.302   1723200 0   13   50    7   26 0.217 331.7 177.6  18.2   6.2
1955 9 7.302   1723300 0  124  615   66  327 0.335   6.4 169.0  26.7  -2.4
1955 9 7.302   1723400 2   22  117   13   67 0.482 188.9 176.0 -21.2   4.6
1955 9 7.302   1723600 2   47  257   29  159 0.582  51.5 140.5  27.5 -30.9
1955 9 7.302   1723700 3   65  379   97  566 0.940 242.7 236.3 -22.6  64.9
1955 9 7.302   1723900 0    0   31    0   17 0.361  28.7 160.3  25.6 -11.1
1955 9 7.302   1724000 9    2   30    2   26 0.809 128.4 127.0 -25.1 -44.4
1955 9 7.302   1724100 2    4   17    4   17 0.848 147.9 135.3 -40.2 -36.1
1955 9 8.309   1723200 0    9   27    5   15 0.368 302.0 177.3  18.1  19.2
1955 9 8.309   1723300 0  111  641   60  346 0.371 334.5 168.4  26.7  10.3
1955 9 8.309   1723400 0    8   38    5   23 0.547 212.9 176.6 -20.5  18.5
1955 9 8.309   1723500 4    1   31    1   16 0.244 322.4 167.1  18.3   9.0
1955 9 8.309   1723600 0   41  202   23  113 0.440  36.8 140.8  27.6 -17.3
1955 9 8.309   1723700 3    1   29    5   76 0.980 245.5 232.5 -22.2  74.4
1955 9 8.309   1724000 9   17   72   13   53 0.723 136.7 124.7 -25.8 -33.4
1955 9 8.309   1724100 2    9   57    8   47 0.790 157.3 134.6 -40.2 -23.5
1955 9 9.301   1723200 0    6   18    4   11 0.545 292.5 177.0  18.2  32.0
1955 9 9.301   1723300 0   94  519   54  298 0.488 314.8 167.8  26.8  22.8
1955 9 9.301   1723400 0    1   13    1    9 0.662 227.6 176.4 -20.4  31.4
1955 9 9.301   1723600 0   28  136   15   73 0.356  12.3 140.1  27.6  -4.9
1955 9 9.301   1724000 9   23  109   15   71 0.631 148.9 123.7 -26.0 -21.3
1955 9 9.301   1724100 2   14   62   11   47 0.747 168.7 134.0 -40.0 -11.0
1955 9 9.301  13640100 0    0    4    0    9 0.964 288.2 221.1  19.4  76.1
1955 910.312   1723200 0    4   25    3   18 0.713 288.6 177.1  18.3  45.4
1955 910.312   1723300 0  111  546   72  354 0.634 304.4 167.6  26.9  35.9
1955 910.312   1723600 2   26  137   14   74 0.366 341.6 139.2  27.5   7.5
1955 910.312   1724000 9   21  103   13   63 0.569 166.1 122.9 -26.4  -8.8
1955 910.312   1724100 0    9   44    7   33 0.743 177.7 129.4 -40.7  -2.3
1955 911.380   1723300 0   73  366   58  291 0.774 299.3 166.9  27.1  49.3
1955 911.380   1723600 0    5   26    3   15 0.481 318.0 138.9  27.7  21.3
1955 911.380   1724000 9    9   49    6   30 0.562 187.3 122.2 -26.7   4.6
1955 911.380   1724100 2    2   11    2    9 0.751 194.8 132.0 -39.6  14.4
1955 911.380   1724200 5    2   11    2    9 0.773  66.7  67.4  22.5 -50.2
1955 911.380  13640200 0    1   20    1   11 0.349 313.6 133.3  20.9  15.7
1955 912.334   1723300 0   31  281   33  296 0.878 297.1 166.5  27.2  61.5
1955 912.334   1724000 9    4   14    3    9 0.610 202.4 120.2 -27.4  15.2
1955 912.334   1724200 5   36  144   23   92 0.620  62.0  68.6  22.8 -36.4
1955 912.334   1724300 2    0   36    0   20 0.408 358.5 105.7  31.3   0.7
1955 912.334  13640300 0    0    2    0    2 0.767 135.1  67.4 -27.3 -37.5
1955 912.334  13640400 0    0    8    0    9 0.870 123.5  52.0 -24.5 -52.9
1955 913.341   1723300 0   37  178   62  297 0.953 296.3 165.5  27.2  73.8
1955 913.341   1724000 9    0    5    0    4 0.696 216.7 119.7 -27.6  28.0
1955 913.341   1724200 5   57  277   32  155 0.446  51.8  69.4  22.7 -22.3
1955 914.349   1723300 0    6   26   31  119 0.993 296.6 164.6  27.1  86.2
1955 914.349   1724000 9    0    7    0    6 0.791 227.9 119.5 -26.7  41.1
1955 914.349   1724200 5   68  395   36  209 0.322  31.4  67.9  23.0 -10.5
1955 915.332   1724200 5   69  321   36  167 0.270 348.6  68.7  22.5   3.3
1955 915.332   1724300 0    1   11    1    8 0.717 303.7 108.3  28.8  42.9
1955 915.332   1724400 9   31  109   19   65 0.542 191.9  72.5 -24.9   7.1
1955 915.332  13640500 0    0    5    0    3 0.363  23.7  56.0  26.5  -9.4
1955 916.402   1724200 5   31  178   17   97 0.390 311.6  69.6  21.8  18.3
1955 916.402   1724400 9   18  123   12   78 0.612 212.0  72.2 -24.6  20.9
1955 917.319   1724200 5   26  137   16   83 0.558 297.5  71.1  21.0  32.0
1955 917.319   1724300 0    0    4    0    7 0.942 297.5 110.6  28.2  71.5
1955 917.319   1724400 9   14  109   10   77 0.703 224.1  71.6 -24.4  32.5
1955 918.311   1724200 5   13   79   10   57 0.718 292.3  71.4  20.9  45.3
1955 918.311   1724400 9   10   57    9   51 0.822 233.4  72.6 -24.6  46.5
1955 918.311   1724500 0    0   11    0    7 0.559 211.0  44.2 -21.9  18.1
1955 919.309   1724200 5    7   46    7   43 0.838 291.3  70.1  21.7  57.2
1955 919.309   1724400 9    5   30    6   35 0.899 238.3  70.1 -24.5  57.2
1955 919.309   1724500 0    8   32    6   22 0.679 226.0  44.7 -22.2  31.8
1955 920.325   1724200 5    0    4    0    7 0.936 289.0  70.1  20.2  70.6
1955 920.325   1724400 9   16   52   37  115 0.973 241.5  71.0 -25.6  71.5
1955 920.325   1724600 2    0    9    0   12 0.913 302.1  65.5  32.1  66.0
1955 921.325   1724600 0    0    1    0    7 0.989 300.6  70.8  31.2  84.5
1955 923.698   1724700 9    8   72   26  216 0.985 115.0 238.8 -23.1 -76.1
1955 924.326   1724700 9   14   77   25  130 0.952 116.6 239.3 -22.7 -67.4
1955 924.326   1724800 2    6   35    4   22 0.589 183.9 309.3 -29.1   2.6
1955 924.326  13650100 0    0    9    0   10 0.891 296.0   9.9  26.3  63.3
1955 925.639   1724700 9   17   68   17   65 0.850 122.7 238.2 -23.1 -51.1
1955 925.639   1724800 2    7   27    5   18 0.655 209.0 310.5 -28.6  21.2
1955 925.639   1724900 9    0    3    0    4 0.886  73.7 226.1  17.6 -63.2
1955 926.307   1724700 9   22   93   18   75 0.781 127.3 237.9 -23.3 -42.6
1955 927.342   1724700 9   28  186   19  126 0.669 136.7 236.9 -23.3 -30.0
1955 927.342   1725000 2    8   34    8   32 0.842 309.3 321.0  36.4  54.1
1955 928.340   1724700 9    6  110    4   67 0.566 153.4 237.6 -23.9 -16.1
1955 928.340   1724900 9    0    7    0    4 0.473  64.3 227.1  17.9 -26.6
1955 928.340   1725000 2    2   17    3   23 0.923 306.7 320.5  36.4  66.8
1955 929.301   1724700 9    6   69    4   41 0.519 173.0 237.0 -24.3  -4.0
1955 929.301   1724900 9   20  156   11   84 0.356  44.8 225.4  21.1 -15.6
1955 929.301   1725000 0    0    4    0    8 0.964 302.8 317.0  33.3  76.0
1955 930.409   1724900 9    1   11    1    6 0.272  11.3 223.1  22.1  -3.3
1955 930.409   1725100 4   12   51   15   61 0.904  60.4 161.8  29.5 -64.6
1955 930.409   1725200 9    3   15    7   29 0.960 116.1 157.1 -22.8 -69.3
1955 930.409   1725300 1   17   68   86  345 0.995  68.5 140.2  22.0 -86.2
195510 1.317   1725100 4   23  105   20   89 0.805  58.5 162.6  29.1 -51.8
195510 1.317   1725200 9    3   17    4   18 0.868 120.3 160.4 -22.2 -54.0
195510 1.317   1725300 1   51  210   90  371 0.958  68.9 139.8  22.1 -74.6
195510 1.317   1725400 9    6   26   27  103 0.992  68.0 129.6  22.6 -84.8
195510 1.317  13650200 0    3   12    2    7 0.425 212.4 228.0 -14.6  13.6
195510 2.434   1725100 4   30  147   20   98 0.657  52.7 163.1  28.8 -36.6
195510 2.434   1725200 9   15   47   12   37 0.762 126.8 158.4 -22.3 -41.3
195510 2.434   1725300 1  112  532  114  540 0.869  67.7 139.2  22.6 -60.5
195510 2.434   1725400 9    3   24    6   38 0.946  68.8 127.5  22.1 -72.2
195510 2.434   1725500 9    5   12    3    7 0.494  69.2 171.0  15.9 -28.7
195510 2.434   1725600 0    3   30   11   87 0.985  69.5 118.0  21.3 -81.7
195510 3.337   1725100 4   20  136   12   81 0.542  43.0 162.6  29.3 -25.1
195510 3.337   1725200 9    9   25    6   17 0.652 135.6 158.2 -22.1 -29.5
195510 3.337   1725300 1  133  720  103  556 0.760  65.4 139.1  22.8 -48.6
195510 3.337   1725400 9    3   12    4   13 0.870  68.1 127.0  22.2 -60.7
195510 3.337   1725500 9    3   17    2    9 0.273  55.6 174.2  15.2 -13.5
195510 3.337   1725600 0    9   26   13   38 0.934  69.6 117.7  21.3 -70.0
195510 4.362   1725100 4   23  134   13   74 0.417  23.6 163.2  28.8 -11.0
195510 4.362   1725300 1  179  922  113  582 0.608  60.8 139.1  22.6 -35.1
195510 4.362   1725400 9   11   72    8   52 0.713  65.3 129.9  22.0 -44.3
195510 4.362   1725500 9    5   41    3   21 0.164  10.6 172.4  15.7  -1.8
195510 4.362   1725600 0    6   33    6   31 0.836  68.7 117.5  21.3 -56.7
195510 4.362   1725700 2    3   26    5   37 0.932  70.9 104.5  20.1 -69.7
195510 5.337   1725100 4   11   75    6   40 0.347 354.6 163.5  26.6   2.1
195510 5.337   1725300 1  155  890   87  497 0.444  51.2 139.5  22.1 -21.9
195510 5.337   1725400 9   11   53    7   32 0.544  59.2 131.2  21.7 -30.2
195510 5.337   1725500 9    3   13    2    7 0.272 303.3 175.0  14.8  13.6
195510 5.337   1725600 0    4   22    3   16 0.708  66.6 117.3  21.0 -44.1
195510 5.337   1725700 2    8   39    8   36 0.833  70.0 104.9  20.2 -56.5
195510 6.352   1725100 4   17  120   10   69 0.485 322.4 167.7  28.6  19.7
195510 6.352   1725300 1  157  814   83  428 0.308  27.7 139.1  22.1  -8.9
195510 6.352   1725400 9    7   83    4   46 0.411  47.2 129.0  22.2 -19.0
195510 6.352   1725500 9    1   18    1   10 0.422 296.6 171.2  16.7  23.2
195510 6.352   1725600 0    3   11    2    7 0.547  60.5 117.3  21.1 -30.7
195510 6.352   1725700 0    4   25    3   18 0.711  68.0 103.4  20.0 -44.6
195510 6.352   1725800 1    0    8    0    6 0.669  53.0 110.4  28.8 -37.6
195510 7.351   1725100 4   21  118   14   77 0.637 310.3 168.8  29.6  34.0
195510 7.351   1725300 1  169  733   88  382 0.280 346.0 139.0  22.0   4.2
195510 7.351   1725400 9    9   99    5   52 0.300  12.6 130.7  23.3  -4.1
195510 7.351   1725800 1   53  225   32  134 0.538  40.5 111.0  29.9 -23.8
195510 7.351   1725900 9    8   27    7   22 0.779 298.8 184.3  26.2  49.5
195510 7.351   1726000 4    3   36    9  109 0.985 110.7  57.6 -19.1 -77.2
195510 7.351  13650300 0    2    8    2    7 0.769 131.5  95.0 -25.9 -39.8
195510 8.468   1725100 4    8   58    7   48 0.793 303.6 169.8  30.1  49.8
195510 8.468   1725300 1  134  685   74  377 0.416 311.1 139.7  21.7  19.7
195510 8.468   1725400 9    7   66    4   35 0.305 334.3 128.2  22.1   8.2
195510 8.468   1725800 1   27  169   15   93 0.413  14.8 113.0  29.7  -7.0
195510 8.468   1725900 9    8   44   10   53 0.906 296.1 185.1  26.2  65.1
195510 8.468   1726000 4   14   68   19   89 0.920 113.8  57.0 -19.1 -63.0
195510 8.468   1726100 0    8   32   16   58 0.958 117.7  51.4 -24.3 -68.6
195510 9.424   1725100 4    9   35   10   38 0.883 301.3 168.4  30.4  61.0
195510 9.424   1725300 1  128  610   77  367 0.555 300.8 138.3  21.8  30.9
195510 9.424   1725400 9    7   77    4   43 0.429 310.7 127.9  22.0  20.5
195510 9.424   1725600 0    0   36    0   19 0.296 340.3 113.6  22.3   6.2
195510 9.424   1725800 1   40  205   22  112 0.403 354.4 110.0  29.8   2.6
195510 9.424   1725900 9    3   12    6   21 0.951 297.3 180.2  27.8  72.8
195510 9.424   1726000 4   39  159   35  143 0.827 117.6  56.7 -18.7 -50.7
195510 9.424   1726100 0    8   39   10   45 0.897 121.2  49.9 -24.5 -57.5
195510 9.424   1726200 2    9   40    8   34 0.801 237.5 153.9 -21.3  46.5
195510 9.424  13650400 0    2   16    2   14 0.812 131.6  63.8 -28.3 -43.6
19551010.342   1725100 4    0    4    0    6 0.939 299.7 165.6  29.9  70.3
19551010.342   1725300 1  125  473   88  331 0.697 295.0 138.1  21.6  42.8
19551010.342   1725400 9    8   69    5   43 0.583 300.1 128.3  22.1  33.0
19551010.342   1725800 1   35  173   20   98 0.466 330.1 110.8  29.7  15.5
19551010.342   1726000 4   35  125   26   91 0.719 123.4  56.0 -18.7 -39.3
19551010.342   1726100 0   10   40    9   34 0.805 126.3  49.9 -24.3 -45.4
19551010.342   1726200 2    0   11    0   13 0.899 241.7 154.0 -22.2  58.7
19551010.342  13650500 0    3   25    2   15 0.549  58.8  64.9  21.8 -30.4
19551011.362   1725300 1   90  396   82  357 0.829 291.8 137.7  21.4  55.8
19551011.362   1725400 9   59  278   45  211 0.749 293.8 129.4  21.7  47.5
19551011.362   1725800 1   35   97   22   60 0.581 313.7 110.6  29.0  28.7
19551011.362   1726000 4   19   98   12   61 0.586 134.1  55.5 -18.7 -26.4
19551011.362   1726100 0   11   27    8   19 0.697 135.5  49.3 -24.8 -32.6
19551011.362   1726200 2    0    4    0    9 0.971 244.7 154.1 -22.8  72.2
19551012.365   1725300 1   52  255   73  352 0.931 290.9 137.9  21.6  69.3
19551012.365   1725400 9   51  235   54  246 0.877 292.2 129.9  22.3  61.3
19551012.365   1725800 1   12   57    9   41 0.715 305.9 110.2  29.3  41.6
19551012.365   1726000 4   12   83    7   47 0.460 153.5  56.1 -18.5 -12.5
19551012.365   1726100 2    9   25    6   16 0.602 147.0  47.4 -24.8 -21.2
19551012.365   1726300 2    6   15    5   13 0.791 230.1 111.2 -26.2  42.6
19551012.365  13650600 0    0    7    0    7 0.843  62.1  12.2  26.6 -56.4
19551013.466   1725300 1   21  105   75  374 0.989 290.6 137.3  21.2  83.2
19551013.466   1725400 9   19  101   38  193 0.964 291.8 129.9  22.5  75.8
19551013.466   1725800 1    7   22    7   21 0.848 301.1 110.5  29.3  56.4
19551013.466   1726100 0    0    8    0    5 0.484 168.3  48.0 -22.5  -6.1
19551013.466   1726300 0    0    7    0    8 0.892 235.6 109.9 -27.1  55.8
19551014.367   1725400 9    0    8    0   32 0.991 291.2 126.0  21.7  83.8
19551014.367   1725800 1    0   15    0   19 0.907 298.1 107.1  27.9  64.9
19551014.367   1726000 4    8   70    5   40 0.479 210.5  57.1 -18.8  14.9
19551014.367   1726100 0    0    6    0    4 0.508 197.4  51.7 -23.3   9.5
19551014.367  13650700 0    0    4    0    4 0.832 122.1 352.4 -22.6 -49.8
19551015.426   1726000 4    1   17    1   11 0.592 226.2  55.2 -19.1  26.9
19551019.544   1726400 6   18  118   34  222 0.963  71.6 258.7  19.1 -75.2
19551020.331   1726400 6   30  175   36  208 0.906  72.0 258.2  18.5 -65.4
19551020.331   1726500 0    1   25    7   94 0.991  66.6 239.9  23.9 -83.7
19551021.297   1726400 6   52  254   43  209 0.792  70.9 258.8  18.3 -52.0
19551021.297   1726500 0   11   63   19  100 0.948  66.1 238.8  24.3 -72.0
19551022.295   1726400 6   69  325   45  212 0.641  66.6 259.3  18.8 -38.4
19551022.295   1726500 0   20   92   20   90 0.856  65.1 239.6  23.9 -58.1
19551022.295   1726600 0    5   41   29  206 0.995  62.5 211.7  27.8 -86.0
19551023.311   1726400 6   72  450   41  256 0.475  58.8 258.9  18.8 -25.4
19551023.311   1726500 0   25  106   19   79 0.735  61.7 239.2  24.0 -45.1
19551023.311   1726600 0   33  181   58  313 0.956  62.3 210.9  27.9 -73.4
19551023.311   1726700 7   30  219   72  526 0.977 113.0 209.7 -21.2 -74.6
19551024.374   1726400 6   82  463   43  242 0.291  34.8 260.1  18.7 -10.1
19551024.374   1726500 0   21  105   13   65 0.580  54.8 239.0  23.8 -31.2
19551024.374   1726600 0   70  321   73  335 0.875  60.9 210.4  27.8 -59.8
19551024.374   1726700 7  124  514  139  574 0.892 117.5 211.8 -21.8 -58.4
19551024.374   1726800 9    3   38    2   21 0.374  76.2 248.6   9.7 -21.6
19551024.374   1726900 4    4   23    8   46 0.966  63.2 194.5  27.1 -75.7
19551024.374   1727000 1   21  104   72  354 0.988 115.3 192.2 -24.0 -78.0
19551025.365   1726400 6   95  470   49  242 0.235 356.0 258.2  18.4   1.0
19551025.365   1726500 0   19  111   11   62 0.437  41.2 238.9  23.8 -18.3
19551025.365   1726600 0   83  392   66  309 0.771  57.5 209.9  27.8 -47.3
19551025.365   1726700 7  202  943  164  763 0.783 123.3 212.3 -22.1 -44.9
19551025.365   1726800 9    3   17    2    9 0.163  62.5 248.8   9.1  -8.4
19551025.365   1726900 4   27  150   30  163 0.886  60.8 196.0  28.0 -61.2
19551025.365   1727000 1   52  285   78  426 0.940 117.5 191.6 -23.8 -65.6
19551026.541   1726400 6   67  420   36  223 0.337 316.7 255.8  18.8  14.1
19551026.541   1726500 0    9   52    5   28 0.327   8.4 238.7  23.6  -3.0
19551026.541   1726600 0   84  455   54  291 0.622  49.6 209.3  27.8 -32.4
19551026.541   1726700 7  249 1312  163  856 0.639 133.5 211.7 -22.0 -30.0
19551026.541   1726900 4   52  333   39  247 0.736  54.0 198.7  29.2 -43.0
19551026.541   1727000 1   87  514   83  488 0.848 122.4 190.0 -24.1 -51.7
19551026.541   1727100 9    3   21    2   12 0.427  27.5 228.9  26.9 -12.8
19551027.417   1726400 6   56  341   32  192 0.457 304.1 253.7  19.1  23.6
19551027.417   1726500 0    9   44    5   24 0.351 337.3 238.6  23.5   8.5
19551027.417   1726600 0   84  494   49  287 0.508  39.1 208.9  27.6 -21.2
19551027.417   1726700 7  271 1268  160  748 0.526 146.7 212.0 -21.7 -18.1
19551027.417   1726900 4   61  317   39  201 0.613  45.1 200.1  29.7 -30.0
19551027.417   1727000 1  106  616   81  469 0.751 128.4 189.9 -24.3 -40.2
19551027.417  13660100 0    0    7    0    4 0.309   6.9 227.8  22.5  -2.3
19551028.364   1726400 6   31  199   20  127 0.618 295.3 253.8  19.0  36.2
19551028.364   1726500 0    3   17    2   10 0.465 315.1 238.6  23.5  21.0
19551028.364   1726600 0  101  549   56  302 0.416  19.5 208.6  27.6  -9.0
19551028.364   1726700 7  299 1350  168  758 0.450 169.2 212.4 -21.7  -5.2
19551028.364   1726900 4   62  348   36  201 0.497  31.2 200.4  29.5 -17.2
19551028.364   1727000 1  168  852  110  556 0.638 137.0 189.2 -23.8 -28.4
19551028.364   1727100 9    1   12    1    7 0.414 337.8 227.7  27.0  10.1
19551028.364   1727200 0    8   63   30  216 0.988  68.9 135.3  21.5 -82.3
19551028.364  13660200 0    4   31    3   23 0.722  55.7 175.4  27.4 -42.2
19551029.366   1726400 6   22  110   18   89 0.781 291.0 254.9  19.1  50.5
19551029.366   1726500 0    0    9    0    6 0.618 303.0 238.8  23.4  34.4
19551029.366   1726600 0  115  517   63  282 0.402 350.7 208.6  27.8   4.2
19551029.366   1726700 7  321 1738  181  978 0.452 192.8 210.6 -21.7   6.2
19551029.366   1726900 4   57  370   32  205 0.429  11.4 198.8  29.3  -5.6
19551029.366   1727000 1  150  777   89  461 0.531 151.6 188.4 -23.6 -16.0
19551029.366   1727100 9   11   61    7   36 0.524 320.2 226.7  27.9  22.3
19551029.366   1727200 0   21  148   32  219 0.940  68.4 134.1  21.8 -70.3
19551030.367   1726400 6    8   44    9   49 0.890 289.5 254.0  19.3  62.8
19551030.367   1726600 0   89  538   51  306 0.476 327.3 208.1  27.8  16.9
19551030.367   1726700 7  257 1613  151  947 0.520 212.7 208.8 -21.8  17.6
19551030.367   1726900 4  113  448   63  249 0.436 347.5 197.4  29.5   6.2
19551030.367   1727000 1  163  914   93  520 0.472 173.6 187.9 -23.6  -3.3
19551030.367   1727100 9   25  140   17   94 0.664 309.2 227.0  28.4  35.8
19551030.367   1727200 0   44  238   42  225 0.846  66.9 134.2  21.8 -57.0
19551031.362   1726600 0   96  435   60  270 0.592 313.1 207.3  27.6  29.2
19551031.362   1726700 7  217 1367  144  906 0.651 228.4 209.8 -22.0  31.7
19551031.362   1726900 4   89  423   52  246 0.510 327.2 196.6  29.4  18.5
19551031.362   1727000 1  130  787   75  454 0.492 198.7 188.0 -23.6   9.9
19551031.362   1727100 9   17   87   14   70 0.783 302.6 226.3  27.8  48.2
19551031.362   1727200 0   56  305   41  221 0.721  63.7 134.0  21.7 -44.1
19551031.362   1727300 9   12   65    9   48 0.733 285.5 224.9  14.2  46.8
19551031.362  13660300 0    3   23    2   13 0.452  55.3 154.9  18.8 -23.1
195511 1.371   1726600 0   72  337   53  246 0.727 304.5 207.3  27.4  42.5
195511 1.371   1726700 7  147  869  119  703 0.782 237.7 210.2 -21.8  45.4
195511 1.371   1726900 3  170  864  110  558 0.632 313.6 196.5  29.4  31.7
195511 1.371   1727000 1  151  738   94  457 0.584 218.7 188.2 -23.3  23.4
195511 1.371   1727100 9    8   40    9   45 0.895 299.6 226.8  28.2  62.0
195511 1.371   1727200 0   64  331   39  201 0.565  56.8 134.2  21.6 -30.6
195511 1.371   1727300 9   20   82   21   84 0.870 283.9 225.4  14.1  60.6
195511 1.371   1727400 0   12   62   33  161 0.980 119.1  90.0 -27.5 -74.8
195511 2.355   1726600 0   63  296   58  272 0.838 299.9 206.5  27.1  54.7
195511 2.355   1726700 7  114  542  121  571 0.877 242.5 208.7 -21.7  56.9
195511 2.355   1726900 3  106  573   80  431 0.747 306.3 195.4  29.2  43.6
195511 2.355   1727000 1  114  527   81  374 0.705 230.2 188.0 -23.6  36.2
195511 2.355   1727200 0   61  383   34  211 0.416  42.9 134.1  21.6 -17.7
195511 2.355   1727300 9    8   61   16  112 0.961 283.1 226.2  13.7  74.4
195511 2.355   1727400 0   18   86   24  115 0.923 122.1  89.9 -27.5 -61.9
195511 3.429   1726600 0   30  191   43  270 0.935 297.3 206.2  26.9  68.6
195511 3.429   1726700 7   49  343   99  684 0.967 245.9 209.9 -22.1  72.3
195511 3.429   1726900 3   70  437   69  427 0.858 301.6 194.2  28.9  56.6
195511 3.429   1727000 1   82  355   76  327 0.837 238.3 188.6 -23.6  51.0
195511 3.429   1727200 0   55  382   29  201 0.308  11.3 133.9  21.5  -3.7
195511 3.429   1727400 2   23  126   22  117 0.838 126.4  88.2 -27.3 -49.4
195511 4.312   1726600 0   20   89   54  236 0.981 296.4 205.4  26.6  79.4
195511 4.312   1726700 7    3   23   29  184 0.998 248.3 210.2 -21.3  84.2
195511 4.312   1726900 3   45  230   65  332 0.937 299.5 194.7  28.9  68.7
195511 4.312   1727000 1   46  229   59  289 0.916 242.0 188.0 -23.7  62.0
195511 4.312   1727200 0   60  347   32  184 0.329 337.7 133.7  21.5   7.7
195511 4.312   1727400 2   26  139   20  105 0.744 132.7  88.0 -27.3 -38.0
195511 5.383   1726900 3    6   42   16  103 0.977 298.9 189.9  29.0  78.0
195511 5.383   1727000 1   21  125   53  307 0.978 244.8 187.1 -23.7  75.2
195511 5.383   1727200 2   67  332   38  187 0.458 311.7 133.4  21.2  21.5
195511 5.383   1727400 2   38  172   25  111 0.626 145.9  88.5 -27.8 -23.4
195511 5.383   1727500 4   30  121   32  126 0.873 112.2  54.1 -17.3 -57.8
195511 5.383   1727600 5    0    3    0   13 0.988  61.4  29.9  28.8 -82.0
195511 6.435   1727200 0   40  276   26  177 0.622 300.6 133.1  21.4  35.1
195511 6.435   1727400 0   35  144   21   86 0.535 163.4  88.1 -27.3  -9.9
195511 6.435   1727500 4   46  254   34  188 0.732 117.6  55.2 -17.2 -42.8
195511 6.435   1727600 5    1   13    3   20 0.944  60.1  28.1  29.4 -69.9
195511 7.586   1727200 0   30  147   25  119 0.784 294.9 132.7  21.6  49.9
195511 7.586   1727400 0   35  131   21   77 0.521 188.7  87.9 -27.5   5.1
195511 7.586   1727500 4   36  235   22  141 0.545 129.6  56.7 -17.2 -26.1
195511 7.586   1727600 5   37  198   35  183 0.839  58.4  28.6  28.2 -54.2
195511 7.586   1727700 6   34  196  103  589 0.985 120.1   6.1 -28.9 -76.7
195511 8.536   1727200 0   18   87   20   96 0.890 292.5 132.4  21.5  62.1
195511 8.536   1727400 0   29  131   18   81 0.579 207.2  87.7 -27.8  17.4
195511 8.536   1727500 4   47  248   26  136 0.402 152.6  59.1 -17.6 -11.2
195511 8.536   1727600 5   51  254   38  189 0.737  54.0  27.7  28.2 -42.6
195511 8.536   1727700 6   93  467  142  709 0.942 122.4   5.0 -28.9 -65.3
195511 8.536   1727800 8   36  258   96  684 0.981  65.5 351.0  24.7 -79.3
195511 9.363   1727200 0   17   86   30  148 0.955 291.8 132.2  21.8  72.8
195511 9.363   1727400 0   25  122   17   82 0.657 219.7  87.6 -27.5  28.2
195511 9.363   1727500 4   35  167   19   90 0.361 184.2  61.0 -17.8   1.6
195511 9.363   1727600 5   66  308   43  201 0.641  47.4  26.9  28.5 -32.5
195511 9.363   1727700 6  103  555  107  572 0.871 126.0   5.8 -28.9 -53.6
195511 9.363   1727800 8   93  719  155 1188 0.953  65.0 347.4  24.8 -72.0
195511 9.363   1727900 9    3   26    5   34 0.921 138.5   4.5 -41.8 -54.9
195511 9.363  13660400 0    1   12    1    9 0.726  61.7  15.6  22.5 -43.8
19551110.409   1727400 0   21   95   17   76 0.774 230.0  87.6 -27.5  42.0
19551110.409   1727500 4   12   63    7   35 0.426 215.7  60.7 -17.2  15.1
19551110.409   1727600 5   46  257   27  150 0.512  33.5  26.9  28.3 -18.7
19551110.409   1727700 6  137  782  117  664 0.804 130.7   1.2 -29.4 -44.4
19551110.409   1727800 8  199 1328  196 1306 0.860  63.7 348.0  24.1 -57.6
19551110.409   1727900 9   14   79   14   76 0.849 144.5   4.5 -41.4 -41.1
19551110.409   1728000 9   15  124   12   97 0.764 297.2  93.0  22.6  47.4
19551110.409   1728100 2    3   32    2   18 0.412 357.4  46.8  27.5   1.2
19551111.481   1727400 0   11   43   12   46 0.880 236.3  87.1 -27.5  55.6
19551111.481   1727500 4    3   31    2   19 0.551 231.1  58.2 -17.5  26.7
19551111.481   1727600 5   50  214   28  119 0.437   8.9  27.1  28.6  -4.4
19551111.481   1727700 6  152 1003  105  689 0.680 141.5   2.4 -29.5 -29.1
19551111.481   1727800 8  237 1958  176 1449 0.736  59.3 347.5  24.3 -44.0
19551111.481   1727900 9   14   72   12   59 0.783 154.1   4.1 -42.1 -27.4
19551111.481   1728000 9    7   42    9   48 0.896 294.2  94.1  23.0  62.6
19551111.481   1728100 2    0    7    0    4 0.426 334.4  43.3  25.6  11.8
19551112.306   1727400 0    7   41   12   63 0.943 239.3  86.8 -27.6  66.2
19551112.306   1727500 4    0   10    0    7 0.672 239.2  57.9 -17.8  37.3
19551112.306   1727600 5   28  210   16  117 0.438 348.9  26.1  28.4   5.5
19551112.306   1727700 6  147  958   94  610 0.613 149.6 359.8 -29.2 -20.8
19551112.306   1727800 8  266 2225  169 1411 0.615  53.4 347.9  24.0 -32.7
19551112.306   1727900 9    4   37    3   28 0.737 162.9   3.6 -42.0 -17.0
19551112.306   1728000 9    0   12    0   28 0.973 292.6  97.4  22.7  76.8
19551112.306   1728200 0    0    4    0    5 0.906 121.7 320.7 -27.0 -59.9
19551112.306   1728300 6   10   65   42  260 0.992  69.6 297.4  20.6 -83.2
19551112.306  13660500 0    1   15    1   11 0.682 228.0  54.5 -24.7  33.9
19551113.327   1727400 0    0   12    0   45 0.989 241.7  85.9 -27.4  78.8
19551113.327   1727600 5   18  138   11   81 0.524 325.4  26.8  28.2  19.7
19551113.327   1727700 6  120  766   72  459 0.544 166.9 359.0 -29.2  -8.1
19551113.327   1727800 7  237 2088  135 1189 0.480  40.4 347.2  24.1 -19.9
19551113.327   1727900 9    5   19    4   14 0.716 172.5 359.8 -42.4  -7.3
19551113.327   1728200 0    3   20    3   18 0.813 126.5 319.9 -27.0 -47.2
19551113.327   1728300 6   27  275   48  486 0.958  68.8 293.9  21.1 -73.2
19551114.479   1727600 0   14   95   10   65 0.679 309.3  28.4  27.7  36.4
19551114.479   1727700 6   65  609   39  365 0.545 188.5 357.3 -29.9   5.3
19551114.479   1727800 7  300 1889  162 1020 0.379  13.8 346.3  24.3  -5.7
19551114.479   1728300 6   61  458   60  445 0.856  66.9 294.5  21.1 -57.5
19551114.479   1728400 4   12  163    7   95 0.512 301.0  19.4  17.7  27.4
19551114.479   1728500 9    0    3    0    6 0.941 113.1 284.3 -20.7 -67.7
19551115.594   1727600 0   15   56   13   49 0.815 302.1  28.3  27.3  51.0
19551115.594   1727700 6   53  352   34  224 0.612 208.8 357.2 -30.0  19.9
19551115.594   1727800 7  217 1690  118  918 0.391 339.8 345.8  24.1   8.5
19551115.594   1728300 6   87  518   62  367 0.707  62.6 295.1  20.9 -42.2
19551115.594   1728400 4   81  368   57  256 0.693 292.6  19.4  17.4  42.1
19551116.372   1727600 0    9   25   10   28 0.889 299.6  27.4  27.3  60.4
19551116.372   1727700 6   42  282   29  194 0.681 218.2 356.2 -30.2  29.2
19551116.372   1727800 7  228 1638  129  926 0.466 321.7 345.4  23.8  18.4
19551116.372   1728300 6   83  477   52  296 0.591  56.9 295.0  20.9 -32.0
19551116.372   1728400 4   87  414   73  347 0.801 289.7  19.1  17.2  52.1
19551117.301   1727600 0    1    8    3   14 0.957 298.3  27.0  27.7  72.2
19551117.301   1727700 6   19  131   16  110 0.799 229.8 359.2 -29.4  44.4
19551117.301   1727800 7  187 1401  117  877 0.601 307.3 346.2  23.4  31.4
19551117.301   1728300 4   68  475   38  263 0.428  43.8 296.4  20.2 -18.4
19551117.301   1728400 4   38  212   46  255 0.908 287.7  19.6  17.0  64.8
19551117.301   1728500 9    4   20    3   13 0.619 130.5 284.4 -21.7 -30.4
19551118.302   1727700 6   16  120   22  157 0.922 237.7   4.0 -28.5  62.4
19551118.302   1727800 7  144  959  106  702 0.730 301.4 344.6  24.0  43.0
19551118.302   1728300 4   48  344   26  183 0.340  19.3 294.7  20.9  -6.9
19551118.302   1728400 4    3   24    7   46 0.963 287.0  16.0  17.0  74.4
19551118.302   1728600 2   16   71   10   42 0.529 300.7 330.1  17.6  28.5
19551119.384   1727700 6   12   51   29  119 0.975 239.0   1.1 -29.6  73.8
19551119.384   1727800 7  128  868  125  845 0.857 297.1 344.0  24.1  56.7
19551119.384   1728300 4   52  338   28  180 0.343 337.1 295.5  20.5   8.2
19551119.384   1728600 2   12   66    9   47 0.704 292.7 330.2  17.3  42.9
19551119.384   1728700 1   14  107   45  333 0.986 109.7 208.3 -19.0 -79.0
19551120.315   1727800 7   45  344   64  485 0.934 294.6 343.0  23.6  68.0
19551120.315   1728300 4   37  223   21  124 0.437 317.5 293.4  20.7  18.4
19551120.315   1728600 2    3   24    3   22 0.830 289.5 330.0  17.2  55.0
19551120.315   1728700 1   54  325   83  497 0.943 111.3 206.4 -19.3 -68.6
19551120.315   1728800 3   23  159   59  401 0.980  62.7 197.0  27.1 -78.0
19551120.315  13670100 0    1   12    1    8 0.629 128.3 243.0 -21.3 -32.0
19551121.446   1727800 7    0    9    0   17 0.963 296.2 333.6  25.7  73.5
19551121.446   1728300 4   11  117    7   73 0.592 305.7 291.3  21.8  31.2
19551121.446   1728700 1  115  591  107  547 0.838 114.3 206.2 -19.1 -53.9
19551121.446   1728800 3   53  328   65  401 0.911  60.9 196.7  27.1 -63.4
19551121.446   1728900 0    3   27   13   92 0.988 115.0 180.8 -24.3 -79.3
19551122.294   1728300 4    4   34    3   25 0.719 298.3 291.7  21.2  42.8
19551122.294   1728700 1  117  677   87  502 0.734 118.9 205.9 -19.5 -43.0
19551122.294   1728800 3   71  436   65  399 0.836  58.1 195.9  27.3 -53.0
19551122.294   1728900 0   12   72   21  121 0.952 117.2 179.6 -25.2 -69.3
19551123.454   1728300 4    0   21    0   21 0.852 294.4 290.2  21.5  56.5
19551123.454   1728700 1  120  686   74  420 0.572 129.5 205.7 -19.9 -28.0
19551123.454   1728800 3  117  610   86  446 0.728  52.6 193.0  27.5 -40.7
19551123.454   1728900 0   16  106   16  104 0.856 120.8 179.4 -25.1 -54.3
19551123.454   1729000 9    8   38    9   39 0.867  59.0 176.9  27.4 -56.8
19551123.454   1729100 4    4   14    6   22 0.940  43.4 170.1  43.8 -63.6
19551124.291   1728700 1  179  966  102  548 0.467 141.4 204.5 -20.0 -18.1
19551124.291   1728800 3  101  654   64  414 0.613  44.3 193.8  27.3 -28.8
19551124.291   1728900 0   23  138   18  108 0.764 125.1 179.0 -25.0 -43.6
19551124.291   1729000 9   12   66   10   52 0.767  55.2 177.6  27.0 -45.0
19551124.291   1729100 4    8   44    9   48 0.888  39.7 170.6  44.0 -52.0
19551125.600   1728700 1  193 1100  104  593 0.366 177.2 204.3 -20.1  -1.1
19551125.600   1728800 3  105  649   60  368 0.471  21.7 194.1  27.3 -11.3
19551125.600   1728900 0   17  144   11   91 0.603 136.7 178.3 -24.8 -27.1
19551125.600   1729000 9   17  110   11   69 0.600  42.8 178.1  27.3 -27.3
19551125.600   1729100 4   11   89   10   77 0.812  32.5 167.9  44.3 -37.5
19551126.290   1728700 1  223 1226  121  665 0.381 196.7 203.0 -20.2   6.7
19551126.290   1728800 3  127  720   71  401 0.442   5.6 193.5  27.3  -2.8
19551126.290   1728900 0   27  154   16   91 0.525 146.9 177.9 -24.9 -18.4
19551126.290   1729000 9   29  150   17   88 0.519  32.8 177.9  27.0 -18.4
19551126.290   1729100 4   36  190   29  152 0.779  28.4 165.1  44.3 -31.2
19551127.275   1728700 1  179 1097  103  630 0.486 221.8 203.5 -20.2  20.2
19551127.275   1728800 3  117  668   66  376 0.461 340.8 193.1  26.9   9.8
19551127.275   1728900 0   32  142   18   80 0.449 167.6 177.2 -24.9  -6.1
19551127.275   1729000 9   52  240   29  134 0.444  10.3 178.2  27.0  -5.1
19551127.275   1729100 4   21  253   15  180 0.710  17.7 166.0  43.6 -17.3
19551127.275   1729200 0   12   78   30  184 0.976  67.7 106.4  22.0 -76.9
19551128.880   1728700 1  124  759   79  480 0.607 232.8 203.7 -20.7  31.1
19551128.880   1728800 3   89  457   53  271 0.536 324.8 192.9  26.9  20.3
19551128.880   1728900 0   21   92   12   52 0.445 189.0 177.0 -25.1   4.4
19551128.880   1729000 9   17  100   10   56 0.450 349.3 178.0  27.2   5.4
19551128.880   1729100 4   36  150   25  103 0.688   7.9 165.1  43.9  -7.5
19551128.880   1729200 0   16   73   22  100 0.929  66.4 105.8  22.2 -66.8
19551128.880   1729300 9   11   64   27  148 0.976  68.0  95.8  21.7 -76.8
19551128.880   1729400 2   25  127   97  477 0.990 117.5  92.2 -27.0 -80.4
19551129.408   1728700 1   92  594   76  486 0.787 242.6 203.5 -20.7  48.3
19551129.408   1728800 3   70  466   49  326 0.699 309.7 192.4  27.2  37.2
19551129.408   1728900 0   16   61   10   37 0.546 216.9 176.4 -25.1  21.2
19551129.408   1729000 9    6   39    4   24 0.577 320.2 179.7  27.1  24.5
19551129.408   1729100 4   16  104   11   72 0.687 350.6 164.1  43.5   8.9
19551129.408   1729200 0   16   85   14   72 0.801  62.7 105.0  22.1 -50.2
19551129.408   1729300 9   37  213   43  246 0.900  66.3  92.8  21.6 -62.4
19551129.408   1729400 2   78  525  117  783 0.940 119.3  88.2 -27.1 -67.0
19551129.408  13670200 0    1   12    3   20 0.946  57.7  86.7  30.7 -68.5
19551130.671   1728700 1   69  297   92  391 0.923 246.9 203.8 -20.9  65.3
19551130.671   1728800 3   70  295   65  272 0.840 302.5 191.3  27.3  52.8
19551130.671   1728900 0   14   32   10   23 0.698 231.6 175.7 -25.1  37.2
19551130.671   1729000 9    5   22    4   16 0.720 308.0 178.0  26.9  39.5
19551130.671   1729100 0    7   22    6   17 0.758 334.5 165.4  43.8  26.9
19551130.671   1729200 0   38  137   25   89 0.638  54.6 104.3  22.3 -34.2
19551130.671   1729300 9  145  702  118  569 0.786  61.4  90.1  22.6 -48.4
19551130.671   1729400 2  198  776  173  678 0.816 123.9  89.3 -26.6 -49.2
195512 1.318   1728700 1   24  222   48  436 0.966 248.1 203.6 -20.9  73.6
195512 1.318   1728800 3   35  205   41  239 0.902 300.0 191.4  27.1  61.4
195512 1.318   1728900 0    3   21    3   17 0.773 236.3 175.2 -25.0  45.2
195512 1.318   1729100 0    3   13    3   11 0.799 328.8 164.8  43.6  34.8
195512 1.318   1729200 0   23  117   14   70 0.545  47.8 104.2  22.0 -25.8
195512 1.318   1729300 9  139  786   97  547 0.695  56.8  90.9  22.8 -39.1
195512 1.318   1729400 2  152  756  113  562 0.734 127.7  89.6 -26.2 -40.4
195512 2.427   1728800 3   22  141   52  331 0.977 297.5 191.7  26.9  76.3
195512 2.427   1728900 0    7   21    8   24 0.890 241.6 175.0 -24.8  59.6
195512 2.427   1729100 0    0    8    0    9 0.876 321.8 164.0  43.8  48.6
195512 2.427   1729200 0   21  131   12   72 0.410  25.8 104.3  22.1 -11.1
195512 2.427   1729300 9  172 1121  102  661 0.530  45.2  91.4  22.4 -24.0
195512 2.427   1729400 2  142  801   89  499 0.591 139.3  90.0 -26.2 -25.4
195512 3.280   1729100 0    0    3    0    5 0.924 318.4 162.4  43.9  58.3
195512 3.280   1729200 0   18   93   10   50 0.361   1.3 103.6  21.5  -0.5
195512 3.280   1729300 9  134  993   74  548 0.424  27.7  91.8  22.4 -12.3
195512 3.280   1729400 2  141  693   83  406 0.515 153.4  89.1 -27.1 -15.0
195512 4.403   1729200 2   43  243   24  133 0.406 332.5 100.9  21.3  11.6
195512 4.403   1729300 9  174 1365   94  736 0.375   6.9  86.5  22.1  -2.8
195512 4.403   1729400 2  132  570   75  323 0.464 177.5  88.0 -27.4  -1.3
195512 4.403   1729500 2    1   16    2   20 0.908 108.8  25.4 -16.9 -63.9
195512 4.403   1729600 4   19   83   30  128 0.944  56.8  21.8  31.2 -67.5
195512 4.403   1729700 0    0    8    0   19 0.972  63.1  14.3  26.2 -75.0
195512 5.381   1729200 2   15  114    9   68 0.540 311.4 102.1  21.0  25.7
195512 5.381   1729300 9  180 1454  100  806 0.432 329.7  90.0  22.0  13.6
195512 5.381   1729400 2   84  482   49  279 0.497 205.2  90.1 -26.6  13.7
195512 5.381   1729500 2    3   24    3   20 0.794 112.3  26.0 -17.5 -50.4
195512 5.381   1729600 4   20  162   21  168 0.874  53.8  20.9  31.1 -55.5
195512 5.381   1729700 0    0    8    0   11 0.916  61.1  12.9  26.3 -63.5
195512 6.390   1729200 0   13   52    9   36 0.689 302.0 102.1  21.4  38.9
195512 6.390   1729300 6  265 1203  160  726 0.560 313.2  89.4  22.5  26.2
195512 6.390   1729400 2   87  373   55  236 0.606 224.0  91.1 -25.9  27.9
195512 6.390   1729500 2   30  147   20   98 0.654 116.2  25.4 -16.8 -37.8
195512 6.390   1729600 4   36  233   30  190 0.789  51.0  18.3  29.7 -44.9
195512 6.390   1729800 0    4   24    3   16 0.659  64.8  24.8  16.3 -38.4
195512 7.279   1729300 6   76  582   53  404 0.692 303.5  90.1  22.3  38.6
195512 7.279   1729400 2   43  255   31  184 0.715 232.7  90.7 -25.8  39.2
195512 7.279   1729500 2   56  274   33  160 0.509 124.1  25.4 -16.7 -26.1
195512 7.279   1729600 4   53  355   38  254 0.714  45.5  15.5  29.9 -36.0
195512 7.279   1729800 0    1   22    1   13 0.513  55.4  25.3  16.8 -26.2
195512 8.469   1729300 6   77  560   72  521 0.842 297.7  89.8  22.9  54.0
195512 8.469   1729400 0   27  168   27  166 0.858 240.2  91.3 -25.4  55.5
195512 8.469   1729500 2   26  126   14   67 0.322 152.6  26.9 -16.9  -8.9
195512 8.469   1729600 4   65  433   40  263 0.568  30.2  16.7  29.1 -19.1
195512 8.469   1729900 0    1    9    1    5 0.375 192.4  40.8 -21.8   5.0
195512 8.469   1730000 0    1    7    1    4 0.306 194.5  40.4 -17.5   4.6
195512 8.469  13670300 0    0   10    0   10 0.848  50.0 345.2  32.8 -50.6
195512 9.279   1729300 6   53  429   69  551 0.920 295.2  89.8  22.9  64.7
195512 9.279   1729400 0   21   99   28  133 0.924 242.6  90.3 -25.3  65.2
195512 9.279   1729500 2   21  112   11   59 0.290 190.6  28.3 -17.0   3.2
195512 9.279   1729600 4   37  259   22  151 0.509  16.0  15.9  28.9  -9.2
195512 9.279   1729900 0    0    5    0    3 0.443 219.2  42.5 -20.5  17.4
195512 9.279   1730000 2    3   27    2   15 0.388 221.8  40.8 -17.2  15.7
195512 9.279   1730100 2   11   59    7   36 0.565 139.2   0.9 -25.7 -24.2
19551210.373   1729300 6    6   49   17  122 0.979 293.9  87.5  23.2  76.8
19551210.373   1729400 0   10   60   33  188 0.986 244.0  90.2 -25.7  79.5
19551210.373   1729500 2   12   73    7   40 0.400 223.2  27.4 -17.5  16.7
19551210.373   1729600 4   57  467   33  268 0.492 355.2  13.4  28.8   2.7
19551210.373   1729900 2    3   25    2   16 0.590 233.1  41.1 -21.2  30.4
19551210.373   1730100 2   32  176   18   98 0.431 161.8   2.2 -24.7  -8.5
19551211.301   1729500 0    0   21    0   13 0.562 239.6  29.0 -17.1  30.5
19551211.301   1729600 4   73  777   42  447 0.497 338.7  10.2  26.9  11.7
19551211.301   1730100 2   23  179   13   98 0.399 191.1   3.3 -23.7   4.8
19551211.301   1730200 0   12   89   32  226 0.980  64.4 281.5  24.9 -77.0
19551211.301  13680100 0    0    4    0    6 0.940 298.5  65.6  26.4  67.2
19551212.434   1729500 0    0    9    0    7 0.738 247.0  28.9 -17.3  45.4
19551212.434   1729600 4  127  872   80  547 0.604 319.1   9.7  26.4  26.2
19551212.434   1730100 2   16   74   14   64 0.511 219.9   4.5 -23.8  21.0
19551212.434   1730200 0   42  268   53  333 0.914  62.3 280.5  24.8 -63.0
19551212.434   1730300 0    0    4    0    8 0.967  55.1 271.7  33.4 -71.8
19551212.434   1730400 9   10   84   28  225 0.982  62.5 266.3  26.8 -77.2
19551213.280   1729600 4  115  874   82  618 0.706 310.9   9.1  26.8  36.7
19551213.280   1730100 2    6   35    4   23 0.630 232.2   5.3 -23.5  32.9
19551213.280   1730200 0   45  337   41  305 0.832  59.1 280.6  24.7 -51.8
19551213.280   1730300 0    0    7    0   10 0.916  52.8 271.7  33.2 -60.7
19551213.280   1730400 9   14  115   21  166 0.936  60.8 266.1  26.8 -66.3
19551213.280   1730500 0   16  106   40  256 0.977 121.8 256.3 -31.2 -76.1
19551214.558   1729600 4  106  669  100  630 0.846 303.2   8.1  27.0  52.6
19551214.558   1730100 0    2   10    2    9 0.811 241.6   6.5 -23.4  51.0
19551214.558   1730200 0   77  423   53  289 0.681  50.5 280.1  24.8 -35.4
19551214.558   1730400 9   17   95   15   83 0.819  56.0 266.1  26.6 -49.4
19551214.558   1730500 0   68  363   77  411 0.894 124.6 256.3 -31.1 -59.2
19551214.558   1730600 5    8   51    5   31 0.551  45.4 290.5  21.8 -25.0
19551215.281   1729600 4   49  259   65  339 0.924 300.3   9.8  27.3  63.8
19551215.281   1730200 0   43  397   27  245 0.586  42.3 280.3  24.6 -25.7
19551215.281   1730400 9   16  161   12  119 0.733  50.9 266.5  26.6 -39.5
19551215.281   1730500 0   83  419   75  376 0.825 127.7 256.3 -31.1 -49.7
19551215.281   1730600 5   32  246   18  138 0.454  31.3 291.3  21.7 -14.7
19551216.395   1729600 4    8   84   25  245 0.985 297.7   9.3  27.0  78.0
19551216.395   1730200 0   60  441   34  250 0.471  23.5 279.4  24.3 -11.9
19551216.395   1730400 9   11  125    7   77 0.582  40.2 266.8  25.2 -24.5
19551216.395   1730500 0   86  510   62  364 0.709 135.3 255.6 -31.3 -35.7
19551216.395   1730600 5  135  712   73  385 0.380 354.3 293.6  20.9   2.3
19551217.281   1730200 0   98  471   55  262 0.437   0.2 279.6  24.5  -0.1
19551217.281   1730400 9    5   58    3   34 0.503  25.5 265.8  25.6 -13.9
19551217.281   1730500 0  106  535   68  341 0.614 145.0 255.3 -31.5 -24.4
19551217.281   1730600 5  244 1211  137  680 0.455 326.2 295.4  20.8  15.7
19551217.281   1730700 0    9   63   29  190 0.985 110.6 199.8 -20.5 -79.9
19551218.302   1730200 0   59  338   34  193 0.484 335.6 278.9  24.6  12.7
19551218.302   1730400 9    0   19    0   11 0.468   5.4 263.4  26.2  -2.8
19551218.302   1730500 0   84  508   50  302 0.533 161.1 254.5 -31.8 -11.7
19551218.302   1730600 5  220 1158  136  714 0.586 309.9 294.9  20.7  28.7
19551218.302   1730700 0   21  102   28  137 0.925 111.8 199.5 -20.7 -66.7
19551218.302   1730800 9    7   63    4   35 0.403 217.0 281.2 -20.3  15.0
19551218.302   1730900 3    0    7    0   16 0.969 108.0 190.8 -17.8 -75.4
19551219.473   1730200 0   23  223   15  142 0.616 316.0 278.9  24.8  28.1
19551219.473   1730400 9    3   48    2   28 0.499 338.0 262.8  25.9  12.0
19551219.473   1730500 0   82  447   48  260 0.504 184.9 253.7 -31.8   2.9
19551219.473   1730600 5  166  858  126  650 0.750 301.0 294.5  21.5  43.7
19551219.473   1730700 0   42  169   36  144 0.805 114.2 199.3 -20.3 -51.5
19551219.473   1730800 9   25  118   16   73 0.579 236.3 281.7 -20.2  30.9
19551219.473   1730900 3   22  125   22  122 0.854 109.3 193.2 -17.3 -57.6
19551219.473   1731000 0    0    3    0    6 0.946  59.0 183.4  28.5 -67.4
19551220.331   1730200 0   16  116   12   84 0.719 307.3 278.4  24.4  38.9
19551220.331   1730400 9    0    6    0    4 0.589 321.1 263.7  25.6  24.2
19551220.331   1730500 0   50  370   30  222 0.545 201.6 253.2 -32.2  13.7
19551220.331   1730600 5   91  647   86  607 0.845 296.7 293.6  21.3  54.1
19551220.331   1730700 2   44  196   31  137 0.694 118.9 198.9 -21.0 -40.6
19551220.331   1730800 9   12   52    9   38 0.714 242.9 282.2 -20.3  42.7
19551220.331   1730900 3   77  412   59  315 0.753 111.3 192.3 -17.1 -47.2
19551220.331   1731000 0    1    9    2   10 0.881  55.5 183.4  28.9 -56.1
19551220.331   1731100 2    0   18    0   28 0.941  65.4 171.7  22.4 -67.8
19551221.282   1730200 0    9   71    9   64 0.830 301.5 278.1  24.5  51.1
19551221.282   1730500 0   49  349   32  225 0.626 215.9 252.7 -32.2  25.7
19551221.282   1730600 5   53  386   77  557 0.937 293.7 294.2  21.4  67.2
19551221.282   1730700 2   30  210   18  126 0.544 125.7 198.9 -20.2 -28.1
19551221.282   1730800 9    2   10    2   10 0.845 247.0 283.1 -20.4  56.1
19551221.282   1730900 3  164  843  103  530 0.601 116.4 192.7 -17.1 -34.3
19551221.282   1731100 2    0   18    0   21 0.896  62.1 167.1  23.8 -59.9
19551221.282   1731200 9    8   41    6   31 0.735  56.8 185.3  22.3 -41.7
19551221.282   1731300 9    1   11    5   29 0.981  54.4 152.0  34.3 -75.0
19551221.282  13680200 0    3   15    2    9 0.546 357.8 228.3  31.1   1.4
19551222.295   1730200 0    0    8    0   11 0.927 297.3 278.3  24.3  64.7
19551222.295   1730400 9    0   19    0   18 0.848 303.2 266.0  26.4  52.4
19551222.295   1730500 0   59  313   44  232 0.732 225.4 251.8 -32.6  38.2
19551222.295   1730600 5    0   51    0  113 0.974 294.7 288.3  23.5  74.7
19551222.295   1730700 0   29  194   16  106 0.396 141.8 198.5 -20.1 -15.1
19551222.295   1730900 3  182 1007  102  563 0.441 126.7 191.9 -17.2 -21.7
19551222.295   1731200 9    6   38    4   23 0.553  44.8 188.9  21.2 -24.7
19551222.295   1731300 9    5   33    7   41 0.912  52.1 154.5  33.0 -59.1
19551223.536   1730500 0   45  172   44  168 0.856 232.8 251.1 -32.5  53.9
19551223.536   1730700 0   13  121    7   64 0.305 183.4 198.3 -19.9   1.1
19551223.536   1730900 3  186  892   97  463 0.263 160.3 191.9 -16.5  -5.3
19551223.536   1731100 2    7   52    5   34 0.627  48.0 166.8  22.9 -30.4
19551223.536   1731200 9    1   12    1    7 0.426  19.7 188.3  21.5  -8.9
19551223.536   1731300 9    9   52    8   46 0.818  45.0 153.1  33.8 -44.1
19551224.395   1730500 0   21   96   29  130 0.925 235.6 250.9 -32.5  64.9
19551224.395   1730700 0    9   87    5   47 0.365 212.9 198.2 -20.1  12.2
19551224.395   1730900 3  130  782   68  406 0.264 199.6 191.3 -16.7   5.3
19551224.395   1731100 2    3   68    2   40 0.514  34.2 167.7  23.0 -18.3
19551224.395   1731300 9   13   43    9   30 0.689  35.5 157.8  32.1 -28.2
19551224.395   1731400 9    7   21    6   18 0.793  62.0 137.7  20.3 -48.3
19551225.391   1730500 0    2   12    5   31 0.978 237.4 250.0 -32.4  77.2
19551225.391   1730700 0    6   32    4   19 0.501 232.4 197.8 -20.0  25.0
19551225.391   1730900 3   86  572   47  311 0.386 230.9 191.0 -16.4  18.2
19551225.391   1731100 2    7   93    4   51 0.406   2.5 171.7  21.5  -1.1
19551225.391   1731300 9    4   22    3   14 0.603  20.7 158.2  32.0 -14.6
19551225.391   1731400 9    4   26    3   18 0.679  56.8 135.6  19.9 -37.2
19551225.391   1731500 9    1   23    8   98 0.992  67.6  91.4  21.9 -81.4
19551226.340   1730900 3   75  422   45  252 0.541 242.2 190.3 -16.8  30.0
19551226.340   1731100 2    3   19    2   11 0.461 335.1 172.4  22.2  12.1
19551226.340   1731300 9    3   19    2   12 0.569   3.1 158.2  32.1  -2.1
19551226.340   1731400 9   13   63    8   38 0.546  43.2 136.7  21.1 -23.6
19551226.340   1731500 9    8   47   13   77 0.950  65.5  91.1  22.3 -69.2
19551226.340   1731600 0    4   18    8   37 0.965 116.0  85.9 -25.7 -74.4
19551227.290   1730900 3   60  320   42  223 0.693 247.4 189.9 -17.4  42.1
19551227.290   1731400 9   23   82   13   46 0.441  24.1 136.7  21.1 -11.1
19551227.290   1731500 9   16  145   17  146 0.866  61.4  92.1  23.0 -55.7
19551227.290   1731600 0    4   32    5   38 0.898 116.1  85.4 -24.5 -62.4
19551227.290   1731700 9    8   26    5   15 0.486 334.9 160.8  23.5  13.0
19551228.277   1730900 3   31  210   27  181 0.811 250.1 188.0 -17.7  53.2
19551228.277   1731400 9   16   82    9   45 0.408 355.4 136.8  21.2   2.0
19551228.277   1731500 9   70  409   53  308 0.747  55.3  92.9  23.1 -41.9
19551228.277   1731600 0    3   32    3   27 0.797 119.0  84.8 -24.5 -50.0
19551228.277   1731700 9   28  141   18   88 0.599 318.0 160.8  23.9  26.0
19551228.277   1731800 5    3   16   14   58 0.989 112.4  52.9 -22.6 -81.9
19551229.424   1730900 3   24  110   33  147 0.925 252.0 187.2 -17.7  67.5
19551229.424   1731400 9   12   99    7   57 0.493 328.6 135.8  22.1  16.1
19551229.424   1731500 9   54  301   34  189 0.602  43.5  92.9  23.3 -26.8
19551229.424   1731600 0    7   21    5   14 0.640 125.6  84.9 -24.3 -34.8
19551229.424   1731700 9   14   62   11   47 0.749 306.2 161.1  24.1  41.4
19551229.424   1731800 5   21  107   30  151 0.933 113.9  51.4 -23.3 -68.3
19551230.289   1730900 3    7   37   21  101 0.982 252.7 187.8 -17.6  79.5
19551230.289   1731400 2   30  159   19   99 0.592 315.3 135.0  22.2  26.7
19551230.289   1731500 9   46  284   27  166 0.516  30.8  91.6  23.4 -16.7
19551230.289   1731600 0    8   28    5   17 0.522 135.1  84.4 -24.5 -23.9
19551230.289   1731700 9    4   12    4   12 0.850 302.0 161.0  25.0  52.7
19551230.289   1731800 5   29  144   29  143 0.859 115.8  50.7 -23.6 -57.6
19551231.278   1731400 2   53  249   39  182 0.728 305.1 135.4  22.4  40.1
19551231.278   1731500 9   53  294   30  165 0.453   7.9  91.4  23.5  -3.9
19551231.278   1731600 0    1   10    1    6 0.406 154.0  84.0 -24.5 -11.3
19551231.278   1731800 5   51  289   39  219 0.746 119.6  50.1 -23.9 -45.2
