1964 1 2.280   2063700 9    0   26    0   14 0.347  53.6   5.7   8.7 -16.4
1964 1 2.280  14750400 0    1    7    1    4 0.435 119.7 358.9 -15.5 -23.1
1964 1 3.281   2063700 9    0    3    0    2 0.227  32.1   1.9   7.7  -7.0
1964 1 3.281  14750500 0    1   20    1   12 0.521 278.9  39.9   1.7  31.0
1964 1 4.314   2063800 9    0    2    0    2 0.813  96.1 300.8  -7.0 -54.5
1964 1 5.559   2063800 9    4   26    3   17 0.613  98.2 301.1  -7.9 -37.8
1964 1 5.559   2063900 9    7   42    5   27 0.624  94.7 300.2  -5.8 -38.7
1964 1 6.293   2063900 9    8   54    5   31 0.461  96.9 301.8  -6.5 -27.4
1964 1 6.293   2064000 0    0    5    0    3 0.491  85.0 299.9  -0.8 -29.3
1964 1 7.319   2063900 9   15   65    8   34 0.248 102.4 301.6  -6.8 -14.1
1964 1 7.319   2064000 0    1   17    1    9 0.256  79.7 301.1  -1.1 -14.6
1964 1 8.285   2063900 9    0   13    0    7 0.068 171.2 302.4  -7.8  -0.6
1964 1 8.285   2064000 0    0    9    0    5 0.052  15.6 302.2  -1.1  -0.8
1964 1 9.283   2063900 9    0    9    0    5 0.205 254.7 301.3  -7.1  11.5
1964 1 9.283   2064000 0    0    7    0    4 0.235 282.3 303.1  -1.1  13.3
1964 110.450  14760100 0    0   17    0   10 0.466 122.0 249.8 -18.1 -24.6
1964 111.295   2064000 0    4   25    3   17 0.672 274.4 305.4  -0.2  42.1
1964 112.296   2064000 2    0   28    0   25 0.817 272.7 304.9  -0.3  54.7
1964 113.505   2064000 2    0   12    0   18 0.936 271.8 303.5   0.1  69.3
1964 113.505   2064100 9   10   43    6   25 0.490  57.9 209.2  11.0 -25.0
1964 113.505  14760200 0    0   11    0    6 0.251 147.5 226.1 -16.7  -8.1
1964 114.284   2064000 2    0    1    0    5 0.982 270.3 303.0  -0.6  79.0
1964 114.284   2064100 9    1   37    1   20 0.347  43.3 210.0  10.2 -14.0
1964 114.284   2064200 2   15   76    8   40 0.306  16.2 219.0  12.5  -5.0
1964 115.293   2064100 9    1   23    1   12 0.249 355.6 211.8   9.7   1.1
1964 115.293   2064200 2    7   56    4   30 0.330 332.5 219.7  12.4   9.0
1964 116.459   2064100 9    1   16    1    9 0.404 308.1 214.1   9.9  18.8
1964 116.459   2064200 2    3   45    2   26 0.498 304.6 220.1  12.1  24.8
1964 117.467   2064200 0    0    8    0    6 0.698 292.6 223.3  11.9  41.2
1964 118.392   2064300 0    4   16    3   11 0.655 291.5 208.1  10.0  38.2
1964 119.311   2064300 0    0    5    0    5 0.800 287.4 208.8  10.7  51.0
1964 119.311   2064400 1    9   58   31  190 0.987  79.9  78.0   9.1 -79.8
1964 120.286   2064400 1   22  104   31  143 0.929  78.3  77.8   8.9 -67.1
1964 120.286   2064500 0    0   14    0   39 0.982  79.9  66.9   8.9 -78.0
1964 121.298   2064400 1   30  179   27  157 0.819  75.4  78.3   8.8 -53.3
1964 121.298   2064500 0    1   22    2   28 0.913  77.8  67.0   8.9 -64.6
1964 122.285   2064400 1   51  229   35  156 0.675  70.4  78.5   9.0 -40.1
1964 122.285   2064500 0    0   17    0   14 0.791  74.0  68.2   9.2 -50.4
1964 123.312   2064400 1   48  277   28  160 0.499  61.8  78.7   8.8 -26.4
1964 124.394   2064400 1   41  274   22  145 0.320  39.5  79.0   8.9 -11.9
1964 124.394  14760300 0    1   25    1   19 0.742  54.7  50.3  21.2 -40.5
1964 125.460   2064400 1   42  241   22  125 0.253 351.8  78.9   8.9   2.1
1964 126.314   2064400 1   52  265   28  141 0.336 317.4  78.9   8.8  13.3
1964 127.650   2064400 1   26  202   16  123 0.564 294.7  79.2   8.7  31.2
1964 128.446   2064400 1   32  127   23   89 0.696 289.2  79.2   8.9  41.7
1964 128.446   2064600 7   34  165   25  120 0.721 271.9  83.7  -2.7  46.2
1964 129.385   2064400 1   14   39   13   35 0.828 284.2  79.3   8.3  54.2
1964 129.385   2064600 3   63  380   63  378 0.862 269.9  84.8  -3.1  59.7
1964 130.426   2064400 1    0    8    0   13 0.938 281.2  79.9   8.4  68.5
1964 130.426   2064600 3   56  289  107  545 0.964 268.6  86.1  -2.9  74.7
1964 131.291   2064600 3    7   58   26  197 0.988 267.2  81.5  -3.7  81.5
1964 2 7.476   2064700 0    0    1    0    1 0.370 263.9 287.2  -8.3  21.8
1964 2 8.470   2064700 2    4   58    3   36 0.585 264.4 288.5  -8.6  36.1
1964 2 9.466   2064700 2   15   59   12   47 0.776 264.5 290.5  -8.4  51.3
1964 2 9.466  14770100 0    0    6    0    4 0.569  40.2 216.2  19.7 -23.0
1964 210.292   2064700 2    1   35    2   39 0.886 264.3 291.4  -8.1  63.0
1964 211.509   2064700 2    0    3    0    9 0.976 262.1 290.6  -9.1  78.3
1964 215.484   2064800 0   10   55   14   71 0.918  90.8  93.2  -3.5 -66.8
1964 215.484   2064900 0    0    3    0   10 0.980  78.9  82.8   9.4 -77.2
1964 216.365   2064800 0   14   73   13   64 0.817  89.7  93.4  -3.7 -55.0
1964 216.365   2064900 0    0   10    0   14 0.919  77.0  83.3   9.1 -65.1
1964 217.398   2064800 0   19   86   13   58 0.661  88.0  93.3  -3.9 -41.5
1964 217.398   2064900 0    0   10    0    9 0.810  73.6  82.9   9.0 -51.9
1964 217.398  14770200 0    0   16    0   12 0.742 276.3 182.3   0.0  47.5
1964 218.301   2064800 0   22   94   13   54 0.488  85.7  93.7  -4.0 -29.2
1964 218.301   2065000 4    0   11    0    9 0.767  70.6  75.6  10.1 -47.3
1964 219.325   2064800 0   11   53    6   28 0.275  81.4  93.6  -4.4 -15.8
1964 219.325   2065000 4    0   24    0   15 0.560  62.6  79.2   8.9 -30.2
1964 220.611   2064800 0    9   31    5   16 0.048 334.1  93.7  -4.6   1.2
1964 220.611   2065000 4   20  111   11   60 0.360  40.2  78.9   9.1 -13.6
1964 221.441   2064800 0    3   21    2   11 0.214 280.5  93.8  -4.7  12.2
1964 221.441   2065000 4   26  163   14   85 0.275   6.5  79.8   8.8  -1.8
1964 221.441   2065100 5    0   18    0   13 0.692  71.3  40.2   7.5 -41.4
1964 222.304   2064800 0    5   25    3   14 0.400 274.6  93.8  -4.7  23.6
1964 222.304   2065000 4   24  198   13  105 0.325 325.7  80.9   8.6  10.7
1964 222.304   2065100 5    5   55    3   33 0.550  64.2  40.2   7.7 -30.0
1964 223.293   2064800 0    6   20    4   13 0.597 271.7  94.0  -4.7  36.8
1964 223.293   2065000 4    8  114    5   65 0.475 303.1  80.9   8.5  23.7
1964 223.293   2065100 5   42  213   23  115 0.376  47.7  40.9   7.8 -16.3
1964 224.358   2064800 0    2   12    2   10 0.776 269.9  94.2  -4.6  51.1
1964 224.358   2065000 7    0   25    0   17 0.653 291.0  81.1   7.9  38.0
1964 224.358   2065100 5   79  333   41  173 0.261   5.3  41.7   7.9  -1.4
1964 225.393   2064800 0    0   13    0   15 0.899 268.4  93.9  -4.6  64.4
1964 225.393   2065100 5   50  368   27  196 0.336 320.8  41.9   8.1  12.4
1964 226.438   2064800 0    0    4    0   11 0.982 266.7  95.4  -4.6  79.7
1964 226.438   2065100 5   47  317   28  186 0.522 299.0  43.2   8.3  27.5
1964 227.414   2065100 5   67  361   47  250 0.688 290.5  43.6   8.5  40.7
1964 227.414   2065200 0    1   20    1   15 0.728 278.5  49.0   1.2  46.1
1964 228.310   2065100 5   28  273   25  238 0.816 285.9  43.6   8.6  52.5
1964 228.310   2065200 9    4   32    4   31 0.848 276.2  48.6   1.4  57.5
1964 228.310   2065300 9    0    6    0    4 0.524  67.0 322.1   5.5 -29.0
1964 229.322   2065100 5   18  136   26  189 0.931 282.3  44.8   8.7  67.0
1964 229.322   2065200 9    3   56    6   85 0.942 273.9  47.8   1.2  70.0
1964 229.322   2065300 9    0    7    0    4 0.355  52.7 321.3   5.5 -16.5
1964 229.322   2065400 0    0    3    0    2 0.600  93.2 300.6  -7.7 -37.2
1964 3 1.343   2065100 0    7   55   32  237 0.992 280.1  45.8   9.0  81.5
1964 3 1.343   2065300 9    0   23    0   12 0.223   3.6 323.5   5.6  -0.8
1964 3 1.343   2065400 0    0    7    0    4 0.380  92.6 301.8  -7.7 -22.5
1964 3 2.311   2065400 0    0    3    0    2 0.154  92.9 302.7  -7.6  -8.9
1964 3 3.318   2065300 9    1   13    1    8 0.517 296.4 326.1   6.9  27.8
1964 3 4.341   2065300 9    0   18    0   13 0.700 287.8 327.0   7.0  42.2
1964 3 5.401   2065300 9    0    7    0    7 0.849 282.4 327.4   6.6  56.6
1964 3 6.366   2065300 9    0    1    0    3 0.948 279.5 328.4   6.6  70.3
1964 3 7.447   2065500 0    0    9    0    5 0.138 108.7 236.3  -9.7  -7.6
1964 3 8.399   2065500 0    0    3    0    2 0.111 241.8 237.0 -10.2   5.7
1964 311.528   2065600 7    0   10    0    8 0.744 273.3 238.1  -2.4  48.0
1964 311.528   2065700 1    7   73    6   58 0.774   5.8 183.9  43.2  -6.2
1964 312.504   2065600 7   16   52   16   51 0.857 269.2 236.5  -4.4  59.3
1964 312.504   2065700 1   25  157   20  124 0.772 352.9 184.7  42.9   7.5
1964 312.504   2065800 2    0   17    0   26 0.943  97.4 105.8  -9.3 -71.4
1964 313.543   2065600 7    1   36    3   64 0.957 267.1 237.1  -4.8  73.5
1964 313.543   2065700 1   17   90   15   76 0.798 338.9 186.2  41.6  22.6
1964 313.543   2065800 2    0   10    0   10 0.839  98.7 105.9 -11.2 -57.7
1964 313.543   2065900 3    1   20    1   12 0.534 288.9 194.0   3.8  30.4
1964 314.149   2065600 7    0    7    0   27 0.989 267.4 237.5  -3.6  81.9
1964 314.149   2065700 1   12   82   11   75 0.832 332.4 186.6  41.5  31.0
1964 314.149   2065900 3   19   91   13   60 0.643 285.0 194.1   4.0  38.5
1964 315.388   2065700 1    1   29    2   35 0.906 323.1 186.0  41.8  46.8
1964 315.388   2065900 3   57  317   53  294 0.840 279.6 195.3   4.1  56.1
1964 316.433   2065700 2    0   12    0   21 0.951 319.6 182.8  42.9  57.3
1964 316.433   2065900 3   22  158   34  245 0.944 277.4 195.4   4.6  69.9
1964 316.433   2066000 0    6   51   25  194 0.990  78.6  45.1  10.2 -80.4
1964 317.336   2065900 3    6   57   31  288 0.995 275.8 196.9   5.0  83.3
1964 317.336   2066000 0   14  114   22  172 0.942  76.6  45.1  10.1 -68.5
1964 318.485   2066000 0   23  195   21  172 0.819  72.8  45.8   9.8 -52.6
1964 319.302   2066000 0   33  239   24  169 0.704  68.4  46.0   9.8 -41.6
1964 320.361   2066000 0   43  254   26  151 0.535  59.1  45.9   9.8 -27.8
1964 321.435   2066000 0   39  254   21  137 0.363  38.7  46.2   9.7 -13.3
1964 321.435   2066100 3    9   48    5   26 0.354 324.7  71.5  10.0  12.0
1964 322.306   2066000 0   42  275   22  144 0.288   6.9  46.0   9.7  -2.0
1964 322.306   2066100 3   70  337   40  192 0.476 303.4  71.7   8.9  23.7
1964 323.319   2066000 0   33  217   18  116 0.345 325.6  46.1   9.8  11.4
1964 323.319   2066100 3   56  359   37  236 0.646 293.1  71.7   9.2  37.0
1964 324.671   2066000 0   31  204   19  123 0.551 299.7  46.0   9.9  29.1
1964 324.671   2066100 3   42  297   39  270 0.833 286.1  71.1   9.4  54.2
1964 325.477   2066000 0   37  163   26  113 0.687 293.0  46.2  10.4  40.0
1964 325.477   2066100 3   21  166   27  213 0.919 283.5  71.2   9.6  65.0
1964 326.332   2066000 0   24  146   21  126 0.811 287.8  46.6  10.2  51.7
1964 326.332   2066100 3    5   35   14   86 0.978 281.1  71.4   9.3  76.5
1964 327.347   2066000 0   17   90   22  116 0.920 284.0  46.5  10.1  65.0
1964 327.347   2066200 0    0    4    0    3 0.713  96.1 295.7  -9.0 -45.9
1964 328.360   2066000 0    3   21   12   68 0.987 281.6  47.4  10.3  79.2
1964 328.360   2066200 7   10   62    6   37 0.541  96.5 295.2  -9.1 -33.0
1964 329.323   2066200 7    1   26    1   14 0.312  97.9 297.3  -8.7 -18.2
1964 4 1.337   2066300 9    0    9    0   16 0.958  74.7 204.5  12.6 -71.2
1964 4 2.840   2066300 9    0   11    0   15 0.918  72.5 201.8  13.3 -64.1
1964 4 5.355  14790100 0    1   17    2   18 0.868 304.5 275.3  25.8  52.6
1964 4 6.575   2066400 0    1   26    3   41 0.943  71.7 138.6  15.0 -68.0
1964 4 7.325   2066400 0    3   25    4   26 0.872  68.4 139.4  15.5 -57.3
1964 4 7.325  14790200 0    2   13    2   10 0.748  39.8 163.1  30.1 -33.6
1964 4 8.326   2066400 0    9   31    7   24 0.747  62.7 139.9  15.8 -43.6
1964 4 8.326  14790300 0    0    7    0    4 0.360 307.2 200.3   6.9  16.8
1964 4 9.327   2066400 0    6   22    4   14 0.601  53.1 140.3  16.1 -30.0
1964 410.409   2066400 0    1   12    1    7 0.448  34.0 140.9  16.2 -15.1
1964 410.409  14790400 0    0    7    0    4 0.409 127.0 135.7 -19.7 -20.3
1964 411.386   2066400 0    1    9    1    5 0.380   5.6 140.9  16.5  -2.2
1964 412.361   2066500 0    0   10    0   26 0.977  79.5  53.7   9.0 -76.5
1964 413.417   2066500 0    1   17    2   21 0.904  78.0  52.9   8.4 -63.4
1964 414.329   2066500 0    0    9    0    8 0.802  74.4  52.8   9.1 -51.5
1964 420.358   2066600 4    3   37    2   23 0.584  97.5 348.9  -8.4 -35.8
1964 420.358  14790500 0    0    7    0   10 0.934  98.5 315.0  -9.7 -69.6
1964 421.313   2066600 4   12  112    7   61 0.383  99.9 349.6  -8.3 -22.4
1964 422.450   2066600 4   25  109   13   55 0.127 122.6 350.8  -8.7  -6.2
1964 423.412   2066600 4    7   71    4   36 0.126 236.3 350.4  -8.7   6.1
1964 424.329   2066600 4    1   58    1   31 0.326 256.6 350.9  -8.7  18.7
1964 424.329   2066700 9    0   12    0   17 0.928 102.7 263.6 -13.5 -68.6
1964 425.313   2066600 4    3   59    2   35 0.521 259.7 350.5  -9.2  31.3
1964 425.313   2066700 9    0   11    0   11 0.860 103.8 259.7 -14.2 -59.5
1964 426.321   2066600 4    1   13    1   10 0.735 261.7 353.3  -9.1  47.4
1964 427.314   2066600 7    0    6    0    7 0.871 261.2 353.6  -9.8  60.9
1964 5 1.324  14800100 0    0    5    0    5 0.840  45.2 194.0  33.6 -45.7
1964 5 4.404   2066800 4    0   45    0   24 0.317  82.3 180.7  -1.0 -18.3
1964 5 5.397   2066800 4   19   75   10   38 0.080  65.7 181.7  -1.6  -4.2
1964 5 6.348   2066800 4    9   51    5   26 0.173 280.2 183.1  -1.6   9.8
1964 5 7.390   2066800 4   12   46    7   26 0.445 273.5 185.9  -1.4  26.4
1964 5 8.387   2066800 4    4   52    3   34 0.640 271.0 186.1  -1.8  39.8
1964 5 9.363   2066800 4    2   15    2   14 0.828 270.5 189.0  -1.3  55.9
1964 510.378   2066800 4    0    7    0   10 0.933 270.2 189.0  -0.9  68.9
1964 511.363   2066800 0    0    6    0   25 0.990 269.2 188.9  -1.2  81.9
1964 514.336   2066900 4    0   13    0    7 0.365  40.4  53.6  13.7 -14.1
1964 515.333   2066900 4    1   42    1   22 0.284   2.7  53.7  14.1  -0.8
1964 515.333  14800200 0    0    7    0    4 0.252  33.4  46.4   9.8  -8.1
1964 516.277   2066900 4    1   33    1   18 0.356 321.8  55.1  14.0  13.1
1964 516.277   2067000 7    1   22    1   17 0.743  79.3 354.7   6.4 -47.3
1964 517.327   2066900 4    0   10    0    6 0.526 301.6  55.7  14.1  27.5
1964 517.327   2067000 7   10   75    6   45 0.550  75.1 355.9   6.3 -32.3
1964 518.338   2067000 7   18   86   10   46 0.341  66.4 356.5   5.9 -18.3
1964 519.392   2067000 7    1   29    1   15 0.190  33.6 354.7   7.2  -6.1
1964 520.338   2067000 7    1   17    1    9 0.192 324.7 354.7   7.2   6.4
1964 521.383   2067000 0    0    7    0    4 0.365 293.3 354.2   6.7  19.7
1964 522.410   2067000 0    1   16    1   10 0.556 284.4 353.7   6.6  32.8
1964 522.410   2067100 9    1   11    1    8 0.701 281.1   4.7   6.6  43.8
1964 522.410   2067200 2    5   40    3   21 0.245 340.9 325.6  11.8   4.7
1964 523.337   2067100 9    0    9    0    9 0.855 279.2   6.9   7.1  58.3
1964 523.337   2067200 2   18  122   10   66 0.366 309.9 325.4  12.2  16.7
1964 524.324   2067200 7   15   61    9   36 0.519 295.9 324.1  11.9  28.5
1964 525.320   2067200 7    5   49    4   35 0.703 289.1 325.3  12.4  42.9
1964 526.605   2067200 7    0    1    0    2 0.895 284.3 327.9  12.3  62.5
1964 526.605   2067300 0    0    8    0   35 0.992  84.2 182.9   5.6 -82.5
1964 527.339   2067300 0    9   38   16   68 0.958  84.2 182.6   5.3 -73.1
1964 528.379   2067300 0   18   77   18   76 0.857  83.5 183.1   5.1 -58.8
1964 529.431   2067300 0   18   98   13   70 0.705  81.7 183.5   5.3 -44.5
1964 530.328   2067300 0   28  117   17   70 0.543  78.5 183.8   5.7 -32.3
1964 531.337   2067300 0   28  107   15   57 0.336  71.7 184.1   5.6 -18.7
1964 6 1.362   2067300 0   17   81    9   41 0.141  37.0 184.3   6.1  -4.9
1964 6 2.343   2067300 0    9   39    5   20 0.188 306.8 184.9   6.2   8.7
1964 6 3.417   2067300 0    9   34    5   19 0.407 286.0 185.2   6.3  23.2
1964 6 4.555   2067300 0    1   23    1   15 0.627 280.4 185.4   6.5  38.4
1964 6 7.326  14810100 0    0   11    0   12 0.881  51.8  54.4  33.2 -55.9
1964 6 9.330   2067400 0    0    7    0   12 0.954  65.4  12.6  23.6 -71.2
1964 610.350   2067400 0    0    2    0    2 0.860  61.8  14.0  24.4 -56.3
1964 611.438   2067400 9    0   25    0   19 0.741  57.0  12.9  24.4 -43.0
1964 611.438   2067500 4    0   14    0    9 0.615  82.1  18.2   5.5 -37.7
1964 612.337   2067400 0    0   14    0    9 0.610  49.0  13.6  24.4 -30.4
1964 612.337   2067500 4    1   14    1    8 0.418  78.1  19.7   5.8 -24.3
1964 613.549   2067500 4    9   47    5   24 0.176  65.0  18.7   5.3  -9.2
1964 613.549   2067600 4    0    1    0    3 0.956  62.5 316.5  26.5 -71.4
1964 614.321   2067500 4   21   99   11   50 0.077 348.3  18.6   5.5   0.9
1964 614.321   2067600 4    0   22    0   25 0.892  60.8 317.3  26.4 -60.4
1964 615.324   2067500 4    7   52    4   27 0.248 286.5  18.2   5.3  13.8
1964 615.324   2067600 4    7   84    6   68 0.781  56.4 317.8  26.5 -46.6
1964 616.326   2067500 4    0   14    0    8 0.470 278.6  19.0   5.3  27.8
1964 616.326   2067600 4   22  129   15   88 0.674  50.4 315.7  26.6 -35.5
1964 617.344   2067600 4    3   56    2   34 0.548  38.6 315.2  26.8 -22.5
1964 618.349   2067600 4    7   60    4   34 0.442  17.4 315.9  26.6  -8.5
1964 618.349   2067700 2    6   30    4   18 0.536  37.5 303.0  26.7 -21.4
1964 619.339   2067600 4    3   37    2   21 0.431 354.6 313.9  27.2   2.6
1964 619.339   2067700 2    8   70    5   39 0.434  16.3 303.5  26.4  -7.8
1964 620.369   2067600 4    0   13    0    8 0.488 330.3 313.4  26.9  15.7
1964 620.369   2067700 2   18   84   10   47 0.426 350.1 302.4  26.7   4.7
1964 620.369  14820100 0    0    6    0   11 0.953 274.0  10.0   4.4  72.4
1964 620.369  14820200 0    0    7    0    5 0.705  66.7 254.8  17.6 -42.8
1964 621.393   2067700 0    0   25    0   15 0.505 328.1 301.6  27.3  17.5
1964 622.327   2067700 0    0    6    0    4 0.608 313.9 301.1  26.8  29.4
1964 623.441  14820300 0    0    6    0    8 0.906  84.2 192.0   6.2 -65.0
1964 624.328  14820400 0    0   13    0    7 0.216 129.7 235.6  -5.6  -9.6
1964 629.332   2067800 0    0   14    0   22 0.947  95.8 108.1  -4.5 -70.9
1964 630.331   2067800 0    6   25    6   23 0.833  96.7 109.8  -3.9 -56.0
1964 7 1.416   2067800 0    0    9    0    6 0.654 100.3 111.2  -4.3 -40.2
1964 7 3.335   2067900 9    0    4    0   10 0.969  57.8  50.7  32.0 -75.3
1964 7 4.381   2067900 9    1   20    2   23 0.891  57.2  51.7  30.6 -60.5
1964 7 5.334   2067900 9    4   24    4   21 0.802  53.5  50.9  30.9 -48.7
1964 7 6.325   2067900 9    0   12    0    8 0.654  46.4  53.4  29.9 -33.1
1964 714.351   2068000 1    6   42    5   31 0.731  56.1 297.1  27.4 -43.1
1964 715.542   2068000 1   28  122   17   74 0.556  45.7 298.0  26.9 -26.5
1964 716.357   2068000 1    5   51    3   29 0.466  34.6 296.4  27.0 -17.3
1964 717.444   2068000 1    7   45    4   25 0.393  11.1 294.4  27.4  -4.9
1964 718.327   2068000 0    1    9    1    5 0.400 339.6 296.6  26.8   9.0
1964 719.423  14830100 0    0    8    0    5 0.503 323.3 293.1  28.4  20.0
1964 8 1.333   2068100 2    3   28    3   22 0.762 289.7 151.6  18.8  49.3
1964 8 2.415   2068100 2    3   31    4   34 0.885 289.0 150.6  19.6  62.6
1964 8 2.415   2068200 9    3   13    2    8 0.499 275.0 118.1   7.7  30.1
1964 8 3.327   2068100 2    0   12    0   23 0.960 287.6 150.8  18.6  74.8
1964 8 3.327   2068200 9    1   18    1   13 0.688 274.2 119.8   7.3  43.8
1964 8 4.426   2068200 9    2   12    2   11 0.835 275.2 118.4   7.7  57.0
1964 8 5.465   2068200 9    0    6    0   13 0.964 275.5 122.9   6.9  75.2
1964 8 6.340   2068200 9    0    1    0   14 0.998 277.0 122.9   7.4  86.8
1964 8 7.360  14830200 0    0   17    0   12 0.694  63.5 340.3  22.8 -42.3
1964 811.433   2068300 2    1   21    2   27 0.918  82.3 261.5   9.6 -67.3
1964 812.650   2068300 2    0   16    0   13 0.764  82.7 262.4   9.8 -50.3
1964 812.650   2068400 7   20   76   12   45 0.530 303.8 341.3  23.0  28.6
1964 813.322   2068300 4    0   10    0    7 0.645  82.8 263.3   9.7 -40.5
1964 813.322   2068400 7   13  132    9   86 0.635 297.5 341.3  22.4  37.5
1964 814.320   2068300 4    8   50    5   29 0.500  86.8 260.4   7.4 -30.2
1964 814.320   2068400 7   95  411   76  328 0.777 294.0 340.9  22.8  50.3
1964 815.319   2068300 4   17  145    9   76 0.292  84.7 260.3   8.0 -17.1
1964 815.319   2068400 7   37  290   43  336 0.900 292.3 342.2  23.0  64.8
1964 816.416   2068300 4   55  209   28  105 0.035  52.7 261.3   8.0  -1.6
1964 816.416   2068400 7   15  121   37  286 0.976 292.5 342.1  23.4  79.2
1964 817.546   2068300 4    7   63    4   33 0.249 275.9 262.5   8.1  14.5
1964 818.332   2068300 4    1   21    1   12 0.463 275.2 265.4   8.5  27.8
1964 819.205   2068300 0    4   21    3   14 0.634 274.5 265.8   8.2  39.7
1964 820.333   2068300 0    4   23    4   20 0.812 275.0 266.0   8.1  54.8
1964 821.658   2068300 0    1   13    3   23 0.952 276.4 266.6   8.2  72.9
1964 831.329  14840100 0    0    2    0    6 0.984  67.1 343.9  23.7 -82.0
1964 9 1.329   2068500 0    0   11    0   16 0.936  69.5 342.0  21.7 -70.7
1964 9 2.330   2068500 2    7   34    7   33 0.845  69.3 341.3  21.3 -58.1
1964 9 3.320   2068500 0    1   18    1   13 0.712  67.5 341.6  21.0 -44.8
1964 9 7.305   2068600 9    0    6    0    4 0.543 344.7 344.3  38.7  10.6
1964 9 8.664   2068600 9    1   35    1   24 0.661 324.0 345.7  38.7  29.9
1964 9 9.456   2068600 9    5   50    4   37 0.732 317.2 344.6  38.2  39.3
1964 910.332   2068600 9    6   42    6   37 0.815 313.1 343.5  38.7  49.7
1964 911.357   2068600 9    4   68    5   81 0.905 309.2 343.6  38.4  63.4
1964 912.326   2068600 9    3   54    7  106 0.966 308.3 343.9  38.8  76.5
1964 912.326   2068700 7    1   19    1   11 0.480 270.6 296.3   6.6  28.9
1964 913.356   2068600 9    0    1    0    8 0.992 309.8 340.4  40.2  86.6
1964 913.356   2068700 7   17   97   12   68 0.697 272.2 298.3   6.7  44.5
1964 914.344   2068700 7    4   36    4   34 0.843 273.6 298.7   6.9  57.9
1964 915.317   2068700 7    0   11    0   19 0.955 277.0 301.6   8.8  73.6
1964 927.376  14850100 0    0    7    0    7 0.862 283.1 129.0  14.7  60.2
196410 1.391   2068800 2    0   20    0   23 0.893 292.0  79.6  22.6  63.8
196410 1.391   2068900 9   10   41    6   23 0.449 238.0  38.4  -7.7  22.6
196410 2.306   2068800 2    0    7    0   14 0.962 291.4  79.2  22.3  75.5
196410 2.306   2068900 9    4   34    3   22 0.611 248.5  38.7  -7.6  35.0
196410 3.390   2068900 0    0    4    0    4 0.822 256.4  43.1  -7.3  53.7
196410 4.380   2068900 0    0    2    0    3 0.922 259.7  42.5  -6.9  66.1
196410 6.356   2069000 4   15   67   10   45 0.656 301.6 348.4  25.1  38.1
196410 7.633   2069000 4   14   80   13   70 0.818 295.4 347.6  24.3  54.2
196410 7.633   2069100 9    3   35    2   20 0.465 230.5 314.9 -11.4  21.5
196410 8.445   2069000 4   23  144   26  161 0.892 294.4 346.0  24.5  63.3
196410 8.445   2069100 0    0    3    0    2 0.585 239.8 313.8 -11.8  31.1
196410 9.369   2069000 4    6   70   11  127 0.960 293.9 345.4  24.6  74.9
19641010.349   2069000 4    0    3    0   19 0.994 294.9 343.7  25.3  86.1
19641013.342   2069200 9    0    3    0    6 0.949  84.4 146.0   7.1 -72.1
19641014.299   2069200 9    0    2    0    2 0.831  84.0 148.9   8.2 -56.6
19641018.377   2069300 9   12   53    7   29 0.403   0.0 151.7  29.2   0.0
19641019.436   2069300 9    8   75    5   42 0.448 332.8 151.2  28.7  13.5
19641020.323   2069300 9    8   40    5   24 0.539 321.6 148.7  29.9  22.7
19641022.375   2069300 9    0    9    0    8 0.807 302.1 150.2  28.7  51.2
19641025.413   2069400 9    1   21    3   33 0.944  68.0 347.8  22.3 -71.1
19641026.310   2069400 9    0   10    0   11 0.885  66.5 345.3  23.0 -61.8
19641027.403   2069400 9    0   21    0   17 0.769  63.7 344.2  23.0 -48.5
19641027.403  14860100 0    0   17    0    9 0.294 204.0  39.7 -11.0   7.0
19641030.380  14870100 0    3   18    2   10 0.378 322.6   7.7  21.7  14.3
19641030.380  14870200 0    1   18    1   10 0.350  22.3 345.1  23.2  -8.3
19641031.395   2069500 1    5   50    3   28 0.418 117.2 318.0  -7.1 -22.0
196411 1.438   2069500 1   19   75   10   39 0.228 145.9 318.9  -6.8  -7.4
196411 2.475   2069500 0    7   29    4   15 0.230 217.5 320.7  -6.5   8.1
196411 3.430   2069500 0    7   25    4   14 0.407 244.4 321.7  -6.5  21.7
196411 6.388   2069600 0    0    6    0    6 0.842  53.0 208.0  32.7 -53.0
196411 8.461   2069600 0    0   12    0    8 0.591  36.9 209.2  31.3 -24.5
19641110.409  14870300 0    0   12    0   13 0.877  52.4 151.0  34.1 -57.0
19641112.600   2069700 2    7   35    4   20 0.446 358.4 179.9  29.4   0.8
19641113.281   2069700 2    3   19    2   11 0.478 345.2 178.2  30.3   8.1
19641114.311   2069700 2    3   32    2   20 0.587 323.4 180.6  30.6  24.0
19641115.465   2069700 2    2   22    2   16 0.723 310.6 180.8  30.1  39.4
19641116.393   2069700 0    0   11    0   11 0.855 304.2 184.0  30.2  54.9
19641116.393   2069800 5    9   74    5   39 0.300 338.8 135.7  18.7   6.6
19641117.385   2069800 5   42  181   24  102 0.452 308.8 137.8  18.6  21.8
19641118.333   2069800 5   31  147   20   94 0.621 297.4 139.0  18.4  35.5
19641118.333   2069900 9    2   23    3   31 0.926 258.8 170.6  -9.5  67.1
19641119.309   2069800 5   23  126   19  101 0.776 292.4 139.9  18.6  49.2
19641119.309   2069900 9    0    3    0   16 0.992 259.6 173.0 -10.0  82.3
19641120.367   2069800 5   11   88   13  101 0.899 290.1 139.8  18.9  63.1
19641120.367   2070000 2    0   37    0   34 0.835 313.4 125.6  36.3  48.9
19641121.333   2069800 5    1   24    4   52 0.971 288.9 139.9  18.8  75.9
19641121.333   2070000 2    1   16    2   20 0.906 309.0 124.1  35.7  60.1
19641122.323   2070000 2    0   11    0   24 0.969 307.2 124.2  36.4  73.3
19641125.441  14870400 0    0    9    0    6 0.630 305.6  43.5  22.6  33.7
19641128.436   2070100 0    0   11    0    9 0.774 289.6  19.5  15.7  49.2
19641129.285   2070100 0    0   11    0   12 0.880 287.2  19.9  15.5  60.7
196412 4.303  14880100 0    1   15    2   17 0.895  48.9 196.3  36.2 -56.7
196412 6.301   2070200 9    0   17    0   16 0.845  54.3 174.7  29.5 -52.0
196412 6.301  14880200 0    0    7    0   10 0.925  53.3 163.9  33.5 -62.8
196412 7.317   2070200 0    0    4    0    3 0.728  47.0 175.5  29.6 -37.8
196412 7.317  14880300 0    0    6    0    4 0.637  43.5 183.7  27.4 -29.6
196412 8.384   2070200 9    0   18    0   12 0.627  38.5 172.8  29.1 -26.5
19641210.281   2070300 1    9   41   24  102 0.979  97.3  96.2  -7.3 -78.1
19641211.394   2070300 1   18   72   20   80 0.888  97.4  97.1  -6.9 -62.5
19641212.309   2070300 1   21   94   17   75 0.774  97.9  97.1  -6.6 -50.5
19641213.370   2070300 1   17   68   11   43 0.596 100.7  97.4  -7.1 -36.2
19641214.439   2070300 1   16   53    9   29 0.391 105.5  97.2  -7.0 -22.3
19641215.295   2070300 1    3   58    2   30 0.206 120.6  97.9  -7.2 -10.3
19641216.350   2070400 9    2   55    2   37 0.663  53.1  59.3  22.4 -35.0
19641216.350   2070500 4    0   17    0   25 0.938  99.3  24.7  -9.2 -69.6
19641217.285   2070400 9    3   26    2   16 0.546  43.2  58.2  22.1 -23.8
19641217.285   2070500 4    8   35    8   35 0.860 100.3  22.9  -9.6 -59.1
19641218.535   2070400 9    1   30    1   17 0.429  15.2  58.5  22.9  -7.0
19641218.535   2070500 4    4   51    3   36 0.690 102.3  22.4  -9.6 -43.1
19641218.535   2070600 2   22  124   56  313 0.979  54.8 350.7  34.0 -74.8
19641219.299   2070500 4    3   37    2   22 0.527 105.6  24.5  -9.6 -31.0
19641219.299   2070600 2   32  152   45  213 0.933  52.5 352.5  33.8 -63.0
19641219.299   2070700 9    5   26    4   18 0.665 279.9  96.6   5.3  41.1
19641220.287   2070500 4    0   26    0   14 0.329 115.2  24.9  -9.8 -17.6
19641220.287   2070600 2   43  200   42  195 0.856  48.0 352.6  33.8 -49.9
19641220.287   2070700 9    5   47    5   43 0.831 278.2  98.3   5.8  55.8
19641221.286   2070500 4   15   61    8   31 0.156 160.1  26.2 -10.4  -3.1
19641221.286   2070600 2   61  259   48  202 0.766  41.4 351.9  33.5 -37.4
19641221.286   2070700 9    0    6    0    8 0.925 275.8  96.7   4.6  67.4
19641222.293   2070500 4    0   31    0   16 0.229 230.1  26.3 -10.5  10.3
19641222.293   2070600 2   45  262   31  180 0.682  31.5 350.6  33.7 -25.4
19641222.293  14880400 0    0    3    0    4 0.880 279.7  77.1   7.5  61.1
19641223.285   2070600 2   54  243   34  153 0.608  17.3 350.5  33.3 -12.5
19641224.285   2070600 2   46  267   29  165 0.587 359.9 349.9  33.6   0.1
19641225.291   2070600 2   47  236   30  151 0.621 341.9 349.9  33.8  13.4
19641226.439   2070600 0   35  162   25  115 0.707 326.2 349.6  33.7  28.2
19641226.439  14890100 0    0    8    0   11 0.917 259.4  27.9 -10.7  66.5
19641227.309   2070600 0   33  166   27  135 0.786 317.9 349.2  33.6  39.2
19641227.309   2070800 0    2   16    2   14 0.797  88.3 257.2  -0.3 -52.8
19641227.309  14890200 0    0   12    0   23 0.960 258.5  23.8 -11.8  73.9
19641228.387   2070600 0   13  102   14  108 0.880 311.7 348.4  34.2  52.6
19641228.387   2070800 0    4   28    3   18 0.610  86.5 258.3  -0.1 -37.5
19641228.387   2070900 3   21  144   15  101 0.697  52.8 258.8  22.7 -37.0
19641229.288  14890300 0    1   27    1   14 0.259  64.3 270.4   3.6 -13.5
19641229.387   2070600 0   18   67   28  102 0.947 306.9 347.9  33.5  65.3
19641229.387   2070800 0    0    3    0    2 0.409  84.4 258.6  -0.4 -24.0
19641229.387   2070900 3   22  168   14  103 0.560  40.8 259.3  22.4 -23.3
19641230.288   2070600 0    3   37   11  104 0.983 304.9 345.8  33.5  75.2
19641230.288   2070900 3    1   54    1   31 0.464  22.5 259.5  22.4 -11.1
19641231.414   2070900 3   65  200   36  111 0.432 355.9 257.8  22.4   1.9
