1963 1 1.293   2051900 7    5   32    5   30 0.836  83.9 116.2   3.3 -56.4
1963 1 1.293   2052000 3   12  108    7   63 0.513  45.4 150.0  18.1 -22.6
1963 1 2.336   2051900 7    4   22    3   15 0.678  81.9 116.7   3.0 -42.2
1963 1 2.336   2052000 3   27  150   15   82 0.402  22.4 149.6  18.5  -9.3
1963 1 2.336   2052100 2    0   20    0   14 0.668  88.0 117.0  -1.2 -41.9
1963 1 3.294   2051900 7    0   12    0    7 0.474  77.5 118.7   2.8 -27.6
1963 1 3.294   2052000 3    7  105    4   57 0.383 350.6 150.1  18.7   3.8
1963 1 3.294   2052100 0    0   18    0   11 0.505  84.6 116.1  -0.3 -30.2
1963 1 3.294   2052200 0    1   30    1   18 0.530 262.8 178.3  -6.8  32.0
1963 1 4.348   2051900 7    1   28    1   15 0.268  64.5 118.4   3.1 -14.0
1963 1 4.348   2052000 3    8   57    5   33 0.484 320.1 151.5  18.4  19.1
1963 1 4.348   2052200 0    5   47    4   35 0.728 265.0 179.2  -6.1  46.8
1963 1 5.284   2051900 7    0   13    0    7 0.118  11.1 118.8   2.9  -1.3
1963 1 5.284   2052200 2    0   17    0   18 0.875 264.9 181.4  -6.3  61.3
1963 1 5.284  14620400 0    0   19    0   10 0.199  14.6 117.1   7.4  -2.9
1963 1 6.290   2052200 2    0   25    0   46 0.959 264.4 180.7  -6.4  73.9
1963 1 7.352  14620500 0   12   58    8   38 0.633 303.4 126.4  17.1  33.6
1963 110.492   2052300 1   16   80   33  160 0.967  78.2 337.4  10.3 -74.1
1963 111.473   2052300 1   32  146   36  162 0.891  75.9 337.1  10.5 -61.5
1963 112.486   2052300 1   37  222   29  174 0.767  72.4 337.2  10.4 -48.0
1963 113.484   2052300 1   43  205   27  127 0.587  66.4 339.0   9.8 -33.1
1963 114.461   2052300 1   57  276   32  153 0.415  53.2 339.5  10.0 -19.7
1963 114.461   2052400 3  125  480   69  264 0.406  62.4 338.0   6.5 -21.2
1963 115.461   2052300 1   75  452   39  235 0.273  23.3 339.7   9.8  -6.3
1963 115.461   2052400 3  108  626   56  323 0.242  36.4 337.7   6.5  -8.3
1963 116.800   2052300 1   61  353   32  183 0.263 351.4 340.2  10.2   2.3
1963 116.800   2052400 3   88  442   45  226 0.206 358.6 338.2   7.0   0.3
1963 117.287   2052300 1   62  385   34  210 0.398 309.0 340.3   9.8  18.3
1963 117.287   2052400 3   62  397   33  211 0.339 305.6 338.1   6.6  16.1
1963 117.287   2052500 0    0   22    0   15 0.668 287.8   2.0   8.0  40.0
1963 118.279   2052300 1   54  347   33  210 0.559 295.3 339.7   9.5  30.8
1963 118.279   2052400 3   68  233   40  137 0.521 291.5 338.1   6.6  29.2
1963 118.279   2052500 9    0   16    0   14 0.805 283.8   1.0   8.0  52.1
1963 119.281   2052300 1   47  220   35  161 0.727 288.5 340.1   9.7  44.4
1963 119.281   2052400 3   31  164   22  116 0.701 284.4 338.8   6.3  43.1
1963 120.258   2052300 1   51  175   51  173 0.860 284.3 340.6   9.5  57.7
1963 120.258   2052400 3   12   53   12   51 0.847 280.2 339.8   5.8  56.9
1963 121.469   2052300 1   14   90   29  178 0.966 281.2 340.7   9.4  73.8
1963 121.469   2052400 3    0   16    0   27 0.953 278.4 338.4   6.3  71.5
1963 123.566   2052600 9    1   23    1   17 0.711  68.5 196.9  11.1 -42.4
1963 123.566  14630100 0    0   16    0    9 0.365  47.9 223.4   8.9 -15.9
1963 124.281   2052600 9    1   19    1   12 0.592  62.6 197.5  11.1 -32.4
1963 125.489   2052600 9    0    9    0    5 0.393  42.1 198.4  11.5 -15.6
1963 125.489   2052700 2    3   42    2   22 0.291 346.4 218.0  10.8   4.0
1963 126.470   2052700 2    0   25    0   14 0.392 314.3 217.7  10.4  16.6
1963 126.470   2052800 9    0    2    0    5 0.977  85.6 123.8   3.1 -77.3
1963 127.594   2052800 9    0   17    0   19 0.881  82.9 125.2   3.5 -61.1
1963 128.407   2052800 9    2   19    2   16 0.794  81.3 123.8   3.3 -51.8
1963 128.407   2052900 3   10  108    6   63 0.503 300.3 201.7   9.4  26.1
1963 129.295   2052900 3   55  453   37  302 0.659 291.5 202.3   9.3  38.4
1963 130.282   2052900 3   38  369   54  521 0.810 286.7 202.8   9.8  51.9
1963 131.459   2052900 3   84  464   72  397 0.933 282.9 202.7   9.7  67.3
1963 2 1.416   2052900 3   49  220  127  567 0.981 280.9 200.2   9.4  77.4
1963 2 1.416   2053000 5   26  129   30  148 0.898 103.8  58.2 -15.1 -64.6
1963 2 2.518   2053000 5   96  464   76  364 0.768 105.3  58.0 -15.7 -50.3
1963 2 2.518   2053100 4    1   20    8   88 0.992  77.1  27.0  11.9 -81.3
1963 2 3.298   2053000 5  101  523   67  345 0.649 107.3  57.9 -16.0 -40.1
1963 2 3.298   2053100 4    9   61   21  134 0.972  76.4  23.3  11.6 -74.7
1963 2 4.480   2053000 5  100  553   56  308 0.435 114.2  58.1 -16.1 -24.4
1963 2 4.480   2053100 4   15  106   17  119 0.894  73.3  21.5  11.9 -61.0
1963 2 5.413   2053000 5   98  514   51  267 0.267 130.1  57.9 -16.2 -12.3
1963 2 5.413   2053100 4   20  105   16   84 0.777  69.1  22.3  11.8 -47.9
1963 2 5.413  14630200 0    0    6    0   10 0.941  74.4   2.0  12.3 -68.1
1963 2 6.293   2053000 5   59  382   30  194 0.165 182.9  59.1 -16.0   0.5
1963 2 6.293   2053100 4   18   77   12   51 0.651  63.4  22.1  11.8 -36.5
1963 2 6.293   2053200 0    5   45   14  109 0.977  78.7 342.2   9.6 -76.4
1963 2 7.295   2053000 5   51  319   27  168 0.301 235.2  60.3 -16.2  14.9
1963 2 7.295   2053100 4    3   36    2   21 0.480  48.7  23.7  12.4 -21.7
1963 2 7.295   2053200 0   18   97   23  119 0.910  76.3 341.7   9.6 -63.7
1963 2 8.299   2053000 5   42  220   25  130 0.529 250.2  63.5 -16.0  31.2
1963 2 8.299   2053100 4    1   20    1   11 0.334  32.9  21.7   9.8 -10.6
1963 2 8.299   2053200 0   41  149   34  123 0.792  72.8 342.2   9.4 -50.1
1963 2 9.291   2053000 9   15   79   11   56 0.704 255.2  63.9 -15.1  44.8
1963 2 9.291   2053200 0   39  154   26  101 0.645  66.3 342.3   9.7 -36.8
1963 210.299   2053000 9   18   67   17   62 0.839 256.4  63.4 -15.0  57.6
1963 210.299   2053200 0   42  215   24  123 0.477  55.9 342.2   9.4 -23.6
1963 211.292   2053000 9    3   33    5   47 0.932 257.1  62.4 -14.4  69.7
1963 211.292   2053200 0   35  194   19  103 0.331  32.9 342.3   9.5 -10.5
1963 211.292  14640100 0    0    7    0    4 0.311 290.8   9.6  -0.1  16.9
1963 212.292   2053200 0   47  201   25  105 0.286 352.4 341.8   9.7   2.2
1963 213.433   2053200 0   32  161   18   88 0.398 313.2 341.7   9.3  17.1
1963 214.411   2053200 0   28  169   17  102 0.557 298.0 341.6   9.2  29.9
1963 214.411  14640200 0    0   13    0   13 0.857  98.8 252.1 -11.1 -59.6
1963 215.294   2053200 0   51  157   36  110 0.698 290.7 341.5   9.1  41.4
1963 216.396   2053200 0   14   75   14   71 0.845 285.4 341.2   9.1  55.6
1963 216.396   2053300 1    0   14    0   36 0.979  78.2 209.0  10.0 -76.6
1963 216.396  14640300 0    0    4    0    4 0.835 291.7 338.6  13.9  53.0
1963 216.396  14640400 0    0    4    0    5 0.914  79.1 220.9   7.0 -64.7
1963 216.396  14640500 0    0    5    0   15 0.981  75.7 208.8  12.5 -76.8
1963 217.410   2053200 0   11   54   17   83 0.943 281.8 341.2   8.7  69.0
1963 217.410   2053300 1   30  119   36  141 0.903  75.8 209.6   9.6 -62.6
1963 218.384   2053200 0    3   24   19  122 0.994 279.8 342.0   8.9  82.6
1963 218.384   2053300 1   23  160   19  131 0.787  71.9 210.0   9.6 -49.4
1963 219.295   2053300 1   33  159   22  106 0.657  65.9 209.9  10.0 -37.5
1963 219.295   2053400 4    3   22    2   13 0.485  63.4 221.5   6.2 -25.9
1963 220.402   2053300 1   28  148   16   84 0.471  54.9 209.8   9.2 -23.0
1963 220.402   2053400 4    1   28    1   15 0.270  31.6 224.6   6.3  -8.2
1963 221.425   2053300 1   22   98   12   52 0.323  29.6 210.0   9.3  -9.3
1963 221.425   2053400 4    1   44    1   23 0.248 342.5 223.6   6.6   4.3
1963 222.491   2053300 1   19   99   10   52 0.286 344.3 209.8   8.9   4.5
1963 222.491   2053400 4    7   38    4   21 0.405 305.0 224.8   6.7  19.5
1963 222.491   2053500 0    0   17    0    9 0.308   5.8 203.5  10.7  -1.8
1963 223.408   2053300 1   12   46    7   25 0.391 313.0 210.0   8.6  16.8
1963 223.408   2053400 4    3   44    2   27 0.574 292.9 225.4   6.9  32.2
1963 223.408   2053500 0    0   11    0    6 0.356 330.5 203.5  11.0  10.3
1963 224.394   2053300 1    6   39    4   24 0.552 296.6 210.1   8.1  29.9
1963 224.394   2053400 4    1   32    1   24 0.739 286.0 225.9   6.8  45.7
1963 224.394   2053500 0    0    8    0    5 0.495 307.3 203.8  10.9  23.6
1963 225.413   2053300 1    4   22    3   16 0.718 288.5 210.2   8.0  43.4
1963 226.385   2053600 2    1   50    1   30 0.542  64.8 124.4   7.1 -29.6
1963 227.367   2053600 2    3   31    2   17 0.362  49.1 125.1   6.8 -16.0
1963 227.367  14640600 0    0    9    0    5 0.396  15.8 134.6  15.2  -6.4
1963 3 3.404   2053700 7    0    8    0   54 0.997  77.8   4.3  11.4 -83.6
1963 3 4.419   2053700 7   25  187   41  303 0.949  75.3   5.0  11.5 -69.5
1963 3 5.304   2053700 7   35  256   36  259 0.867  72.2   5.5  11.5 -57.4
1963 3 5.304   2053800 9    0    1    0    3 0.952  75.3 352.8  11.6 -70.1
1963 3 5.304  14640700 0    0    6    0    4 0.634 278.8 101.7  -0.1  38.8
1963 3 6.352   2053700 7   56  267   42  199 0.739  66.7   5.2  11.8 -43.9
1963 3 6.352   2053800 9    0   13    0   13 0.861  71.3 352.6  12.1 -56.5
1963 3 6.352   2053900 0    0    8    0   11 0.919  77.4 344.0   8.6 -65.1
1963 3 7.380   2053700 7   48  302   30  186 0.579  57.4   5.6  11.9 -29.9
1963 3 7.380   2053800 9    0    4    0    3 0.725  64.3 353.4  13.0 -42.1
1963 3 7.380   2053900 2    0   21    0   18 0.799  71.9 345.1   9.8 -50.4
1963 3 8.501   2053700 7   34  291   19  160 0.409  37.3   6.0  12.0 -14.7
1963 3 8.501   2053800 9    0    6    0    4 0.582  54.3 351.6  13.6 -29.1
1963 3 9.303   2053700 7   43  186   23   99 0.332  11.0   6.5  11.8  -3.7
1963 310.578   2053700 7   12   76    7   42 0.399 324.2   7.1  11.9  13.8
1963 310.578   2053900 0    2    8    2    7 0.800  65.9 304.5  14.4 -48.9
1963 310.578  14650100 0    0   13    0    7 0.340 354.8 355.1  12.6   1.8
1963 310.578  14650200 0    0    3    0    2 0.191 356.9 353.9   3.8   0.6
1963 311.302   2053700 7   10   58    6   34 0.501 308.5   7.4  11.6  23.6
1963 311.302   2053900 0    4   30    3   21 0.688  60.1 305.8  14.4 -38.0
1963 312.431   2053700 7    4   26    3   18 0.677 296.0   7.4  11.7  38.4
1963 312.431   2053900 0    6   37    4   22 0.514  45.4 306.8  14.5 -22.2
1963 313.362   2053700 7    3   25    3   22 0.806 290.8   7.1  12.1  50.4
1963 313.362   2053900 0    1   20    1   11 0.398  22.6 307.6  14.5  -9.1
1963 314.427   2053900 0    0    7    0    4 0.385 346.1 308.2  14.8   5.5
1963 314.427   2054000 9    0    9    0    8 0.819 292.0 354.0  13.5  51.3
1963 314.427  14650300 0    0   29    0   15 0.170 238.2 311.2 -12.2   8.5
1963 315.455   2053900 9    0   14    0    8 0.453 322.6 305.6  14.3  16.5
1963 315.455   2054000 9    0    4    0    6 0.936 287.8 355.8  13.9  66.7
1963 315.455   2054100 1    8   62   32  232 0.990  76.8 209.0  11.9 -80.1
1963 316.353   2054100 1   14  120   23  190 0.947  74.5 208.3  12.2 -69.0
1963 317.425   2054100 1   38  219   36  207 0.845  70.6 208.4  12.3 -54.7
1963 318.572   2054100 1   57  294   40  205 0.693  64.3 208.3  12.1 -39.7
1963 318.572  14650400 0    0    3    0    6 0.949 285.7 317.4  12.5  69.4
1963 319.508   2054100 1   51  289   31  174 0.550  55.4 208.1  12.0 -27.6
1963 320.307   2054100 1   70  342   39  190 0.431  42.4 207.8  11.9 -17.3
1963 320.307   2054200 9    0    6    0    4 0.579  49.9 197.7  15.7 -27.4
1963 321.303   2054100 1   54  290   29  154 0.331  12.5 207.8  11.9  -4.2
1963 321.303   2054200 9    0   12    0    7 0.422  29.8 199.5  14.7 -12.5
1963 321.303   2054300 9    0   16    0   17 0.872 259.4 273.4 -12.6  61.4
1963 322.406   2054100 1   57  300   31  161 0.361 331.0 207.8  11.6  10.3
1963 322.406   2054200 9    0   44    0   24 0.354 359.7 197.6  13.8   0.1
1963 322.406   2054300 9    0    2    0    4 0.961 258.7 272.5 -12.7  75.0
1963 323.314   2054100 1   54  309   31  177 0.480 309.2 207.8  11.3  22.3
1963 324.374   2054100 1   46  284   31  188 0.652 296.6 208.0  11.5  36.5
1963 324.374  14650500 0    0    7    0   13 0.961 252.8 246.8 -18.4  75.3
1963 325.514   2054100 1   41  190   36  165 0.815 289.3 208.2  11.5  51.7
1963 326.574   2054100 1   21  143   29  194 0.927 285.2 208.4  11.4  65.9
1963 326.574   2054400 7    0   22    0   13 0.504 259.1 172.8 -11.3  30.3
1963 327.526   2054100 1   12   60   37  176 0.984 282.9 208.1  11.4  78.1
1963 327.526   2054400 7    0   17    0   12 0.674 260.3 172.7 -11.5  42.7
1963 329.572   2054500 5   17  142   11   91 0.618  91.8  64.6  -6.3 -38.4
1963 330.303   2054500 5   51  283   29  160 0.462  91.1  65.6  -6.3 -27.7
1963 331.309   2054500 5   46  332   24  171 0.237  90.0  66.3  -6.3 -13.8
1963 4 1.337   2054500 5   45  243   23  122 0.020 308.9  67.4  -5.7   0.9
1963 4 1.337  14650600 0    0   19    0   18 0.830  94.1  10.0  -7.0 -56.5
1963 4 2.533   2054500 5   26  200   14  105 0.293 272.3  67.8  -5.4  17.1
1963 4 2.533  14650700 0    0    7    0    6 0.792  69.8   1.3  11.8 -49.4
1963 4 3.446   2054500 5   24  134   14   77 0.489 270.6  68.1  -5.2  29.4
1963 4 4.333   2054500 5   13   62    9   41 0.651 269.9  67.8  -4.8  40.8
1963 4 4.333  14650800 0    0   13    0    7 0.362  27.3  17.2  12.6  -9.8
1963 4 5.527   2054500 0    6   19    6   18 0.841 267.7  68.8  -5.3  57.6
1963 4 5.527   2054600 5    0   31    0   16 0.154  18.5   8.4   2.2  -2.8
1963 4 6.343   2054500 0    2   18    3   25 0.931 266.6  69.4  -5.4  69.0
1963 4 6.343   2054600 5   54  299   28  153 0.203 310.3   9.3   1.5   8.9
1963 4 6.343   2054700 5   19  141   11   79 0.435  36.8 344.8  14.5 -15.6
1963 4 6.343  14650900 0    0    4    0    4 0.829 267.0  56.7  -5.9  56.3
1963 4 7.385   2054500 0    1    8    7   33 0.991 265.3  69.5  -5.4  82.8
1963 4 7.385   2054600 0   50  303   28  167 0.417 286.3  10.3   1.2  23.6
1963 4 7.385   2054700 5   50  328   27  176 0.358   6.2 344.4  14.8  -2.3
1963 4 8.331   2054600 0   28  162   18  104 0.622 279.2  12.0   1.0  37.9
1963 4 8.331   2054700 5   74  327   41  180 0.412 331.4 346.0  15.4  11.8
1963 4 8.331   2054800 9   13   64    7   34 0.293 354.0 336.0  11.0   1.8
1963 4 8.331   2054900 5    2   12    8   48 0.991 107.8 250.4 -18.4 -83.8
1963 4 9.443   2054600 0    3   44    3   39 0.818 274.9  14.1   0.6  54.6
1963 4 9.443   2054700 5   23  164   14   99 0.555 311.1 345.3  16.1  25.8
1963 4 9.443   2054800 9    8   39    5   22 0.434 312.3 338.6  11.4  19.1
1963 4 9.443   2054900 5   20   99   32  154 0.944 107.4 247.8 -18.3 -71.7
1963 4 9.443   2055000 3   12  116   20  186 0.949  98.5 247.2  -9.9 -72.3
1963 410.425   2054600 0    0    7    0   10 0.932 273.0  15.1   0.7  68.6
1963 410.425   2054700 5    9   82    7   58 0.702 300.5 345.7  16.4  39.1
1963 410.425   2054800 9    1   12    1    8 0.613 298.6 340.0  12.2  33.4
1963 410.425   2054900 5   23  140   22  131 0.843 107.9 249.0 -18.2 -57.6
1963 410.425   2055000 3   31  289   30  274 0.847  98.0 248.2  -9.9 -58.4
1963 411.341   2054600 0    0   10    0   51 0.994 271.3  18.2   0.7  83.7
1963 411.341   2054700 0   27   81   23   68 0.800 296.7 343.0  17.3  48.5
1963 411.341   2054900 5   19  138   14   97 0.698 110.8 251.0 -18.6 -43.5
1963 411.341   2055000 3   69  526   50  378 0.715  98.1 248.6  -9.8 -45.9
1963 411.341   2055100 9    2   29    2   24 0.790 294.5 342.7  15.3  48.2
1963 411.341  14660100 0    0    8    0   15 0.955 275.1   6.8   3.1  72.3
1963 412.408   2054700 0    7   70    9   91 0.918 291.3 343.9  17.0  63.5
1963 412.408   2054800 9    8   64    8   62 0.851 286.4 336.6  10.8  56.2
1963 412.408   2054900 0   20  101   12   59 0.509 118.3 252.1 -19.0 -28.3
1963 412.408   2055000 3  111  689   66  409 0.537 100.5 247.9 -10.4 -32.5
1963 412.408   2055100 9    4   49    5   58 0.903 289.3 342.2  14.7  61.8
1963 412.408  14660200 0    1   20    1   12 0.522 262.4 312.0  -8.8  31.6
1963 413.338   2054700 0    1   15    5   39 0.979 289.2 343.8  17.5  75.7
1963 413.338   2054800 9    4   37    7   65 0.956 283.9 339.3  11.5  71.2
1963 413.338   2054900 0   18  116   10   62 0.344 132.3 252.5 -18.8 -15.6
1963 413.338   2055000 7  114  658   61  352 0.353 105.0 247.8 -10.5 -20.3
1963 413.338   2055100 9    0   12    0   41 0.988 288.0 346.9  16.8  78.8
1963 414.317   2054900 0   19  118   10   61 0.231 170.5 252.9 -18.7  -2.3
1963 414.317   2055000 7  114  787   58  399 0.160 124.7 247.5 -10.7  -7.7
1963 415.329   2054900 0   22  124   12   65 0.296 218.8 253.1 -18.7  11.3
1963 415.329   2055000 7  103  923   52  466 0.132 220.3 246.8 -11.2   5.0
1963 416.526   2054900 0    6   34    4   20 0.493 241.1 253.1 -18.6  27.1
1963 416.526   2055000 7  151 1061   81  569 0.359 251.4 246.3 -11.6  20.3
1963 417.654   2054900 0    1   11    1    8 0.683 248.7 253.2 -18.3  42.1
1963 417.654   2055000 7  106  855   65  523 0.573 256.6 245.8 -12.0  34.7
1963 418.444   2054900 0    0   13    0   11 0.782 249.6 251.6 -19.1  50.9
1963 418.444   2055000 7  116  832   83  593 0.710 258.2 246.0 -12.0  45.3
1963 419.365   2054900 0    0    8    0   10 0.892 251.9 251.9 -18.4  63.4
1963 419.365   2055000 7   75  548   70  508 0.840 259.6 246.0 -11.5  57.5
1963 420.332   2054900 0    0    2    0    4 0.962 252.3 250.8 -18.4  75.0
1963 420.332   2055000 7   41  273   59  391 0.936 260.1 245.7 -11.0  69.9
1963 421.375   2055000 7    8   64   33  241 0.991 260.0 245.0 -10.5  83.0
1963 422.404  14660300 0    0    4    0    6 0.915 286.7 212.6  13.2  64.2
1963 428.491   2055200 7   10   64   51  325 0.994  73.2 345.7  16.2 -82.3
1963 429.313   2055200 7   19  153   36  278 0.959  71.7 345.5  16.3 -71.6
1963 430.354   2055200 7   24  309   26  322 0.875  69.6 345.0  15.7 -58.4
1963 430.354  14660400 0    5   24    3   14 0.470  58.8  19.2  10.4 -24.1
1963 5 1.325   2055200 7   54  450   42  347 0.757  65.6 344.8  15.5 -45.7
1963 5 2.343   2055200 7   53  513   34  324 0.607  57.3 345.0  15.9 -32.1
1963 5 3.352   2055200 7   55  457   31  257 0.450  43.0 345.1  15.7 -18.6
1963 5 4.459   2055200 9   63  475   34  254 0.346  11.4 345.0  16.2  -4.1
1963 5 4.459   2055300 4    0    6    0    8 0.909  79.6 284.6   7.9 -64.5
1963 5 5.421   2055200 9   42  262   23  141 0.364 336.5 345.1  16.0   8.7
1963 5 5.421   2055300 4    0   16    0   13 0.764  76.7 287.8   7.8 -48.6
1963 5 6.375   2055200 9   26  160   15   92 0.486 313.3 345.4  16.3  21.6
1963 5 6.375   2055300 4   10   54    7   35 0.618  71.8 287.4   8.4 -36.4
1963 5 6.375   2055400 0   14   39    8   22 0.435 313.5 342.8  14.2  19.0
1963 5 6.375   2055500 9    0   22    0   13 0.483 321.3 342.4  18.9  18.6
1963 5 6.375   2055600 5   26  100   14   54 0.357 121.5 305.5 -14.0 -18.3
1963 5 7.335   2055200 0   23  128   15   83 0.628 301.3 345.1  16.3  34.0
1963 5 7.335   2055300 4    0    5    0    3 0.490  63.4 284.7   9.7 -26.4
1963 5 7.335   2055400 0    6   30    4   19 0.583 299.6 342.6  13.9  31.5
1963 5 7.335   2055500 9    0   11    0    7 0.592 307.8 340.6  18.4  29.5
1963 5 7.335   2055600 5   64  307   33  157 0.197 155.1 306.2 -13.6  -4.9
1963 5 7.335   2055700 0    1   14    1    8 0.406  64.7 289.4   6.9 -21.7
1963 5 8.329   2055200 0   25  124   20   99 0.776 294.3 345.4  16.5  47.5
1963 5 8.329   2055400 0    1   29    1   22 0.735 291.1 342.6  13.1  44.7
1963 5 8.329   2055600 5   73  310   38  160 0.235 220.3 306.9 -13.5   9.0
1963 5 8.329   2055700 0    0    7    0    4 0.222  39.6 289.7   6.7  -8.2
1963 5 8.329   2055800 9    5   30    3   17 0.450 279.1 324.3   1.2  26.4
1963 5 9.327   2055200 0   20   93   23  104 0.891 290.5 345.3  16.7  60.6
1963 5 9.327   2055400 0    2   11    2   11 0.864 287.5 342.6  13.4  57.9
1963 5 9.327   2055600 5   47  260   26  144 0.423 244.6 307.8 -13.3  23.1
1963 5 9.327   2055800 0    0   10    0    7 0.638 274.5 324.2   0.5  39.5
1963 5 9.327   2055900 0    0    6    0    4 0.613 101.4 247.2  -9.4 -37.5
1963 5 9.327   2056000 0   29  133   54  242 0.960  96.7 210.7  -7.3 -74.0
1963 5 9.327  14670100 0    0    5    0    3 0.193 354.9 285.7   8.0   1.0
1963 510.423   2055200 0    7   49   16  111 0.974 287.7 345.7  16.5  75.5
1963 510.423   2055600 5   42  252   27  162 0.625 252.3 307.9 -13.3  37.7
1963 510.423   2055900 0    9   47    5   26 0.397 105.4 247.4  -8.8 -22.8
1963 510.423   2056000 0   31  205   31  199 0.854  97.0 211.4  -7.5 -58.8
1963 510.423   2056100 4   15   61    8   32 0.296 320.2 281.3  10.2  11.1
1963 510.423   2056200 0    2   14    2   12 0.796  74.3 219.0  10.6 -51.2
1963 510.423  14670200 0    1   20    1   11 0.392 325.3 283.6  15.9  13.4
1963 511.370   2055600 5   32  186   26  149 0.777 255.6 308.3 -13.0  50.6
1963 511.370   2055900 7    7   54    4   28 0.191 121.2 248.2  -8.5  -9.5
1963 511.370   2056000 0   48  290   35  210 0.720  97.8 211.7  -7.6 -46.0
1963 511.370   2056100 4    1   30    1   17 0.447 299.0 281.1   9.9  23.4
1963 511.370   2056200 0    6   34    4   23 0.649  70.4 219.3  10.3 -38.4
1963 512.830   2055600 5   19   81   20   84 0.874 256.9 309.1 -12.8  60.8
1963 512.830   2055900 7    0   25    0   13 0.119 183.3 248.7  -9.6   0.4
1963 512.830   2056000 0   62  318   39  200 0.604  98.8 211.3  -7.5 -37.0
1963 512.830   2056100 4    1   29    1   18 0.575 291.4 281.2   9.8  32.9
1963 512.830   2056200 0    3   57    2   34 0.528  65.4 219.1  10.3 -29.2
1963 513.374   2055600 5    7   38   16   87 0.974 257.6 308.5 -12.7  77.3
1963 513.374   2056000 0   59  400   32  214 0.352 105.5 211.2  -7.9 -20.0
1963 513.374   2056200 0   28  157   15   83 0.305  43.0 219.0  10.3 -12.2
1963 513.374   2056300 9    4   16   24   83 0.994  80.9 147.9   8.7 -83.3
1963 513.374  14670300 0    0    5    0    3 0.473 252.6 258.5 -10.5  27.3
1963 513.374  14670400 0    0   10    0    6 0.453 110.9 205.6 -11.7 -25.6
1963 514.328   2056000 0   75  461   38  233 0.148 128.5 211.9  -7.8  -6.7
1963 514.328   2056200 5   25  194   13  100 0.224 359.1 218.8  10.4   0.2
1963 514.328   2056300 9   40  293   65  466 0.947  80.0 147.9   8.6 -70.7
1963 515.324   2056000 0   79  397   40  201 0.150 230.4 212.1  -7.9   6.7
1963 515.324   2056200 5   43  232   23  123 0.319 313.9 218.9  10.4  13.5
1963 515.324   2056300 9   75  750   74  735 0.857  78.7 147.2   8.4 -58.2
1963 515.324   2056400 9    0   11    0    6 0.310  25.8 197.4  13.8  -8.0
1963 516.333   2056000 0   76  372   41  199 0.350 253.4 211.9  -7.9  19.8
1963 516.333   2056200 5   63  407   37  236 0.503 295.8 219.5  10.6  27.4
1963 516.333   2056300 5  138 1208  101  880 0.725  75.7 146.8   8.7 -45.3
1963 516.333   2056400 9    0   26    0   14 0.284 344.4 196.6  13.6   4.5
1963 517.469   2056000 0   57  256   35  157 0.578 259.6 212.1  -7.8  35.0
1963 517.469   2056200 5   50  161   36  115 0.706 286.7 220.5  10.1  43.4
1963 517.469   2056300 5  134 1102   79  646 0.519  69.8 147.6   8.4 -29.5
1963 517.469   2056400 9    1   27    1   15 0.424 309.8 196.7  13.7  19.6
1963 518.323   2056000 0   38  267   28  195 0.725 261.1 212.1  -7.9  46.3
1963 518.323   2056200 5    9  118    9  113 0.849 283.0 222.9   9.9  57.1
1963 518.323   2056300 5  237 1203  127  644 0.354  59.7 147.8   8.3 -18.0
1963 518.323   2056400 9    8   71    5   44 0.585 296.9 198.3  13.6  32.5
1963 518.323  14670500 0    0   15    0    8 0.183  57.5 156.8   3.6  -8.9
1963 519.323   2056000 0   24  159   25  160 0.865 262.0 212.4  -7.9  59.9
1963 519.323   2056200 0    5   24    9   43 0.957 281.1 225.0  10.0  72.5
1963 519.323   2056300 5  190 1040   97  531 0.193  21.5 148.4   8.4  -4.1
1963 519.323   2056400 9   52  276   41  214 0.761 290.0 199.9  13.8  47.4
1963 520.356   2056000 0   10  107   19  192 0.959 262.2 212.5  -8.0  73.6
1963 520.356   2056200 0    0    3    0   24 0.996 280.7 223.6  10.5  84.7
1963 520.356   2056300 5  154  906   80  469 0.252 313.7 149.4   8.2  10.6
1963 520.356   2056400 9   41  231   45  254 0.888 286.5 200.1  13.7  61.2
1963 521.575   2056300 5  132  717   75  407 0.470 290.6 149.1   8.0  26.4
1963 521.575   2056400 9    7   66   20  186 0.983 284.8 201.3  14.2  78.6
1963 521.575   2056500 9    0   10    0    7 0.645 278.3 162.5   4.0  39.8
1963 522.366   2056300 5  124  694   80  446 0.625 285.3 149.8   8.2  37.5
1963 522.366   2056400 9    0   10    0   57 0.995 284.2 196.1  14.0  83.8
1963 522.366   2056500 9    0    2    0    2 0.761 276.1 161.6   3.6  49.3
1963 522.366   2056600 9    0    6    0   20 0.984  79.3  33.0  10.2 -79.3
1963 523.366   2056300 5  106  666   86  539 0.785 281.2 150.0   7.8  51.0
1963 523.366   2056500 9   18  101   23  129 0.919 274.8 165.6   3.8  66.6
1963 523.366   2056600 9    1   30    2   42 0.928  78.3  31.6  10.3 -67.4
1963 523.366   2056700 9    1   26    3   46 0.956  76.5  26.8  12.4 -72.2
1963 524.316   2056300 0   77  468   90  543 0.900 279.5 150.2   7.9  63.7
1963 524.316   2056500 3   21  158   62  460 0.984 274.2 166.1   3.9  79.6
1963 524.316   2056600 9    1    8    2    9 0.870  74.8  27.2  12.5 -59.3
1963 524.316   2056800 9    2   23    2   21 0.828  77.2  31.5   9.8 -55.0
1963 525.349   2056300 0   39  219  100  552 0.978 278.2 150.6   7.8  77.8
1963 525.349   2056600 9    1   13    1   10 0.731  71.7  27.5  12.4 -45.3
1963 525.349   2056700 9    0   10    0    8 0.751  68.2  26.5  15.3 -46.3
1963 525.349   2056800 9    0   15    0   10 0.645  73.0  34.0   9.9 -38.8
1963 526.360   2056600 9    1   11    1    7 0.558  66.3  27.9  12.0 -31.5
1963 526.360   2056800 9    0    5    0    3 0.429  70.2  35.4   7.3 -24.0
1963 527.357   2056800 9    1   32    1   17 0.279  49.8  33.7   9.4 -12.5
1963 527.357   2056900 5    2   30    2   23 0.752  71.8 359.1  12.9 -47.1
1963 527.357   2057000 9    0    6    0   14 0.969  85.4 330.7   4.2 -75.5
1963 528.641   2056900 5   26  139   16   83 0.543  63.8 359.3  13.1 -30.0
1963 528.641   2057000 9    4   25    4   22 0.820  84.7 334.4   3.8 -54.9
1963 529.333   2056900 5   30  161   17   89 0.422  55.5 359.2  13.1 -20.9
1963 529.333   2057000 9    1   15    1   11 0.716  84.1 334.6   3.7 -45.5
1963 529.333  14670600 0    0    4    0    6 0.940 104.2 310.5 -13.6 -69.6
1963 530.382   2056900 5   32  213   17  111 0.268  25.9 359.3  13.3  -6.9
1963 530.382   2057000 9    1   11    1    7 0.526  82.1 334.7   3.6 -31.5
1963 530.382   2057100 3   19   99   11   57 0.492 293.6  33.5  10.8  27.3
1963 531.329   2056900 5   21  132   11   69 0.261 339.1 359.2  13.6   5.5
1963 531.329   2057100 3   47  348   32  233 0.663 286.7  33.9  10.6  40.2
1963 6 1.358   2056900 5    7   83    4   46 0.402 307.0 359.4  13.6  19.3
1963 6 1.358   2057100 3   46  259   41  231 0.824 283.5  34.7  10.9  54.7
1963 6 2.360   2056900 5    4   31    3   20 0.604 295.3   1.2  14.7  34.4
1963 6 2.360   2057100 3   20  140   30  210 0.940 282.1  36.4  11.3  69.6
1963 6 2.360  14680100 0    0    2    0    3 0.934 261.5  35.7  -8.0  68.9
1963 6 3.347   2056900 0    2   16    2   13 0.780 290.3   3.1  15.6  49.4
1963 6 3.347   2057100 3    0    2    0    7 0.988 281.0  34.8  10.8  81.1
1963 6 4.382   2056900 0    1    6    2    8 0.899 287.5   2.9  15.7  62.9
1963 6 4.382   2057200 9    0   15    0    8 0.262  53.5 287.8   8.9 -12.3
1963 6 4.382   2057300 0    0    1    0    2 0.905 104.2 236.0 -12.8 -64.1
1963 6 5.323   2057200 9    1   23    1   12 0.168 355.3 288.4   9.7   0.8
1963 6 5.323   2057300 0    0   13    0   11 0.777 106.6 237.8 -12.8 -49.8
1963 6 5.323   2057400 0    7   38   13   70 0.960  99.6 214.0  -9.2 -73.6
1963 6 6.308   2057400 0   15   63   16   65 0.871 100.7 214.5  -9.2 -60.1
1963 6 7.328   2057300 4   21  104   12   59 0.460 118.3 236.6 -12.3 -24.5
1963 6 7.328   2057400 0   16   86   12   64 0.736 103.0 214.5  -9.3 -46.6
1963 6 7.328   2057500 5    0    5    0    7 0.928  73.3 193.7  15.6 -67.4
1963 6 8.356   2057300 4    7  132    4   69 0.286 139.3 236.5 -12.1 -11.0
1963 6 8.356   2057400 0   13   69    8   42 0.559 107.5 214.8  -9.3 -32.7
1963 6 8.356   2057500 5    6   87    5   70 0.779  73.3 197.5  13.2 -50.0
1963 6 8.356   2057600 0    6   36   15   80 0.973  87.5 170.8   2.5 -76.7
1963 6 9.378   2057300 4   23  126   12   65 0.224 201.4 238.7 -11.5   4.8
1963 6 9.378   2057400 0    9   44    5   24 0.367 117.4 214.6  -9.2 -19.3
1963 6 9.378   2057500 5   68  436   43  276 0.608  69.8 198.1  12.6 -35.8
1963 6 9.378   2057600 0   22   84   25   94 0.891  87.0 170.9   2.9 -63.0
1963 6 9.378   2057700 1   22   82   91  327 0.992  81.8 151.3   8.2 -82.6
1963 610.327   2057300 4   11   83    6   45 0.359 235.2 238.9 -11.2  17.5
1963 610.327   2057400 0    1   17    1    9 0.205 145.2 214.6  -9.0  -6.8
1963 610.327   2057500 5  168  922   94  515 0.442  61.7 197.9  12.7 -23.5
1963 610.327   2057600 2   24  104   19   82 0.766  86.5 171.4   3.1 -50.0
1963 610.327   2057700 1   24  165   38  256 0.944  81.3 150.7   8.4 -70.7
1963 611.293   2057300 9    1   16    1   10 0.558 248.2 240.5 -11.3  31.9
1963 611.293   2057500 5  191 1403   99  727 0.256  38.1 199.3  12.4  -9.3
1963 611.293   2057600 2   11   51    7   32 0.593  86.2 172.3   2.9 -36.3
1963 611.293   2057700 1   38  282   36  265 0.844  80.5 151.3   8.4 -57.3
1963 612.432   2057300 9    0    5    0    4 0.750 253.1 240.7 -12.0  47.2
1963 612.432   2057500 5  363 1803  187  927 0.225 332.1 199.7  12.4   6.2
1963 612.432   2057600 2    5   39    3   21 0.362  85.5 172.3   2.5 -21.2
1963 612.432   2057700 1   35  261   24  179 0.679  79.5 151.1   7.8 -42.4
1963 612.432  14680200 0    0    1    0    2 0.910  90.1 127.9   0.3 -65.5
1963 613.600   2057500 5  255 1517  142  843 0.432 298.1 201.0  12.7  23.0
1963 613.600   2057600 3    1   15    1    8 0.096  77.8 172.6   2.2  -5.4
1963 613.600   2057700 1   48  307   27  173 0.453  74.7 151.8   7.8 -26.2
1963 614.341   2057500 5  169 1295  104  794 0.576 290.7 201.7  12.7  33.5
1963 614.341   2057700 1   53  313   28  165 0.311  68.0 151.3   7.8 -16.9
1963 614.341  14680300 0    0   22    0   20 0.831 283.8 223.8  12.1  55.6
1963 615.345   2057500 5  138  937  105  710 0.748 286.2 202.4  12.9  47.5
1963 615.345   2057700 1   57  287   29  145 0.123  26.7 151.7   7.6  -3.2
1963 616.406   2057500 5   75  518   85  587 0.895 283.6 204.0  12.8  63.1
1963 616.406   2057700 1   39  267   20  137 0.216 302.4 151.5   8.0  10.6
1963 617.335   2057500 5   35  203   74  426 0.970 282.8 204.5  12.8  75.9
1963 617.335   2057700 1   27  138   15   76 0.402 285.8 151.6   7.7  23.0
1963 618.367   2057500 5    0    8    0   46 0.995 282.8 199.5  12.9  84.6
1963 618.367   2057700 1   25  103   16   65 0.601 280.5 151.5   7.6  36.6
1963 618.367   2057800 9    1   23    3   37 0.948  76.9  43.5  12.9 -71.4
1963 618.367  14680400 0    0    3    0    4 0.903 280.9 179.3  10.5  64.4
1963 619.513   2057700 1   13   66   11   54 0.787 278.8 151.6   8.0  51.8
1963 619.513   2057800 9    0    2    0    2 0.855  74.1  41.7  14.5 -58.1
1963 620.106   2057700 1   20   69   21   71 0.869 279.1 152.2   8.8  60.3
1963 621.438   2057700 1    0   17    0   44 0.979 277.8 152.6   8.0  78.3
1963 621.438   2057800 9    0   25    0   15 0.513  68.0  45.1  12.8 -29.2
1963 622.432   2057800 9    1   20    1   11 0.299  52.6  47.0  12.5 -14.1
1963 623.347   2057800 9    0   21    0   11 0.183   9.6  47.2  12.6  -1.8
1963 623.347   2057900 7    0   12    0    7 0.509 280.8  79.3   7.4  30.3
1963 624.566   2057800 9    0   15    0    8 0.260 303.0  45.7  10.4  12.8
1963 624.566   2057900 7   20  158   15  115 0.723 278.3  79.1   7.6  46.2
1963 625.642   2057900 7    4   35    5   37 0.879 277.3  80.2   7.6  61.6
1963 625.642   2058000 5   49  202   30  124 0.572  77.2 344.2   9.3 -34.4
1963 625.642   2058100 0    4   37   14  106 0.983  76.0 299.0  14.2 -79.6
1963 626.418   2057800 9    0   18    0   12 0.650 286.5  48.1  12.6  39.7
1963 626.418   2057900 7    0    4    0    8 0.955 276.9  81.4   7.3  73.0
1963 626.418   2058000 5   59  300   33  166 0.426  74.2 343.9   9.0 -24.5
1963 626.418   2058100 0    8   43   13   63 0.937  76.0 298.9  14.0 -69.5
1963 627.313   2057800 9    0   14    0   12 0.798 283.9  49.1  12.7  52.6
1963 627.313   2058000 5   46  213   24  110 0.234  63.0 344.3   8.7 -12.2
1963 627.313   2058100 0   12   60   11   55 0.834  75.1 300.4  13.9 -56.1
1963 628.599   2057800 9    0    7    0   11 0.944 283.4  50.4  13.6  70.9
1963 628.599   2058000 5   23  112   12   57 0.140 316.5 345.1   8.6   5.6
1963 628.599   2058100 4   13   67    9   44 0.638  71.0 301.0  14.2 -38.5
1963 628.599   2058200 9    0   13    0   12 0.812 280.9  33.7  10.5  54.2
1963 629.473   2057800 9    0    2    0    7 0.988 282.5  49.6  12.8  81.7
1963 629.473   2058000 5   18   63   10   34 0.337 286.1 347.0   8.1  19.1
1963 629.473   2058100 4    5   52    3   30 0.481  64.3 301.3  14.6 -26.6
1963 629.473   2058200 9    0   23    0   27 0.903 281.1  32.5  11.3  64.6
1963 630.137   2058000 5    0   24    0   14 0.482 281.4 347.6   8.1  28.5
1963 630.137   2058100 4    0   11    0    6 0.337  54.7 302.6  14.1 -16.5
1963 630.137   2058200 9    0   10    0   17 0.949 280.3  31.0  10.7  71.9
1963 7 1.337   2058000 0    1   21    1   16 0.740 277.0 351.1   7.3  47.8
1963 7 1.337   2058100 4    1   41    1   21 0.181 358.4 303.6  13.5   0.3
1963 7 1.337   2058300 9    1   18    1   11 0.562 277.5 337.4   6.8  34.1
1963 7 1.337   2058400 9    0    9    0    5 0.233  38.5 294.7  13.6  -8.6
1963 7 2.308   2058000 0    1   15    2   16 0.873 276.9 351.4   7.6  61.0
1963 7 2.308   2058100 4    0    9    0    5 0.276 313.0 302.4  14.0  12.0
1963 7 2.308   2058300 9    0    9    0    7 0.722 276.5 336.7   6.9  46.3
1963 7 2.308   2058500 7    0    4    0    4 0.787 280.8 342.2  10.5  51.8
1963 7 3.366   2058000 0    0    4    0   10 0.971 277.6 352.9   8.2  76.5
1963 7 3.366   2058100 4    0   12    0    7 0.464 294.5 302.2  14.1  25.8
1963 7 3.366   2058400 9    0    9    0    5 0.359 300.3 295.0  13.6  18.6
1963 7 3.366   2058500 7   22  122   28  153 0.915 279.7 342.8  10.2  66.4
1963 7 3.366   2058600 0   20   99   40  193 0.964  78.1 201.4  12.3 -75.0
1963 7 4.333   2058500 7    7   63   21  191 0.985 278.2 344.2   8.7  80.6
1963 7 4.333   2058600 0   24  165   27  179 0.885  77.0 201.3  13.1 -62.3
1963 7 5.399   2058600 0   39  222   30  170 0.753  76.9 200.9  12.2 -48.6
1963 7 6.403   2058600 0   64  365   40  228 0.593  73.8 200.5  12.5 -35.7
1963 7 7.402   2058600 0   67  292   37  160 0.405  68.2 200.4  12.1 -22.6
1963 7 8.326   2058600 0   71  336   37  173 0.232  51.4 200.1  12.1 -10.7
1963 7 9.394   2058600 0   55  304   28  154 0.154 339.2 199.8  12.2   3.2
1963 7 9.394  14690100 0    1   13    1    7 0.255  87.3 181.8   4.5 -14.8
1963 710.533   2058600 0   50  310   27  165 0.336 295.3 199.6  12.1  18.1
1963 711.329   2058600 0   38  295   22  170 0.493 287.8 199.7  12.3  28.7
1963 712.553   2058600 0   42  241   30  171 0.705 283.2 199.4  12.3  44.6
1963 713.356   2058600 0   34  192   30  169 0.818 282.1 199.2  12.4  55.0
1963 713.356   2058700 5    1   39    1   20 0.124 120.7 138.1   0.7  -6.1
1963 714.380   2058600 0   22  130   31  176 0.927 281.5 199.0  12.3  68.4
1963 714.380   2058700 5   19   86   10   44 0.171 249.2 139.8   0.9   9.2
1963 715.627   2058600 0    5   41   20  165 0.992 281.9 197.6  12.4  83.5
1963 715.627   2058700 5    5   50    3   28 0.435 264.5 139.8   1.7  25.7
1963 716.334   2058700 5    1   30    1   19 0.589 267.7 140.9   2.4  36.1
1963 717.334   2058700 5   11   47    9   37 0.764 270.3 141.5   3.3  49.9
1963 718.339   2058700 0    6   27    8   32 0.903 272.4 143.1   4.2  64.8
1963 719.338   2058700 0    0    6    0   20 0.984 273.4 145.1   4.2  80.1
1963 719.338   2058800 7    2   24    3   37 0.940  81.0 354.4  10.1 -70.6
1963 720.425   2058800 7    2   64    2   62 0.851  80.6 351.9  10.6 -58.7
1963 720.425   2058900 9    0   11    0    6 0.123  22.9  47.8  11.5  -2.8
1963 721.319   2058800 7    1   43    1   31 0.710  80.8 353.4  10.1 -45.4
1963 721.319   2058900 9    7   36    4   19 0.271 286.1  54.1   9.2  15.3
1963 722.376   2058800 7   12   53    7   31 0.497  78.9 355.1  10.0 -29.7
1963 722.376   2058900 9    0   22    0   13 0.502 279.7  54.9   9.3  30.1
1963 723.325   2058800 4   11   85    6   45 0.307  73.9 354.9   9.9 -17.4
1963 723.325  14690200 0    0    7    0    4 0.462 259.2  39.3  -0.3  27.0
1963 723.325  14690300 0    0   11    0    6 0.382 143.5 358.8 -12.8 -13.5
1963 724.580   2058800 4   23  185   12   93 0.072   6.9 355.2   9.4  -0.5
1963 725.348   2058800 4   11  104    6   53 0.178 296.5 354.8   9.9   9.3
1963 725.348   2058900 9    2   15    3   21 0.928 277.7  54.1   9.1  68.6
1963 726.327   2058800 4    0   40    0   22 0.413 280.9 356.9   9.5  24.3
1963 727.327   2058800 4    0   36    0   22 0.558 280.9 353.2  10.7  33.9
1963 727.327   2059000 9    1   31    1   19 0.539 265.4 351.8   2.2  32.5
1963 727.327  14700100 0    0    5    0    5 0.861  89.1 259.7   3.6 -59.6
1963 728.361   2059000 9    0    9    0    7 0.751 268.4 354.4   2.5  48.7
1963 729.324   2059100 5    0   13    0    7 0.265 298.5 306.7  12.8  13.8
1963 729.324   2059200 0   11   36   21   64 0.958  80.4 218.9  10.8 -74.0
1963 730.339   2059100 5   41  218   23  122 0.445 287.5 305.3  12.9  25.8
1963 730.339   2059200 1   27  174   29  181 0.874  80.4 218.1  11.2 -61.4
1963 730.339   2059300 5    1   11    5   33 0.983  79.4 199.2  11.4 -80.3
1963 731.319   2059100 5   59  308   38  197 0.620 283.4 304.7  12.9  38.2
1963 731.319   2059200 1   97  572   74  433 0.747  80.1 217.9  11.3 -48.6
1963 731.319   2059300 5   11   45   14   53 0.902  80.8 201.5  10.8 -65.0
1963 731.319   2059400 0    8   47   13   69 0.937  78.9 196.2  12.4 -70.3
1963 8 1.332   2059100 5   52  226   44  189 0.799 281.4 306.5  12.7  53.4
1963 8 1.332   2059200 1  121  681   74  416 0.569  78.7 218.4  11.3 -34.7
1963 8 1.332   2059300 5    8   48    7   38 0.772  81.4 202.2  10.4 -50.9
1963 8 1.332   2059400 0   17   82   16   74 0.828  78.7 196.8  12.7 -56.3
1963 8 2.350   2059100 5   22  100   30  134 0.925 280.9 308.1  12.3  68.4
1963 8 2.350   2059200 1  111  646   60  348 0.369  74.1 218.5  11.4 -21.2
1963 8 2.350   2059300 5   11   64    7   40 0.593  81.1 203.2  10.1 -36.5
1963 8 2.350   2059400 0   23   68   16   47 0.678  77.6 196.9  12.8 -42.8
1963 8 3.326   2059100 5    5   42   19  139 0.987 281.2 308.7  12.0  81.9
1963 8 3.326   2059200 1   98  630   50  320 0.172  57.5 218.3  11.3  -8.5
1963 8 3.326   2059300 5   29  213   16  116 0.394  79.0 203.7   9.9 -23.1
1963 8 3.326   2059400 0   10   50    6   29 0.501  74.7 197.1  12.9 -29.7
1963 8 4.320   2059200 1  103  648   52  327 0.121 320.7 218.1  11.5   4.5
1963 8 4.320   2059300 5   62  529   32  270 0.191  68.8 203.2  10.0 -10.4
1963 8 4.320   2059400 7    0   39    0   21 0.312  65.9 196.6  13.2 -17.0
1963 8 5.317   2059200 1  104  557   55  294 0.314 287.4 218.2  11.3  17.8
1963 8 5.317   2059300 5  109  561   55  282 0.084 318.9 203.6   9.8   3.2
1963 8 5.317   2059400 7    1   21    1   11 0.137  28.2 196.6  13.1  -3.8
1963 8 6.340   2059200 1   99  510   58  299 0.519 281.7 218.1  11.4  31.2
1963 8 6.340   2059300 5  105  525   55  274 0.280 282.9 203.0   9.6  16.1
1963 8 6.340   2059400 7    1   25    1   13 0.206 309.5 196.3  13.7   9.4
1963 8 6.340   2059500 9    1   12    1    7 0.497  86.2 156.9   7.3 -30.0
1963 8 7.335   2059200 0   73  383   52  270 0.701 279.3 218.6  11.0  44.8
1963 8 7.335   2059300 5   69  347   40  201 0.501 278.6 204.0   9.8  30.2
1963 8 7.335   2059400 7    0   18    0   10 0.409 287.1 197.4  12.7  23.6
1963 8 7.335   2059500 9    0   13    0    7 0.269  85.5 158.1   7.3 -15.7
1963 8 8.365   2059200 0   45  252   43  240 0.848 278.8 218.7  10.8  58.6
1963 8 8.365   2059300 0   57  286   40  199 0.692 277.8 204.2  10.0  44.1
1963 8 9.350   2059200 0   29  185   47  294 0.948 279.4 219.4  10.9  72.3
1963 8 9.350   2059300 0   41  217   38  200 0.837 277.4 204.5   9.7  57.4
1963 810.516   2059300 0   23  123   39  204 0.952 277.8 204.6   9.4  72.9
1963 811.370   2059300 0   10   50   55  254 0.994 278.9 205.2   9.5  84.8
1963 812.326   2059600 0    0    1    0   10 0.995 102.8  24.9 -12.0 -82.9
1963 813.330   2059600 0    0    5    0    8 0.947 105.1  25.3 -12.0 -69.2
1963 814.319   2059600 0    0    2    0    2 0.832 109.5  28.1 -12.2 -53.3
1963 814.319  14700200 0    5   27    3   15 0.395  78.7  58.2  10.6 -23.2
1963 815.327   2059600 0    2   38    2   27 0.694 114.3  27.9 -11.5 -40.2
1963 816.174   2059600 0    1   53    1   32 0.544 122.7  29.1 -11.1 -27.8
1963 817.322   2059600 3   50  405   27  218 0.365 147.7  30.2 -11.3 -11.5
1963 818.395   2059600 3   75  329   40  174 0.321 192.3  31.5 -11.4   4.0
1963 818.395   2059700 7    9   54   32  184 0.988 100.2 307.6  -8.9 -79.9
1963 818.395  14700300 0    0   15    0    9 0.540 119.7 359.1  -9.5 -28.4
1963 819.317   2059600 3   59  311   33  173 0.433 223.4  33.1 -11.8  17.7
1963 819.317   2059700 7   18  133   33  233 0.957 101.4 303.8  -8.8 -71.6
1963 820.405   2059600 3   41  251   26  158 0.604 240.7  33.5 -11.4  32.5
1963 820.405   2059700 7   14   87   14   86 0.861 104.3 303.5  -8.6 -57.5
1963 820.405   2059800 4    5   29    3   15 0.027 324.7   1.9   8.2   0.9
1963 821.547   2059600 3   39  194   32  157 0.784 249.5  34.4 -11.4  48.5
1963 821.547   2059700 7    1   25    1   18 0.701 109.7 304.0  -8.5 -41.9
1963 821.547   2059800 4   32  108   17   57 0.299 273.5   3.4   7.7  17.5
1963 821.547   2059900 4    9   54    5   29 0.336 226.9   0.2  -6.5  14.3
1963 822.605   2059600 3   22   82   27   97 0.904 254.4  34.3 -10.9  62.4
1963 822.605   2059700 7    0    5    0    3 0.499 118.3 305.6  -7.4 -26.3
1963 822.605   2059800 4   35  196   21  116 0.529 272.9   4.1   7.5  32.2
1963 822.605   2059900 4   52  246   31  145 0.524 246.4   0.8  -6.0  28.9
1963 822.605   2060000 9    1   15    1    9 0.506 238.1 357.7  -9.2  25.8
1963 822.605  14710100 0    0    7    0    4 0.408 232.7 351.0  -7.7  19.1
1963 823.624   2059600 3    4   36   11   84 0.976 256.6  33.9 -11.4  75.5
1963 823.624   2059700 7    0   31    0   17 0.350 138.3 304.8  -8.3 -13.6
1963 823.624   2059800 3   59  270   43  197 0.724 273.7   5.2   7.5  46.8
1963 823.624   2059900 4   81  322   58  229 0.707 254.5   1.6  -5.8  43.2
1963 823.624   2060000 9    0   23    0   16 0.682 249.9 358.7  -8.2  40.3
1963 824.452   2059600 3    0    7    0   28 0.992 257.4  28.6 -11.5  81.1
1963 824.452   2059700 7    0    7    0    4 0.271 185.8 309.1  -8.6   1.6
1963 824.452   2059800 3   40  296   40  296 0.864 273.9   7.8   6.9  60.3
1963 824.452   2059900 4   51  285   47  263 0.838 258.9   3.2  -5.3  55.7
1963 825.344   2059800 3   27  167   48  288 0.956 274.5   9.2   6.4  73.5
1963 825.344   2059900 4   10   86   14  120 0.931 261.7   3.4  -5.1  67.7
1963 825.344   2060100 9    3   19    8   40 0.968  80.8 219.2  10.6 -76.5
1963 826.314   2059800 3    0   17    0   49 0.983 276.9   3.2   8.0  80.3
1963 826.314   2059900 4    0    1    0    9 0.994 262.5   5.8  -6.6  82.9
1963 826.314   2060100 9    1   17    2   19 0.885  82.0 219.9  10.4 -63.0
1963 826.314   2060200 0   13   51   28  105 0.968  82.4 206.6   9.1 -76.3
1963 827.319   2060100 9    2   15    2   12 0.765  82.4 219.2  10.4 -50.4
1963 827.319   2060200 0   17  126   19  138 0.886  83.5 206.5   9.0 -63.1
1963 828.490   2060200 0   31  180   23  132 0.726  84.6 207.1   8.8 -47.0
1963 828.490   2060300 0    0    6    0   10 0.935  79.7 183.9  12.1 -70.2
1963 829.338   2060200 0   37  198   23  122 0.578  84.2 207.3   9.2 -35.6
1963 829.338   2060300 0    0    5    0    5 0.844  80.5 184.6  11.8 -58.3
1963 829.338  14710200 0    2    8    2    7 0.766  79.2 192.4  12.9 -50.5
1963 830.128   2060200 1   34  179   19   99 0.420  83.2 207.5   9.4 -25.0
1963 831.320   2060100 9    0   29    0   15 0.109 320.2 220.9  12.0   4.1
1963 831.320   2060200 1   31  232   16  118 0.164  79.1 207.4   8.9  -9.4
1963 831.320   2060400 0    7   19    6   16 0.791  89.8 164.3   4.6 -52.5
1963 831.320  14710300 0    0   13    0   12 0.826  92.0 161.0   2.4 -55.7
1963 9 1.395   2060100 9    0   11    0    6 0.314 285.5 220.6  11.7  18.0
1963 9 1.395   2060200 1   39  155   20   78 0.088 289.8 207.4   8.9   4.8
1963 9 1.395   2060400 0    1   14    1    9 0.593  91.5 166.1   4.9 -36.5
1963 9 2.461   2060200 1   39  166   21   88 0.322 276.4 207.4   8.9  18.9
1963 9 2.461   2060400 0    1    9    1    5 0.387  96.1 165.8   4.3 -22.7
1963 9 2.461  14710400 0    1   18    1   12 0.629 244.9 223.8  -9.6  35.3
1963 9 3.328   2060200 0   17   99   10   58 0.512 274.7 208.1   8.6  31.1
1963 9 3.328   2060400 0    7   37    4   19 0.205 104.2 165.5   4.2 -11.5
1963 9 3.328   2060500 0    0    7    0    4 0.193  69.0 166.4  11.1 -10.6
1963 9 3.328  14710500 0    0    7    0    4 0.439 282.6 203.0  12.0  26.0
1963 9 4.395   2060200 0    7   32    5   23 0.705 275.1 208.2   8.7  45.3
1963 9 4.395   2060400 5   27  161   14   81 0.076 225.5 166.0   4.2   3.1
1963 9 4.395   2060500 0    3   57    2   29 0.099 317.5 166.8  11.4   3.9
1963 9 4.395   2060600 2    6   39    4   23 0.521 282.5 194.3  12.7  31.4
1963 9 5.541   2060200 0    5   16    5   16 0.864 275.8 208.2   8.6  60.4
1963 9 5.541   2060400 5   41  233   22  125 0.351 262.0 168.2   4.0  20.4
1963 9 5.541   2060500 0    0   39    0   21 0.311 285.6 165.6  11.7  17.8
1963 9 5.541   2060600 0    1    6    1    5 0.744 279.5 196.4  11.9  48.6
1963 9 5.541  14710600 0    0    5    0    3 0.432  71.9 122.7  14.3 -25.1
1963 9 6.430   2060200 0    0   10    0   17 0.948 276.8 208.4   8.7  72.3
1963 9 6.430   2060400 5   26  157   16   94 0.545 265.3 169.1   3.5  33.0
1963 9 6.430   2060500 0    0    7    0    4 0.476 281.0 164.6  11.6  28.5
1963 9 7.296   2060400 0   17   93   13   69 0.736 267.4 172.0   3.0  47.4
1963 9 8.317   2060400 0   12   74   14   80 0.885 269.8 173.5   3.2  62.4
1963 9 9.320   2060400 0    4   22   10   48 0.971 272.3 174.5   3.9  76.6
1963 9 9.320   2060700 0    4   37   13  103 0.982  85.9  18.2   5.4 -79.7
1963 910.370   2060700 0    8   72   11   90 0.913  87.5  17.6   5.2 -66.4
1963 910.370   2060800 0    2   13    3   19 0.931  99.1  16.5  -5.7 -67.5
1963 910.370   2060900 9    1   19    5   53 0.982  99.3   6.1  -7.7 -77.9
1963 911.583   2060700 0   19  101   15   79 0.762  89.0  18.1   5.4 -49.9
1963 911.583   2060800 0    4   24    4   20 0.790 103.0  17.3  -5.7 -50.7
1963 911.583   2060900 9    0   18    0   19 0.877 102.9   8.4  -7.7 -59.6
1963 912.322   2060700 0   19  128   13   84 0.640  90.1  18.3   5.5 -40.0
1963 912.322   2060800 0    1   16    1   11 0.677 107.1  17.7  -6.0 -40.6
1963 912.322   2060900 9   12   58   11   54 0.836 105.9   3.8  -9.1 -54.5
1963 913.325   2060700 0   26  110   15   62 0.444  91.9  18.5   5.6 -26.5
1963 913.325   2060800 0    1   13    1    8 0.491 115.6  18.6  -5.8 -26.4
1963 913.325   2060900 9  117  547   82  383 0.696 110.6   3.8  -8.8 -41.2
1963 914.315   2060700 0   17   79    9   41 0.230  95.2  18.6   5.8 -13.3
1963 914.315   2060800 0    0   13    0    7 0.313 134.7  19.0  -5.7 -12.9
1963 914.315   2060900 9  145  681   85  399 0.517 121.3   5.3  -9.2 -26.6
1963 914.315   2061000 0   28  309   88  964 0.986  77.8 310.1  13.2 -81.8
1963 915.362   2060700 0    5   29    3   15 0.028 202.1  18.7   5.7   0.6
1963 915.362   2060800 9    0   19    0   10 0.223 181.3  18.4  -5.7   0.3
1963 915.362   2060900 5  155  762   83  407 0.347 145.5   6.6  -9.6 -11.5
1963 915.362   2061000 0   99  895  132 1194 0.925  78.7 309.4  13.1 -68.7
1963 916.323   2060700 0   11   48    6   25 0.232 264.6  18.8   5.7  13.4
1963 916.323   2060800 9    0    1    0    1 0.327 226.4  19.2  -6.1  13.8
1963 916.323   2060900 5  121  644   64  338 0.299 187.3   7.6 -10.1   2.2
1963 916.323   2061000 0  192 1353  166 1168 0.812  79.1 310.5  13.0 -54.9
1963 917.548   2060700 1    1   20    1   12 0.486 270.2  18.6   6.3  29.3
1963 917.548   2060900 5  100  482   57  273 0.464 230.3  10.6 -10.6  21.3
1963 917.548   2061000 0  370 2003  239 1291 0.629  78.0 310.1  13.1 -39.2
1963 918.354   2060700 1    0   12    0    8 0.644 271.2  19.0   6.2  40.4
1963 918.354   2060900 5   65  334   42  214 0.621 242.5  12.7 -10.8  34.1
1963 918.354   2061000 0  339 2031  193 1154 0.473  75.9 310.5  12.9 -28.1
1963 919.539   2060900 5   38  238   33  202 0.805 250.8  13.7 -10.9  50.7
1963 919.539   2061000 0  349 2347  180 1208 0.236  63.3 310.5  13.0 -12.5
1963 919.539  14720100 0    0    9    0    8 0.798 276.0  16.5   9.0  53.5
1963 920.375   2060900 5   38  154   46  184 0.906 254.3  14.6 -11.0  62.7
1963 920.375   2061000 0  449 2600  226 1308 0.109  10.8 310.7  13.2  -1.2
1963 921.355   2060900 5   11   78   27  192 0.979 256.6  15.3 -11.5  76.3
1963 921.355   2061000 0  424 2554  218 1311 0.225 296.8 310.9  12.7  11.9
1963 922.205   2061000 0  356 2168  195 1187 0.404 285.9 311.3  12.8  23.5
1963 923.581   2061000 0  215 1486  145  999 0.666 281.3 311.6  12.7  42.0
1963 924.438   2061000 0  172 1191  145 1000 0.801 281.1 312.1  13.0  53.8
1963 925.336   2061000 0   75  669   91  803 0.907 280.7 312.4  12.6  65.9
1963 925.336  14720200 0    3   26    2   15 0.466 163.9 238.6 -19.8  -7.9
1963 926.327   2061000 0   48  336  117  806 0.977 281.3 312.3  12.4  78.9
1963 928.342  14720300 0    1   29    2   31 0.881 275.7 269.0   8.2  62.3
196310 3.323   2061100 9    1   36    1   26 0.711 279.3 186.8  11.2  45.7
196310 4.338   2061100 9    0    1    0    2 0.873 279.0 189.2  11.0  61.5
196310 6.447   2061200 5   20  158   38  294 0.962  83.6  25.0   7.9 -74.8
196310 7.476   2061200 5   56  331   59  345 0.875  84.5  24.7   7.8 -61.6
196310 7.476   2061300 9    0   11    0   12 0.885  54.0  25.8  34.6 -60.5
196310 8.306   2061200 5   70  400   55  313 0.765  85.0  25.0   7.8 -50.3
196310 8.306   2061300 9   22   76   18   62 0.787  49.6  28.2  35.0 -47.1
196310 9.345   2061200 5   65  398   40  245 0.580  85.2  25.9   7.8 -35.7
196310 9.345   2061300 3   60  291   41  197 0.672  42.7  27.9  34.8 -33.7
19631010.344   2061200 5   55  373   30  201 0.370  85.3  26.6   7.4 -21.8
19631010.344   2061300 3   77  295   47  179 0.563  32.0  27.3  34.2 -21.1
19631011.382   2061200 5   69  346   35  175 0.139  78.1  26.8   7.6  -7.9
19631011.382   2061300 3   57  273   33  156 0.484  12.2  27.6  34.2  -7.1
19631011.382   2061400 0    0    6    0   16 0.981  77.5 314.7  13.4 -80.0
19631011.382   2061500 0    1   28   10  141 0.994  66.9 308.8  23.5 -85.9
19631012.420   2061200 0   63  292   32  147 0.104 286.4  26.8   7.6   5.8
19631012.420   2061300 3   28  168   16   96 0.480 348.9  27.4  34.0   6.4
19631012.420   2061400 0    0    9    0   11 0.909  78.0 314.9  13.4 -66.1
19631012.420   2061500 0   16   66   25  103 0.946  67.1 309.1  23.6 -71.9
19631013.351   2061200 0   57  302   30  159 0.306 278.2  26.6   8.1  17.8
19631013.351   2061300 3   33  194   20  116 0.548 331.3  27.4  34.3  18.6
19631013.351   2061400 0    0   10    0    9 0.807  77.4 314.7  13.6 -54.1
19631013.351   2061500 0   15   77   16   79 0.871  65.8 308.5  23.9 -60.3
19631014.341   2061200 0   41  249   24  145 0.510 276.3  26.5   8.2  30.8
19631014.341   2061300 0   19  115   13   76 0.648 318.7  26.8  34.1  31.1
19631014.341   2061500 0   15   62   12   48 0.754  63.2 308.3  23.9 -47.4
19631014.341   2061600 7   15   75    8   38 0.098 117.2 350.7   3.2  -5.0
19631014.341  14730100 0    0    6    0    4 0.533  76.6 323.7  12.0 -32.0
19631015.402   2061200 0   35  186   25  132 0.705 276.0  26.8   8.3  45.1
19631015.402   2061300 0   19   98   15   76 0.762 310.9  25.8  34.1  44.1
19631015.402   2061500 0    1   17    1   11 0.605  57.1 307.9  24.0 -33.8
19631015.402   2061600 7   58  298   30  152 0.192 254.7 352.4   2.7  10.7
19631016.304   2061200 0   26  185   24  169 0.834 276.1  26.7   8.2  56.9
19631016.304   2061300 0   16   59   16   57 0.851 306.8  25.1  34.0  55.3
19631016.304   2061600 7  111  494   60  267 0.375 263.8 351.7   2.9  21.9
19631017.426   2061200 0   17   90   29  146 0.950 277.2  27.4   8.6  72.4
19631017.426   2061300 0    4   30    6   45 0.940 304.4  24.6  34.2  69.6
19631017.426   2061600 7   57  414   37  265 0.620 268.5 353.4   3.4  38.4
19631017.426  14730200 0    0   27    0   14 0.190 164.6 312.1  -5.0  -2.9
19631018.478   2061300 0    4   26   12   79 0.986 303.5  23.1  33.9  82.0
19631018.478   2061600 7   42  240   35  197 0.790 269.9 353.4   3.3  52.3
19631018.478   2061700 9    0   36    0   19 0.244 300.2 313.6  12.4  12.5
19631019.340   2061600 7   23   97   26  108 0.890 271.4 352.9   3.7  63.1
19631019.340   2061700 9    0   21    0   12 0.456 294.3 315.4  15.7  25.6
19631020.277   2061600 7    3   25    8   52 0.968 272.9 353.1   4.1  75.7
19631020.277   2061800 5   66  315  156  739 0.977  78.3 199.0  12.5 -78.4
19631021.348   2061800 5  154  757  179  877 0.900  79.2 198.6  12.0 -64.7
19631022.393   2061800 5  187 1201  148  949 0.772  78.8 198.8  11.9 -50.7
19631023.479   2061800 5  270 1553  169  969 0.596  77.1 198.8  11.7 -36.4
19631024.302   2061800 5  236 1410  130  776 0.416  72.3 200.4  11.8 -23.9
19631024.302   2061900 4    0    6    0    4 0.622 245.2 259.4 -11.1  35.1
19631025.306   2061800 5  234 1374  120  703 0.211  54.6 201.0  11.8 -10.1
19631025.306   2061900 4    6   28    5   23 0.785 253.2 260.8 -10.0  49.7
19631026.549   2061800 5  159 1036   81  526 0.169 314.2 201.8  11.5   7.1
19631026.549   2061900 4   11   59   15   78 0.922 256.7 260.5 -10.3  65.8
19631027.595   2061800 5  147  804   80  435 0.381 288.8 202.5  11.4  21.6
19631027.595   2061900 4   11   50   39  172 0.988 258.9 260.9 -10.2  80.0
19631028.296   2061800 5  144  695   85  410 0.530 284.1 203.2  11.3  31.6
19631029.505   2061800 5   99  412   74  307 0.737 281.1 203.2  11.2  47.5
19631029.505   2062000 4   17  101   23  136 0.926 256.2 222.1 -11.0  66.4
19631029.505   2062100 5   59  204   31  107 0.284 104.2 139.7   0.3 -16.0
19631030.103   2061800 5   59  283   53  254 0.828 280.7 203.9  11.3  56.1
19631030.103   2062000 4   11   39   22   73 0.962 256.3 220.5 -11.9  72.7
19631030.103   2062100 5   37  251   19  127 0.148 118.3 140.3   0.3  -7.5
19631030.103   2062200 4    4   57    3   36 0.599  82.1 111.0   8.2 -36.8
19631031.361   2061800 0   48  164   83  284 0.956 280.3 204.6  11.1  73.4
19631031.361   2062100 5   72  419   37  215 0.214 251.1 142.9   0.2  11.7
19631031.361   2062200 4   17  105    9   56 0.322  79.2 112.6   7.5 -18.6
196311 1.397   2062100 5   80  453   45  253 0.439 262.1 143.4   0.3  25.8
196311 1.397   2062200 4    1   29    1   15 0.073  47.3 114.5   7.0  -3.1
196311 2.401   2062100 5  102  518   66  335 0.630 265.1 143.2   0.1  38.9
196311 2.401   2062200 4    0   29    0   15 0.152 296.4 112.2   7.9   7.9
196311 2.401   2062300 0    2    8    4   16 0.958 110.7  33.3 -18.5 -71.0
196311 2.401   2062400 0    8   43   18   88 0.968  83.7  28.4   7.1 -75.9
196311 3.388   2062100 5   83  482   69  397 0.792 266.6 143.5  -0.3  52.2
196311 3.388   2062300 0    1   10    2   11 0.873 113.7  33.9 -18.4 -57.4
196311 3.388   2062400 0    9   54   10   59 0.883  83.8  29.0   7.3 -62.3
196311 4.375   2062100 5   71  343   87  416 0.909 268.0 143.6  -0.2  65.3
196311 4.375   2062300 0    0    3    0    3 0.750 118.7  34.4 -18.4 -43.9
196311 4.375   2062400 4   31  118   25   94 0.772  82.7  27.6   8.1 -50.7
196311 5.294   2062100 5    9   89   21  202 0.973 268.4 142.9  -0.7  76.7
196311 5.294   2062400 4   12   58    8   37 0.608  81.2  28.8   8.3 -37.4
196311 6.292   2062400 4   18   65   10   36 0.407  80.7  29.1   7.1 -23.9
196311 7.291   2062400 4    5   39    3   20 0.193  70.8  29.3   7.1 -10.6
196311 8.382   2062400 4   17   51    9   26 0.089 329.6  28.1   7.8   2.6
196311 9.294   2062400 4    0    7    0    4 0.273 284.9  28.8   7.2  15.4
19631112.516  14740100 0    3   37    2   20 0.325  37.1 319.1  17.9 -11.9
19631115.304   2062500 0    1   15   12  102 0.996  79.7 208.6  10.5 -85.6
19631116.346   2062500 0   12   56   20   90 0.948  79.3 208.9  10.9 -71.6
19631116.346  14740200 0    6   33    5   26 0.756 281.4 329.3  10.2  48.9
19631117.328   2062500 0   18  103   18  100 0.855  78.4 208.9  11.1 -58.6
19631117.328   2062600 0    5   48   11   91 0.962  78.0 193.1  12.2 -74.4
19631118.795   2062500 0    7   55    5   36 0.640  75.1 209.1  11.2 -39.1
19631118.795   2062600 0   18  118   16  100 0.805  76.5 195.0  12.2 -53.2
19631119.293   2062500 0    8   36    5   22 0.563  72.9 208.3  11.3 -33.3
19631119.293   2062600 0   20  128   15   94 0.728  75.2 195.5  12.2 -46.1
19631120.290   2062500 7    1   32    1   18 0.422  66.6 205.2  11.5 -23.3
19631120.290   2062600 0   26  124   16   75 0.557  70.9 195.9  12.2 -32.6
19631120.290   2062700 1    3   48   15  192 0.991  85.6 146.0   4.6 -82.5
19631121.292   2062500 7    0    7    0    4 0.233  36.1 207.2  12.7  -8.1
19631121.292   2062600 0   40  172   22   93 0.371  60.5 196.0  12.3 -19.3
19631121.292   2062700 1   22  155   36  244 0.947  85.7 143.9   4.7 -71.4
19631121.292   2062800 0    7   36   26  123 0.988  84.2 134.0   6.0 -81.3
19631121.292  14740300 0    0   10    0    6 0.513  64.1 186.7  14.6 -28.5
19631122.461   2062500 7    1   37    1   19 0.227 322.6 208.0  12.1   8.1
19631122.461   2062600 0   25  182   13   93 0.194  21.1 195.8  12.2  -4.1
19631122.461   2062700 1   38  246   34  219 0.825  85.5 144.3   4.7 -55.6
19631122.461   2062800 0   11   71   14   89 0.916  84.4 133.5   5.8 -66.4
19631123.397   2062500 7    0   22    0   12 0.343 300.3 205.1  11.5  17.6
19631123.397   2062600 0   27  167   14   86 0.232 320.4 196.2  11.9   8.7
19631123.397   2062700 1   48  339   33  233 0.682  84.9 144.5   4.7 -43.0
19631123.397   2062800 0    3   56    3   48 0.805  84.1 133.9   5.7 -53.6
19631123.397   2062900 9    4   23    3   16 0.686  78.9 144.6   8.8 -42.9
19631124.320   2062600 0   12   42    7   23 0.389 297.7 196.0  11.8  20.6
19631124.320   2062700 1   52  307   31  180 0.518  83.6 144.3   4.6 -31.1
19631124.320   2062800 0   13   68    9   46 0.669  83.1 133.5   5.7 -41.9
19631124.320   2062900 9    0   15    0    9 0.506  74.8 145.8   8.9 -29.6
19631125.455   2062600 0    9   46    6   29 0.599 287.3 196.1  11.4  35.7
19631125.455   2062700 1   44  270   23  141 0.280  79.3 144.4   4.3 -16.0
19631125.455   2062800 0   12   47    7   27 0.460  81.6 133.2   5.1 -27.2
19631126.554   2062600 0    2   11    2    9 0.776 283.3 196.2  11.1  50.3
19631126.554   2062700 1   43  299   22  150 0.055  26.1 144.5   4.1  -1.4
19631126.554   2062800 0   17   52    9   27 0.230  73.4 133.1   5.0 -12.8
19631127.413   2062700 1   49  350   25  178 0.178 287.1 144.4   4.1   9.8
19631127.413   2062800 9    7   37    4   19 0.069  22.1 133.1   4.8  -1.5
19631128.501   2062700 1   43  229   24  126 0.413 278.0 144.5   4.2  24.2
19631128.501   2062800 9    3   29    2   15 0.231 288.2 133.0   5.1  12.7
19631129.285   2062700 1   42  211   26  129 0.569 275.8 144.5   4.0  34.6
19631129.285   2062800 9    3   34    2   19 0.411 279.5 133.9   4.7  24.0
19631130.295   2062700 1   22  170   17  127 0.742 274.7 144.4   4.0  47.8
19631130.295   2062800 9    0   25    0   16 0.599 277.2 133.2   4.9  36.6
19631130.295   2063000 9    1   16    1   12 0.731 277.5 143.4   6.0  46.8
196312 1.397   2062700 1    9   32   10   36 0.887 274.5 144.6   4.3  62.5
196312 1.397   2063000 9    0    8    0   10 0.900 277.5 146.1   7.0  64.0
196312 1.397   2063100 5   15  136   22  200 0.939 100.7  12.7  -9.8 -69.4
196312 2.474   2062700 1    1   12    4   29 0.974 274.2 144.8   4.2  76.9
196312 2.474   2063100 5   18  217   17  200 0.837 102.3  11.8 -10.0 -56.1
196312 2.474   2063200 9    3   43    2   23 0.310 147.1  57.9 -14.6 -10.0
196312 3.283   2063100 5   27  205   20  150 0.723 104.7  11.9 -10.3 -45.3
196312 3.283   2063200 9   11   40    6   21 0.252 188.1  59.3 -14.1   2.1
196312 4.281   2063100 5   33  220   20  132 0.549 109.8  12.4 -10.5 -31.7
196312 4.281   2063200 9    5   38    3   21 0.378 226.7  60.6 -14.8  16.5
196312 5.283   2063100 5   55  313   30  170 0.380 119.8  11.3 -10.8 -19.6
196312 5.283  14740400 0    0   15    0   22 0.938 259.0 100.2 -10.3  69.3
196312 6.303   2063100 5   33  298   17  153 0.218 147.2  10.5 -10.6  -6.9
196312 7.389   2063100 5   33  275   17  142 0.233 215.4  11.0 -11.1   7.9
196312 8.432   2063100 5   27  181   15  101 0.430 243.3  12.5 -11.4  23.1
196312 9.466   2063100 5   17   85   11   55 0.620 251.6  12.7 -11.6  36.9
196312 9.466   2063300 4    0   16    0   57 0.989  59.9 255.7  29.7 -80.1
196312 9.466  14750100 0    2   14    3   20 0.929 262.1  43.9  -7.5  68.1
19631210.284   2063100 0    6   49    5   38 0.759 255.7  13.5 -11.2  48.6
19631210.284   2063300 4    4   39    7   67 0.955  58.6 255.2  29.7 -69.8
19631211.362   2063100 0    0    7    0    9 0.895 257.9  13.8 -11.1  63.1
19631211.362   2063300 4   12   75   13   78 0.873  55.0 255.4  29.7 -55.4
19631212.533   2063300 4    6   53    5   41 0.760  48.9 254.3  29.4 -41.1
19631213.474   2063300 4    7   36    5   24 0.646  38.6 255.4  29.5 -27.6
19631215.484  14750200 0    0   16    0   18 0.886  67.8 196.2  19.0 -60.2
19631217.475  14750300 0    0    4    0    7 0.953  88.5 157.8   1.0 -72.4
19631218.470   2063400 9    7   36    5   25 0.679 315.4 249.7  27.6  32.6
19631219.462   2063400 9    2   24    2   20 0.798 307.1 250.0  27.6  45.9
19631219.462   2063500 0    0    1    0    4 0.973  76.1 128.2  13.1 -75.9
19631220.497   2063500 2   10   49   11   52 0.879  74.5 130.1  12.7 -60.3
19631221.549   2063500 2   10   58    8   44 0.742  70.0 130.8  13.4 -45.8
19631222.456   2063500 2    9   62    6   39 0.596  63.4 131.3  13.8 -33.3
19631223.484   2063500 7    0   20    0   11 0.412  48.4 132.6  13.8 -18.5
19631224.436   2063500 7    7   36    4   19 0.291  20.1 132.6  13.6  -5.9
19631224.436   2063600 1    8   47    9   49 0.875 285.5 198.2  12.4  59.7
19631225.291   2063600 1    4   30    7   51 0.954 283.2 198.9  11.8  71.6
