1962 1 1.286   2035800 2   12   72   30  169 0.976 266.9  28.0  -3.7  77.7
1962 1 1.286   2036100 0   33  170   32  161 0.846 295.6   4.4  19.6  54.1
1962 1 1.286   2036400 7    3   36    3   30 0.797 284.1   1.8   9.2  51.5
1962 1 2.466   2036100 0   19  100   31  158 0.947 291.7   3.5  19.3  68.8
1962 1 2.466   2036400 7    1   21    3   34 0.947 283.8   4.7  11.9  70.0
1962 1 2.466   2036600 0    1   19    3   34 0.957  72.5 223.3  15.7 -71.4
1962 1 3.488   2036100 0    1   30    9  138 0.993 289.7   3.0  19.1  81.7
1962 1 3.488   2036600 1   17   92   19  101 0.889  70.5 220.9  15.6 -60.4
1962 1 4.311   2036600 1   13  108   11   91 0.801  67.0 220.3  16.0 -50.1
1962 1 5.278   2036600 0   13   64    9   44 0.678  61.5 219.4  16.0 -38.3
1962 1 6.300   2036600 0    6   44    4   26 0.525  50.4 219.3  16.1 -24.9
1962 1 7.288   2036600 0    5   34    3   19 0.401  30.0 219.1  16.5 -12.1
1962 1 8.288   2036600 0    1   22    1   12 0.347 356.1 219.5  16.2   1.4
1962 110.471  14490200 0    0   22    0   17 0.755 281.3 237.4   5.7  48.1
1962 112.467   2036700 9    1    9    1    7 0.725 280.4 208.7   4.4  45.7
1962 113.424   2036700 9    0   13    0   13 0.864 277.5 209.6   4.2  59.2
1962 113.424   2036800 3    0   14    0   31 0.971  74.9  75.8  13.5 -74.6
1962 114.485   2036700 9    5   52    9   86 0.950 276.2 207.9   4.4  71.4
1962 114.485   2036800 3   14   79   18  100 0.916  72.2  72.3  14.3 -64.2
1962 114.485   2036900 9    2   32    2   29 0.832 284.4 191.2   9.3  54.7
1962 114.485  14490300 0    0    3    0    9 0.976  74.6  60.6  13.9 -75.9
1962 115.480   2036700 9    3   36   15  146 0.991 275.2 205.3   4.5  81.9
1962 115.480   2036800 3    8   81    7   69 0.808  68.2  72.6  14.5 -50.8
1962 115.480   2036900 9    2   23    3   35 0.940 282.3 192.1   9.9  68.7
1962 116.295   2036800 8    0   44    0   30 0.674  62.4  74.5  14.4 -38.1
1962 116.295   2036900 9   22  103   65  300 0.984 281.3 191.3  10.2  78.7
1962 117.459   2036800 8    1   35    1   21 0.517  53.4  72.0  13.5 -25.3
1962 118.463   2036800 8    0   27    0   15 0.362  27.4  74.2  13.8  -9.9
1962 118.463   2037000 3    7  135   17  311 0.975  83.1   7.5   5.6 -76.6
1962 119.494   2036800 0    0    7    0    4 0.338 338.9  77.7  13.3   7.2
1962 119.494   2037000 3   82  545   96  635 0.902  80.7   7.0   6.1 -63.5
1962 120.342   2037000 3  215 1279  180 1071 0.800  78.4   7.3   6.1 -52.0
1962 121.312   2037000 3  337 1948  221 1275 0.644  74.1   8.1   6.0 -38.5
1962 122.454   2037000 3  331 2251  184 1248 0.431  63.8   8.6   6.0 -22.9
1962 122.454   2037100 7    4   41    3   27 0.637  50.0   0.3  19.6 -31.2
1962 123.511   2037000 3  315 2247  163 1161 0.252  36.2   9.0   6.3  -8.6
1962 123.511   2037100 7   31  193   18  112 0.500  31.4   1.5  20.0 -16.1
1962 123.511   2037200 9    4   24    3   18 0.735 292.3  61.7  12.3  44.1
1962 123.511   2037300 6    3   43    9  102 0.976  78.6 301.4   9.9 -76.2
1962 124.278   2037000 3  283 1957  145 1001 0.209 349.0   9.8   6.3   2.3
1962 124.278   2037100 7   44  329   25  184 0.442  12.2   1.8  20.1  -5.7
1962 124.278   2037200 9    2   23    2   22 0.849 288.1  63.2  12.2  55.7
1962 124.278   2037300 6   26  203   46  355 0.957  76.9 295.9  10.8 -71.6
1962 125.279   2037000 3  271 1945  144 1032 0.333 307.2   9.8   6.2  15.5
1962 125.279   2037100 7   48  292   27  164 0.453 344.5   1.7  20.3   7.4
1962 125.279   2037200 9    0    5    0   10 0.954 284.8  65.0  12.3  70.7
1962 125.279   2037300 6   63  389   66  402 0.873  74.5 295.4  10.6 -58.9
1962 125.279   2037400 0    0    2    0    3 0.932  99.1 284.9 -10.5 -69.4
1962 126.277   2037000 3  238 1674  139  976 0.512 292.1   9.7   6.1  28.5
1962 126.277   2037100 7   31  173   19  104 0.547 323.6   1.5  20.8  20.3
1962 126.277   2037300 6   74  512   56  385 0.745  70.0 295.8  10.8 -45.4
1962 126.277   2037400 0    3   20    3   18 0.820  97.1 285.7  -9.1 -55.5
1962 127.289   2037000 3  201 1258  140  873 0.691 285.0  10.1   6.0  42.2
1962 127.289   2037100 7   14  124   10   84 0.671 309.6   1.4  20.5  33.5
1962 127.289   2037300 6   87  642   54  398 0.590  62.9 295.6  10.7 -32.3
1962 127.289   2037400 7    1   49    1   34 0.676  99.2 285.2 -10.5 -42.7
1962 127.289   2037500 9    0   17    0    9 0.142 133.8 321.9 -11.4  -6.0
1962 128.436   2037000 3  129  831  129  826 0.863 280.5  11.3   6.0  58.6
1962 128.436   2037100 7    2   14    2   13 0.819 300.4   1.8  20.7  49.1
1962 128.436   2037300 6  109  513   60  282 0.411  47.3 294.9  10.6 -17.9
1962 128.436   2037400 7    1   25    1   14 0.436 100.4 287.0  -9.8 -25.8
1962 128.436   2037500 9    7   19    4   10 0.197 243.1 323.1 -10.9  10.3
1962 129.443   2037000 3   51  463   90  809 0.957 278.3  11.7   6.2  72.2
1962 129.443   2037300 6  147 1331   77  695 0.288  12.4 295.9  10.4  -3.6
1962 129.443   2037400 0    0   11    0    6 0.262 108.0 284.8 -10.4 -14.7
1962 129.443   2037500 0    0    7    0    4 0.436 256.5 325.1 -11.2  25.6
1962 130.468   2037000 3    3   32    8   70 0.972 278.0   1.5   6.3  75.5
1962 130.468   2037300 6  138 1358   73  718 0.324 331.4 295.1  10.6   9.1
1962 130.468   2037600 9    0   31    0   61 0.963  82.7 212.3   5.4 -73.7
1962 130.468  14500100 0    0    1    0    1 0.387 236.2 305.8 -18.1  19.8
1962 131.290   2037300 6  193 1484  108  827 0.440 309.6 295.4  10.6  20.2
1962 131.290   2037600 9    0   18    0   20 0.883  80.1 214.2   5.8 -61.0
1962 131.290   2037700 0    4   49    9  109 0.973  79.9 199.6   8.4 -75.6
1962 2 1.431   2037300 6  188 1740  120 1108 0.617 295.1 294.8  10.1  34.6
1962 2 1.431   2037600 7   28  199   22  156 0.768  76.6 211.5   6.2 -48.7
1962 2 1.431   2037700 0   16   68   18   73 0.882  77.0 199.9   8.4 -60.3
1962 2 2.468   2037300 6  188 1373  149 1087 0.773 288.7 294.6  10.2  48.1
1962 2 2.468   2037600 7   37  212   23  132 0.591  70.7 212.4   6.1 -34.1
1962 2 2.468   2037700 0   14   60   11   46 0.750  72.9 200.1   8.5 -46.4
1962 2 3.300   2037300 6  150 1156  155 1194 0.872 285.4 294.3  10.2  58.7
1962 2 3.300   2037600 7   30  175   17   98 0.440  61.9 212.6   6.2 -23.0
1962 2 3.300   2037700 0   26   87   17   56 0.622  67.4 200.1   8.7 -35.5
1962 2 4.410   2037300 6   91  554  166 1003 0.960 282.7 293.2  10.3  72.2
1962 2 4.410   2037600 7   19  155   10   80 0.247  31.2 213.6   5.9  -7.4
1962 2 4.410   2037700 0   14   55    8   31 0.433  54.6 200.1   8.6 -20.9
1962 2 5.455   2037300 6   10   49   66  322 0.996 281.1 291.1  10.4  83.9
1962 2 5.455   2037600 7    0   72    0   37 0.212 332.7 212.8   4.5   5.6
1962 2 5.455   2037700 0   17   45    9   24 0.286  26.4 199.8   8.5  -7.4
1962 2 5.455   2037800 4   19   71   10   37 0.240  31.3 200.0   5.5  -7.2
1962 2 6.292   2037600 7    7   63    4   34 0.347 305.8 212.6   5.5  16.4
1962 2 6.292   2037700 0   11   38    6   20 0.268 345.5 200.1   8.6   3.9
1962 2 6.292   2037800 4   19  103   10   53 0.225 336.9 201.3   5.5   5.1
1962 2 6.292  14500200 0    0   19    0   17 0.822 261.9 251.9 -10.3  55.8
1962 2 7.460   2037600 7    6   77    4   47 0.560 291.7 212.4   6.4  31.6
1962 2 7.460   2037700 0    0    3    0    2 0.416 307.5 200.3   8.5  19.5
1962 2 7.460   2037800 4    1   30    1   17 0.415 300.0 202.0   5.9  21.2
1962 2 8.511   2037600 7   21  126   16   93 0.731 284.3 212.4   5.8  45.4
1962 2 8.511   2037800 4    4   29    3   19 0.620 288.2 203.3   5.9  36.3
1962 2 9.409   2037600 7   30  146   29  138 0.847 281.1 211.7   5.8  56.6
1962 210.335   2037600 4   12   78   18  115 0.939 279.1 211.7   6.2  68.8
1962 211.459   2037600 4    6   32   30  150 0.993 277.2 210.6   6.3  82.5
1962 211.459  14500300 0    0   10    0   11 0.873 283.3 187.2   8.2  59.1
1962 212.293   2037900 0    0    3    0    6 0.951  71.8  48.0  15.0 -69.2
1962 213.392   2037900 0    0    4    0    4 0.852  67.6  48.0  15.1 -54.7
1962 214.415   2037900 2    0    3    0    3 0.766  63.1  44.1  15.5 -45.1
1962 214.415   2038000 9    0   12    0   22 0.955  75.1  18.6  12.0 -70.6
1962 214.415   2038100 2   21  166   38  298 0.959  82.3  16.6   5.4 -72.6
1962 214.415  14500400 0    1   26    1   15 0.495 282.4 118.1   0.1  28.9
1962 215.432   2038000 9    0    8    0    8 0.855  71.8  19.8  11.7 -56.0
1962 215.432   2038100 2   35  251   36  256 0.869  79.5  16.7   5.6 -59.1
1962 216.297   2038000 9    0    3    0    3 0.783  67.1  16.6  13.1 -47.8
1962 216.297   2038100 2   57  349   44  269 0.758  76.3  16.7   5.7 -47.7
1962 217.459   2038000 9    0   11    0    7 0.585  61.2  17.7  10.4 -31.4
1962 217.459   2038100 2   62  350   38  213 0.568  69.5  16.8   5.6 -32.3
1962 217.459   2038200 0    0    7    0   13 0.961 100.3 334.1 -11.8 -75.0
1962 218.523   2038000 9    0    3    0    2 0.427  40.9  18.5  12.1 -16.6
1962 218.523   2038100 2   72  348   39  188 0.375  56.5  16.8   5.3 -18.3
1962 218.523   2038200 0    6   24    6   24 0.854  99.8 335.7 -12.0 -59.4
1962 218.523  14500500 0    0    4    0    3 0.698 303.4  72.7  17.1  37.6
1962 219.343   2038100 2   83  340   43  176 0.249  31.4  16.8   5.3  -7.5
1962 219.343   2038200 0    0   21    0   16 0.740 100.0 336.1 -12.1 -48.2
1962 219.343   2038300 5    5   42   26  195 0.993  99.6 299.8 -10.3 -84.5
1962 220.294   2038100 2   62  317   32  163 0.228 337.2  16.9   5.1   5.1
1962 220.294   2038200 0    0   11    0    7 0.577 101.0 336.4 -12.1 -35.4
1962 220.294   2038300 5   48  325   79  531 0.951  98.6 298.9 -10.3 -72.9
1962 220.294   2038400 1   26  200   90  678 0.988  77.9 292.3  10.7 -79.5
1962 221.293   2038100 2   77  364   42  197 0.376 301.8  17.3   4.7  18.7
1962 221.293   2038300 5   80  927   77  883 0.849  98.1 299.8 -10.6 -58.8
1962 221.293   2038400 1   74  391   99  518 0.924  75.5 293.1  10.5 -65.5
1962 221.293   2038500 2   10   53    6   30 0.443  95.7 332.1  -8.9 -26.5
1962 222.409   2038100 2   50  201   31  124 0.582 288.5  17.5   4.7  33.6
1962 222.409   2038300 5  200 1447  142 1026 0.707  97.7 298.5 -10.5 -45.4
1962 222.409   2038400 1  100  647   85  547 0.803  71.0 293.3  10.7 -50.6
1962 222.409   2038500 2    0   31    0   16 0.199  98.6 332.4  -8.7 -11.5
1962 223.302   2038100 2   21  145   16  107 0.730 283.2  17.7   4.6  45.5
1962 223.302   2038300 5  191 2055  114 1224 0.541  98.1 299.2 -10.4 -33.0
1962 223.302   2038400 1  152  868  104  592 0.678  65.5 293.3  10.8 -38.9
1962 223.302   2038500 7    0   21    0   11 0.044 100.5 329.7  -7.6  -2.5
1962 223.302   2038600 0    0   21    0   28 0.925  69.5 267.9  15.9 -64.3
1962 224.310   2038100 2   18  113   19  114 0.866 279.5  17.9   4.6  59.0
1962 224.310   2038300 5  269 2307  142 1218 0.317 102.3 300.5 -10.7 -18.4
1962 224.310   2038400 1  143  857   84  501 0.514  55.0 293.5  10.7 -25.4
1962 224.310   2038600 9    4   40    4   36 0.829  64.8 267.5  16.3 -51.4
1962 224.310   2038700 2   13   55    7   30 0.369  20.7 311.2  13.1  -7.7
1962 224.310   2038800 9    0   22    0   12 0.327  41.0 306.4   7.3 -12.5
1962 224.310  14510100 0    0    7    0    4 0.326 356.7 320.0  11.8   1.1
1962 225.303   2038100 2   10   37   18   65 0.957 276.9  18.2   4.5  72.4
1962 225.303   2038300 5  280 2303  141 1158 0.101 130.2 301.3 -10.9  -4.5
1962 225.303   2038400 1  152  869   82  468 0.370  33.8 293.7  10.9 -12.1
1962 225.303   2038700 0    0   12    0    7 0.371 337.2 314.3  12.9   8.5
1962 225.303   2038800 9    0   21    0   11 0.268  16.9 301.3   7.7  -4.5
1962 226.292   2038300 5  277 1933  141  982 0.174 250.7 302.4 -10.4   9.6
1962 226.292   2038400 0  174  819   92  431 0.308 357.1 293.7  10.7   0.9
1962 226.292   2038700 0    0    5    0    3 0.469 313.7 313.1  12.2  20.3
1962 226.292   2038800 9    0   27    0   14 0.253 320.9 302.0   4.2   9.2
1962 226.292   2038900 0    0    7    0   16 0.969  80.5 218.3   7.3 -74.5
1962 227.404   2038300 5  284 2079  156 1141 0.411 259.9 302.4 -10.7  24.3
1962 227.404   2038400 0  150  792   82  433 0.400 319.6 293.4  10.8  15.3
1962 227.404   2038800 9    0   20    0   12 0.497 293.0 305.4   4.8  27.3
1962 227.404   2038900 0    0   13    0   14 0.880  77.3 218.1   7.6 -60.0
1962 227.404   2039000 3   11   71   23  140 0.965  80.6 204.4   7.1 -73.7
1962 227.404  14510200 0    0    6    0    7 0.880  80.2 217.6   5.1 -60.5
1962 228.295   2038300 5  259 1861  161 1156 0.591 261.4 302.9 -10.9  36.5
1962 228.295   2038400 0  125  739   74  437 0.530 303.3 293.2  10.5  26.8
1962 228.295   2038900 0    0   16    0   13 0.762  73.4 218.9   7.7 -47.5
1962 228.295   2039000 3   26  113   29  126 0.889  78.2 205.1   7.1 -61.3
1962 3 1.303   2038300 5  147 1347  116 1062 0.771 261.9 304.1 -10.8  51.0
1962 3 1.303   2038400 0   95  636   67  445 0.698 293.6 293.7  10.8  40.6
1962 3 1.303   2038900 0    9   44    6   28 0.600  67.7 219.1   7.2 -34.0
1962 3 1.303   2039000 3   31  179   24  136 0.749  74.0 206.6   7.0 -46.5
1962 3 2.439   2038300 5   86  842  104 1016 0.907 261.1 304.2 -11.1  66.0
1962 3 2.439   2038400 0   58  470   55  443 0.845 287.2 293.3  10.4  55.1
1962 3 2.439   2038900 7    0   35    0   19 0.387  51.7 220.4   7.0 -17.8
1962 3 2.439   2039000 3   27  198   17  121 0.571  66.2 206.4   7.2 -31.8
1962 3 2.439   2039100 9    0   30    0   22 0.722 265.1 284.9  -8.5  46.7
1962 3 3.377   2038300 5   40  455   99 1116 0.979 259.7 305.1 -11.5  79.3
1962 3 3.377   2038400 0   50  252   73  367 0.938 284.1 293.5  10.5  67.7
1962 3 3.377   2038900 7    0   19    0   10 0.273  22.3 219.8   7.4  -6.0
1962 3 3.377   2039000 3   29  140   16   76 0.379  51.2 208.5   6.8 -17.3
1962 3 3.377   2039100 9    0   12    0   12 0.851 265.0 284.7  -8.0  58.9
1962 3 4.484   2038300 5    0   10    0   34 0.987 261.3 292.9  -9.7  81.7
1962 3 4.484   2038400 0   12   75   61  379 0.994 281.1 293.6  10.2  82.4
1962 3 4.484   2038900 7    0    9    0    5 0.299 330.3 219.8   7.9   8.6
1962 3 4.484   2039000 3   23  141   12   73 0.248  12.1 208.2   6.8  -3.0
1962 3 4.484  14510300 0    0    9    0    7 0.741  94.5 162.9  -8.2 -48.3
1962 3 5.402   2038900 0    0   12    0    7 0.451 298.8 222.5   5.9  23.4
1962 3 5.402   2039000 0   17   95    9   50 0.295 323.5 209.3   6.6  10.2
1962 3 5.402   2039200 4    3   20    2   12 0.536  48.8 174.5  14.1 -24.6
1962 3 6.363   2039000 1   10   95    6   52 0.403 307.1 205.4   7.2  18.9
1962 3 6.363   2039200 4    9  116    5   63 0.389  28.3 175.6  12.9 -10.9
1962 3 7.364   2039000 0    7   46    5   30 0.629 290.0 209.8   6.6  36.5
1962 3 7.364   2039200 4    3   74    2   40 0.349 350.5 176.7  12.9   3.4
1962 3 7.364  14510400 0    0   21    0   18 0.794 282.0 224.5   5.0  51.2
1962 3 8.510   2039000 0    0   18    0   15 0.790 284.2 208.6   6.6  50.4
1962 3 8.510   2039200 4    7   63    4   36 0.462 318.3 176.6  13.3  18.4
1962 3 9.630   2039000 0    3   21    5   28 0.918 281.1 208.7   7.2  65.3
1962 3 9.630   2039200 4    3   33    2   22 0.641 299.7 178.2  12.6  34.8
1962 310.303   2039200 0    2   10    2    8 0.745 294.8 178.6  13.1  44.0
1962 313.367   2039300 7   17  246   27  377 0.944  76.0  25.5  10.7 -68.7
1962 314.357   2039300 7   31  228   29  214 0.843  71.8  26.4  11.2 -54.7
1962 315.358   2039300 7   18  187   13  133 0.706  66.2  26.7  11.2 -41.2
1962 315.358   2039400 0    0   10    0   14 0.922  77.6   2.3   8.5 -65.6
1962 316.356   2039300 7   13  131    8   79 0.553  56.2  26.8  11.7 -28.0
1962 316.356   2039400 0    0   12    0   11 0.812  74.8   2.5   8.0 -52.3
1962 317.426   2039300 7   16   79    9   43 0.378  35.1  27.9  11.1 -12.8
1962 317.426   2039400 0    0    9    0    6 0.644  69.7   3.2   7.3 -37.5
1962 317.426   2039500 0    0    8    0   16 0.962  77.7 328.2   9.8 -72.5
1962 318.311   2039300 7    9   60    5   32 0.314   3.4  27.9  11.2  -1.1
1962 318.311   2039500 0    1    9    2   10 0.884  75.1 328.9   9.7 -60.1
1962 318.311   2039600 9    5   51   15  132 0.980  99.1 309.4 -10.3 -79.6
1962 319.374   2039300 7    0   29    0   16 0.370 325.9  27.2  11.0  12.2
1962 319.374   2039500 4    3   48    3   38 0.766  70.6 327.8  10.0 -47.2
1962 319.374   2039600 9   15   70   18   84 0.905  97.9 309.4 -10.1 -65.6
1962 319.374   2039700 9    1   21    1   11 0.257 186.9  16.9 -21.8   1.9
1962 319.374   2039800 9    2   10    3   14 0.922  95.5 307.2  -7.8 -67.8
1962 319.374   2039900 6   63  492  236 1841 0.991  79.4 294.1   9.5 -80.9
1962 320.356   2039300 7    0   18    0   11 0.511 304.4  27.5  10.5  25.4
1962 320.356   2039500 4    3   58    2   38 0.631  64.8 326.7   9.9 -35.4
1962 320.356   2039600 0    2   43    2   35 0.783  98.3 310.0 -10.8 -52.1
1962 320.356   2039700 9    0    7    0    4 0.364 228.0  18.9 -20.8  16.8
1962 320.356   2039800 9    7   34    6   29 0.802  94.7 308.3  -7.9 -53.8
1962 320.356   2039900 6  102  979  151 1447 0.940  77.1 293.8   9.6 -68.3
1962 320.356   2040000 9    0    9    0    8 0.822 104.0 306.3 -15.5 -55.8
1962 321.551   2039500 4    3   32    2   18 0.397  43.4 330.2  10.1 -16.1
1962 321.551   2039600 9    3   34    2   21 0.582  99.7 310.5 -11.3 -35.8
1962 321.551   2039800 9    0   12    0    8 0.611  94.4 308.3  -8.2 -38.0
1962 321.551   2039900 6  229 1642  200 1431 0.817  73.0 293.9   9.6 -52.4
1962 321.551   2040000 9    0   13    0    9 0.635 104.7 306.9 -14.7 -39.4
1962 321.551   2040100 0    0   17    0   11 0.618 296.9  20.4  10.5  34.1
1962 321.551   2040200 9    0   14    0   53 0.990  72.8 266.9  15.9 -79.4
1962 322.360   2039500 4    5   50    3   27 0.332  27.6 326.6  10.3  -9.0
1962 322.360   2039600 9    0   13    0    8 0.498 101.9 305.7 -11.9 -29.9
1962 322.360   2039800 9    0   12    0    7 0.454  94.5 308.4  -8.2 -27.2
1962 322.360   2039900 6  237 1917  168 1354 0.703  68.5 294.0   9.8 -41.6
1962 322.360   2040100 2   14   54   11   42 0.759 290.9  21.8  11.0  46.2
1962 322.360   2040200 9    3   41    6   67 0.949  70.5 267.1  16.0 -68.5
1962 322.360   2040300 9    0    9    0    5 0.389 110.4 313.5 -14.2 -22.1
1962 323.517   2039500 4   17   62    9   33 0.310 337.5 327.3   9.8   6.9
1962 323.517   2039600 9    0   17    0    9 0.235 104.2 307.0 -10.0 -13.4
1962 323.517   2039900 6  329 2026  194 1192 0.525  58.5 293.4   9.8 -27.0
1962 323.517   2040100 0    0   12    0   16 0.919 286.9  24.7  12.6  64.3
1962 323.517   2040200 9    0   18    0   16 0.819  64.4 270.0  16.4 -50.4
1962 323.517   2040300 9    0   21    0   11 0.172 137.4 313.5 -14.1  -6.9
1962 323.517   2040400 9    1   43    1   23 0.319 356.3 321.6  11.7   1.2
1962 323.517  14520100 0    0   13    0    7 0.271 123.1 306.8 -15.2 -13.6
1962 324.343   2039500 4    9   50    5   28 0.414 312.3 327.6   9.7  18.1
1962 324.343   2039600 9    3   43    2   22 0.084 149.5 307.0 -11.0  -2.5
1962 324.343   2039900 6  303 1887  165 1028 0.394  44.0 293.4   9.9 -16.1
1962 324.343   2040400 9    1   27    1   15 0.374 331.2 320.1  12.4  10.6
1962 324.343  14520200 0    0   19    0   10 0.184 238.2 318.7 -12.3   9.2
1962 324.343  14520300 0    0   11    0    6 0.045 240.8 311.8  -8.1   2.3
1962 325.334   2039500 4    6   39    4   25 0.600 297.0 329.3  10.1  32.9
1962 325.334   2039600 9    0   13    0    7 0.202 254.8 307.8  -9.7  11.4
1962 325.334   2039900 6  269 1979  141 1035 0.288  10.3 293.4   9.7  -3.0
1962 325.334   2040400 9    0   10    0    6 0.509 309.0 320.3  12.5  23.9
1962 326.362   2039500 4    3   40    3   31 0.758 289.7 329.4  10.2  46.5
1962 326.362   2039600 0    1   16    1    9 0.430 260.7 308.4 -10.1  25.5
1962 326.362   2039900 6  236 1657  126  882 0.339 326.6 293.8   9.8  10.9
1962 327.322   2039500 4    3   28    4   32 0.891 285.5 331.1  10.6  60.9
1962 327.322   2039600 0    1   17    1   11 0.612 262.6 308.2  -9.8  38.0
1962 327.322   2039900 6  215 1546  124  891 0.493 304.2 294.7  10.0  24.5
1962 328.313   2039900 6  208 1457  139  971 0.659 293.0 295.1   9.7  38.0
1962 328.313   2040400 9    0    7    0   10 0.932 283.8 324.0  10.3  66.9
1962 329.578   2039900 9   94  682   88  633 0.840 286.2 295.3   9.8  54.9
1962 329.578   2040500 9    0    7    0    4 0.452  39.6 223.1  14.1 -17.3
1962 329.578   2040600 2    0   25    0   14 0.394 109.1 217.9 -13.5 -22.5
1962 330.303   2039900 9   79  516  104  680 0.923 283.5 296.5   9.8  65.6
1962 330.303   2040500 9    0   31    0   17 0.378  19.3 223.5  14.4  -7.4
1962 330.303   2040600 2    0   29    0   15 0.234 119.9 218.9 -13.1 -12.0
1962 330.303   2040700 9    2   20    2   19 0.835  94.3 173.8  -7.2 -57.1
1962 331.307   2039900 9   32  145   65  290 0.967 282.0 291.4   9.9  73.8
1962 331.307   2040700 9    4   43    3   29 0.660  93.1 176.0  -6.9 -41.6
1962 4 1.351   2040700 5    7   46    4   26 0.442  92.1 177.5  -6.7 -26.4
1962 4 1.351   2040800 6   30  140   16   73 0.268 321.7 213.5   5.8   9.6
1962 4 1.351  14520400 0    3   24    2   14 0.500 314.0 225.6  14.4  21.8
1962 4 2.591   2040700 5    0   45    0   23 0.156  93.9 178.5  -6.9  -9.0
1962 4 2.591   2040800 6   67  294   39  169 0.489 294.3 214.1   5.9  26.6
1962 4 3.583   2040700 5   13  127    7   64 0.077 259.6 178.8  -7.1   4.4
1962 4 3.583   2040800 6   38  207   26  140 0.668 286.0 214.6   5.8  40.2
1962 4 4.315   2040700 5   34  175   18   91 0.269 265.6 180.5  -7.2  15.7
1962 4 4.315   2040800 6   20  153   17  124 0.784 282.5 215.1   5.8  50.3
1962 4 5.393   2040700 0   22   63   13   37 0.522 265.6 182.2  -7.6  31.7
1962 4 5.393   2040800 6    6   54    8   72 0.925 278.6 217.3   5.5  66.8
1962 4 6.311   2040700 0   21   57   15   40 0.696 265.2 182.8  -7.7  44.4
1962 4 6.311   2040800 0    0   10    0   50 0.994 277.2 221.1   6.4  82.7
1962 4 6.311   2040900 4    0    6    0    4 0.493 302.4 163.4   9.8  25.0
1962 4 7.314   2040700 0    8   40    8   38 0.840 264.0 182.8  -8.3  57.6
1962 4 7.314   2040900 4   15   98   10   65 0.655 292.7 163.0   9.9  37.8
1962 4 8.309   2040700 0    2   14    3   22 0.939 263.1 182.6  -8.5  70.5
1962 4 8.309   2040900 4   15  156   13  128 0.789 288.4 161.7  10.6  49.6
1962 4 8.309   2041000 0    0    7    0    7 0.851 266.9 170.8  -5.8  58.7
1962 4 9.320   2040900 4   12  159   16  204 0.918 284.2 163.6  10.6  64.9
1962 4 9.320   2041000 0    0    4    0    7 0.954 265.4 171.8  -6.1  73.1
1962 410.321   2040900 4    4   39   17  157 0.991 281.2 166.5  10.2  81.0
1962 411.411   2041100 9    0   11    0    8 0.697  69.0  29.7  10.2 -41.4
1962 411.411   2041200 1   10   79   37  283 0.989  96.7 349.0  -7.5 -82.1
1962 412.326   2041100 9   18  111   11   66 0.527  61.0  31.1   9.8 -27.9
1962 412.326   2041200 1   26  174   40  267 0.944  96.2 347.8  -7.7 -71.2
1962 412.326   2041300 9    0    6    0   10 0.938  61.5 354.2  24.3 -64.8
1962 412.326   2041400 0    6   51   33  260 0.994  82.9 335.9   6.4 -83.1
1962 413.320   2041100 9   48  280   26  150 0.353  40.6  32.4  10.1 -13.5
1962 413.320   2041200 1   26  156   25  147 0.844  95.9 347.9  -8.0 -58.0
1962 413.320   2041300 9    0    7    0    7 0.860  56.2 353.7  25.2 -52.2
1962 413.320   2041400 0   17  152   27  229 0.941  81.4 336.6   6.1 -69.3
1962 413.320   2041500 7    5  103   15  311 0.985  80.6 326.7   8.2 -79.2
1962 414.327   2041100 9   97  845   51  441 0.280   1.8  32.1  10.7  -0.5
1962 414.327   2041200 1   15  103   11   71 0.685  95.5 349.1  -7.8 -43.5
1962 414.327   2041400 0   30  225   28  205 0.833  79.0 337.3   6.0 -55.3
1962 414.327   2041500 7   20  200   26  256 0.919  78.2 327.2   8.6 -65.4
1962 415.308   2041100 6  121  792   65  424 0.352 320.7  32.8  10.5  13.1
1962 415.308   2041200 1   17  117   10   68 0.503  96.1 349.4  -7.8 -30.3
1962 415.308   2041400 0   53  339   37  234 0.685  75.2 337.9   6.0 -41.8
1962 415.308   2041500 7   32  291   28  248 0.807  74.9 327.7   8.8 -52.0
1962 415.308   2041600 9    6   76   13  150 0.966  79.3 305.9   8.8 -73.8
1962 416.327   2041100 6  113  716   66  415 0.503 302.0  31.9  10.6  25.7
1962 416.327   2041200 1    3   43    2   23 0.309 100.0 348.3  -8.2 -17.9
1962 416.327   2041400 0   58  376   34  219 0.508  68.5 337.8   6.0 -28.4
1962 416.327   2041500 7   59  431   39  283 0.645  70.0 328.4   8.5 -37.8
1962 416.327   2041600 9   19  100   22  111 0.889  76.6 305.0   9.3 -61.2
1962 417.304   2041100 6   75  632   51  427 0.669 292.1  32.4  10.5  39.1
1962 417.304   2041200 1    1   45    1   23 0.110 116.7 347.6  -8.1  -5.7
1962 417.304   2041400 0   73  464   39  246 0.326  54.2 337.9   5.9 -15.4
1962 417.304   2041500 7   76  548   43  310 0.462  60.6 329.3   8.3 -24.0
1962 417.304   2041600 9   27  138   22  109 0.769  72.9 305.1   9.6 -48.2
1962 418.301   2041100 6   48  372   42  323 0.815 286.7  32.6  10.4  52.5
1962 418.301   2041400 0  131  450   67  230 0.197  11.7 337.8   5.9  -2.3
1962 418.301   2041500 7   76  497   40  260 0.289  38.2 329.7   8.0 -10.4
1962 418.301   2041600 9   18  111   12   71 0.613  67.4 305.1   9.4 -35.0
1962 419.343   2041100 6   36  174   48  228 0.922 283.4  32.1  10.3  65.7
1962 419.343   2041400 0   61  436   32  227 0.273 314.4 337.7   6.0  11.3
1962 419.343   2041500 9  135  706   70  364 0.239 344.5 330.1   8.2   3.7
1962 419.343   2041600 9   16   71    9   40 0.434  53.7 305.6  10.1 -20.8
1962 419.343   2041700 9    0    7    0    5 0.636  61.9 291.2  13.3 -35.2
1962 420.383   2041100 6    6   57   17  141 0.978 281.5  29.3  10.1  76.7
1962 420.383   2041400 0   65  371   37  209 0.455 294.0 337.3   6.1  24.7
1962 420.383   2041500 9  135  600   73  324 0.372 306.5 330.2   8.0  17.6
1962 420.383   2041600 9   11   47    6   25 0.293  26.4 305.0  10.2  -7.6
1962 420.383   2041700 9    0   15    0    9 0.476  57.3 288.6  10.3 -24.0
1962 420.383  14530100 0    0   13    0    7 0.080 217.0 315.4  -8.7   2.8
1962 421.544   2041400 0   56  311   38  210 0.668 284.8 337.8   6.1  40.5
1962 421.544   2041500 9   74  553   46  342 0.584 290.7 330.8   7.8  33.5
1962 421.544   2041600 9    0   45    0   24 0.295 335.0 304.6  10.6   7.3
1962 421.544   2041700 9    0   64    0   34 0.332  25.8 288.8  12.5  -8.5
1962 421.544   2041800 2    0   36    0   26 0.705 295.1 338.4  13.7  41.1
1962 421.544   2041900 4   11   78    6   40 0.204 128.6 287.9 -12.2  -9.4
1962 422.379   2041400 0   40  239   34  199 0.796 281.7 337.9   6.3  51.6
1962 422.379   2041500 9   50  434   38  327 0.745 286.1 332.7   8.6  46.4
1962 422.379   2041600 9    0    9    0    5 0.409 308.0 305.4  10.0  19.1
1962 422.379   2041700 9    0   38    0   20 0.290 347.7 289.9  11.6   3.6
1962 422.379   2041800 0    9   42    9   41 0.849 290.3 341.6  14.4  55.3
1962 422.379   2041900 4   21  162   11   82 0.138 195.0 288.4 -12.5   2.1
1962 422.379  14530200 0    0   13    0    8 0.534 261.9 318.5  -8.4  32.3
1962 423.394   2041400 0   21  123   28  158 0.918 279.1 338.7   6.4  65.8
1962 423.394   2041500 9   48  244   53  269 0.888 282.6 334.2   8.9  61.3
1962 423.394   2041600 9    0    3    0    2 0.584 293.9 305.7   9.7  32.8
1962 423.394   2041700 9    0   25    0   14 0.386 316.2 288.7  11.6  15.8
1962 423.394   2041800 0    1   21    3   34 0.947 286.5 342.2  14.0  69.3
1962 423.394   2041900 4   26  165   14   87 0.298 245.0 288.9 -11.8  16.0
1962 424.451   2041400 0    1   13    6   45 0.988 276.8 339.3   6.0  80.4
1962 424.451   2041500 9    6   50   16  134 0.981 280.1 336.9   9.0  78.0
1962 424.451   2041900 4   10   88    6   52 0.517 254.6 289.5 -11.9  30.6
1962 424.451   2042000 1    0   21    0  246 0.999  80.9 172.6   8.8 -86.3
1962 425.331   2041900 4    6   62    4   41 0.652 256.0 287.7 -12.6  40.4
1962 425.331   2042000 1   37  330   72  640 0.965  80.0 173.5   8.4 -73.8
1962 425.331  14530300 0    0   13    0    8 0.491 118.6 220.3 -17.7 -26.9
1962 426.441   2042000 1  131  746  140  792 0.879  78.1 172.2   8.3 -60.4
1962 427.599   2042000 1  146 1015  107  744 0.728  74.5 172.2   8.1 -45.1
1962 428.366   2042000 1  202 1210  128  767 0.612  70.7 171.5   8.2 -35.7
1962 428.366   2042100 9    1   44    1   24 0.394  51.6 188.9  10.1 -18.3
1962 428.366  14530400 0    0   13    0   11 0.792  74.1 156.5   9.8 -50.6
1962 429.653   2042000 1  168 1134   91  612 0.373  55.9 172.0   8.1 -18.2
1962 429.653   2042100 0    0    1    0    1 0.282 358.6 190.6  12.2   0.4
1962 429.653   2042200 0    1   10    1    8 0.732 280.9 236.4   5.1  46.2
1962 430.643   2042000 1  155  998   80  513 0.227  20.9 172.4   8.2  -4.7
1962 430.643   2042200 0    0    6    0    6 0.841 278.6 233.7   5.0  56.6
1962 430.643   2042300 9    0    9    0    5 0.110 113.8 171.3  -6.6  -5.8
1962 430.643   2042400 9    1   17    4   38 0.972  68.6 103.1  19.7 -74.0
1962 5 1.319   2042000 1  213 1104  110  568 0.230 340.8 172.5   8.6   4.4
1962 5 1.319   2042300 9    0    7    0    4 0.045 230.8 170.1  -5.6   2.0
1962 5 1.319   2042400 9   17   98   24  132 0.925  65.8 103.7  20.6 -64.4
1962 5 1.319   2042500 4    0   30    0   18 0.548  46.2 143.4  18.7 -24.7
1962 5 2.367   2042000 1  145  876   79  475 0.382 304.8 172.8   8.9  18.5
1962 5 2.367   2042400 4   38  324   33  281 0.813  61.7 104.6  20.2 -49.7
1962 5 2.367   2042500 4    1   23    1   13 0.414  22.9 144.5  18.6  -9.8
1962 5 3.369   2042000 1  127  982   77  594 0.559 292.6 172.5   9.2  31.5
1962 5 3.369   2042400 4   54  295   37  201 0.675  54.9 105.1  19.8 -35.9
1962 5 3.369   2042500 4    0    5    0    3 0.386 345.6 146.8  18.2   5.8
1962 5 4.323   2042000 1   56  656   41  475 0.721 286.3 172.9   9.1  44.5
1962 5 4.323   2042400 9   28  230   17  137 0.535  43.2 105.5  19.6 -22.9
1962 5 4.323  14530500 0    6   41   12   74 0.959 288.2 200.0  16.3  71.6
1962 5 5.359   2042000 0   45  442   46  447 0.868 283.2 173.7   9.6  59.0
1962 5 5.359   2042400 9    9   86    5   48 0.424  21.2 105.3  19.8  -9.4
1962 5 6.422   2042000 0   23  191   43  350 0.961 281.0 173.7   9.6  73.0
1962 5 6.422   2042400 9    1   21    1   12 0.398 344.9 107.0  19.2   6.3
1962 5 6.422   2042600 9    0   22    0   12 0.360 135.1  85.2 -18.1 -15.5
1962 5 6.422   2042700 0    1   23    2   26 0.891  70.8  40.0  15.4 -60.7
1962 5 7.535   2042000 0    0   21    0  119 0.995 278.6 169.8   8.2  83.8
1962 5 7.535   2042400 9    0   18    0   11 0.516 317.1 107.8  19.1  21.8
1962 5 7.535   2042700 0   16   58   12   44 0.741  65.7  41.5  15.4 -44.5
1962 5 8.438   2042400 9    0    9    0    6 0.599 304.4 105.1  17.0  31.1
1962 5 8.438   2042600 5    0   20    0   11 0.328 216.7  85.9 -18.4  11.9
1962 5 8.438   2042700 0   14   60    9   38 0.601  59.2  41.7  15.2 -32.3
1962 5 8.438   2042800 0    8   67   39  307 0.993  98.9 350.3  -9.2 -83.7
1962 5 9.384   2042600 5    5   57    3   33 0.487 237.0  87.0 -18.2  25.5
1962 5 9.384   2042700 0   17   82   10   46 0.446  46.0  42.1  15.1 -19.4
1962 5 9.384   2042800 0   19  146   29  214 0.938  98.6 351.5  -9.1 -70.0
1962 510.343   2042600 5   15  150   10  100 0.657 245.6  87.8 -18.1  39.0
1962 510.343   2042700 0   11   52    6   28 0.328  19.8  42.2  15.0  -6.6
1962 510.343   2042800 0   46  273   44  260 0.849  98.8 350.6  -9.1 -58.2
1962 510.343  14530600 0    0    9    0    5 0.420  46.6  30.5  13.9 -18.3
1962 511.394   2042600 5   67  429   60  379 0.821 249.5  89.2 -18.4  54.2
1962 511.394   2042700 0    7   26    4   14 0.328 338.6  42.1  14.9   7.1
1962 511.394   2042800 0   64  320   45  225 0.699  99.9 350.8  -9.0 -44.2
1962 512.333   2042600 5   51  357   67  462 0.921 251.4  89.2 -18.2  66.7
1962 512.333   2042700 0    1   23    1   13 0.448 313.4  42.2  15.3  19.7
1962 512.333   2042800 0   65  420   39  249 0.533 102.3 350.7  -8.9 -31.8
1962 513.319   2042600 5   18  116   64  393 0.988 251.9  91.2 -18.3  81.7
1962 513.319   2042700 2    4   32    3   20 0.588 299.9  41.3  14.8  31.8
1962 513.319   2042800 1   54  477   29  253 0.329 109.4 351.2  -8.8 -18.3
1962 514.323   2042700 0    0    9    0    7 0.742 293.8  41.0  15.6  44.8
1962 514.323   2042800 1   47  317   24  160 0.135 141.3 351.3  -8.6  -4.9
1962 515.328   2042800 1   62  367   32  187 0.190 234.3 351.9  -8.8   9.0
1962 516.358   2042800 1   49  283   27  154 0.392 252.3 351.5  -9.0  22.2
1962 516.358   2042900 0    3   18   16   79 0.992  84.6 246.8   5.1 -82.5
1962 517.623   2042800 1   43  336   28  218 0.633 258.3 351.5  -9.1  38.9
1962 517.623   2042900 0   10   45   13   56 0.912  83.3 247.2   5.2 -65.4
1962 517.623   2043000 9    0   17    0   22 0.912  97.1 246.7  -7.4 -65.9
1962 518.331   2042800 0   50  196   38  149 0.751 259.4 351.6  -9.3  48.4
1962 518.331   2042900 0    8   42    8   39 0.836  82.4 246.9   5.2 -56.3
1962 518.331   2043000 9    0   11    0   10 0.827  97.5 247.4  -7.4 -55.8
1962 519.325   2042800 0   26  140   28  148 0.878 260.4 351.4  -9.4  61.3
1962 519.325   2042900 0    7   32    5   22 0.678  80.1 248.0   5.2 -42.1
1962 519.325   2043000 0    1   11    1    8 0.705  98.5 245.4  -7.4 -44.7
1962 519.325   2043100 0    0    9    0    5 0.277 343.3 294.8  13.4   4.7
1962 520.348   2042800 0    8   80   17  155 0.965 261.0 351.3  -9.2  74.8
1962 520.348   2042900 0    5   29    3   17 0.498  76.0 247.5   5.3 -29.0
1962 520.348   2043100 0    0   11    0    6 0.381 315.0 292.6  13.8  16.1
1962 520.348   2043200 7   35  168   92  435 0.980  73.7 199.1  15.6 -77.4
1962 520.348  14540100 0    0    4    0    4 0.821 285.3 330.4  11.4  53.9
1962 521.327   2042900 0    7   24    4   13 0.291  66.1 248.1   5.1 -15.5
1962 521.327   2043200 7   43  340   55  435 0.918  72.2 198.5  15.6 -65.1
1962 521.327   2043300 5    8   53   42  270 0.994  98.8 179.5  -8.9 -84.1
1962 522.308   2042900 0    0   11    0    6 0.123  18.1 248.4   5.1  -2.2
1962 522.308   2043200 7   65  546   56  469 0.810  69.3 198.7  15.6 -51.9
1962 522.308   2043300 5   49  470   96  909 0.965  98.0 175.8  -8.1 -74.8
1962 522.308  14540200 0    0   13    0    7 0.170 311.1 257.9   4.8   7.4
1962 523.306   2042900 0    0   11    0    6 0.229 300.6 248.8   5.2  11.4
1962 523.306   2043200 7   67  467   46  317 0.672  64.7 198.3  15.5 -39.1
1962 523.306   2043300 5  143  863  148  888 0.872  98.6 176.8  -8.2 -60.6
1962 524.298   2043200 7   92  475   54  277 0.509  56.2 198.3  15.2 -26.0
1962 524.298   2043300 5  175 1152  128  842 0.728  99.8 177.9  -8.1 -46.4
1962 525.339   2043200 7   65  448   35  240 0.352  36.0 198.1  15.3 -12.4
1962 525.339   2043300 5  219 1164  131  696 0.546 102.4 177.9  -7.8 -32.6
1962 525.339  14540300 0    0    6    0    4 0.513 284.4 240.5   6.2  30.0
1962 526.324   2043200 7   57  374   30  196 0.288 359.7 197.6  15.6   0.1
1962 526.324   2043300 5  190 1159  101  616 0.338 110.2 178.8  -7.8 -18.7
1962 527.490   2043200 7   20  198   11  108 0.387 316.2 198.1  15.2  16.1
1962 527.490   2043300 5  190 1293   96  652 0.129 154.5 178.8  -7.7  -3.2
1962 528.379   2043200 7   33  160   20   95 0.534 301.3 198.5  15.3  28.2
1962 528.379   2043300 5  180 1330   92  679 0.201 232.0 179.5  -8.0   9.2
1962 528.379   2043400 4    0   11    0    6 0.280 324.0 180.0  12.2   9.7
1962 529.321   2043200 7   43  212   30  147 0.687 292.9 198.7  14.9  40.9
1962 529.321   2043300 5  186 1035  101  562 0.387 251.2 179.5  -7.9  21.7
1962 529.321   2043400 4   12   73    7   41 0.439 299.4 180.8  11.7  23.0
1962 530.301   2043200 7   62  376   55  334 0.824 287.8 198.8  14.2  54.0
1962 530.301   2043300 5  157 1094   96  668 0.572 257.3 179.1  -7.8  34.3
1962 530.301   2043400 4    1   32    1   21 0.629 289.4 182.1  11.5  37.3
1962 531.325   2043200 7   32  314   50  477 0.942 285.4 200.9  14.3  69.6
1962 531.325   2043300 5  135  906  102  683 0.747 259.9 179.2  -7.9  47.9
1962 531.325   2043500 9    0   14    0   10 0.679 116.1  91.5 -17.8 -39.8
1962 6 1.320   2043200 7    8   35   22   92 0.980 284.9 196.0  14.5  77.9
1962 6 1.320   2043300 5   75  559   77  574 0.871 261.7 178.5  -7.4  60.4
1962 6 1.320   2043500 9    0   18    0   11 0.528 124.8  91.0 -17.9 -27.1
1962 6 2.430   2043300 7   34  294   68  587 0.967 262.2 178.5  -7.6  75.1
1962 6 2.430   2043500 9    0   29    0   16 0.365 146.3  91.1 -18.0 -12.3
1962 6 2.430   2043600 4   12   45    9   33 0.720  75.7  58.3  10.0 -45.1
1962 6 3.340   2043300 7    0   38    0  301 0.998 263.4 177.4  -6.6  86.0
1962 6 3.340   2043600 4    0    8    0    5 0.533  74.0  60.2   8.3 -31.2
1962 6 3.340   2043700 9    2   22    2   18 0.788  99.1  39.7  -7.3 -51.7
1962 6 4.317   2043700 9    0   13    0    9 0.647 100.1  38.6  -6.6 -39.9
1962 6 4.317   2043800 9    0   11    0    6 0.352 213.1  90.1 -17.2  11.6
1962 6 4.317   2043900 9    0    7    0    8 0.896  85.7  14.9   3.8 -63.6
1962 6 5.369   2043600 4    0   57    0   29 0.171  33.0  59.1   8.3  -5.4
1962 6 5.369   2043800 9    0   13    0    8 0.557 233.3  92.8 -19.4  28.3
1962 6 5.369   2044000 9    6   68   16  160 0.976  98.6 347.1  -8.4 -77.4
1962 6 6.317   2043600 4   13   80    7   41 0.197 314.4  60.2   8.1   8.2
1962 6 6.317   2043900 9    4   30    3   19 0.595  82.5  15.7   4.6 -36.3
1962 6 6.317   2044000 9   27  150   32  173 0.899  98.9 348.3  -7.9 -63.7
1962 6 7.316   2043600 4   18   85   10   46 0.379 291.9  59.6   8.4  20.8
1962 6 7.316   2043900 9    0    7    0    4 0.358  78.7  18.2   4.3 -20.6
1962 6 7.316   2044000 9   30  143   24  112 0.764 100.9 349.5  -8.1 -49.3
1962 6 8.306   2043600 4    1   30    1   18 0.547 286.5  57.8   9.3  32.1
1962 6 8.306   2044000 4   24  158   15   97 0.578 103.6 351.2  -7.5 -34.5
1962 6 8.306   2044100 0    1   29    1   15 0.185 298.7  35.1   5.5   9.4
1962 6 9.334   2044000 4   44  347   24  186 0.356 110.9 352.5  -6.8 -19.6
1962 6 9.334   2044100 0    0    7    0    4 0.406 279.4  35.8   4.3  23.7
1962 6 9.334   2044200 4    0   32    0   52 0.949 104.3 301.2 -13.4 -70.9
1962 6 9.334  14540400 0    0   11    0    9 0.774 278.8  62.4   7.1  50.4
1962 610.353   2044000 4   41  188   21   96 0.195 135.0 350.6  -7.3  -8.0
1962 610.353   2044200 4   13   67   13   63 0.843 106.0 302.3 -13.1 -56.3
1962 611.478   2044000 4   27  164   14   84 0.193 222.0 351.2  -7.5   7.5
1962 611.478   2044200 4    1   34    1   24 0.691 110.0 301.9 -13.1 -41.8
1962 611.478   2044300 4    0   13    0   28 0.969  84.3 268.0   5.7 -75.7
1962 612.459   2044000 4   11   82    6   45 0.394 248.4 352.4  -7.5  21.7
1962 612.459   2044200 4   11   72    7   44 0.560 110.9 298.5 -10.8 -32.2
1962 612.459   2044300 4    4   41    5   47 0.893  83.7 267.5   6.0 -63.2
1962 613.323   2044000 4    5   47    3   28 0.537 253.9 350.7  -7.7  31.4
1962 613.323   2044200 4   21  111   12   61 0.409 119.0 298.0 -10.5 -21.3
1962 613.323   2044300 4    0   23    0   19 0.787  83.2 267.5   6.0 -51.8
1962 613.323   2044400 9    0    8    0    6 0.672  75.6 277.9  10.4 -41.4
1962 614.320   2044000 4    4   24    3   18 0.724 258.8 351.8  -7.3  45.7
1962 614.320   2044200 4   27  155   14   80 0.242 148.5 298.7 -10.8  -7.4
1962 614.320   2044400 9   13   67    8   39 0.496  71.2 277.6  10.2 -28.5
1962 615.525   2044000 4    0    7    0    7 0.863 259.4 349.1  -8.5  59.0
1962 615.525   2044200 4   28  187   15   97 0.256 216.9 299.1 -10.6   9.0
1962 615.525   2044400 9   13   99    7   52 0.271  54.0 277.2  10.4 -12.9
1962 615.525   2044500 3    0   15    0    8 0.141  81.0 282.1   2.5  -8.0
1962 615.525   2044600 0    0   13    0    7 0.322  79.3 271.6   4.6 -18.5
1962 615.525   2044700 9    0   14    0    8 0.431 126.5 269.2 -13.7 -20.9
1962 616.404   2044200 4   16  112    9   62 0.416 239.9 300.0 -10.8  21.5
1962 616.404   2044400 9   11   55    6   28 0.147   2.7 278.1   9.8  -0.4
1962 616.404   2044500 3    5   61    3   31 0.093 290.3 283.5   3.2   5.0
1962 616.404   2044600 0    0   11    0    6 0.149  64.8 270.7   5.0  -7.8
1962 616.404   2044700 9    0   17    0    9 0.316 149.7 269.0 -14.5  -9.5
1962 616.404   2044800 0    0    8    0   16 0.959  74.4 205.2  15.3 -73.3
1962 617.308   2044200 4    6   53    4   33 0.592 248.7 300.7 -11.2  34.2
1962 617.308   2044400 9    0   21    0   11 0.262 305.0 279.1  10.1  12.6
1962 617.308   2044500 3   15   66    8   35 0.312 277.0 284.6   3.6  18.1
1962 617.308   2044700 6   17   70    9   37 0.292 185.6 268.2 -15.4   1.7
1962 617.308   2044800 0    0   11    0   13 0.886  73.7 204.8  15.1 -61.7
1962 617.308   2044900 5    6   56   19  158 0.983  73.8 187.1  16.2 -79.4
1962 617.308  14550100 0    0   12    0    7 0.487 294.1 293.6  12.8  27.1
1962 618.338   2044200 4   13   64   11   53 0.789 253.7 303.6 -11.8  50.7
1962 618.338   2044400 9    0   17    0   10 0.445 289.0 278.2   9.8  25.3
1962 618.338   2044500 3    1   25    1   15 0.539 274.7 285.5   3.9  32.6
1962 618.338   2044700 6   11   73    6   40 0.396 223.4 269.3 -15.2  16.4
1962 618.338   2044800 0    0    5    0    4 0.760  71.1 204.7  15.3 -48.2
1962 618.338   2044900 5    1   54    2   63 0.899  72.6 189.5  16.3 -63.4
1962 618.338   2045000 4    0    6    0   12 0.958  99.9 180.0  -9.0 -72.9
1962 619.321   2044200 5   21  141   25  168 0.905 256.3 303.8 -11.6  63.9
1962 619.321   2044400 9    0   29    0   18 0.578 286.7 274.2  11.0  34.3
1962 619.321   2044700 6    0   78    0   47 0.547 239.3 269.0 -14.7  29.1
1962 619.321   2044900 5   21  142   17  114 0.778  71.0 190.0  15.8 -49.9
1962 619.321   2045000 4    4   17    5   18 0.873 100.8 179.8  -8.6 -60.1
1962 620.347   2044200 5    4   63   12  177 0.983 257.7 305.1 -11.7  78.8
1962 620.347   2044400 2    2   53    2   40 0.740 283.2 273.5  11.0  47.2
1962 620.347   2044900 5    6  159    4   99 0.591  65.5 192.3  15.7 -34.0
1962 620.347   2045000 4    1   13    1   10 0.736 103.9 180.0  -8.9 -46.3
1962 621.474   2044400 2    0   12    0   14 0.889 281.7 274.0  11.3  62.6
1962 621.474   2044900 5   28  166   16   92 0.422  56.0 190.1  15.5 -21.3
1962 621.474   2045000 4    3   18    2   11 0.562 109.2 178.9  -9.0 -32.5
1962 621.474  14550200 0    0    2    0    2 0.788 279.8 263.1   8.9  51.8
1962 622.525   2044900 5   34  223   18  116 0.264  23.2 191.2  16.1  -6.2
1962 622.525   2045000 4    1   18    1   10 0.342 120.1 180.0  -7.9 -17.4
1962 622.525  14550300 0    0   17    0   37 0.970 255.7 272.5 -13.3  75.1
1962 622.525  14550400 0    0    5    0    3 0.299 349.9 200.6  19.2   3.2
1962 623.349   2044900 5   48  285   25  148 0.261 338.2 192.3  16.2   5.8
1962 623.349   2045000 4    0   25    0   13 0.236 140.2 177.7  -8.3  -8.8
1962 624.368   2044900 5   25  177   14   97 0.401 308.1 192.2  16.5  19.2
1962 624.368   2045100 3   33  256   98  743 0.984  90.4  93.3   0.0 -79.7
1962 625.315   2044900 5    6   52    4   31 0.519 298.4 188.9  16.4  28.4
1962 625.315   2045100 3   82  484  106  622 0.919  91.3  93.7  -0.2 -66.8
1962 625.315   2045200 1    2   15    7   53 0.989 109.9  80.5 -19.3 -80.0
1962 625.315  14550500 0    5   36    8   50 0.930 275.3 229.1   5.8  68.6
1962 626.317   2045100 3  125  672  105  564 0.801  92.1  94.1  -0.2 -53.2
1962 626.317   2045200 1   15  163   20  217 0.924 112.4  82.2 -19.6 -65.1
1962 626.317  14550600 0    0    7    0    8 0.895 282.4 210.6  12.2  63.4
1962 627.319   2045100 3  152  876  100  574 0.644  93.1  94.0   0.0 -40.0
1962 627.319   2045200 1   34  250   30  219 0.818 116.4  82.9 -19.7 -51.1
1962 628.317   2045100 3  183 1047  103  588 0.453  95.9  94.0  -0.2 -26.8
1962 628.317   2045200 1   41  281   28  192 0.679 123.5  83.8 -19.8 -37.0
1962 629.604   2045100 1  226 1266  115  643 0.172 107.9  94.3  -0.2  -9.4
1962 629.604   2045200 1   65  392   38  227 0.499 140.9  84.1 -20.1 -19.6
1962 630.318   2045100 1  177 1166   89  584 0.057 187.0  94.7  -0.3   0.4
1962 630.318   2045200 1   45  280   25  155 0.422 157.3  84.3 -20.0 -10.0
1962 630.318   2045300 0    1   45    1   27 0.535 147.8  76.1 -24.1 -18.2
1962 630.318   2045400 9    0   17    0   16 0.830 101.9  39.2  -8.2 -55.1
1962 7 1.370   2045100 1  171  906   89  470 0.263 258.2  95.3  -0.1  14.9
1962 7 1.370   2045200 1   45  219   25  120 0.401 188.4  84.0 -20.3   3.6
1962 7 1.370   2045300 0    7   28    4   16 0.470 171.3  75.9 -24.6  -4.5
1962 7 1.370   2045400 9    0   30    0   21 0.688 105.3  38.3  -8.2 -42.1
1962 7 1.370  14550700 0    0   25    0   14 0.433 109.7  56.1  -5.6 -24.2
1962 7 2.433   2045100 1  123  683   71  392 0.487 264.3  95.3   0.0  29.0
1962 7 2.433   2045200 1   24  144   14   83 0.488 215.0  83.7 -20.5  17.4
1962 7 2.433   2045300 0    3   36    2   21 0.488 197.9  75.8 -24.5   9.5
1962 7 3.344   2045100 1  109  589   72  389 0.651 266.5  94.7   0.2  40.5
1962 7 3.344   2045200 9   17  115   11   72 0.594 227.9  82.3 -20.6  28.1
1962 7 4.336   2045100 1  100  562   84  470 0.799 268.3  94.1   0.7  53.0
1962 7 4.336   2045200 9    6   40    5   30 0.742 237.6  83.2 -20.9  42.1
1962 7 5.527   2045100 1   58  346   82  489 0.934 269.5  94.4   0.8  69.1
1962 7 5.527   2045200 9    0   28    0   29 0.867 244.0  81.6 -20.4  56.3
1962 7 6.657   2045100 1   15   91   88  511 0.995 270.4  94.9   0.7  84.5
1962 7 6.657   2045500 9    0   15    0    8 0.300 348.4  14.1  20.7   3.7
1962 7 6.657   2045600 1   27  162   72  431 0.981  81.1 291.2   9.4 -79.2
1962 7 7.384   2045500 9    0   24    0   13 0.359 319.3  15.2  19.4  14.4
1962 7 7.384   2045600 1   53  411   77  594 0.937  81.7 290.9   9.1 -69.9
1962 7 8.370   2045600 1   78  388   71  353 0.832  81.2 291.2   9.4 -56.5
1962 7 8.370  14560100 0    0    6    0    5 0.752 107.5 300.9 -10.5 -46.8
1962 7 9.318   2045600 1   96  423   67  295 0.694  80.5 291.3   9.4 -43.9
1962 710.362   2045600 1   80  520   47  302 0.507  78.1 291.2   9.5 -30.2
1962 711.331   2045600 1   96  615   51  324 0.310  71.8 291.1   9.5 -17.4
1962 711.331  14560200 0    0    4    0    4 0.795  74.5 256.1  14.8 -52.4
1962 712.371   2045600 1  113  595   57  300 0.113  35.3 291.0   9.5  -3.8
1962 713.314   2045600 1  122  657   62  334 0.169 306.0 290.3  10.0   8.0
1962 713.314   2045700 2    0   25    0   22 0.817 105.8 229.3 -10.3 -53.0
1962 714.434   2045600 1  105  556   58  305 0.405 284.3 291.0   9.8  23.5
1962 714.434   2045700 0    0   11    0    7 0.614 113.6 232.6 -10.6 -34.9
1962 714.434   2045800 0    0    4    0    3 0.677 266.5 310.0   0.9  42.5
1962 714.434   2045900 9    0    9    0   14 0.945  80.1 196.2  10.8 -71.3
1962 715.425   2045600 9   83  474   52  296 0.596 280.4 290.9   9.8  36.5
1962 715.425   2045800 0    0   14    0   13 0.838 267.5 311.2   0.4  56.8
1962 715.425   2045900 9    0    2    0    2 0.837  80.5 197.3  10.4 -57.1
1962 716.444   2045600 9   57  355   45  278 0.766 278.7 291.1   9.6  50.2
1962 716.444   2045900 9    0    5    0    4 0.744  78.1 192.8  11.9 -48.1
1962 716.444   2046000 0    0    1    0    1 0.641 245.9 277.6 -11.5  36.7
1962 716.444   2046100 0    0    6    0   14 0.970  86.6 164.7   4.4 -76.2
1962 717.320   2045600 9   48  293   51  311 0.880 278.3 291.3   9.5  62.0
1962 717.320   2045900 9    0    1    0    1 0.564  77.7 195.2  10.8 -34.1
1962 717.320   2046000 0    0    8    0    7 0.784 251.1 278.5 -11.7  49.2
1962 717.320   2046100 0    0   11    0   13 0.894  87.8 165.7   4.1 -63.6
1962 718.314   2045600 9   22  130   44  257 0.966 278.5 291.6   9.4  75.5
1962 718.314   2045900 9    0    5    0    3 0.353  72.2 196.1  10.7 -20.0
1962 718.314   2046000 0    0    6    0    8 0.901 254.7 278.6 -11.6  62.5
1962 718.314   2046100 0    0    5    0    4 0.760  88.7 166.5   4.1 -49.6
1962 718.314  14560300 0    0    1    0    1 0.350  31.3 204.8  22.1 -11.3
1962 718.314  14560400 0    0    1    0    1 0.348  47.6 200.4  18.2 -15.7
1962 719.336   2046100 0    0   11    0    7 0.609  87.5 164.9   5.4 -37.7
1962 720.324   2046100 0    5   23    3   13 0.394  86.9 166.2   5.8 -23.3
1962 721.381   2046100 0    0    5    0    3 0.141  85.8 167.4   5.6  -8.1
1962 721.381   2046200 9    0   13    0   28 0.968  86.2  99.6   4.9 -75.9
1962 721.381   2046300 9    6   41   16   97 0.976  90.6  98.0   0.5 -77.5
1962 721.381  14560500 0    0   15    0    8 0.238 196.9 179.5  -8.1   4.0
1962 722.366   2046200 9    0   20    0   22 0.882  87.3 100.3   4.8 -62.2
1962 722.366   2046300 9    8   54   10   64 0.901  91.8  98.2   0.6 -64.3
1962 723.317   2046200 9    0    5    0    4 0.746  87.4 101.4   5.4 -48.5
1962 723.317   2046300 9   13  105   11   85 0.781  93.3  98.7   0.7 -51.2
1962 724.317   2046300 9    6   75    4   49 0.634  95.6  97.6   0.6 -39.1
1962 725.416   2046300 9    5   41    3   23 0.422 100.7  97.7   0.4 -24.5
1962 726.329   2046300 9    0   21    0   11 0.247 105.2  96.3   1.6 -13.8
1962 727.450   2046300 9    0   23    0   12 0.101 186.0  95.9  -0.2   0.6
1962 728.332   2046300 9    0   36    0   19 0.249 248.4  97.0   0.2  13.4
1962 729.343   2046300 9    1   44    1   25 0.435 261.6  95.7   1.5  25.5
1962 730.333   2046300 9    0   36    0   24 0.644 264.7  97.0   1.0  39.9
1962 8 2.329  14560600 0    0    5    0    4 0.719  84.1 331.2   8.4 -46.3
1962 8 4.324   2046400 0    7   30    4   16 0.323 242.9   7.8  -2.6  16.7
1962 8 5.365   2046400 0    0    1    0    1 0.546 255.9   9.4  -2.4  32.0
1962 8 5.365  14570100 0    0    4    0    3 0.687  79.6 293.8  11.6 -43.6
1962 8 6.325   2046500 9    1   51    1   26 0.160  81.7 315.5   7.5  -9.2
1962 8 6.325  14570200 0    0    1    0    1 0.064 346.0 325.6   9.8   0.9
1962 8 7.657   2046500 9    0    7    0    4 0.177 276.2 317.2   7.3  10.2
1962 8 7.657  14570300 0    0   11    0    6 0.208 311.2 316.3  14.1   9.3
1962 8 8.319   2046500 9    1   20    1   11 0.324 269.9 317.3   6.0  19.0
1962 8 8.319  14570400 0    0   27    0   14 0.198 305.6 307.7  12.9   9.5
1962 812.369   2046600 4    9   75    5   39 0.250  89.1 230.2   6.6 -14.6
1962 813.324   2046600 4   23  121   12   61 0.007 210.7 232.3   6.3   0.2
1962 813.324   2046700 4    0   22    0   85 0.991  88.5 149.7   2.4 -82.4
1962 813.324  14570500 0    0    8    0    9 0.876  66.3 170.7  23.9 -61.4
1962 814.323   2046600 4   48  366   25  188 0.224 266.8 231.9   5.8  13.0
1962 814.323   2046700 4   47  191   68  274 0.935  90.5 149.6   1.9 -69.3
1962 815.338   2046600 4  107  682   60  380 0.439 269.0 231.7   5.6  26.2
1962 815.338   2046700 4   43  211   40  195 0.839  92.3 148.5   1.7 -57.0
1962 816.417   2046600 5   93  539   62  357 0.653 270.6 232.2   5.5  41.0
1962 816.417   2046700 4   60  307   41  209 0.674  94.2 148.9   2.2 -42.3
1962 817.317   2046600 5   65  300   52  239 0.775 271.9 230.4   5.8  51.1
1962 817.317   2046700 4   40  261   24  153 0.518  98.0 148.4   1.7 -30.9
1962 817.317   2046800 7    0   26    0   18 0.662  95.0 138.0   1.8 -41.3
1962 818.323   2046600 5   43  271   52  326 0.908 273.1 231.6   5.7  65.6
1962 818.323   2046700 5   43  294   23  156 0.329 106.6 147.6   1.1 -18.4
1962 818.323   2046800 7    1   55    1   31 0.457  98.6 139.1   2.2 -26.9
1962 819.340   2046600 5    6   56   15  127 0.974 274.3 230.0   5.7  77.4
1962 819.340   2046700 0   41  184   21   93 0.132 140.7 147.8   1.0  -4.8
1962 819.340   2046800 7   33  214   17  110 0.229 109.3 140.1   2.4 -12.5
1962 819.340   2046900 9    0   17    0    9 0.063 221.7 155.0   4.2   2.4
1962 819.340   2047000 9    0    3    0    6 0.946  81.6  80.7  10.1 -71.9
1962 820.346   2046700 0   39  179   20   91 0.177 234.7 147.6   1.0   8.3
1962 820.346   2046800 7   35  229   18  115 0.089 172.1 138.6   1.9  -0.7
1962 820.346   2046900 9    0   22    0   12 0.291 263.7 156.2   4.8  16.9
1962 820.346   2047000 9    0    6    0    6 0.835  81.1  82.1  11.2 -57.2
1962 821.312   2046700 0   37  146   20   79 0.375 255.8 147.8   1.2  21.3
1962 821.312   2046800 7   25  186   13   96 0.231 248.3 138.9   1.9  12.4
1962 821.312   2046900 9    0   14    0    8 0.477 267.4 155.1   4.9  28.6
1962 822.353   2046700 0   32  104   20   64 0.578 262.5 147.8   1.4  35.0
1962 822.353   2046800 4   17  121   10   68 0.440 261.6 138.6   2.6  25.8
1962 823.350   2046700 0   21   91   16   69 0.749 265.4 147.9   1.2  48.3
1962 823.350   2046800 4    6   61    4   39 0.620 264.8 137.8   2.3  38.2
1962 823.350   2047100 9    0    1    0    2 0.884 251.0 158.8 -13.2  59.2
1962 824.395   2046700 0   17   58   19   63 0.884 267.7 147.9   1.3  62.1
1962 824.395   2046800 4    2   20    2   17 0.793 268.0 138.3   2.7  52.5
1962 824.395   2047100 9   10   79   27  200 0.979 255.3 161.9 -12.8  76.1
1962 825.458   2046700 0    4   20   10   42 0.968 270.2 147.3   2.0  75.5
1962 826.321   2047200 0    1    8    8   38 0.993  82.3 336.2   8.4 -84.2
1962 827.318   2047200 0    0    7    0   11 0.943  84.3 336.0   7.7 -71.2
1962 827.318   2047300 9    0    8    0   29 0.988  97.0 327.1  -5.7 -80.1
1962 828.333   2047300 9    0   15    0   22 0.931  98.8 326.2  -5.5 -67.6
1962 829.360   2047300 9    2   31    2   30 0.845 100.9 323.8  -5.3 -56.4
1962 830.339   2047300 9    8   45    6   32 0.705 105.2 324.2  -5.4 -43.1
1962 830.339   2047400 4    5   25    4   18 0.714  83.6 321.3   9.6 -46.0
1962 831.315   2047300 9    0    8    0    5 0.518 114.5 326.1  -6.1 -28.3
1962 831.315   2047400 4   13   71    8   42 0.529  82.8 322.2   9.9 -32.2
1962 9 1.327   2047300 9   13  122    7   64 0.297 138.6 329.6  -5.8 -11.4
1962 9 1.327   2047400 4   43  341   23  180 0.315  80.9 322.6   9.7 -18.4
1962 9 1.327   2047500 0   10   39   57  222 0.995  85.1 256.0   5.5 -85.0
1962 9 2.349   2047300 9   58  278   30  143 0.227 187.0 329.1  -5.8   1.6
1962 9 2.349   2047400 4   67  398   34  200 0.092  59.2 322.9   9.9  -4.6
1962 9 2.349   2047500 0   32  222   52  360 0.949  86.5 255.4   5.6 -72.1
1962 9 3.365   2047300 4   60  259   32  138 0.335 227.5 328.5  -6.1  14.4
1962 9 3.365   2047400 3  112  806   57  409 0.169 285.9 323.6   9.8   9.5
1962 9 3.365   2047500 0   65  417   63  404 0.854  88.1 255.1   5.4 -59.0
1962 9 3.365   2047600 0    0    6    0    4 0.604  73.0 277.2  16.0 -36.9
1962 9 3.365   2047700 5    8   55   30  189 0.989 104.0 234.7 -12.6 -79.4
1962 9 4.554   2047300 9   21  115   13   69 0.549 246.9 328.9  -6.2  30.5
1962 9 4.554   2047400 3  192 1534  106  847 0.420 277.5 323.4   9.7  25.0
1962 9 4.554   2047500 0   86  583   59  399 0.680  89.6 255.3   5.6 -43.1
1962 9 4.554   2047600 0    0    5    0    3 0.344  69.1 279.1  13.9 -19.3
1962 9 4.554   2047700 5   39  204   51  268 0.922 107.0 233.8 -12.6 -64.6
1962 9 4.554   2047800 9    4   22    9   41 0.960  98.8 225.7  -6.3 -72.7
1962 9 5.322   2047300 9    8   58    6   40 0.678 252.2 328.8  -6.5  40.5
1962 9 5.322   2047400 8  180 1554  111  955 0.578 276.7 323.9   9.8  35.6
1962 9 5.322   2047500 0  117  612   70  365 0.544  90.9 255.2   5.6 -33.1
1962 9 5.322   2047600 0    1   11    1    6 0.194  52.2 279.2  14.0  -9.1
1962 9 5.322   2047700 5   40  250   38  233 0.841 110.3 234.3 -12.8 -54.0
1962 9 5.322   2047800 9    1   22    2   26 0.905 101.4 224.9  -7.1 -63.4
1962 9 6.540   2047300 9    0   10    0   10 0.840 256.7 327.7  -7.1  55.5
1962 9 6.540   2047400 8  149  888  119  706 0.774 276.9 323.5   9.9  51.3
1962 9 6.540   2047500 0  133  804   70  421 0.293  93.5 255.1   5.9 -17.1
1962 9 6.540   2047600 0    0    7    0    4 0.179 311.7 280.1  14.0   7.9
1962 9 6.540   2047700 5   37  314   25  212 0.669 118.4 235.1 -12.8 -37.1
1962 9 6.540   2047800 9    0    9    0    7 0.734 106.4 227.0  -6.9 -45.2
1962 9 7.327   2047400 8  103  669  109  708 0.879 277.5 324.0  10.0  62.2
1962 9 7.327   2047500 0  148  804   75  405 0.117 102.1 255.2   5.8  -6.6
1962 9 7.327   2047700 5   59  342   36  206 0.555 126.6 234.6 -12.9 -27.2
1962 9 7.327   2047800 9    0    9    0    6 0.605 111.7 227.3  -7.0 -34.5
1962 9 8.467   2047400 8   35  251   79  556 0.973 279.0 324.3  10.4  77.6
1962 9 8.467   2047500 0  142  888   72  449 0.147 262.0 255.1   6.0   8.4
1962 9 8.467   2047700 5   83  556   46  305 0.404 147.1 233.7 -12.8 -13.0
1962 9 8.467   2047900 9    1   19    6   64 0.988  66.6 163.4  24.1 -83.3
1962 9 9.339   2047400 8    6   37   32  190 0.994 279.6 320.2  10.3  85.0
1962 9 9.339   2047500 0  135  732   72  390 0.340 267.9 255.2   6.1  20.0
1962 9 9.339   2047700 5   84  463   45  247 0.340 176.0 233.8 -12.6  -1.4
1962 9 9.339   2047900 9    6   42   11   67 0.947  67.2 162.5  23.9 -72.7
1962 910.310   2047500 0  142  638   85  380 0.540 270.0 255.3   6.1  32.9
1962 910.310   2047700 5   68  419   37  228 0.389 208.9 233.5 -12.8  11.1
1962 910.310   2047900 9    0   20    0   21 0.873  66.4 161.2  24.1 -61.2
1962 911.335   2047500 0  100  435   73  316 0.723 271.8 255.4   6.3  46.6
1962 911.335   2047700 5   37  277   22  165 0.538 232.4 234.7 -12.7  25.9
1962 911.335   2047900 9    0    6    0    5 0.755  64.4 160.6  24.0 -48.2
1962 911.335   2048000 9    4   47    8   92 0.965  69.8 132.3  21.3 -76.5
1962 912.530   2047500 0   37  309   41  335 0.885 273.6 255.8   6.5  62.7
1962 912.530   2047700 5   35  203   26  149 0.726 244.7 235.4 -12.8  42.3
1962 912.530   2047900 9    1   31    1   19 0.551  57.3 162.7  23.6 -30.4
1962 912.530   2048000 9   50  265   48  252 0.848  69.4 134.7  21.3 -58.4
1962 912.530   2048100 9    5   22    3   12 0.289 165.9 189.0  -9.1  -4.1
1962 913.314   2047500 0   38  248   64  415 0.953 274.9 255.7   6.8  73.0
1962 913.314   2047700 0   22  174   21  159 0.834 249.3 235.9 -12.9  53.2
1962 913.314   2048000 9   99  528   75  400 0.748  67.6 134.7  21.5 -48.0
1962 913.314   2048100 0    1   15    1    8 0.312 208.3 191.3  -8.8   8.6
1962 913.314   2048200 9    0    6    0    8 0.906  78.3 116.8  13.6 -65.9
1962 914.320   2047500 0    4   38   37  308 0.998 276.6 256.3   7.0  86.9
1962 914.320   2047700 0   16   92   23  132 0.936 253.2 236.2 -13.0  66.8
1962 914.320   2048000 9  151  610   94  379 0.591  63.2 134.9  21.4 -34.5
1962 914.320   2048100 0    1    7    1    4 0.459 234.5 191.6  -8.8  22.2
1962 914.320   2048200 9    4   27    4   22 0.781  78.4 117.5  13.5 -51.9
1962 915.375   2047700 0    7   33   25  119 0.990 255.9 235.4 -12.8  79.9
1962 915.375   2048000 5  157  944   87  522 0.424  53.2 134.1  21.4 -21.4
1962 915.375   2048200 0    0   11    0    7 0.609  78.6 117.8  12.6 -37.7
1962 915.375  14580100 0    0   29    0   15 0.153 242.1 163.3   3.0   7.8
1962 916.297   2048000 5  173 1076   91  566 0.306  33.6 132.8  21.8 -10.5
1962 916.297   2048200 0    0    8    0    5 0.441  75.7 117.3  12.7 -26.0
1962 917.326   2048000 5  127  705   66  366 0.267 344.5 134.1  22.0   4.4
1962 918.318   2048000 5   71  695   39  377 0.384 313.4 134.2  22.1  17.5
1962 919.313   2048000 5   88  528   53  318 0.554 299.6 134.8  22.0  31.3
1962 920.359   2048000 0   55  203   41  149 0.729 293.3 135.8  21.7  46.1
1962 920.359   2048300 9    0    8    0    5 0.434 159.4  80.5 -17.0  -9.2
1962 920.359  14580200 0    0    5    0    7 0.926  79.3  20.9  12.5 -68.8
1962 921.388   2048000 0   28  150   28  148 0.860 291.0 135.8  21.6  59.7
1962 921.388   2048300 9    9   73    5   40 0.402 190.5  80.5 -16.3   4.4
1962 921.388   2048400 4    0    6    0   12 0.956  84.8   2.5   7.0 -73.6
1962 922.331   2048000 0   17   79   27  122 0.943 290.5 135.6  21.6  71.9
1962 922.331   2048300 9    5   31    3   18 0.495 217.2  81.9 -16.6  18.2
1962 922.331   2048400 4   27  120   28  121 0.866  85.0   3.2   7.8 -60.5
1962 922.331   2048500 7    0    6    0   26 0.991  80.9 340.4   9.9 -83.3
1962 923.366   2048400 4   55  242   39  172 0.705  85.6   4.8   8.0 -45.2
1962 923.366   2048500 7    0   12    0   21 0.956  80.7 336.2  10.9 -73.8
1962 923.366   2048600 0    0   16    0    9 0.398 301.2  71.0  18.4  21.0
1962 924.670   2048400 4   76  290   47  178 0.575  84.4   5.4   8.9 -35.4
1962 924.670   2048500 7    0   21    0   20 0.844  80.6 342.6  11.6 -58.2
1962 924.670   2048600 7    1   15    1    9 0.533 293.8  71.7  18.4  30.9
1962 925.344   2048400 5   59  389   31  204 0.295  81.8   6.7   9.0 -17.2
1962 925.344   2048500 7    0   20    0   14 0.686  81.3 340.2  11.0 -43.7
1962 925.344   2048600 7    5   48    4   35 0.722 288.5  70.0  18.1  46.1
1962 925.344   2048700 5   43  177   23   93 0.303 299.1  39.8  15.1  15.9
1962 926.342   2048400 5   55  257   28  129 0.055  41.4   8.6   9.2  -2.1
1962 926.342   2048500 7    0   12    0    7 0.500  77.6 340.7  12.1 -30.0
1962 926.342   2048700 5   10   71    6   42 0.515 287.6  41.2  14.9  30.5
1962 927.320   2048400 5   61  421   31  214 0.178 283.0   7.9   9.0  10.1
1962 927.320   2048500 7    0   45    0   24 0.318  74.0 339.6  11.5 -18.2
1962 927.320   2048700 0    7   41    5   29 0.700 283.8  42.4  14.5  44.6
1962 927.320  14590100 0    1   10    1    6 0.491  76.8 328.5  12.4 -29.3
1962 928.424   2048400 5   41  273   23  152 0.437 275.8   9.3   8.6  26.1
1962 928.424   2048700 0    0    7    0    7 0.852 282.9  42.3  14.5  59.1
1962 928.424   2048800 0    6   48   36  271 0.995  83.1 258.0   7.5 -85.3
1962 929.312   2048400 5   37  249   24  158 0.611 275.4   9.5   8.6  38.0
1962 929.312   2048500 7    0   11    0    6 0.112 306.1 336.9  10.5   5.3
1962 929.312   2048800 0   19  100   36  182 0.960  84.5 257.2   7.1 -74.4
1962 930.678   2048400 0    8   73    8   70 0.847 275.6  11.9   8.3  58.4
1962 930.678   2048500 7    0   17    0   10 0.442 282.5 339.6  11.5  26.1
1962 930.678   2048800 1   48  423   43  376 0.823  85.0 257.6   7.9 -55.9
1962 930.678   2048900 9    1   29    1   17 0.510 125.3 288.4 -11.1 -25.1
196210 1.325   2048400 0   13   79   16   98 0.911 276.3  11.3   8.4  66.3
196210 1.325   2048800 1   72  502   53  369 0.730  85.1 257.7   8.1 -47.3
196210 1.325   2048900 9   10   82    6   45 0.406 137.3 288.7 -11.0 -16.3
196210 2.334   2048400 0    0   10    0   30 0.984 277.3  12.0   8.3  80.4
196210 2.334   2048800 4   67  520   41  315 0.563  85.6 257.2   7.9 -34.5
196210 2.334   2048900 0    0    1    0    1 0.302 162.8 286.5 -10.2  -5.2
196210 3.306   2048800 4   65  470   35  253 0.367  85.8 257.2   7.6 -21.7
196210 4.329   2048800 4   49  346   25  175 0.149  85.3 256.8   7.1  -8.6
196210 5.316   2048800 4   53  346   27  174 0.076 274.1 256.7   6.7   4.4
196210 6.361   2048800 0   59  231   31  121 0.296 270.1 255.8   6.1  17.3
196210 6.361   2049000 9    1   37    1   19 0.133 306.0 244.8  10.8   6.3
196210 6.361   2049100 0    0   12    0   20 0.946  89.0 167.2   3.0 -71.3
196210 7.374   2048800 0   27  268   16  156 0.506 271.3 255.8   6.1  30.6
196210 7.374   2049000 9    0   42    0   23 0.357 284.7 245.8  11.1  20.6
196210 7.374   2049100 0    2   13    2   12 0.827  91.2 169.3   2.5 -55.9
196210 7.374   2049200 4    0   19    0   26 0.923  87.7 157.5   4.5 -67.7
196210 8.339   2048800 0   29  165   20  113 0.680 272.1 255.5   6.0  43.1
196210 8.339   2049100 0   17   76   12   52 0.674  92.8 170.0   2.7 -42.4
196210 8.339   2049200 4    3   50    3   43 0.805  89.0 158.6   4.5 -53.8
196210 8.339   2049300 7    8   47   47  264 0.995 103.0 129.5 -12.2 -82.9
196210 9.342   2048800 0   19   95   18   86 0.830 272.5 255.6   5.5  56.4
196210 9.342   2049100 5   22  148   13   85 0.479  96.1 170.7   2.5 -28.5
196210 9.342   2049200 4    4   58    3   38 0.637  90.4 159.5   4.5 -39.7
196210 9.342   2049300 7   34  251   59  434 0.955 105.3 128.4 -12.6 -70.8
19621010.341   2048800 0   12   71   18  102 0.936 273.5 255.8   5.4  69.8
19621010.341   2049100 5   40  236   21  122 0.244 105.4 172.4   2.2 -13.6
19621010.341   2049200 4   48  265   27  147 0.431  91.6 160.4   4.8 -25.6
19621010.341   2049300 7   50  413   49  405 0.857 108.4 129.6 -12.4 -56.4
19621011.588   2049100 5   49  290   25  146 0.087 212.6 172.3   1.8   2.7
19621011.588   2049200 4   53  303   27  154 0.167  95.0 160.0   5.1  -9.6
19621011.588   2049300 7   76  518   54  367 0.705 114.8 128.6 -12.7 -41.0
19621012.457   2049100 5   46  246   24  127 0.245 252.6 171.6   1.6  13.5
19621012.457   2049200 4   37  217   19  109 0.060 252.4 161.4   4.9   3.3
19621012.457   2049300 7   45  535   28  328 0.575 122.8 128.4 -13.0 -29.7
19621012.457   2049400 4    0    6    0   19 0.983  88.2  78.4   2.8 -79.7
19621013.453   2049100 5   35  203   20  115 0.463 261.9 172.3   1.5  27.3
19621013.453   2049200 4   15  108    8   57 0.297 266.9 162.3   4.7  17.3
19621013.453   2049300 7   67  616   37  340 0.419 139.3 128.7 -12.9 -16.3
19621013.453   2049400 4   17  104   22  131 0.915  90.4  78.7   2.0 -66.3
19621014.390   2049100 0   21  168   14  110 0.643 265.6 172.5   1.6  39.9
19621014.390   2049200 4    0   56    0   32 0.469 267.2 160.6   3.8  28.0
19621014.390   2049300 7   79  576   42  305 0.321 169.6 129.2 -12.6  -3.4
19621014.390   2049400 4   46  222   39  187 0.801  91.3  79.3   2.4 -53.3
19621015.368   2049100 0   26  125   22  104 0.794 268.4 172.3   2.2  52.6
19621015.368   2049300 7   39  324   21  174 0.354 207.3 129.3 -12.7   9.6
19621015.368   2049400 4   61  289   40  188 0.636  92.2  80.2   3.0 -39.5
19621016.532   2049100 0   10   72   15   99 0.930 270.1 172.9   2.2  68.5
19621016.532   2049300 7   42  263   25  155 0.522 235.4 130.5 -12.2  26.1
19621016.532   2049400 4   47  363   26  200 0.415  94.7  79.9   3.2 -24.5
19621017.420   2049100 0    5   30   19   99 0.987 271.4 173.5   2.3  80.8
19621017.420   2049300 2   21  116   15   80 0.679 244.9 131.7 -12.4  39.0
19621017.420   2049400 4   31  281   16  145 0.235 101.7  79.4   2.7 -13.3
19621018.416   2049300 2   15   74   14   66 0.824 250.9 132.4 -12.4  52.9
19621018.416   2049400 4   21  153   11   77 0.049 196.5  80.3   2.8   0.8
19621018.416   2049500 0    0   14    0   75 0.994  80.1 354.8  10.4 -84.7
19621019.316   2049300 2    2   38    3   51 0.924 253.9 133.1 -12.7  65.5
19621019.316   2049400 4    0   17    0    9 0.259 266.0  82.6   4.2  15.0
19621019.316   2049500 0   12   73   22  126 0.955  80.7 354.2  10.5 -73.4
19621020.303   2049400 4    0   28    0   16 0.437 266.1  80.5   3.1  25.9
19621020.303   2049500 0   15  115   15  115 0.863  81.2 354.5  10.3 -60.1
19621020.303   2049600 5   10   69   24  157 0.974  80.5 337.0  10.4 -77.6
19621020.303  14590200 0    0   31    0   17 0.391 254.1  76.7  -1.2  22.1
19621021.354   2049500 0   23  148   17  106 0.710  80.8 355.4  10.2 -45.4
19621021.354   2049600 5   56  320   61  347 0.886  81.6 338.0   9.9 -62.8
19621022.383   2049500 0   28  127   17   75 0.529  78.8 355.4  10.3 -31.8
19621022.383   2049600 5   72  404   56  311 0.757  81.2 337.8  10.0 -49.4
19621022.383   2049700 0    0   12    0   12 0.844 242.3  79.9 -20.0  52.7
19621022.383   2049800 0    1   29    1   17 0.504 259.3  56.9  -0.9  29.7
19621023.607   2049500 0   15   51    8   27 0.284  70.9 355.2  10.2 -15.8
19621023.607   2049600 5   88  539   53  325 0.555  79.2 337.4  10.2 -33.6
19621023.607   2049700 0    0    6    0   12 0.960 248.9  81.9 -18.6  70.9
19621023.607   2049800 2    0   10    0    8 0.743 264.6  58.7  -0.6  47.7
19621023.607   2049900 4    0    1    0    1 0.580 238.1  41.4 -13.5  30.4
19621023.607  14590300 0    0   11    0    7 0.610 265.5  48.5   1.3  37.5
19621023.607  14590400 0    0    3    0    2 0.125 271.4  18.2   5.2   7.2
19621023.607  14590500 0    0   13    0    7 0.110  39.8   6.9   9.9  -4.1
19621024.644   2049500 0    9   27    5   14 0.099  22.5 355.2  10.2  -2.2
19621024.644   2049600 5   75  413   40  220 0.343  73.1 337.9  10.4 -19.5
19621024.644   2049900 4   30  115   23   88 0.755 247.7  43.2 -13.2  45.9
19621024.644  14600100 0    0   22    0   12 0.330 257.8  16.1   0.7  18.8
19621025.563   2049500 0    0    9    0    5 0.193 298.6 355.2  10.1   9.9
19621025.563   2049600 5   69  425   35  215 0.138  50.4 339.1   9.9  -6.2
19621025.563   2049900 4   13   87   14   90 0.872 251.4  43.5 -13.6  58.3
19621025.563  14600200 0    0   27    0   14 0.130 342.4 347.5  12.0   2.3
19621026.304   2049600 5   59  343   30  173 0.110 325.8 339.1  10.0   3.6
19621026.304   2049900 4   10   67   15   95 0.933 254.0  42.5 -13.1  67.1
19621026.304   2050000 4    0   14    0   23 0.946  74.3 263.9  16.4 -71.6
19621027.346   2049600 5   60  402   32  212 0.312 289.3 339.1  10.4  17.4
19621027.346   2049900 4    3   27   16  115 0.992 256.3  43.2 -12.9  81.5
19621027.346   2050000 4    7   61    7   58 0.845  73.1 264.1  16.8 -57.6
19621028.381   2049600 0   62  324   37  191 0.525 281.6 339.6  10.0  31.5
19621028.381   2050000 4    4   61    3   44 0.708  71.3 263.7  16.4 -44.4
19621029.390   2049600 0   36  249   26  176 0.704 279.3 339.6   9.7  44.8
19621030.382   2049600 0   50  170   48  161 0.847 278.7 339.9   9.7  58.2
19621031.387   2049600 0   13   84   21  129 0.944 278.5 339.5   9.4  71.1
19621031.387   2050100 9    7   37    4   19 0.223  84.1 255.5   5.5 -12.9
196211 1.336   2049600 0    0   10    0   44 0.992 277.4 339.3   7.8  83.4
196211 1.336   2050100 9    0   21    0   11 0.035  72.0 254.0   4.8  -1.9
196211 1.336   2050200 6    0   37    0   20 0.326 178.2 255.3 -14.8  -0.6
196211 2.386   2050200 6    3   51    2   28 0.387 212.7 254.6 -15.0  12.5
196211 3.294   2050200 6   17   92   10   54 0.515 231.2 254.7 -15.2  24.6
196211 4.474   2050200 6    4   63    3   45 0.710 243.9 256.0 -15.3  41.4
196211 5.111   2050200 6    0   19    0   17 0.811 248.1 257.5 -15.3  51.3
196211 6.292   2050300 0   18  127   61  432 0.988 104.5 110.7 -13.7 -79.9
196211 7.447   2050300 0   56  319   71  403 0.916 107.1 110.8 -14.1 -64.6
196211 7.447  14600300 0    0    2    0    2 0.842  81.5 117.9   9.1 -57.5
196211 8.355   2050300 0   89  486   78  426 0.819 110.1 110.9 -14.3 -52.5
196211 9.248   2050300 0  119  524   83  365 0.692 114.4 111.1 -14.1 -40.5
19621110.304   2050300 0  118  650   70  383 0.525 123.1 110.8 -13.8 -26.9
19621111.294   2050300 0  146  664   79  359 0.373 141.6 110.8 -14.0 -13.8
19621112.564   2050300 0  165  709   87  372 0.299 189.4 110.8 -14.2   2.9
19621112.564   2050400 7    5   36    3   19 0.278  19.1 102.4  18.2  -5.5
19621112.564   2050500 5   12   86   13   89 0.873  77.4  47.2  12.4 -60.7
19621112.564   2050600 4    0   34    0   42 0.912 106.5  43.7 -13.7 -64.2
19621113.404   2050300 0  137  635   74  343 0.373 218.9 110.8 -14.1  14.0
19621113.404   2050400 7   47  268   25  141 0.305 338.5 103.6  19.3   6.8
19621113.404   2050500 5   10   98    8   77 0.767  75.4  47.2  13.0 -49.6
19621113.404   2050600 4    0   21    0   17 0.782 111.2  47.9 -14.6 -48.9
19621114.292   2050300 0  147  548   86  319 0.507 235.3 110.6 -14.3  25.5
19621114.292   2050400 7   91  356   50  195 0.409 313.4 103.4  18.9  18.3
19621114.292   2050500 5   15   98   10   63 0.621  73.1  47.6  12.6 -37.5
19621114.292   2050600 4    1   29    1   20 0.662 117.0  47.4 -15.3 -37.7
19621115.410   2050300 0   87  523   60  361 0.685 246.1 110.6 -14.1  40.2
19621115.410   2050400 7   45  231   28  143 0.584 300.0 102.8  19.2  32.4
19621115.410   2050500 5   21  138   12   76 0.409  63.1  48.4  13.1 -22.0
19621115.410   2050600 4    1   34    1   20 0.483 130.9  48.1 -16.0 -22.3
19621116.292   2050300 0   75  368   65  316 0.809 250.5 110.7 -14.1  51.9
19621116.292   2050400 7   22  114   16   82 0.714 294.6 102.2  19.1  43.4
19621116.292   2050500 5   54  286   28  148 0.251  46.1  48.1  12.5 -10.7
19621116.292   2050600 4   18  148   10   79 0.329 154.6  50.4 -14.8  -8.4
19621117.292   2050300 0   58  265   74  339 0.917 253.5 110.7 -14.1  65.1
19621117.292   2050400 7    5   58    5   53 0.831 292.1 100.4  19.6  54.8
19621117.292   2050500 5   84  537   43  273 0.178 350.1  47.4  12.5   1.8
19621117.292   2050600 4    5  100    3   53 0.312 191.5  49.3 -15.4   3.7
19621118.293   2050300 0   24  125   65  333 0.981 255.3 110.4 -14.0  78.0
19621118.293   2050400 7    0   39    0   56 0.934 290.1 100.9  19.6  68.5
19621118.293   2050500 5   52  410   28  218 0.338 303.5  49.2  12.9  16.8
19621118.293   2050600 4   10  134    6   74 0.416 219.7  48.5 -16.5  16.1
19621119.680   2050500 5   52  279   30  161 0.494 294.2  49.8  13.6  27.6
19621119.680   2050600 4   25  144   15   85 0.520 233.2  47.9 -16.2  25.7
19621120.354   2050500 0   29  215   22  158 0.730 286.8  51.2  13.6  46.0
19621120.354   2050600 4    5   75    4   55 0.720 245.3  48.1 -16.0  42.9
19621121.452   2050500 0   26  117   27  121 0.874 284.3  51.2  13.4  60.5
19621121.452   2050600 4    0   16    0   18 0.882 251.0  50.7 -15.7  60.0
19621122.436   2050500 0    7   56   12   96 0.955 283.1  50.4  13.0  72.7
19621122.436   2050600 4    0    7    0   10 0.932 252.7  45.0 -15.4  67.3
19621124.304   2050700 4    7   30    4   16 0.315 289.8 330.5   7.6  17.4
19621125.331   2050700 4   15   81    9   48 0.521 282.3 330.5   7.6  30.9
19621125.331   2050800 0   16   66   47  192 0.984  89.4 219.9   0.8 -79.7
19621126.324   2050700 4    0   52    0   36 0.675 280.5 328.6   8.0  42.1
19621126.324   2050800 0   18  116   23  144 0.913  89.5 220.6   1.0 -65.9
19621127.295   2050700 4    0    6    0    6 0.842 277.2 330.9   6.7  57.2
19621127.295   2050800 0   37  202   31  168 0.796  89.6 220.9   1.0 -52.8
19621128.294   2050800 0   38  234   25  153 0.639  89.8 220.9   0.9 -39.7
19621129.295   2050800 0   53  281   30  157 0.441  89.3 221.2   1.1 -26.2
19621130.435   2050800 0   88  379   45  193 0.186  89.2 221.6   0.9 -10.7
19621130.435   2050900 0    0   10    0    7 0.631  64.3 195.9  16.5 -36.4
196212 1.445   2050800 0   51  323   26  162 0.049 275.2 221.8   0.9   2.8
196212 1.445   2050900 3   67  250   38  141 0.456  54.1 196.4  16.1 -22.6
196212 2.444   2050800 0   32  261   17  136 0.274 271.8 221.8   1.0  15.9
196212 2.444   2050900 3   59  405   31  213 0.308  28.5 197.1  16.2  -8.8
196212 3.455   2050800 0   45  285   26  164 0.492 270.9 222.0   0.8  29.5
196212 3.455   2050900 3   55  392   29  205 0.289 341.5 198.0  16.3   5.5
196212 3.455   2051000 0   10   90   39  339 0.990 102.7 111.0 -12.5 -81.5
196212 4.459   2050800 0   42  185   29  127 0.679 271.0 222.1   0.9  42.8
196212 4.459   2050900 3   39  188   22  104 0.419 312.2 198.2  16.6  18.9
196212 4.459   2051000 0   36  187   51  260 0.931 103.8 111.3 -12.7 -68.0
196212 4.459   2051100 4    3   53    2   30 0.460  47.4 158.4  18.4 -20.9
196212 5.464   2050800 0   35  140   32  127 0.831 270.8 222.3   0.7  56.2
196212 5.464   2050900 3   14  110    9   68 0.578 298.6 198.0  16.2  31.9
196212 5.464   2051000 0   60  282   54  252 0.826 105.7 111.5 -12.8 -54.6
196212 5.464   2051100 4    9   86    5   46 0.334  21.8 158.6  18.2  -7.5
196212 6.470   2050800 9   19   71   29  104 0.938 270.7 222.5   0.7  69.7
196212 6.470   2050900 9    9   28    7   21 0.744 292.4 198.6  16.5  45.8
196212 6.470   2051000 0   59  308   41  213 0.686 109.0 111.1 -12.9 -41.7
196212 6.470   2051100 4    3   39    2   21 0.329 339.1 159.9  17.9   7.1
196212 6.470   2051200 9    0    3    0    9 0.974 107.1  76.6 -16.6 -76.2
196212 6.470  14610100 0    1    9    1    6 0.633  72.9 114.8  10.7 -38.0
196212 7.473   2050800 9    0    8    0   34 0.991 270.5 221.9   0.5  82.3
196212 7.473   2050900 9    0   10    0   11 0.866 289.0 198.1  16.3  58.5
196212 7.473   2051000 0   47  337   28  197 0.513 115.2 111.2 -12.7 -28.4
196212 7.473   2051100 4    0   28    0   16 0.482 309.1 162.7  17.6  23.1
196212 7.473   2051200 9    0    7    0    8 0.890 108.2  77.9 -16.2 -61.7
196212 8.283   2050900 9    0    8    0   14 0.956 287.6 201.0  16.7  72.1
196212 8.283   2051000 0   37  314   20  169 0.363 126.5 111.5 -12.7 -17.4
196212 8.283   2051200 9    0   13    0   11 0.786 109.7  78.7 -15.5 -50.2
196212 9.428   2051000 0   40  173   21   89 0.220 168.4 111.2 -12.8  -2.6
196212 9.428   2051200 9    0   34    0   22 0.620 116.2  78.4 -16.2 -35.4
19621210.481   2051000 7   32  131   17   69 0.286 220.9 111.1 -13.0  11.1
19621210.481   2051200 9    0   16    0    9 0.416 126.5  79.8 -14.8 -20.2
19621211.281   2051000 7   12   67    7   37 0.410 237.9 110.3 -13.2  20.9
19621212.484   2051000 7    4   19    3   13 0.636 249.5 111.4 -13.5  37.8
19621212.484   2051300 9    5   32    4   26 0.772  95.2  23.1  -4.5 -50.5
19621213.485   2051000 7    0    8    0    7 0.799 254.0 112.5 -13.3  52.1
19621213.485   2051300 9    1   24    1   15 0.593  95.7  24.1  -4.1 -36.3
19621214.495   2051000 7    0    6    0    8 0.898 253.4 110.3 -15.3  63.2
19621214.495   2051400 7    1   21    1   11 0.241 150.5  40.1 -13.1  -7.0
19621214.495  14610200 0    3   29    2   15 0.248 191.3  50.0 -15.1   2.9
19621215.281   2051400 0    5   41    3   21 0.203 202.2  41.2 -12.0   4.5
19621217.491   2051500 2   40  153   29  109 0.708 250.5  51.2 -14.7  43.6
19621218.491   2051500 2   10   87   10   82 0.843 253.3  51.1 -14.9  56.7
19621218.491   2051600 4   35  211   18  108 0.196  26.1 349.4   8.6  -5.0
19621218.491  14620100 0    0   32    0   18 0.404 116.2 332.7 -11.7 -21.7
19621219.508   2051500 0    6   26    9   35 0.926 255.8  48.6 -13.8  67.6
19621219.508   2051600 4   42  262   22  135 0.241 316.8 350.6   8.5   9.6
19621220.279   2051600 4   47  363   26  198 0.395 298.5 351.5   9.2  20.6
19621220.279  14620200 0    0   25    0   13 0.170  14.7 328.3   7.7  -2.5
19621221.453   2051600 4  100  520   64  332 0.619 287.1 352.2   9.0  36.8
19621221.453  14620300 0    1   28    1   15 0.357 245.5 334.7 -10.3  19.3
19621222.393   2051600 4   39  292   32  236 0.783 283.3 353.5   9.1  50.5
19621223.398   2051600 4   33  149   42  190 0.917 279.8 355.7   8.1  65.9
19621223.398   2051700 0    1   14    3   24 0.950  80.2 218.6   8.6 -71.2
19621224.284   2051600 4    6   77   16  199 0.980 279.2 356.1   8.5  78.0
19621224.284   2051700 2    0   41    0   39 0.846  79.8 221.0   7.4 -57.1
19621224.284   2051800 9    0   39    0   31 0.775 282.1 328.0   7.9  49.9
19621225.260   2051700 2    0   27    0   19 0.695  77.1 222.2   7.2 -43.1
19621225.260   2051800 9    0   30    0   35 0.901 280.5 328.9   8.4  63.6
19621226.317   2051800 9    0    5    0   17 0.984 279.6 330.5   9.0  79.2
19621231.280   2051900 7    0    4    0    8 0.965  85.3 111.4   3.7 -74.6
