1965 1 1.422   2070900 2  141  495   81  283 0.484 328.9 258.2  21.4  15.6
1965 1 2.491   2070900 1   86  643   55  411 0.622 311.8 258.4  21.6  29.9
1965 1 3.481   2070900 1   82  369   65  292 0.773 302.0 260.4  21.8  44.9
1965 1 3.481   2071000 0    6   48   13   97 0.966  65.4 143.2  22.7 -72.3
1965 1 3.481   2071100 2    0   10    0   43 0.992  68.9 134.5  20.4 -81.0
1965 1 4.420   2070900 1   40  240   43  255 0.881 297.3 260.7  22.0  57.6
1965 1 4.420   2071000 0    6   77    7   88 0.895  62.5 143.8  22.6 -59.3
1965 1 4.420   2071100 2    8   53   13   82 0.943  66.8 135.3  20.5 -67.8
1965 1 5.296   2070900 1   12  104   23  189 0.960 293.5 262.5  21.3  70.9
1965 1 5.296   2071000 0   33   95   28   80 0.803  58.3 143.9  22.5 -47.7
1965 1 5.296   2071100 2   16   76   17   77 0.868  63.7 135.4  20.6 -56.2
1965 1 6.291   2070900 1    0   13    0   52 0.990 293.3 258.2  22.4  79.7
1965 1 6.291   2071000 7   24  134   17   92 0.683  51.3 143.3  22.2 -35.2
1965 1 6.291   2071100 2    6   27    5   21 0.760  58.8 134.6  20.5 -43.9
1965 1 7.277   2071000 7   24   97   15   59 0.562  38.8 143.1  22.4 -22.4
1965 1 8.345   2071000 7   14   97    8   55 0.460  15.8 143.7  22.3  -7.8
1965 1 8.345   2071100 2    1   13    1    8 0.497  32.0 135.1  21.1 -16.4
1965 1 9.294   2071000 7    8   76    5   43 0.457 349.2 144.2  22.6   5.3
1965 1 9.294   2071100 2    5   39    3   22 0.426   9.9 134.4  20.7  -4.5
1965 110.313   2071000 7    1   16    1   10 0.530 329.3 142.6  23.1  17.1
1965 110.313   2071100 2    1   26    1   15 0.454 340.6 134.8  21.2   9.3
1965 111.516   2071000 7    1   26    1   18 0.687 312.7 143.3  24.2  33.6
1965 112.282   2071000 7    2    8    2    7 0.784 306.0 143.7  24.3  44.1
1965 114.478   2071200 0    6   47    4   31 0.641  46.6  40.5  22.2 -30.2
1965 115.477   2071200 0    1   19    1   11 0.499  30.6  41.7  20.9 -15.8
1965 116.294   2071200 0    1   12    1    7 0.433   7.8  43.2  20.6  -3.6
1965 117.565   2071200 1    3   57    2   33 0.481 329.8  44.9  19.8  14.9
1965 118.554   2071200 1   37  144   24   92 0.617 314.2  45.3  21.1  28.3
1965 118.554   2071300 0    0    3    0    6 0.942  58.7 312.1  27.3 -64.9
1965 119.454   2071200 1   18  139   14  104 0.739 304.5  45.9  20.9  40.7
1965 119.454   2071300 0    4   21    4   21 0.856  53.7 314.3  27.3 -50.9
1965 120.291   2071200 1   18  125   17  115 0.837 299.0  45.7  20.8  51.5
1965 120.291   2071300 0    0    3    0    3 0.765  47.6 314.8  27.1 -39.4
1965 120.291   2071400 7    0    6    0    4 0.654  25.2 335.2  31.4 -19.0
1965 121.285   2071200 1    8   97   12  144 0.940 294.6  47.3  21.0  66.2
1965 121.285   2071400 7    6   53    4   34 0.609   8.7 334.9  31.8  -6.2
1965 122.448   2071200 1    0   12    0   44 0.989 292.2  44.5  21.0  78.8
1965 122.448   2071400 7    1   23    1   15 0.616 349.7 333.2  32.0   7.5
1965 122.448   2071500 2    4   33    9   75 0.973  64.9 252.7  22.9 -73.0
1965 123.443   2071500 2   10   62   13   75 0.909  61.3 252.5  23.3 -60.2
1965 123.443   2071600 7    2   55    4  103 0.962  65.1 242.3  22.2 -70.4
1965 124.311   2071500 2   14   83   13   73 0.820  56.6 253.1  23.2 -48.1
1965 124.311   2071600 7    6   60    7   70 0.899  62.7 241.9  21.6 -59.3
1965 125.290   2071500 2   25   77   18   55 0.709  49.0 252.7  23.2 -35.6
1965 125.290   2071600 7   10   88    9   74 0.801  58.2 241.4  21.2 -46.9
1965 126.462   2071500 2    8   81    5   50 0.575  33.3 252.8  23.4 -20.1
1965 126.462   2071600 7   13   73    9   49 0.656  48.2 241.3  21.1 -31.6
1965 127.584   2071300 0    1   31    2   35 0.888 305.3 313.0  27.7  54.9
1965 127.584   2071500 2   15   97    9   56 0.496  10.2 252.6  23.5  -5.5
1965 127.584   2071600 7    1   32    1   19 0.534  32.4 240.2  21.3 -17.9
1965 128.478   2071500 2   19   69   11   40 0.495 348.3 252.6  23.2   6.3
1965 128.478   2071600 7    7   40    4   23 0.475   6.6 242.9  22.3  -3.4
1965 129.415   2071500 2   13   47    8   29 0.565 328.8 252.6  23.3  18.6
1965 129.415   2071600 7    3   17    2   10 0.493 343.9 242.5  22.4   8.5
1965 129.415   2071700 1   14  117   28  228 0.965  80.8 160.2   7.3 -73.8
1965 130.330   2071500 2    1   26    1   18 0.667 315.5 252.6  23.3  30.6
1965 130.330   2071600 7    0   21    0   13 0.564 327.7 241.1  22.8  19.1
1965 130.330   2071700 1   27  223   29  240 0.884  78.3 161.2   7.4 -60.8
1965 131.358   2071700 1   54  291   42  224 0.758  75.3 160.8   7.0 -47.6
1965 2 1.446   2071700 1   58  302   36  185 0.573  68.4 161.6   7.0 -32.5
1965 2 2.418   2071700 1   69  351   38  191 0.389  55.7 162.4   6.8 -18.9
1965 2 3.409   2071700 1   46  330   24  170 0.234  19.5 163.7   6.5  -4.5
1965 2 4.317   2071700 1   65  264   34  137 0.258 327.6 164.3   6.3   8.0
1965 2 5.413   2071700 1   28  236   16  132 0.445 300.1 164.6   7.0  22.8
1965 2 6.302   2071700 1   31  193   20  122 0.607 289.8 165.3   6.6  35.1
1965 2 6.302   2071800 7    1   10    1    7 0.650 314.7 160.0  21.6  29.8
1965 2 6.302   2071900 1    3   21   20  109 0.994  68.1  49.2  20.9 -81.0
1965 2 7.344   2071700 1   27  133   22  107 0.778 284.3 165.8   6.9  49.4
1965 2 7.344   2071800 7    0   21    0   17 0.773 305.3 159.2  21.8  42.8
1965 2 7.344   2071900 1   12   79   19  120 0.943  65.4  50.1  20.6 -66.3
1965 2 8.445   2071700 1   24  107   29  130 0.909 280.8 166.0   7.0  64.1
1965 2 8.445   2071900 1   41  116   40  112 0.852  60.6  49.3  20.8 -52.6
1965 2 9.472   2071700 1    6   38   19  116 0.986 278.7 167.7   7.4  79.3
1965 2 9.472   2071900 1   24  143   18  106 0.735  53.3  49.3  21.0 -39.1
1965 2 9.472   2072000 1    4   19   13   58 0.986  58.3  13.6  29.7 -74.8
1965 210.294   2071900 1   15  132   10   86 0.634  44.8  49.0  20.9 -28.6
1965 210.294   2072000 1    8   35   13   55 0.945  55.5  14.0  29.6 -63.6
1965 211.305   2071900 1   23  119   14   70 0.521  28.7  48.8  20.7 -15.5
1965 211.305   2072000 1   18   71   19   72 0.867  50.2  14.4  29.5 -49.9
1965 212.539   2071900 1   39  147   22   83 0.460 359.4  48.3  20.6   0.3
1965 212.539   2072000 1   19  110   15   84 0.753  40.5  13.9  29.4 -34.1
1965 213.424   2071900 1   34  123   20   71 0.494 337.6  47.9  20.5  11.6
1965 213.424   2072000 1   26  104   18   71 0.674  29.7  13.7  29.6 -22.6
1965 214.422   2071900 1   19  136   12   85 0.596 319.4  47.7  20.7  24.5
1965 214.422   2072000 1   15   75   10   48 0.611  14.7  12.9  29.5 -10.3
1965 215.491   2071900 1   15  110   11   81 0.729 307.2  47.5  20.8  38.4
1965 215.491   2072000 1    7   43    5   27 0.600 357.1  11.1  29.9   2.0
1965 215.491  14900100 0    1   17    1    9 0.267 358.5   9.5   8.6   0.4
1965 216.396   2071900 1   28  106   26   97 0.835 300.6  47.6  20.8  50.3
1965 216.396   2072000 1    0    9    0    6 0.631 338.9  12.4  29.4  15.1
1965 217.467   2071900 1   10   36   15   52 0.935 295.8  47.6  21.2  64.5
1965 218.403   2071900 1    4   25   14   84 0.988 292.5  48.4  20.9  77.6
1965 224.390   2072100 0    0   11    0   16 0.936  91.9 182.2  -4.3 -69.7
1965 224.390   2072200 0    0   14    0   54 0.990  81.7 171.2   7.1 -80.7
1965 225.435   2072100 0    0   17    0   15 0.822  90.5 182.7  -4.5 -55.5
1965 225.435   2072200 0    6   30    9   43 0.935  79.9 170.2   6.8 -68.0
1965 226.314   2072100 0    0    5    0    4 0.687  89.2 183.1  -4.7 -43.6
1965 226.314   2072200 0    8   36    8   34 0.847  77.4 170.4   6.7 -56.3
1965 226.314   2072300 7    0    2    0    2 0.742 104.8 178.5 -15.8 -48.2
1965 226.314  14910100 0    0    4    0    4 0.860  94.8 166.8  -7.8 -59.9
1965 227.522   2072100 0    3   26    2   15 0.460  85.9 183.3  -4.5 -27.4
1965 227.522   2072200 0    5   21    4   15 0.679  71.0 170.4   7.3 -40.3
1965 227.522   2072300 7    1    8    1    5 0.564 109.7 177.0 -17.0 -33.7
1965 228.450   2072100 1    5   55    3   29 0.288  81.9 181.9  -4.6 -16.6
1965 228.450   2072200 0    6   23    4   14 0.522  64.4 170.2   6.7 -28.3
1965 3 1.514   2072100 0    1   11    1    6 0.035   0.0 184.4  -5.2   0.0
1965 3 1.514   2072200 0    0   13    0    7 0.341  46.0 170.1   6.7 -14.3
1965 3 4.425   2072400 7    5   31    4   21 0.659  25.1 127.3  29.8 -18.8
1965 3 5.304   2072400 7    4   20    3   13 0.594   9.9 127.8  28.6  -6.7
1965 3 6.384   2072400 7    4   22    3   14 0.597 348.8 127.9  28.7   7.6
1965 3 6.384   2072500 0    0    6    0    6 0.850 300.0 172.2  20.8  51.9
1965 3 6.384   2072600 7    7   48    4   27 0.438 324.2 135.6  13.8  15.3
1965 3 7.324   2072400 7    4   31    3   21 0.651 334.1 126.9  29.0  19.0
1965 3 7.324   2072500 2    2   25    3   34 0.926 294.9 171.1  19.8  63.2
1965 3 7.324   2072600 7    0    4    0    3 0.588 306.5 137.1  14.2  29.2
1965 3 8.501   2072400 7    0   15    0   12 0.753 321.7 125.2  30.2  32.7
1965 310.372   2072700 7   13   66    9   44 0.654 309.9  99.8  18.7  32.0
1965 311.390   2072700 7    7   35    6   29 0.794 300.7 100.6  19.0  46.2
1965 312.390   2072700 0    0   17    0   21 0.907 295.0 101.6  19.1  60.4
1965 312.390   2072800 0    4   26    4   26 0.858  50.6 352.3  28.4 -48.9
1965 312.390   2072900 7    2   25    3   30 0.900  50.4 347.2  31.0 -54.0
1965 313.351   2072800 0   13   70   10   54 0.752  42.5 353.4  27.9 -35.1
1965 313.351   2072900 7   40  148   36  132 0.824  44.2 346.4  31.0 -42.1
1965 314.470   2072800 2   10   71    7   47 0.652  29.6 352.4  27.9 -21.4
1965 314.470   2072900 7   25  185   19  139 0.743  34.1 344.5  31.8 -29.3
1965 315.313   2072800 2    4   21    3   13 0.587  13.3 353.9  27.8  -8.8
1965 315.313   2072900 0   42  165   29  114 0.683  24.0 343.6  31.9 -19.1
1965 316.434   2072800 2    0   11    0    7 0.580 351.4 353.5  27.9   5.6
1965 316.434   2072900 0   15  115   10   75 0.639   6.9 342.7  32.3  -5.2
1965 317.318   2072800 2    1   15    1   10 0.629 335.5 353.4  28.2  17.2
1965 317.318   2072900 0   15   93   10   62 0.653 352.2 342.3  33.3   6.1
1965 318.308   2072800 4    0   49    0   34 0.684 325.5 349.2  28.0  26.0
1965 318.308   2072900 0    4   29    3   20 0.680 337.0 341.5  32.1  18.3
1965 319.428   2072800 4   31  216   25  172 0.776 316.2 346.1  28.6  37.7
1965 320.301   2072800 4   17  136   17  134 0.858 309.2 346.0  28.4  49.1
1965 321.325   2072800 4    8   59   13   93 0.946 303.9 347.3  29.0  63.9
1965 321.325  14920100 0    0    2    0    3 0.923  62.4 221.4  22.2 -62.0
1965 324.307   2073000 7    0    4    0    9 0.972  77.8 169.3  10.1 -74.7
1965 325.508   2073000 7    6   43    7   49 0.892  74.9 167.1  10.2 -61.1
1965 326.333   2073000 7   20   87   16   69 0.774  71.2 169.3  10.0 -48.1
1965 327.426   2073000 7    8   50    5   31 0.568  59.6 173.0  10.9 -29.9
1965 327.426   2073100 0    0   13    0   13 0.854 280.6 260.4   5.5  57.5
1965 328.373   2073000 7    3   32    2   18 0.416  44.2 173.3  11.0 -17.2
1965 328.373   2073100 0    0    1    0    3 0.947 278.1 260.9   5.5  70.4
1965 329.334   2073000 7    1   30    1   16 0.315  12.2 173.8  11.3  -3.9
1965 330.322   2073000 7    1   16    1    9 0.331 338.2 172.0  11.4   7.2
1965 412.526   2073200 2    9   57   13   83 0.936  83.2 281.7   4.3 -68.8
1965 413.332   2073200 2   11   82   11   79 0.851  81.4 282.3   4.3 -57.6
1965 414.314   2073200 2   12   71    9   51 0.707  78.4 282.9   4.2 -44.0
1965 415.321   2073200 0   13   50    8   30 0.532  72.7 283.0   4.4 -30.6
1965 415.321   2073300 7    1   19    1   13 0.669  77.6 272.7   4.1 -40.9
1965 415.321  14930100 0    1   38    1   25 0.629 134.0 281.9 -30.6 -31.7
1965 416.482   2073200 0   11   51    6   27 0.306  55.3 283.7   4.8 -14.6
1965 416.482   2073300 7    0   29    0   16 0.409  68.6 275.9   3.6 -22.4
1965 417.115   2073200 0    1   31    1   16 0.211  30.6 283.7   5.2  -6.2
1965 417.115   2073300 7    1   22    1   12 0.318  58.7 274.1   4.4 -15.8
1965 418.334   2073200 0    3   23    2   12 0.252 314.4 284.2   5.0  10.4
1965 418.334   2073300 7    0   17    0    9 0.173 338.1 277.5   4.0   3.7
1965 418.334  14930200 0    0    5    0    3 0.234 302.5 285.2   2.1  11.4
1965 419.309   2073200 7    0   18    0   10 0.400 299.1 281.5   6.4  20.6
1965 420.314   2073200 7    0    6    0    4 0.575 286.7 281.3   5.3  33.6
1965 420.314   2073300 4    0   17    0   10 0.461 289.2 273.6   4.2  25.9
1965 421.323   2073400 4    8   41    5   23 0.449  29.1 221.0  18.3 -13.3
1965 422.311   2073400 4   20  101   11   55 0.389 359.0 221.6  18.0   0.4
1965 423.496   2073400 4   21  136   12   77 0.461 324.3 222.0  17.4  16.4
1965 424.314   2073400 2    9   24    6   15 0.593 308.0 224.1  17.3  29.3
1965 425.357   2073400 2    0   10    0    8 0.747 298.7 224.5  17.7  43.5
1965 426.326   2073400 2    0    9    0    9 0.852 295.9 222.5  19.3  54.3
1965 426.326   2073500 7    8   58    5   35 0.541 270.0 201.0  -3.8  32.8
1965 427.339   2073400 2    0    4    0    7 0.940 290.7 222.2  17.8  67.4
1965 427.339   2073500 7    9   54    7   40 0.736 268.8 202.3  -3.9  47.5
1965 428.424   2073500 7    0   35    0   38 0.883 267.4 202.7  -4.3  62.2
1965 5 1.358   2073600 7    0    2    0   13 0.996  62.4  19.3  27.0 -82.4
1965 5 2.571   2073600 7    0   10    0   18 0.952  60.3  18.0  26.7 -67.7
1965 5 3.300   2073600 7    0   13    0   14 0.874  56.2  21.6  26.9 -54.5
1965 5 4.323   2073600 7    0   19    0   16 0.792  50.8  18.8  27.4 -43.7
1965 5 5.347   2073600 7    4   23    3   17 0.708  42.5  16.0  28.5 -33.0
1965 5 7.515   2073700 7    4   35    5   36 0.865 314.8  69.1  35.4  48.8
1965 5 8.313   2073700 7    4   41    6   56 0.927 311.1  69.5  36.0  59.7
1965 5 9.322   2073700 7    0   13    0   39 0.985 307.0  72.0  35.6  75.5
1965 510.319   2073700 7    0    4    0   26 0.996 307.5  64.8  36.9  81.5
1965 511.304   2073800 0    0    4    0    5 0.866  63.0 274.2  21.5 -56.0
1965 512.333   2073800 0    2   10    2    8 0.725  55.8 276.3  21.9 -40.3
1965 512.333   2073900 7    1   34    1   21 0.584 252.0 351.3 -12.7  34.7
1965 513.322   2073800 4    4   42    3   26 0.586  46.4 276.5  21.4 -27.1
1965 513.322   2073900 0    0    6    0    5 0.757 254.6 352.2 -13.4  48.6
1965 514.360   2073800 4    5   26    3   15 0.450  27.4 277.0  21.0 -12.8
1965 515.354   2073800 4    9  105    5   58 0.415   3.8 275.0  22.0  -1.7
1965 515.354   2074000 7   30  307   73  736 0.977  66.1 201.2  22.7 -75.5
1965 516.342   2073800 4   21  101   12   57 0.457 333.7 276.2  21.9  12.6
1965 516.342   2074000 7   59  551   71  661 0.906  63.6 202.0  22.7 -61.6
1965 517.322   2073800 4   22   90   14   56 0.585 312.4 278.3  21.2  27.6
1965 517.322   2074000 7   64  767   55  650 0.805  59.5 202.0  22.6 -48.7
1965 517.322   2074100 7   19   91   36  170 0.962  64.6 179.2  23.7 -71.5
1965 517.322   2074200 7    0   13    0   43 0.988  62.8 171.9  26.4 -78.8
1965 518.324   2073800 4    2   24    2   18 0.732 301.5 279.3  20.9  41.9
1965 518.324   2074000 4  115  852   79  583 0.679  53.0 201.5  22.4 -35.9
1965 518.324   2074100 7    6   61    7   64 0.873  62.2 180.5  22.9 -56.9
1965 518.324   2074200 7    4   41    6   58 0.931  61.2 172.4  25.8 -65.0
1965 518.324   2074300 4    1   31    1   18 0.495 316.3 258.6  19.0  21.2
1965 519.322   2073800 4    0    9    0    9 0.862 295.3 280.5  20.5  56.3
1965 519.322   2074000 4  108  911   65  544 0.543  40.6 201.7  22.5 -22.5
1965 519.322   2074100 7   20  123   16   97 0.768  57.1 179.6  23.2 -44.6
1965 519.322   2074200 7    6   41    6   40 0.849  56.6 171.7  26.7 -52.5
1965 519.322   2074300 4   17  130   12   88 0.667 302.0 261.0  19.1  36.8
1965 520.383   2074000 4   98  714   55  397 0.432  17.3 202.2  22.5  -8.0
1965 520.383   2074100 7   10  116    7   76 0.638  48.5 178.8  23.4 -31.4
1965 520.383   2074200 7    6   46    5   33 0.713  50.4 172.7  25.5 -37.5
1965 520.383   2074300 4    9  123    8  103 0.798 296.0 259.6  19.2  49.4
1965 521.331   2074000 4  112  681   62  376 0.418 350.7 201.8  22.6   4.2
1965 521.331   2074100 7   17  106   10   62 0.505  33.6 179.9  23.2 -17.7
1965 521.331   2074200 7   11   53    7   33 0.591  39.3 173.1  25.6 -24.5
1965 521.331   2074300 4    8   67   10   78 0.897 292.6 259.0  19.3  61.4
1965 522.338   2074000 4   97  587   56  339 0.496 324.8 202.3  22.3  18.0
1965 522.338   2074100 7   10   77    6   43 0.424   9.1 180.1  23.1  -4.2
1965 522.338   2074200 7    6   70    4   41 0.510  23.3 171.3  26.3 -13.0
1965 522.338   2074300 4    8   65   21  154 0.976 289.8 260.5  18.9  76.2
1965 523.463   2074000 4  102  513   67  337 0.644 307.9 202.6  22.0  33.2
1965 523.463   2074100 7   10   64    6   36 0.449 338.1 179.9  23.1  10.5
1965 523.463   2074200 7   10   75    6   43 0.481 359.6 169.6  27.2   0.2
1965 523.463  14940100 0    4   35    3   22 0.596 321.2 194.0  26.3  24.6
1965 524.332   2074000 4   38  219   30  170 0.761 301.4 202.5  22.3  44.6
1965 524.332   2074100 7    5   33    3   20 0.540 321.6 179.4  23.7  21.5
1965 524.332   2074200 7    8   80    5   47 0.519 340.7 169.1  27.9  11.2
1965 525.388   2074000 4   19   83   21   88 0.877 296.7 202.0  22.5  58.0
1965 525.388   2074100 7    5   84    4   57 0.667 307.9 178.9  23.1  34.9
1965 525.388   2074200 7    0   15    0   10 0.615 324.6 168.0  28.9  24.0
1965 526.325   2074000 4    6   63   11  105 0.952 293.2 201.7  21.6  70.2
1965 526.325   2074100 7    2   19    2   16 0.789 301.1 178.8  23.2  47.3
1965 526.325   2074200 7    0   15    0   11 0.716 311.2 168.8  27.2  37.3
1965 6 1.307   2074400 0    0    4    0    3 0.613 106.0  15.6 -10.1 -36.8
1965 6 2.348   2074400 1   45  275   25  151 0.407 115.7  16.7 -10.5 -21.9
1965 6 3.491   2074400 1   66  470   34  240 0.196 152.3  18.2 -10.2  -5.3
1965 6 3.491   2074500 7    7   28    4   15 0.359 235.6  41.1 -11.9  17.6
1965 6 3.491  14940200 0    0    4    0   11 0.978 242.7 100.0 -26.7  76.5
1965 6 4.336   2074400 1   62  569   32  292 0.220 217.3  20.1 -10.2   7.8
1965 6 4.336   2074500 7   30  236   18  140 0.532 248.6  42.6 -11.3  30.3
1965 6 5.333   2074400 1   61  384   34  212 0.421 243.8  21.7 -10.7  22.6
1965 6 5.333   2074500 7   57  213   40  149 0.696 253.3  42.0 -11.5  42.9
1965 6 6.369   2074400 1   54  278   35  179 0.626 252.4  22.8 -10.8  37.4
1965 6 6.369   2074500 7   16   96   15   89 0.840 256.4  41.8 -11.3  56.4
1965 6 7.331   2074400 1   29  198   24  163 0.793 256.1  24.2 -10.8  51.6
1965 6 7.331   2074500 7    4   45    7   69 0.942 257.7  42.5 -11.5  69.9
1965 6 7.331   2074600 2    0    6    0    9 0.922  68.3 266.9  20.0 -65.7
1965 6 7.331   2074700 0    4   31    7   51 0.950  65.7 262.3  23.1 -70.3
1965 6 8.334   2074400 0   26  110   32  134 0.910 258.6  24.3 -10.2  65.0
1965 6 8.334   2074600 2    2   21    2   19 0.812  64.5 267.7  20.7 -51.6
1965 6 8.334   2074700 0    8   52    9   55 0.874  63.6 261.0  23.1 -58.3
1965 6 9.366   2074400 0    6   42   18  116 0.982 259.5  24.6 -10.2  78.9
1965 6 9.366   2074600 2    0   11    0    8 0.674  59.2 267.5  20.6 -38.2
1965 6 9.366   2074700 0   15   50   12   39 0.755  59.2 260.9  23.1 -44.8
1965 610.306   2074700 0    1   24    1   16 0.629  52.4 260.5  23.1 -32.8
1965 611.344  14950100 0    0    9    0    5 0.318 332.3 288.4  17.1   8.9
1965 617.340   2074800 7    1   32    1   19 0.506 197.6 210.1 -27.4   9.9
1965 618.336   2074800 7   11  105    7   65 0.588 215.4 209.5 -27.2  22.5
1965 619.308   2074800 7   27  139   19   98 0.698 225.9 208.6 -27.7  34.5
1965 619.308   2074900 7    0    2    0    3 0.923  58.4 109.4  29.6 -64.7
1965 620.354   2074800 7    4   99    4   86 0.815 233.8 208.2 -27.6  47.9
1965 620.354   2074900 7    0   24    0   23 0.839  54.3 108.1  30.4 -52.2
1965 621.341   2074800 7    6   80    8   97 0.909 238.1 207.9 -27.8  60.7
1965 621.341   2074900 7    4   28    3   21 0.730  49.8 107.3  29.6 -39.9
1965 622.394   2074800 7    0   17    0   43 0.977 241.8 208.4 -27.0  75.1
1965 622.394   2074900 0    0    6    0    4 0.578  37.2 109.7  29.3 -23.6
1965 626.309  14950200 0    2   13    2   13 0.853  58.1  26.2  28.2 -55.3
1965 627.321   2075000 2    4   29    4   29 0.857  55.7  12.9  30.4 -55.2
1965 628.318   2075000 2    5   35    4   27 0.758  51.1  11.7  30.4 -43.2
1965 629.340   2075000 2    4   51    3   34 0.657  42.9   9.8  31.2 -31.5
1965 630.647   2075000 2   19  166   11   96 0.496  23.1  11.0  30.0 -13.0
1965 7 1.399   2075000 2    5   58    3   33 0.467   5.9  10.9  30.7  -3.2
1965 7 2.346   2075000 2    1   19    1   11 0.480 342.9  10.9  30.4   9.4
1965 7 2.346   2075100 7    6   33    4   21 0.585  33.1 339.3  32.3 -22.2
1965 7 3.394   2075100 7    0    6    0    4 0.515  18.6 336.5  32.4 -11.2
1965 7 3.394  14960100 0    7   46    4   25 0.360 354.9 349.7  24.3   2.0
1965 7 4.360   2075100 7    0   19    0   11 0.491 352.6 339.2  32.5   4.3
1965 7 5.323   2075100 7    1   13    1    8 0.541 332.5 339.2  32.0  17.1
1965 7 6.465   2075100 7    0    4    0    3 0.661 316.3 339.4  31.6  32.4
1965 7 6.465   2075200 4    6   90    4   57 0.604  63.5 272.2  18.6 -34.8
1965 7 7.334   2075200 4   24  220   14  124 0.457  54.2 272.4  18.9 -23.1
1965 7 8.337   2075200 4  116  724   61  380 0.302  29.3 273.3  19.0  -9.0
1965 7 9.330   2075100 0    0    9    0   14 0.944 302.5 338.8  31.9  69.7
1965 7 9.330   2075200 4  129  573   67  298 0.268 344.2 273.5  18.8   4.4
1965 7 9.330   2075300 7    0    2    0    3 0.901  68.1 205.2  21.4 -63.9
1965 710.341   2075200 4   77  433   42  235 0.385 312.8 273.1  19.0  17.4
1965 710.341   2075300 7    2   20    2   16 0.758  67.0 207.8  19.9 -47.9
1965 711.396   2075200 4   75  388   46  238 0.576 297.9 274.4  19.1  32.6
1965 711.396   2075300 7    0    6    0    4 0.586  61.3 208.7  19.8 -33.1
1965 711.396   2075400 7    0   19    0   17 0.808 135.0 199.5 -31.9 -42.3
1965 712.343   2075200 4   72  301   53  220 0.727 292.5 274.5  19.1  45.3
1965 712.343   2075400 7    0    4    0    3 0.722 143.9 199.1 -32.1 -30.1
1965 712.343   2075500 2    0    8    0    5 0.488 265.2 258.3   1.3  29.1
1965 713.330   2075200 4   41  223   42  226 0.866 289.8 275.9  19.3  59.7
1965 713.330   2075500 2    0    7    0    5 0.690 268.2 259.8   1.9  43.6
1965 714.497   2075200 4   11   87   24  178 0.967 288.6 276.7  19.1  75.9
1965 715.489   2075300 0   16   47    9   26 0.415 307.7 207.9  18.9  20.3
1965 716.451   2075300 0    9   43    6   27 0.590 296.2 208.9  18.9  34.0
1965 717.191   2075300 0    5   18    4   13 0.710 291.7 209.2  18.6  44.1
1965 722.434  14960200 0    0   16    0   10 0.569 289.3 129.5  15.1  33.8
1965 725.371  14960300 0    4   26    3   16 0.577 303.6  88.4  23.2  31.5
1965 727.384  14960400 0    0   20    0   11 0.411   1.7  29.4  29.8  -0.8
1965 730.354   2075600 2    4   27    4   23 0.803  55.2 300.6  31.0 -50.3
1965 731.426   2075600 2    0   16    0   11 0.654  48.4 302.2  30.6 -34.6
1965 8 3.329   2075700 7    4   29    3   19 0.618  28.8 276.1  38.4 -22.3
1965 8 3.329  14970100 0    0    4    0    7 0.951 293.5  11.4  24.2  73.0
1965 8 4.374   2075700 7    0   11    0    7 0.553  14.5 274.4  38.4 -10.2
1965 8 6.411   2075800 7    9   59    9   56 0.847 132.6 211.1 -30.8 -46.5
1965 8 6.411   2075900 7    0    4    0    7 0.943  54.5 187.0  35.5 -70.6
1965 8 7.343   2075900 7    1   32    2   34 0.878  51.6 186.4  36.5 -58.9
1965 8 8.341   2075900 7    6   56    5   45 0.771  47.2 187.6  36.2 -44.5
1965 8 8.341  14970200 0    0   13    0   15 0.889 287.2 295.5  18.2  63.4
1965 8 8.341  14970300 0    0    1    0    1 0.557  47.4 204.5  27.8 -27.6
1965 8 9.384   2075900 7    6   46    4   30 0.634  38.3 189.4  35.5 -28.9
1965 810.565   2075800 7    4   36    3   23 0.620 192.9 212.0 -30.8   9.3
1965 810.565   2075900 7    0   11    0    7 0.556  26.8 184.7  35.9 -18.0
1965 811.303   2075800 7    8   54    6   37 0.671 207.1 213.7 -30.6  20.8
1965 811.303   2075900 7    0   15    0    9 0.528  13.6 183.9  37.3  -9.0
1965 812.326   2075800 7   15   90   12   68 0.746 218.3 211.9 -30.4  32.4
1965 813.348   2075800 7    2   29    2   27 0.836 226.9 210.9 -30.3  45.0
1965 814.502   2075800 7    0    7    0    9 0.916 232.2 208.0 -30.7  57.4
1965 818.338  14970400 0    9   31    5   16 0.096  71.2  94.6   8.6  -5.3
1965 820.338  14970500 0    0    4    0    3 0.585  93.6  37.7   3.5 -35.8
1965 822.356   2076000 0    0    6    0    4 0.619  62.6  10.5  22.2 -36.4
1965 824.315   2076000 7    3   45    2   24 0.330  24.7  12.2  24.4  -8.7
1965 826.353   2076100 7    0    8    0    7 0.803  61.0 301.8  27.4 -52.3
1965 827.409   2076100 7   13  113    9   77 0.670  56.4 301.1  27.4 -38.9
1965 828.304   2076100 7    5   71    3   42 0.529  48.4 301.9  27.0 -26.4
1965 829.322   2076100 7    3   36    2   20 0.395  29.5 302.2  27.1 -12.6
1965 829.322   2076200 7    0   15    0    8 0.287 106.5 298.8   2.2 -16.0
1965 830.539   2076100 7    7   32    4   17 0.316   0.3 298.7  25.6  -0.1
1965 830.539   2076200 7    0    3    0    2 0.082 176.3 298.5   2.5  -0.3
1965 831.332   2076100 7    7   79    4   43 0.368 329.7 300.2  25.6  11.9
1965 831.332   2076200 7    9   34    5   18 0.237 249.2 301.1   2.2  12.8
1965 9 1.316   2076100 7    0   13    0    8 0.504 309.0 300.9  25.0  25.6
1965 9 1.316   2076200 4   25  174   14   97 0.437 261.0 300.9   2.6  25.6
1965 9 2.388   2076200 4   21  124   14   83 0.656 265.5 302.0   2.5  40.9
1965 9 2.388   2076300 1    0    6    0   12 0.958  63.9 186.2  27.0 -74.9
1965 9 3.340   2076200 4   28  164   26  151 0.837 268.1 305.4   2.4  56.9
1965 9 3.340   2076300 1    0   20    0   24 0.907  62.7 182.9  27.8 -65.6
1965 9 4.408   2076200 4   37  136   60  216 0.947 270.6 306.0   2.9  71.5
1965 9 4.408   2076300 1   13   72   11   60 0.795  61.5 182.9  26.9 -51.6
1965 9 5.337   2076200 4    2   20    8   78 0.990 272.2 304.4   3.2  82.3
1965 9 5.337   2076300 1   36  220   24  145 0.648  56.0 185.0  27.1 -37.1
1965 9 6.343   2076300 1   49  178   28  102 0.479  44.8 186.7  26.6 -22.2
1965 9 7.320   2076300 1   81  431   44  232 0.364  24.5 186.3  26.5  -9.7
1965 9 8.597   2076300 1   80  431   43  231 0.354 339.9 186.9  26.6   7.8
1965 9 9.312   2076300 1   77  374   43  208 0.434 320.6 187.6  26.5  17.9
1965 910.349   2076300 1   66  312   41  194 0.591 306.0 188.3  26.5  32.3
1965 911.317   2076300 0   47  209   36  158 0.746 299.0 189.9  26.3  46.7
1965 911.317   2076400 0    1   16   11   91 0.995  66.4  56.0  24.0 -87.2
1965 912.337   2076300 0   36  161   37  163 0.867 295.8 189.9  25.9  60.2
1965 912.337   2076400 0   13   80   22  135 0.953  67.4  55.8  23.7 -73.9
1965 913.354   2076300 0   11   60   18   96 0.947 295.2 189.0  26.1  72.7
1965 913.354   2076400 0   16   83   16   82 0.860  66.7  56.7  23.7 -59.6
1965 914.553   2076300 0    0    6    0   18 0.982 295.0 181.9  25.8  81.5
1965 914.553   2076400 0   14   76   10   54 0.703  63.2  57.1  23.8 -43.3
1965 915.333   2076400 0   21   97   13   60 0.582  59.1  57.2  23.5 -33.0
1965 916.554   2076400 0   11   45    6   25 0.390  43.5  57.0  23.3 -17.0
1965 916.554   2076500 2    0    6    0    4 0.490  41.8  52.3  28.1 -21.7
1965 917.312   2076400 0    3   26    2   14 0.306  21.7  56.9  23.6  -7.1
1965 917.312   2076500 2    0    3    0    2 0.398  30.5  50.9  27.0 -13.1
1965 918.349   2076400 0    1   13    1    7 0.300 339.7  56.9  23.4   6.5
1965 919.378  14980100 0    0    4    0    4 0.848 295.5  94.7  25.3  57.9
1965 923.412   2076600 2    8   72    5   42 0.508 311.9   8.5  26.2  24.9
1965 924.525   2076600 5   33  213   23  148 0.689 300.8  10.0  26.0  41.2
1965 925.383   2076600 5   21  136   18  115 0.804 297.6  10.1  26.2  52.6
1965 926.403   2076600 5   12   51   16   67 0.922 296.0  12.1  26.6  68.0
1965 926.403   2076700 4    2   26    7   86 0.988  71.9 221.3  18.9 -82.8
1965 927.336   2076600 4    0    8    0   14 0.950 297.1   4.7  27.8  73.0
1965 927.336   2076700 4   11   69   19  114 0.951  72.2 218.4  19.0 -73.3
1965 927.336   2076800 0    2   19    5   48 0.978 120.7 219.4 -28.1 -72.3
1965 928.328   2076700 4   38  223   41  236 0.878  71.2 216.6  19.7 -62.0
1965 928.328   2076800 0    2   24    3   32 0.919 124.6 219.5 -28.1 -59.1
1965 929.536   2076700 4  138  674  102  495 0.729  68.0 216.5  20.6 -46.2
1965 929.536   2076800 0    2   13    2   12 0.819 131.6 218.7 -28.2 -44.0
1965 930.900   2076700 4  159  782  106  521 0.658  65.7 215.5  20.9 -39.9
196510 1.328   2076700 4  130  971   72  538 0.429  54.5 217.2  20.6 -21.9
196510 1.328  14990100 0    0    6    0    4 0.539 162.0 228.6 -24.3 -10.5
196510 2.314   2076700 4  232 1078  121  562 0.282  29.0 217.7  20.8  -8.4
196510 2.314   2076800 0    0    6    0    4 0.556 170.5 220.2 -26.7  -5.9
196510 3.438   2076700 4  144  706   75  366 0.262 338.4 217.1  20.6   5.9
196510 3.438   2076900 7   60  233   36  138 0.530 216.7 230.8 -19.0  19.6
196510 4.344   2076700 4  117  613   64  334 0.395 310.4 218.0  21.0  18.8
196510 4.344   2076900 7   92  474   61  313 0.649 230.3 231.1 -19.0  31.9
196510 4.344   2077000 7    9   60    7   45 0.733 146.4 170.6 -32.0 -28.6
196510 5.329   2076700 4   75  431   46  262 0.565 298.8 218.4  21.3  32.1
196510 5.329   2076900 7   76  462   62  374 0.783 239.5 231.8 -19.0  45.5
196510 5.329   2077000 7    4   28    3   20 0.688 156.1 166.9 -32.9 -19.4
196510 6.454   2076700 4   40  190   32  152 0.778 292.8 221.9  21.7  50.5
196510 6.454   2076900 7   40  180   54  240 0.926 246.8 235.3 -18.7  63.9
196510 7.344   2076700 4   27  127   30  140 0.890 291.4 222.9  21.9  63.2
196510 7.344   2076900 7   15   90   46  263 0.984 249.9 236.6 -18.4  76.9
196510 8.573   2076700 0    0   10    0   23 0.973 290.5 221.6  21.3  78.2
196510 9.451   2077100 0    4   28    9   57 0.967  73.3  55.4  17.7 -76.5
19651010.353   2077100 1   13   66   15   77 0.900  72.6  55.3  18.3 -64.7
19651010.353  14990200 0    0   21    0   61 0.983 279.6 200.4  10.5  80.4
19651011.346   2077100 1   11   54    9   44 0.787  71.2  55.1  18.5 -51.8
19651012.302   2077100 1   12   48    8   32 0.649  67.2  55.0  19.2 -39.3
19651013.345   2077100 1    6   54    4   31 0.486  59.5  54.1  19.6 -26.4
19651014.447   2077100 7    1   13    1    7 0.297  36.1  55.3  19.6 -10.7
19651016.361   2077100 0    0    7    0    4 0.306 318.0  53.2  18.7  12.5
19651019.576   2077200 7    5   40    3   21 0.299  18.3 352.5  21.9  -5.8
19651020.365   2077200 7   15  103    8   54 0.297 342.9 353.3  21.8   5.4
19651021.365   2077200 7   28  169   16   94 0.429 309.6 355.4  20.8  20.7
19651022.365   2077200 7   30  200   19  124 0.588 299.0 354.9  20.9  33.4
19651022.365   2077300 0    2   18   12  104 0.995 106.8 238.9 -16.1 -82.6
19651023.369   2077200 7   26  106   20   80 0.744 293.5 355.2  20.8  46.9
19651023.369   2077300 0   17   81   28  132 0.950 108.5 238.9 -15.8 -69.4
19651024.477   2077200 0    8   37   10   43 0.897 290.0 357.6  20.1  63.9
19651024.477   2077300 0   24  101   23   97 0.848 112.0 238.9 -15.7 -54.8
19651024.477   2077400 0    0    6    0    4 0.656  49.0 259.0  29.6 -34.7
19651025.385   2077300 0   24  122   18   90 0.732 116.5 238.9 -15.5 -42.8
19651025.385   2077400 0    5   21    3   13 0.549  40.2 257.7  29.3 -24.0
19651026.402   2077300 0   30  159   19   98 0.579 126.0 239.2 -15.7 -29.1
19651026.402   2077400 7    0   18    0   10 0.424  19.6 259.0  28.3  -9.3
19651027.435   2077300 1   28  163   16   91 0.437 143.4 239.0 -16.0 -15.7
19651028.310   2077300 1   29  150   16   81 0.360 169.3 239.1 -16.1  -4.0
19651029.393   2077300 0   20  132   11   72 0.388 206.9 239.3 -15.8  10.5
19651030.329   2077300 0   27  108   16   63 0.502 227.1 239.0 -15.9  22.5
19651031.324   2077300 0   46  108   31   72 0.650 239.1 238.9 -16.0  35.5
196511 1.384   2077300 0   13   65   11   55 0.798 245.9 238.8 -16.3  49.4
196511 1.384   2077500 7   46  148   24   76 0.221 296.5 201.0   9.8  11.6
196511 1.384   2077600 2    0   10    0   21 0.965  57.1 114.7  32.8 -74.7
196511 2.389   2077300 0   15   44   18   53 0.908 250.1 238.8 -16.1  62.7
196511 2.389   2077500 7   21  109   12   61 0.434 284.1 201.4   9.8  25.3
196511 2.389   2077600 2    6   48    8   57 0.905  56.2 113.4  32.2 -62.7
196511 3.502   2077300 0    0   10    0   29 0.981 252.7 238.7 -16.1  77.2
196511 3.502   2077500 7   21  137   14   88 0.624 280.1 200.0   9.4  38.5
196511 3.502   2077700 7    0   23    0   18 0.746 278.5 209.8   9.0  48.3
196511 4.407   2077500 7   15   78   12   63 0.779 279.1 200.8   9.5  51.3
196511 4.407   2077700 7    0   19    0   21 0.879 278.2 211.3   9.1  61.8
196511 5.414   2077500 7    0   13    0   16 0.907 278.7 201.6   9.5  65.3
196511 5.414   2077600 0    0   12    0    8 0.584  38.9 111.1  30.5 -25.2
196511 5.414   2077800 7    0    9    0   12 0.925  66.1  69.1  23.5 -67.2
196511 6.422   2077500 7    0    6    0   15 0.975 280.0 200.6  10.6  77.6
196511 6.422   2077600 4   57  269   32  149 0.424  20.1 113.6  27.1  -9.4
196511 6.422   2077800 7    4   55    5   60 0.886  63.6  61.8  25.0 -61.2
196511 7.547   2077600 4  129  724   71  397 0.409 348.6 113.4  27.2   5.2
196511 7.547   2077800 7    9   41    7   31 0.737  59.9  63.8  24.3 -44.4
196511 8.602   2077600 4  112  529   65  306 0.502 322.3 114.3  26.7  20.1
196511 8.602   2077800 0    0   11    0    7 0.559  51.6  65.7  23.4 -28.5
196511 9.579   2077600 4  114  637   74  413 0.635 309.6 114.6  26.7  33.2
196511 9.579   2077800 0    1   10    1    6 0.405  35.4  66.7  22.5 -14.7
196511 9.579   2077900 7    5   45    3   27 0.539  46.1  56.0  25.0 -25.4
19651110.384   2077600 4  144  622  109  469 0.747 303.1 115.1  26.4  44.3
19651110.384   2077800 0    0    9    0    5 0.339  10.9  66.8  22.7  -4.0
19651110.384   2077900 7   50  261   28  146 0.445  31.7  55.8  25.4 -15.0
19651111.412   2077600 4   60  344   63  356 0.873 298.7 116.0  26.4  58.8
19651111.412   2077900 4   75  383   41  207 0.377   3.6  55.7  25.2  -1.5
19651112.412   2077600 4   23  108   41  191 0.958 296.7 116.8  26.4  72.8
19651112.412   2077900 4   52  208   29  115 0.418 334.4  55.5  25.1  11.5
19651113.402   2077600 4    0    6    0   20 0.987 296.5 112.0  26.6  81.0
19651113.402   2077900 4   42  182   25  108 0.534 315.2  55.5  24.9  24.5
19651114.400   2077900 4   23  154   16  104 0.668 304.8  54.9  24.6  37.1
19651114.400  15000100 0    0    2    0    2 0.821  86.3 322.5   4.6 -55.3
19651115.403   2077900 4   15   83   13   72 0.811 297.2  56.4  23.4  51.8
19651116.294   2077900 4   17   58   21   71 0.910 294.6  57.2  23.4  64.3
19651117.360   2077900 0    0    8    0   20 0.979 293.0  56.9  23.0  78.1
19651124.546  15010100 0    0    7    0    4 0.441  35.3 228.0  22.6 -16.0
19651128.414   2078000 0    6   36   18  100 0.983  62.4 114.6  27.3 -78.5
19651129.502   2078000 0   19   67   26   90 0.926  60.4 113.4  27.6 -65.3
19651130.454   2078000 0   26  121   25  114 0.845  56.6 113.0  28.2 -53.2
19651130.454  15010200 0    0    4    0    5 0.895 110.7 104.5 -18.1 -61.7
196512 1.455   2078000 0   21   85   16   63 0.735  50.8 112.7  28.2 -40.3
196512 1.455  15010300 0    0   13    0    8 0.528 157.7 139.8 -28.6 -13.2
196512 2.463   2078000 0   12   76    8   49 0.619  41.1 112.2  28.3 -27.5
196512 3.412   2078000 0   17   61   10   36 0.521  26.1 112.2  28.3 -15.1
196512 4.302   2078000 0   10   45    6   26 0.479   7.9 111.2  28.6  -4.3
196512 5.286   2078000 0    6   31    4   18 0.496 344.9 111.0  28.8   8.5
196512 6.412   2078000 2    6   32    4   20 0.588 325.2 110.2  28.9  22.5
196512 7.463   2078000 2    4   30    3   22 0.711 314.0 109.8  29.5  36.0
196512 8.536   2078000 2    2   22    2   19 0.811 307.2 107.5  29.2  47.8
196512 8.536   2078100 2    0    4    0    9 0.973  70.6 343.9  18.8 -75.8
196512 9.348   2078100 2    0   16    0   23 0.929  69.3 342.1  19.0 -66.9
19651210.479   2078100 2    2   21    2   17 0.782  65.4 345.5  18.7 -48.6
19651210.479  15010400 0    0    5    0    3 0.247  99.5  20.0  -2.8 -14.1
19651212.322   2078200 7    2   14    2   14 0.854  53.6 317.2  30.0 -52.6
19651213.292   2078200 0    0   25    0   19 0.739  41.0 321.6  33.2 -35.4
19651215.527   2078100 7   12  113    7   63 0.436 325.9 342.7  20.1  15.1
19651216.488   2078100 7   47  217   29  132 0.567 309.6 342.6  20.1  27.7
19651217.284   2078100 7   56  198   39  138 0.691 301.5 343.3  20.1  38.9
19651218.322   2078100 7   43  248   40  228 0.837 295.3 344.5  20.1  53.7
19651219.325   2078100 7   36  192   52  273 0.934 292.5 344.6  20.3  67.0
19651220.285   2078100 7    6   57   19  179 0.987 290.9 344.2  20.3  79.3
19651221.339   2078300 0    0    1    0    1 0.538 311.4 276.3  19.2  25.3
19651222.341   2078300 4    4   37    3   26 0.694 301.3 276.9  19.6  39.0
19651223.283   2078300 4    8   50    7   43 0.810 295.9 276.0  19.4  50.6
19651224.415   2078300 4    0   10    0   15 0.939 291.2 278.4  19.0  67.9
19651224.415   2078400 7    0    3    0    2 0.267  35.2 201.5  10.4  -9.0
19651225.282   2078400 7    7   70    4   36 0.223 346.7 202.1  10.2   3.0
19651226.412   2078400 7   40  193   22  105 0.384 305.1 202.8  10.4  18.6
19651227.282   2078400 7  111  757   66  447 0.529 294.9 202.0  10.6  29.2
19651227.282   2078500 7    0    6    0    6 0.850 123.7 118.3 -29.7 -54.5
19651228.459   2078400 7  107  906   78  656 0.721 286.9 201.7  10.2  44.5
19651228.459   2078500 0   27  191   19  134 0.695 128.7 119.3 -27.9 -37.9
19651228.459   2078600 7    5   35    5   30 0.806  58.9 108.7  22.8 -48.5
19651229.281   2078400 7   99  552   91  506 0.837 283.8 202.0   9.9  55.6
19651229.281   2078500 7   46  244   29  151 0.583 137.7 120.0 -28.1 -26.4
19651229.281   2078600 7    8   54    6   37 0.678  52.6 110.9  22.0 -35.5
19651229.281   2078700 2    3   39    2   21 0.348  55.3 129.6   8.7 -16.8
19651230.524   2078400 7   26  189   59  419 0.974 281.2 206.1  10.2  76.1
19651230.524   2078500 7   33  211   19  118 0.443 164.4 122.2 -28.2  -7.8
19651230.524   2078600 7    3   12    2    7 0.490  34.2 112.8  21.1 -17.2
19651230.524   2078700 2   11   70    6   36 0.207   7.7 128.4   8.9  -1.6
19651231.280   2078400 7    2   28    6   79 0.983 279.3 198.9   8.6  78.8
19651231.280   2078500 7   28  128   16   71 0.427 183.3 121.7 -28.3   1.6
19651231.280   2078600 7    1   30    1   17 0.429  15.1 113.2  21.4  -6.9
19651231.280   2078700 2    1   15    1    8 0.265 319.6 130.1   8.6  10.0
