1974 1 1.317   2345700 4    1    7    1    4 0.347 128.9  43.3 -15.7 -16.3
1974 1 2.970   2345700 4   11  124    6   64 0.238 151.4  42.5 -15.4  -6.8
1974 1 3.479   2345700 4   36  226   19  118 0.276 222.7  42.3 -15.1  11.2
1974 1 4.509   2345700 4   10   71    6   40 0.452 243.2  42.2 -15.0  24.7
1974 1 5.870   2345700 4    1   20    1   12 0.544 248.4  41.4 -14.7  31.5
1974 1 6.442  16100100 0    0    4    0    3 0.599 220.5  18.9 -30.5  26.8
1974 1 7.562   2345800 4    1    6    1    4 0.489  69.1 309.9   6.6 -27.4
1974 1 8.282   2345800 4   18  108   10   58 0.359  58.8 309.8   6.9 -18.0
1974 1 8.282   2345900 1   10   74   30  223 0.985 100.1 247.3 -10.6 -80.5
1974 1 9.277   2345800 4   25  133   13   68 0.203  24.1 309.9   6.6  -4.8
1974 1 9.277   2345900 1   14  128   19  173 0.926  99.9 246.5 -10.7 -68.2
1974 1 9.277   2346000 0    0    2    0    3 0.929  75.8 247.8  11.6 -66.9
1974 110.508   2345800 4   32  165   17   86 0.278 311.0 310.7   6.4  12.2
1974 110.508   2345900 1   30  236   25  192 0.785 100.3 246.7 -10.7 -51.8
1974 110.508   2346000 0    6   18    5   15 0.772  72.3 250.0  10.8 -48.5
1974 110.508   2346100 0    3   42   11  118 0.983 104.2 218.5 -14.7 -80.0
1974 111.292   2345800 4   14  122    8   68 0.429 295.3 311.2   6.6  23.0
1974 111.292   2345900 1   47  314   32  212 0.668 101.2 246.4 -10.7 -41.8
1974 111.292   2346000 0    4   12    3    8 0.653  68.1 250.1  10.7 -38.1
1974 111.292   2346100 0   20   84   30  124 0.938 104.3 218.1 -14.9 -70.1
1974 112.880   2345800 4   46  186   29  115 0.587 287.3 312.0   6.4  34.3
1974 112.880   2345900 1   56  323   33  190 0.522 103.3 246.6 -10.7 -31.1
1974 112.880   2346000 0    0    6    0    4 0.520  60.3 250.3  11.0 -27.4
1974 112.880   2346100 0   36  120   36  119 0.861 104.0 218.2 -14.3 -59.5
1974 112.880   2346200 2    9   57   39  226 0.991 106.8 194.2 -17.2 -83.5
1974 113.284   2345800 4   22  159   19  132 0.797 281.3 313.7   6.2  51.8
1974 113.284   2345900 1   41  369   22  194 0.300 114.5 245.7 -11.5 -16.2
1974 113.284   2346100 0   25  134   18   95 0.704 106.1 217.6 -14.5 -44.3
1974 113.284   2346200 2   22  128   29  167 0.921 106.9 194.5 -17.3 -67.4
1974 113.284  16100200 0    0    3    0    4 0.865  98.8 201.7  -9.9 -60.2
1974 114.298   2345800 4    6   47    8   63 0.924 278.5 315.4   6.0  66.8
1974 114.298   2345900 1   51  384   26  194 0.133 158.1 245.7 -11.7  -2.9
1974 114.298   2346100 0   20  122   12   73 0.537 110.9 217.3 -15.0 -31.3
1974 114.298   2346200 2   16  144   14  126 0.815 107.7 194.3 -17.1 -54.3
1974 114.298   2346300 7    5   42    3   22 0.264 323.6 257.7   7.7   9.1
1974 114.298   2346400 7    0   16    0   22 0.925 106.4 180.5 -16.9 -68.1
1974 114.298   2346500 3    2   28    4   53 0.961 102.7 174.1 -13.5 -74.5
1974 115.442   2345800 4    1   15   15  122 0.998 277.0 319.1   6.6  85.6
1974 115.442   2345900 1   33  262   17  135 0.238 239.8 245.6 -11.5  12.1
1974 115.442   2346100 0   15  103    8   55 0.327 123.0 217.0 -14.8 -16.5
1974 115.442   2346200 2   33  274   22  181 0.647 111.0 194.3 -17.1 -39.2
1974 115.442   2346300 7   12   95    7   54 0.473 296.9 258.7   8.1  25.2
1974 115.442   2346400 7    2   14    2   12 0.806 107.0 180.0 -16.5 -53.5
1974 115.442   2346500 3   12   88   13   91 0.871 102.6 172.7 -13.3 -60.8
1974 115.442  16100300 0    0    3    0    2 0.189  16.6 230.4   5.7  -3.1
1974 116.520   2345900 1   41  213   23  120 0.450 254.1 245.6 -11.4  26.2
1974 116.520   2346100 0   15   72    8   37 0.190 169.3 217.3 -15.6  -2.1
1974 116.520   2346200 2   38  227   22  129 0.471 118.9 193.8 -17.5 -25.6
1974 116.520   2346300 7   12   47    9   33 0.694 287.7 261.4   8.6  42.0
1974 116.520   2346400 7    0    4    0    3 0.653 110.0 179.6 -16.6 -39.8
1974 116.520   2346500 0   40  161   29  117 0.722 103.7 173.3 -13.2 -46.1
1974 117.276   2345900 1   11  101    7   63 0.593 257.3 245.6 -11.5  36.2
1974 117.276   2346100 0    9   52    5   27 0.228 216.0 217.4 -15.5   8.0
1974 117.276   2346200 2   31  272   17  145 0.339 130.3 193.7 -17.4 -15.7
1974 117.276   2346300 7    2   15    2   13 0.812 284.5 262.1   8.8  52.7
1974 117.276   2346500 3   30  247   19  155 0.599 106.0 173.1 -13.5 -36.3
1974 117.276  16100400 0    3   27    2   15 0.434 325.9 224.1  16.3  14.7
1974 118.294   2345900 1   18   79   14   61 0.759 258.3 245.5 -12.1  49.5
1974 118.294   2346100 0   12   34    7   19 0.399 241.3 217.3 -15.7  21.3
1974 118.294   2346200 2   37  259   19  133 0.220 169.5 193.6 -17.5  -2.4
1974 118.294   2346300 7    0    2    0    3 0.931 281.5 263.4   8.8  67.4
1974 118.294   2346400 7    1   50    1   27 0.350 131.1 179.9 -18.1 -16.1
1974 118.294   2346500 3   12   78    7   43 0.403 112.7 173.5 -13.6 -22.5
1974 118.294  16100500 0    0    8    0    5 0.446 292.8 220.4   5.4  24.4
1974 118.294  16100600 0    0    1    0    1 0.276 326.3 204.9   8.3   8.9
1974 119.512   2345900 1    2   10    3   13 0.907 259.9 245.5 -11.3  65.6
1974 119.512   2346100 0   12   29    8   19 0.620 251.5 217.5 -15.4  37.6
1974 119.512   2346200 2   32  224   17  118 0.306 224.5 192.9 -17.6  13.0
1974 119.512   2346400 7    1   35    1   18 0.213 196.4 183.5 -16.9   3.6
1974 119.512   2346500 3   19  153   10   78 0.175 146.6 174.2 -13.5  -5.7
1974 119.512   2346600 4    5   32    3   17 0.324 303.9 195.6   5.5  15.7
1974 119.512   2346700 7    1   41    1   22 0.339  10.3 176.3  14.4  -3.6
1974 120.870   2346100 0    4   15    3   11 0.714 253.2 217.6 -15.6  45.2
1974 120.870   2346200 2   38  200   21  110 0.404 236.4 193.1 -17.8  20.7
1974 120.870   2346400 7    0   36    0   19 0.263 210.7 180.5 -18.2   8.1
1974 120.870   2346500 3   13   61    7   31 0.159 190.4 174.1 -14.2   1.7
1974 120.870   2346600 4    5   60    3   34 0.457 291.2 197.7   4.8  25.3
1974 120.870   2346700 7    1   11    1    6 0.346 343.3 178.3  14.2   5.9
1974 120.870  16100700 0    0    7    0    4 0.254 250.6 186.5  -9.9  14.1
1974 121.313   2346100 0    0    2    0    2 0.857 253.4 215.3 -16.9  59.1
1974 121.313   2346200 2   17  139   11   88 0.611 246.6 192.4 -18.3  36.2
1974 121.313   2346400 7    0    7    0    4 0.467 247.1 182.7 -15.2  26.5
1974 121.313   2346600 4   11   78    8   53 0.667 284.2 196.7   5.4  40.5
1974 122.311   2346200 2    7   52    6   41 0.765 250.5 192.5 -18.3  49.4
1974 122.311   2346400 7    1   14    1   10 0.681 251.3 185.4 -16.6  42.3
1974 122.311   2346600 4   37  208   33  182 0.818 280.9 196.9   5.7  53.8
1974 123.463   2346400 7    8   60    8   56 0.841 253.3 185.3 -17.0  57.4
1974 123.463   2346600 4   13  107   20  160 0.942 277.6 197.5   5.3  69.6
1974 124.439   2346400 7    2   14    3   21 0.939 253.9 185.8 -17.0  70.7
1974 124.439   2346600 4    0    6    0   17 0.983 277.3 193.7   6.1  78.6
1974 126.328  16100800 0    1   11    1    6 0.211 180.5  90.3 -17.9   0.1
1974 127.462  16100900 0    0    5    0    3 0.277 203.2  82.0 -20.5   6.7
1974 128.388  16101000 0    1   10    1    6 0.423 116.8  39.9 -16.4 -23.2
1974 2 1.337   2346800 2    0    2    0    2 0.829 293.5  63.2  15.6  52.1
1974 2 1.337  16101100 0    0    1    0    1 0.348 321.9  23.7   9.9  12.6
1974 2 1.337  16101200 0    0    5    0    6 0.873  80.8 311.2   5.0 -59.9
1974 2 2.338   2346800 2    0    2    0    3 0.927 289.0  63.1  15.0  65.2
1974 2 2.338   2346900 2    0    3    0    2 0.485  90.6 328.7  -5.7 -29.2
1974 2 2.338  16110100 0    0    1    0    1 0.437 309.7  17.9  10.4  20.0
1974 2 3.412   2346900 0    3   13    2    7 0.261  87.8 328.6  -5.5 -15.2
1974 2 7.408   2347000 7    4   17    9   38 0.973  79.7 215.8   8.4 -75.4
1974 2 8.274   2347000 7    2   18    3   24 0.918  77.5 214.8   8.7 -65.0
1974 2 8.274   2347100 1    2   14    5   32 0.973 105.1 201.8 -16.2 -78.0
1974 2 9.305   2347000 7    2   14    2   13 0.818  74.1 213.4   9.0 -52.8
1974 2 9.305   2347100 1   33  248   39  285 0.898 105.3 201.5 -16.6 -64.7
1974 210.291   2347000 7    1   22    1   15 0.665  68.7 214.4   8.8 -38.8
1974 210.291   2347100 1   25  359   20  286 0.776 105.7 202.1 -16.4 -51.1
1974 211.292   2347000 7    0    1    0    1 0.468  59.0 216.1   7.8 -23.9
1974 211.292   2347100 1   35  291   23  187 0.623 108.4 201.9 -16.7 -38.1
1974 212.411   2347100 1   31  283   17  154 0.387 116.3 204.1 -16.2 -21.2
1974 212.411   2347200 0    0    3    0   20 0.994 106.1 139.7 -16.6 -85.6
1974 213.300   2347000 7    0   11    0    6 0.229 350.0 215.9   6.2   2.3
1974 213.300   2347100 1   42  286   22  147 0.225 135.7 204.2 -16.0  -9.4
1974 213.300   2347200 0    6   37   11   65 0.957 105.7 139.3 -17.0 -74.3
1974 213.300   2347300 7    3   17    2    9 0.297 249.2 230.1 -12.6  16.5
1974 213.300  16110200 0    0    1    0    1 0.592 299.4 245.3  11.1  31.7
1974 213.300  16110300 0    1   25    1   13 0.044 146.4 212.2  -8.9  -1.4
1974 214.408   2347100 1   31  308   16  157 0.179 209.2 204.2 -15.8   5.2
1974 214.408   2347200 0   10   86   11   87 0.865 105.7 138.5 -17.0 -60.5
1974 215.425   2347100 1   43  256   23  137 0.346 242.4 204.2 -15.8  18.6
1974 215.425   2347200 0   13  112   10   83 0.731 107.3 138.6 -17.3 -47.0
1974 215.425   2347300 7   14   78   11   58 0.737 259.2 233.5 -12.6  47.9
1974 215.425   2347400 4   17   82   11   52 0.605 112.5 149.4 -19.0 -36.2
1974 216.590   2347100 1   27  246   17  150 0.570 252.0 204.5 -15.9  34.3
1974 216.590   2347200 0   20  149   12   89 0.541 111.9 138.4 -17.6 -31.8
1974 216.590   2347300 4   14   99   15  100 0.867 258.7 231.0 -13.2  60.8
1974 216.590   2347400 4   38  246   21  135 0.403 121.9 149.0 -18.8 -21.2
1974 217.297   2347100 1   23  239   16  166 0.690 254.2 204.6 -15.9  43.7
1974 217.297   2347200 0   27  163   15   90 0.411 118.5 138.6 -17.8 -22.3
1974 217.297   2347300 4   12  100   18  145 0.937 258.5 231.5 -13.2  70.6
1974 217.297   2347400 4   63  451   33  235 0.278 136.2 149.2 -18.4 -11.7
1974 217.297  16110400 0    0    3    0    2 0.238 274.1 174.7  -5.8  13.8
1974 218.285   2347100 1   27  174   25  159 0.836 255.3 205.2 -16.1  57.3
1974 218.285   2347200 0   25  149   13   77 0.245 143.1 139.0 -18.2  -8.9
1974 218.285   2347300 4    6   32   17   91 0.983 257.9 228.6 -13.1  80.7
1974 218.285   2347400 4  103  632   53  323 0.200 193.4 150.7 -18.2   2.8
1974 219.298   2347100 1   16  122   24  176 0.936 255.5 205.1 -16.0  70.5
1974 219.298   2347200 0   11  107    6   55 0.215 199.7 139.0 -18.7   4.4
1974 219.298   2347400 4   92  753   49  399 0.329 231.2 150.3 -18.7  15.7
1974 220.503   2347100 1    2    9   16   78 0.998 255.3 206.5 -15.1  87.8
1974 220.503   2347200 0   12   54    7   30 0.400 237.6 139.6 -19.0  20.9
1974 220.503   2347400 4   68  639   41  382 0.545 246.5 150.5 -18.6  31.8
1974 221.101   2347200 0    8   36    5   21 0.475 243.9 137.5 -18.4  26.7
1974 221.101   2347400 4  119  551   80  368 0.660 249.7 151.6 -18.7  40.8
1974 222.682   2347200 6   23  247   17  179 0.720 253.8 136.2 -16.6  46.2
1974 222.682   2347400 4   36  385   36  380 0.860 252.6 150.0 -18.6  60.0
1974 223.422   2347200 6   28  180   25  160 0.823 254.5 136.2 -16.8  55.9
1974 223.422   2347400 4   15  136   24  207 0.943 252.4 152.1 -18.9  71.8
1974 223.422   2347500 7    0    2    0    3 0.901  70.9  19.1  13.8 -61.2
1974 224.448   2347200 6   24  183   34  252 0.930 254.7 136.3 -16.8  69.5
1974 224.448   2347400 4   10   66   26  168 0.979 252.2 146.9 -18.8  80.1
1974 224.448   2347500 7    2    8    2    7 0.795  67.5  17.9  13.1 -48.9
1974 225.491   2347200 6   10  102   35  346 0.989 253.9 136.2 -16.9  83.2
1974 225.491   2347500 7    1    8    1    6 0.673  60.3  16.0  13.8 -37.0
1974 226.291   2347500 7    1   36    1   21 0.504  46.8  20.3  13.5 -22.2
1974 226.291   2347600 7    0    2    0    2 0.766  76.4 354.1   5.6 -48.4
1974 226.291   2347700 3    2   12    4   24 0.965  82.8 328.5   5.0 -74.0
1974 227.477   2347500 7    3   25    2   14 0.409  26.9  15.9  14.3 -11.0
1974 227.477   2347600 7    8   48    5   28 0.492  61.3   1.1   7.2 -25.8
1974 227.477   2347700 3    6   39    6   38 0.852  79.9 329.6   4.7 -57.3
1974 227.477  16110500 0    3   25    2   14 0.418  43.4   9.9  10.8 -17.0
1974 227.477  16110600 0    0    2    0    3 0.936  89.4 317.5  -2.0 -69.4
1974 228.515   2347500 7    0    3    0    2 0.368 348.3  17.6  13.9   4.4
1974 228.515   2347600 7    1   34    1   18 0.315  37.3   2.1   7.4 -11.1
1974 228.515   2347700 3    8   54    6   38 0.697  75.4 330.6   4.8 -42.6
1974 228.515   2347800 2    0    8    0    5 0.586  23.0 358.5  25.7 -14.7
1974 3 1.317   2347600 7    1   27    1   14 0.248  11.7 359.8   6.8  -2.9
1974 3 1.317   2347700 3   10   43    6   26 0.542  69.5 332.1   4.7 -30.6
1974 3 1.317   2347800 2    0    4    0    3 0.572   8.9 357.0  27.2  -5.7
1974 3 2.398   2347700 3    3   18    2   10 0.337  53.1 332.7   4.7 -15.7
1974 3 4.390   2347900 0   14   77   26  137 0.957  75.7 251.0  11.4 -71.1
1974 3 4.390  16120100 0    0    2    0    3 0.907 288.1  24.3  13.1  62.2
1974 3 4.390  16120200 0    0    3    0    2 0.418 256.5 346.7 -12.2  24.6
1974 3 5.375   2347900 0   13   84   14   89 0.878  72.5 250.5  11.6 -58.7
1974 3 6.297   2347900 0   12   91   10   71 0.762  68.2 250.8  11.5 -46.2
1974 3 6.297   2348000 0    4   20    7   36 0.955  83.0 225.1   4.5 -71.9
1974 3 7.386   2347900 0    4   30    3   19 0.596  59.6 251.1  11.4 -31.6
1974 3 7.386   2348000 0    4   19    4   19 0.856  80.5 224.8   4.3 -57.9
1974 3 8.315   2347900 0    0    1    0    1 0.475  50.8 248.4  10.8 -22.0
1974 3 8.315   2348000 0    4   18    3   14 0.734  77.5 224.5   4.1 -45.9
1974 3 9.367   2348000 0    4   21    3   13 0.564  71.4 224.2   4.3 -32.4
1974 3 9.367   2348100 4    3   22    2   12 0.307  63.9 240.6   0.8 -16.0
1974 310.472   2347900 0    1   13    1    7 0.358 332.5 251.7  11.4   9.7
1974 310.472   2348000 0    3   16    2    9 0.357  58.1 224.3   4.0 -17.7
1974 310.472   2348100 4   47  196   24   99 0.141 359.3 242.1   0.9   0.1
1974 311.330   2348000 0    3    9    2    5 0.227  30.8 224.0   4.1  -6.7
1974 311.330   2348100 4   44  377   23  195 0.252 302.9 242.9   0.8  12.2
1974 311.330   2348200 7    2   20    4   37 0.957 105.4 156.2 -16.8 -74.5
1974 312.467   2348000 0    1   11    1    6 0.233 321.7 224.0   3.4   8.3
1974 312.467   2348100 4   59  391   34  225 0.490 284.0 244.1   0.5  28.4
1974 312.467   2348200 7    6   36    6   35 0.846 104.9 157.2 -16.4 -58.5
1974 312.467   2348300 7    2    4    3    5 0.912 105.8 148.9 -17.3 -66.8
1974 313.327   2348100 4   40  298   27  199 0.661 278.5 245.2   0.2  40.8
1974 313.327   2348200 7    2   14    2   11 0.732 105.5 157.1 -16.2 -47.3
1974 313.327   2348300 7    0    2    0    2 0.827 109.5 148.3 -20.1 -56.1
1974 314.383   2348100 4   21  175   19  154 0.819 274.9 245.2  -0.1  54.7
1974 314.383   2348200 7    4   18    3   11 0.551 109.0 157.6 -16.4 -32.9
1974 314.383   2348300 7    2   17    2   12 0.679 110.8 148.2 -19.3 -42.3
1974 314.383   2348400 0    0    4    0    7 0.945  90.3 119.5  -2.6 -71.0
1974 315.304   2348100 4    6   84    8  109 0.920 273.0 245.2   0.0  66.8
1974 315.304   2348200 7    1   25    1   14 0.379 116.5 157.7 -16.4 -20.7
1974 315.304   2348300 7    0    6    0    4 0.525 121.9 149.6 -22.4 -28.8
1974 315.304   2348400 0    2    8    2    8 0.849  88.1 120.3  -2.2 -58.1
1974 316.488   2348100 4    2    8    7   29 0.989 271.1 244.1   0.0  81.3
1974 316.488   2348300 7    1   26    1   14 0.299 131.3 149.1 -18.3 -13.7
1974 316.488   2348400 0    2   11    2    8 0.680  86.0 120.0  -2.5 -42.8
1974 317.347   2348300 7    1   44    1   23 0.268 168.2 148.0 -22.3  -3.4
1974 317.347   2348500 2    0    5    0    3 0.374 125.6 132.6 -19.3 -18.8
1974 318.385   2348300 7    0   19    0   10 0.284 217.9 148.4 -19.9  10.7
1974 318.385   2348600 0    4   33   18  140 0.992  97.4  54.1  -8.2 -83.6
1974 318.385  16120300 0    0    3    0    2 0.345 118.6 119.3 -16.2 -18.4
1974 319.324   2348200 7    0    4    0    3 0.552 251.7 158.3 -15.9  33.0
1974 319.324   2348500 0    1   13    1    7 0.264 211.3 133.7 -20.0   8.4
1974 319.324   2348600 2   10   99   16  155 0.945  96.4  53.6  -8.3 -71.7
1974 320.333   2348200 7    0    1    0    1 0.692 255.0 156.0 -15.4  43.9
1974 320.333   2348300 7    1   13    1    8 0.568 244.8 145.2 -19.9  33.1
1974 320.333   2348600 2   21  124   20  116 0.841  95.2  54.3  -8.1 -57.8
1974 320.333  16120400 0    0    2    0    2 0.792 262.6 165.0 -10.1  52.9
1974 321.315   2348200 7    2    6    2    6 0.846 255.9 157.5 -15.6  58.4
1974 321.315   2348600 2   31  195   22  137 0.697  94.9  54.5  -8.4 -44.6
1974 321.315  16120500 0    0    5    0    3 0.531 326.8 117.1  19.8  18.0
1974 322.313   2348200 7    2   14    3   20 0.928 256.4 155.1 -15.2  69.1
1974 322.313   2348600 0   29  193   17  113 0.513  95.2  54.9  -8.6 -31.1
1974 322.313   2348700 4    8   64    5   39 0.556 310.6 111.9  15.0  25.9
1974 323.344   2348600 0   34  229   18  120 0.296  96.9  55.1  -8.6 -17.3
1974 323.344   2348700 4   18  143   13  100 0.693 299.5 111.0  14.6  38.6
1974 323.344  16120600 0    0    1    0    1 0.229 205.2  78.3 -18.8   5.9
1974 324.353   2348600 0   35  243   18  122 0.074 117.7  55.2  -8.8  -3.8
1974 324.353   2348700 4    6   74    6   67 0.831 293.3 111.2  15.1  52.2
1974 325.354   2348600 0   33  236   17  120 0.165 257.3  55.2  -8.8   9.4
1974 325.354   2348700 4    0    4    0    6 0.919 288.1 109.8  13.7  64.0
1974 326.351   2348600 0   35  238   19  129 0.380 262.5  55.1  -9.1  22.4
1974 327.517   2348600 0   25  247   16  156 0.606 263.4  54.9  -9.3  37.6
1974 328.443   2348600 0   28  172   22  132 0.757 263.7  54.7  -9.1  49.6
1974 328.443   2348800 0    1   12    1    8 0.599 292.8  39.0   7.9  33.9
1974 328.443  16120700 0    0    4    0    3 0.624 258.8  43.9 -12.2  38.8
1974 329.422   2348600 0   17  114   19  121 0.879 263.1  54.3  -9.2  62.1
1974 329.422   2348800 2   13   77   10   59 0.754 285.4  39.3   7.1  47.1
1974 330.542   2348600 0   10   67   22  141 0.970 262.3  54.1  -9.0  76.7
1974 330.542   2348800 0   11   72   13   85 0.904 281.0  40.8   7.0  63.4
1974 330.542   2348900 7    2   26    2   21 0.782  99.2 285.5 -11.3 -51.9
1974 331.383   2348800 0    2   39    4   79 0.967 278.9  40.6   6.9  74.3
1974 331.383   2348900 7    4   26    3   17 0.624 101.9 287.6 -12.5 -38.7
1974 331.383   2349000 4    2   12    4   21 0.950  74.7 256.6  12.3 -69.7
1974 331.383  16130100 0    0    4    0    3 0.645  96.7 285.8  -9.3 -40.5
1974 4 1.373   2348900 7    3   38    2   21 0.418 104.8 288.9 -12.0 -24.4
1974 4 1.373   2349000 4    2   22    2   22 0.861  71.6 256.6  12.3 -56.7
1974 4 2.538   2349000 4    2   31    2   22 0.700  65.6 257.2  12.0 -40.7
1974 4 3.459   2348900 7    1    5    1    3 0.125 220.0 290.4 -11.8   4.7
1974 4 3.459   2349000 4    1   28    1   17 0.538  56.6 258.4  11.6 -27.3
1974 4 4.397   2348900 7    1   29    1   15 0.253 249.8 287.4 -11.1  14.0
1974 4 4.397   2349000 4    3   31    2   17 0.405  42.1 257.3  11.5 -16.1
1974 4 5.316   2348900 7    1   34    1   19 0.441 257.6 287.3 -11.0  26.0
1974 4 5.316   2349000 4    9   51    5   27 0.319  12.0 257.4  12.0  -3.9
1974 4 6.316   2349000 4   20  214   11  115 0.362 329.3 258.9  12.1  10.9
1974 4 6.316  16130200 0    0    3    0    2 0.195 292.3 258.4  -1.8  10.4
1974 4 7.378   2349000 4   39  328   23  192 0.514 306.5 259.0  12.3  25.0
1974 4 7.378   2349100 7    4   44    3   33 0.740  99.4 185.9 -11.0 -48.1
1974 4 8.378   2349000 4   13   96    9   66 0.679 295.3 259.7  12.2  38.9
1974 4 8.378   2349100 7    6   84    4   54 0.614 101.7 182.9 -11.9 -37.9
1974 4 8.378   2349200 4    3   27    2   14 0.131  78.1 213.4  -4.4  -7.4
1974 4 9.313   2349000 4    0    8    0    7 0.788 292.7 257.0  13.8  48.5
1974 4 9.313   2349100 7   28  248   16  140 0.457 105.7 181.7 -12.4 -26.8
1974 4 9.313   2349200 4    3   27    2   14 0.129 280.0 215.8  -4.6   7.3
1974 4 9.313   2349300 7    7   51    5   36 0.701 105.3 164.1 -14.9 -44.4
1974 410.326   2349100 7  122  882   63  454 0.232 119.0 183.1 -12.2 -12.0
1974 410.326   2349200 4   12   75    7   41 0.379 272.7 217.4  -4.4  22.3
1974 410.326   2349300 7    5   22    3   13 0.504 108.9 165.6 -14.5 -29.5
1974 411.485   2349000 4    1   18    9   84 0.993 283.7 261.6  12.8  81.8
1974 411.485   2349100 4  138 1742   70  880 0.142 215.3 184.6 -12.4   4.8
1974 411.485   2349200 4   17  186   11  117 0.604 269.2 217.1  -5.1  37.3
1974 411.485   2349300 7    3   32    2   17 0.312 122.8 164.0 -15.3 -15.8
1974 412.331   2349100 4  242 2094  127 1097 0.299 245.5 184.8 -12.6  16.2
1974 412.331   2349200 4   10   88    8   66 0.739 268.3 216.5  -5.1  47.9
1974 412.331   2349300 7    0   17    0    9 0.179 155.6 164.2 -15.1  -4.4
1974 413.306   2349100 4  184 1709  107  991 0.505 254.6 185.7 -12.6  29.9
1974 413.306   2349200 4    6   47    7   50 0.877 268.3 217.3  -4.2  61.5
1974 413.306   2349300 4   15  108    8   56 0.234 222.4 165.2 -15.5   9.4
1974 414.304   2349100 4  244 1670  169 1157 0.689 257.2 186.2 -12.8  43.6
1974 414.304   2349200 4    2   22    3   30 0.927 267.7 210.9  -4.2  68.3
1974 414.304   2349300 4   18  150   10   82 0.397 245.3 164.5 -14.7  21.9
1974 415.324   2349100 4  174 2085  162 1933 0.841 259.5 186.7 -11.8  57.6
1974 415.324   2349300 4   39  228   25  145 0.616 253.7 166.7 -14.3  37.6
1974 415.324   2349400 0    0    2    0    2 0.807 283.5 181.4   7.5  52.3
1974 415.324   2349500 0    1   28    3   45 0.948  97.4  57.1  -8.7 -72.0
1974 416.325   2349100 0  138 1846  203 2706 0.939 259.5 186.5 -11.7  70.6
1974 416.325   2349300 4   70  454   55  353 0.764 256.7 165.8 -13.6  49.9
1974 416.325   2349400 0    0   13    0   19 0.933 280.3 183.7   7.6  67.8
1974 416.325   2349500 0    2   13    2   13 0.855  96.6  56.7  -8.4 -59.2
1974 417.393   2349100 0   49  518  134 1413 0.983 258.8 182.0 -12.0  80.2
1974 417.393   2349300 4   50  394   58  450 0.897 258.3 166.1 -12.8  64.3
1974 417.393   2349500 0    4   29    3   21 0.705  96.3  56.7  -8.2 -45.1
1974 417.393   2349600 0    3   29    2   16 0.387 250.1 123.7 -12.5  21.9
1974 417.393   2349700 7    0    1    0    1 0.292 255.1 118.4  -9.4  16.6
1974 418.354   2349300 4   15  120   33  251 0.970 257.9 165.9 -13.0  76.8
1974 418.354   2349500 0    1   15    1    9 0.534  97.1  56.7  -8.2 -32.4
1974 418.354   2349600 0   29  164   18  101 0.582 254.9 124.3 -13.0  35.2
1974 418.354   2349700 7    1   27    1   16 0.507 261.1 119.6  -9.0  30.5
1974 418.354   2349800 7    1   15    1    8 0.277 297.6 103.3   2.3  14.2
1974 418.354   2349900 0    0    1    0    1 0.236 101.2  75.6  -7.7 -13.5
1974 419.465   2349500 0    1   20    1   11 0.308 100.2  56.7  -8.0 -17.8
1974 419.465   2349600 5   35  326   28  256 0.769 257.1 124.8 -13.2  50.3
1974 419.465   2349700 7   35  148   25  105 0.707 262.1 119.7  -9.2  45.2
1974 419.465   2349800 7    0    7    0    4 0.481 286.0 102.1   3.1  27.6
1974 419.465  16130300 0    0    2    0    2 0.677 298.8 112.4  15.0  37.9
1974 420.371   2349500 0    1    5    1    3 0.115 117.8  56.6  -8.1  -5.9
1974 420.371   2349600 5   33  247   37  275 0.891 257.9 125.9 -13.1  63.4
1974 420.371   2349700 7   11  129   11  124 0.851 262.9 121.2  -8.7  58.7
1974 420.371   2349800 7    6   45    4   30 0.655 279.4 102.8   2.3  40.3
1974 421.319   2349600 5   15  148   32  310 0.970 257.6 126.7 -13.2  76.8
1974 421.319   2349700 7    6   51   11   84 0.951 262.9 122.3  -8.3  72.4
1974 421.319   2349800 7    8   27    7   23 0.795 276.5 102.1   2.1  52.2
1974 422.740   2350000 7    1   24    1   16 0.648  96.8 350.7  -8.1 -40.5
1974 423.326   2349900 0    0    4    0    4 0.783 266.3  75.3  -5.9  51.8
1974 423.326   2350000 7    0   11    0    7 0.541  97.0 350.7  -7.8 -32.8
1974 424.317   2350000 7   16  120    9   64 0.336 100.7 350.9  -8.0 -19.5
1974 425.310   2350000 7   37  273   19  138 0.124 121.8 351.2  -8.3  -6.1
1974 426.517   2350000 7   35  173   18   88 0.179 246.0 350.8  -8.6   9.5
1974 427.311   2350000 7   13  103    7   55 0.342 258.6 350.6  -8.0  19.8
1974 427.311  16140100 0    0    5    0    3 0.476 288.8 357.7   4.9  26.9
1974 428.422   2350000 7    0    1    0    1 0.556 260.9 349.8  -8.6  33.7
1974 429.490   2350000 7    0    2    0    2 0.732 263.1 349.2  -7.9  47.2
1974 429.490   2350100 0    1    9    1    6 0.606 309.4 331.7  19.0  29.7
1974 429.490   2350200 0    0    4    0    7 0.947  80.4 231.6   7.7 -70.4
1974 429.490   2350300 0    8   68   19  154 0.974  92.5 225.0  -3.4 -77.0
1974 430.333   2350000 7    0    2    0    2 0.849 260.9 349.2  -9.9  58.3
1974 430.333   2350100 0    0    2    0    2 0.745 297.8 334.6  17.4  43.7
1974 430.333   2350200 0    0    2    0    2 0.862  78.6 232.4   7.7 -58.5
1974 430.333   2350300 0   20  118   25  145 0.911  91.9 225.1  -3.4 -65.8
1974 5 1.323   2350300 0   20  189   17  158 0.798  91.2 224.7  -3.4 -53.1
1974 5 1.323   2350400 4    7   38    4   21 0.379 298.6 297.4   6.7  19.6
1974 5 1.323   2350500 1   18  176   32  312 0.958  96.7 204.1  -7.6 -73.7
1974 5 1.323   2350600 4   11  119   42  445 0.991 102.4 194.8 -12.8 -83.0
1974 5 2.329   2350200 0    1   11    1    7 0.606  72.2 228.9   7.5 -35.6
1974 5 2.329   2350300 0   29  256   19  167 0.639  90.3 224.7  -3.2 -39.8
1974 5 2.329   2350400 4   17  119   11   75 0.600 286.4 299.9   6.6  35.4
1974 5 2.329   2350500 1   35  328   37  342 0.874  96.4 203.3  -7.5 -61.2
1974 5 2.329   2350600 4   39  253   60  387 0.943 102.0 193.5 -12.6 -71.0
1974 5 3.492   2350300 0   40  247   22  136 0.411  89.1 224.8  -3.1 -24.3
1974 5 3.492   2350400 4   14  102   13   89 0.816 281.2 302.8   6.9  53.7
1974 5 3.492   2350500 1   60  462   44  335 0.722  96.8 202.8  -7.5 -46.3
1974 5 3.492   2350600 4   51  546   48  514 0.844 103.0 191.5 -13.0 -57.6
1974 5 3.492   2350700 4    1   22    1   13 0.483 289.9 276.3   6.1  27.2
1974 5 3.492   2350800 4    6   47   14  106 0.974 102.2 171.7 -12.7 -77.4
1974 5 3.492  16140200 0    0    9    0    5 0.292  97.8 232.2  -5.9 -16.9
1974 5 4.483   2350300 0   51  298   26  152 0.193  86.8 224.9  -3.0 -11.1
1974 5 4.483   2350400 4    6   43   10   64 0.938 278.6 305.1   6.8  69.1
1974 5 4.483   2350500 1   54  341   32  202 0.532  97.5 203.9  -7.1 -32.1
1974 5 4.483   2350600 4   75  690   53  484 0.700 104.4 192.0 -12.7 -44.0
1974 5 4.483   2350700 4   12   84    8   54 0.616 282.5 273.1   4.7  37.1
1974 5 4.483   2350800 0   24  128   28  148 0.899 102.1 171.8 -12.5 -64.2
1974 5 5.940   2350300 0   73  277   37  139 0.051  74.6 225.1  -2.8  -2.8
1974 5 5.940   2350400 4    2   20    6   57 0.983 278.0 306.7   7.2  78.8
1974 5 5.940   2350500 1   63  340   35  188 0.422 100.1 203.1  -7.5 -24.8
1974 5 5.940   2350600 4  123  672   78  423 0.605 106.5 191.4 -12.8 -36.5
1974 5 5.940   2350700 4   11   82    8   60 0.724 280.1 273.6   4.8  45.7
1974 5 5.940   2350800 0   25  117   23  108 0.836 103.2 171.3 -13.0 -56.6
1974 5 5.940   2350900 0    0    1    0    1 0.633 290.9 264.8  10.2  36.9
1974 5 5.940   2351000 4    3   31    2   16 0.159  97.4 218.8  -4.7  -9.1
1974 5 6.339   2350200 0    0    1    0    1 0.291 310.5 224.4   7.5  12.9
1974 5 6.339   2350300 0   58  265   30  137 0.242 273.2 225.5  -2.6  14.0
1974 5 6.339   2350500 1   29  238   15  120 0.115 121.4 205.8  -6.9  -5.7
1974 5 6.339   2350600 4  115 1004   62  538 0.358 115.4 192.2 -12.1 -19.3
1974 5 6.339   2350700 4    7   72    8   78 0.885 276.4 273.4   4.0  61.9
1974 5 6.339   2350800 0   15  160   10  105 0.643 106.2 172.2 -13.0 -39.3
1974 5 6.339   2350900 0    0    4    0    4 0.812 286.6 264.0  11.3  52.5
1974 5 6.339   2351000 4   19  144   10   73 0.155 259.8 220.3  -5.0   8.8
1974 5 6.339   2351100 2    0    3    0    2 0.333 146.3 200.2 -19.5 -11.3
1974 5 7.339   2350300 0   38  262   22  148 0.461 271.3 225.7  -2.4  27.5
1974 5 7.339   2350500 1   29  241   15  122 0.157 247.3 206.6  -6.8   8.4
1974 5 7.339   2350600 4   92  855   47  435 0.182 146.6 192.3 -12.1  -5.9
1974 5 7.339   2350700 4    0   11    0   21 0.961 275.6 271.9   4.4  73.7
1974 5 7.339   2350800 0   24  193   14  109 0.461 112.1 172.2 -13.0 -26.0
1974 5 7.339   2350900 0    0    2    0    3 0.923 283.7 264.3  11.3  66.1
1974 5 7.339   2351000 4   34  195   19  107 0.402 265.7 221.9  -4.8  23.7
1974 5 7.339   2351100 2    0    1    0    1 0.316 180.3 198.3 -21.8   0.1
1974 5 7.339   2351200 0    0    2    0    2 0.674 259.7 240.4  -9.4  42.2
1974 5 7.339   2351300 0    0    2    0    3 0.934  96.5 128.9  -7.3 -69.3
1974 5 8.317   2350300 0   28  199   19  132 0.650 270.6 225.9  -2.1  40.6
1974 5 8.317   2350500 1   26  234   14  126 0.370 261.1 206.9  -6.3  21.6
1974 5 8.317   2350600 4  113  882   58  449 0.189 217.9 192.1 -11.8   6.8
1974 5 8.317   2350800 0   19  203   10  106 0.277 127.6 172.3 -12.9 -13.0
1974 5 8.317   2350900 0    2   12    6   36 0.983 281.9 264.0  11.1  78.7
1974 5 8.317   2351000 4   12   71    8   45 0.601 267.2 222.3  -4.3  37.0
1974 5 8.317   2351200 0    0    6    0    6 0.825 261.4 241.0  -8.9  55.7
1974 5 8.317   2351300 0    0    2    0    2 0.842  98.7 127.9  -9.1 -57.4
1974 5 8.317   2351400 7    1   19    1   10 0.141 131.7 179.2  -8.6  -6.1
1974 5 9.340   2350300 0   22  160   19  138 0.812 269.6 226.1  -2.2  54.3
1974 5 9.340   2350500 1   24  184   15  113 0.577 262.5 207.0  -6.9  35.2
1974 5 9.340   2350600 4   79  493   43  268 0.391 247.3 193.4 -11.6  21.6
1974 5 9.340   2350800 0   29  210   15  107 0.168 183.5 172.4 -12.8   0.6
1974 5 9.340   2351000 0    4   18    4   15 0.786 266.9 223.7  -4.4  51.9
1974 5 9.340   2351400 7    0   19    0   10 0.165 235.4 179.7  -8.5   7.9
1974 5 9.340   2351500 7    0   15    0    8 0.311 204.9 179.8 -19.5   8.0
1974 510.347   2350300 0   11   87   15  116 0.925 269.0 226.2  -2.1  67.7
1974 510.347   2350500 1   18  110   14   84 0.750 263.2 207.1  -7.1  48.6
1974 510.347   2350600 4   40  393   25  241 0.577 254.1 193.0 -11.6  34.5
1974 510.347   2350800 1   26  181   14   95 0.290 234.6 172.5 -12.6  14.0
1974 510.347   2351000 0    2   20    3   24 0.905 266.8 223.5  -4.2  65.0
1974 510.347   2351400 7    0   11    0    6 0.375 249.2 179.4 -10.5  20.9
1974 510.347   2351500 7    1   23    1   13 0.454 230.8 180.4 -19.5  21.9
1974 511.299   2350300 0    6   40   19  116 0.984 268.4 225.8  -2.1  79.9
1974 511.299   2350500 1   11   86   12   91 0.879 263.1 207.6  -7.5  61.7
1974 511.299   2350600 4   36  226   27  169 0.740 256.8 193.3 -11.7  47.4
1974 511.299   2350800 0   26  158   15   90 0.473 248.7 172.7 -12.5  26.8
1974 511.299   2351000 0    0    4    0   11 0.977 266.3 223.7  -4.2  77.8
1974 511.299   2351400 7    0    5    0    3 0.533 255.2 177.5 -10.3  31.6
1974 511.299   2351500 7    1   25    1   16 0.606 241.4 180.2 -19.3  34.3
1974 511.299  16140300 0    0    4    0    5 0.908 256.5 211.1 -13.5  65.2
1974 512.325   2350500 1    4   28    8   54 0.964 263.2 207.2  -7.3  74.9
1974 512.325   2350600 4    6   72    7   75 0.873 258.1 193.1 -11.8  60.8
1974 512.325   2350800 1   22  129   15   86 0.656 254.4 172.6 -12.3  40.3
1974 512.325  16140400 0    0    1    0    1 0.668 266.8 174.3  -4.2  42.0
1974 512.325  16140500 0    0    3    0    2 0.348 255.6 152.2  -7.6  19.9
1974 512.325  16140600 0    0    5    0    3 0.514 196.6 142.3 -32.3  10.0
1974 513.319   2350600 4    1   31    2   40 0.919 258.3 186.1 -11.8  66.9
1974 513.319   2350800 0   15  116   13   99 0.807 257.1 172.7 -12.0  53.5
1974 513.319   2351400 7    0    4    0    5 0.878 263.3 180.7  -7.2  61.5
1974 513.319   2351600 7    1   24    1   13 0.308 221.8 131.5 -15.9  12.3
1974 513.319   2351700 7    1   17    1    9 0.170 203.0 123.1 -11.7   3.9
1974 514.327   2350800 1    7   47    9   61 0.919 257.9 172.7 -12.1  66.8
1974 514.327   2351600 7    1    6    1    4 0.487 240.0 132.0 -16.4  26.1
1974 514.327   2351700 7    0    7    0    4 0.341 239.3 123.4 -12.5  17.5
1974 515.336   2350800 0    4   22   12   60 0.982 257.7 172.0 -12.5  79.5
1974 515.336   2351800 2    7   29    4   16 0.368 291.4 112.6   5.4  20.1
1974 516.333   2351800 2    9   64    6   40 0.589 281.5 114.7   4.8  35.4
1974 517.320   2351800 2    3   19    3   15 0.757 279.5 114.9   5.7  48.6
1974 522.317   2351900 7    0    1    0    1 0.303 210.8   9.5 -16.7   9.3
1974 522.317   2352000 4    1   35    1   19 0.337 131.9 345.2 -14.6 -15.0
1974 523.209   2351900 7    1   12    1    7 0.505 237.3  14.7 -17.2  26.4
1974 523.209  16150100 0    0    4    0    3 0.696 336.6   8.9  38.3  20.6
1974 524.349   2351900 7    1   10    1    7 0.632 242.7   9.5 -18.0  36.2
1974 526.315   2352000 4    4   39    3   25 0.615 246.9 343.0 -14.9  35.8
1974 526.315  16150200 0    2   26    2   25 0.845 290.5   2.9  16.6  55.7
1974 527.374   2352000 4   50  299   40  236 0.772 250.5 342.3 -15.6  49.1
1974 528.375   2352000 4   40  328   47  381 0.902 253.1 343.6 -15.6  63.6
1974 528.375   2352100 2    0    4    0    9 0.968 102.7 204.7 -12.5 -75.3
1974 528.375  16150300 0    2   11    2    8 0.706 278.6 324.5   5.4  44.5
1974 529.372   2352000 4   11  108   29  279 0.980 254.8 345.1 -15.1  78.3
1974 529.372  16150400 0    0    1    0    3 0.948 103.7 195.7 -13.2 -71.1
1974 530.326   2352200 4    2   10   23  113 0.999 103.7 167.0 -13.7 -87.2
1974 531.513   2352100 2    0    1    0    1 0.616 110.5 202.2 -12.9 -36.3
1974 531.513   2352200 4   24  176   38  274 0.946 104.7 167.9 -14.1 -70.6
1974 531.513  16150500 0    1   41    1   24 0.487 106.8 210.4  -8.6 -28.1
1974 6 1.366   2352100 2    1   14    1    8 0.391 115.5 206.2 -10.1 -21.0
1974 6 1.366   2352200 4   52  433   56  460 0.881 105.7 166.3 -14.0 -60.9
1974 6 1.366  16150600 0    0    2    0    2 0.766 104.2 178.0 -11.1 -49.2
1974 6 2.337   2352200 4   62  613   48  474 0.759 108.3 166.3 -14.0 -48.0
1974 6 3.515   2352100 2   21  131   11   68 0.250 201.9 204.3 -13.6   5.5
1974 6 3.515   2352200 4   54  419   33  253 0.559 115.1 167.4 -13.9 -31.4
1974 6 4.335   2352100 7   13   85    7   46 0.372 229.7 204.9 -14.0  17.0
1974 6 4.335   2352200 4   41  331   23  182 0.410 125.6 167.8 -13.9 -20.1
1974 6 4.335   2352300 0    1    7    1    4 0.358 258.2 208.5  -4.3  20.6
1974 6 4.335   2352400 3    1    9    2   10 0.885  84.1 125.8   5.2 -62.1
1974 6 5.375   2352100 7    4   24    3   15 0.562 245.2 205.8 -13.6  31.7
1974 6 5.375   2352200 4   25  271   13  141 0.265 155.1 167.5 -13.9  -6.6
1974 6 5.375   2352400 3   36  171   29  135 0.769  83.1 124.0   5.3 -50.1
1974 6 6.396   2352100 7    0   18    0   14 0.738 251.3 206.6 -13.6  46.0
1974 6 6.396   2352200 4   44  264   23  137 0.260 201.0 166.1 -13.9   5.5
1974 6 6.396   2352300 0    6   27    5   21 0.753 258.6 208.9  -8.5  48.3
1974 6 6.396   2352400 3   50  343   31  212 0.584  81.1 125.2   5.3 -35.4
1974 6 6.396   2352500 7    1   12    1    7 0.401 125.4 141.0 -13.3 -19.6
1974 6 6.396   2352600 0    5   39    3   22 0.457 131.0 139.4 -17.3 -21.2
1974 6 7.310   2352200 4   38  298   21  161 0.378 230.3 165.9 -13.7  17.4
1974 6 7.310   2352300 0    1   13    2   14 0.878 260.0 209.5  -8.6  61.0
1974 6 7.310   2352400 3   35  238   19  129 0.379  77.6 126.7   4.9 -21.8
1974 6 7.310   2352600 0    0    7    0    4 0.300 158.8 142.0 -16.0  -6.5
1974 6 7.310  16150700 0    0    1    0    1 0.283 194.8 152.8 -15.6   4.3
1974 6 8.479   2352200 4   34  222   21  137 0.582 244.5 165.8 -14.2  32.8
1974 6 8.479   2352400 3   31  222   16  112 0.130  53.5 127.0   4.8  -6.0
1974 6 8.479   2352500 7    7   50    4   26 0.275 213.3 141.9 -12.9   8.9
1974 6 8.479   2352700 4    2   20    4   34 0.951  85.7  61.1   4.2 -71.9
1974 6 9.357   2352200 4   11  105    9   79 0.744 251.0 167.9 -13.7  46.4
1974 6 9.357   2352400 3   19  150   10   76 0.118 304.2 127.1   4.3   5.6
1974 6 9.357   2352500 7    5   34    3   19 0.415 235.6 142.1 -13.1  20.6
1974 6 9.357   2352700 4   13  150   16  178 0.905  84.3  56.8   5.4 -64.7
1974 6 9.357   2352800 4    0    8    0    6 0.666 261.3 162.9  -5.4  41.4
1974 610.335   2352200 4    4   31    5   34 0.884 254.0 169.6 -13.8  61.1
1974 610.335   2352400 3    0   22    0   12 0.365 280.8 129.6   4.5  21.1
1974 610.335   2352500 7    4   44    3   27 0.571 246.4 140.9 -12.7  32.4
1974 610.335   2352700 4   27  245   21  186 0.748  83.6  60.2   5.2 -48.3
1974 610.335   2352800 4    6   70    6   66 0.844 260.8 165.7  -7.4  57.2
1974 611.337   2352200 4    0    2    0    5 0.968 255.7 170.1 -13.6  74.9
1974 611.337   2352500 7    0    6    0    5 0.755 253.1 142.8 -12.2  47.6
1974 611.337   2352700 4   71  550   43  332 0.557  81.6  61.6   5.3 -33.6
1974 611.337   2352800 4   11   95   20  167 0.958 261.9 168.2  -7.5  73.0
1974 612.168   2352700 4  105  619   57  335 0.378  78.0  62.4   5.3 -21.8
1974 612.168   2352800 4    1   10   11   56 0.996 262.4 168.6  -7.5  84.4
1974 613.307   2352700 4   69  679   35  343 0.130  50.7  63.3   5.7  -5.8
1974 613.307   2352900 0   20  157   49  377 0.978 104.7 351.9 -14.1 -77.2
1974 614.322   2352700 4   78  506   40  257 0.172 297.8  64.5   5.7   8.8
1974 614.322   2352900 0   22  247   27  299 0.908 106.2 351.6 -14.2 -64.1
1974 615.333   2352700 4   51  364   28  198 0.390 282.6  64.9   6.0  22.5
1974 615.333   2352900 0   25  332   21  271 0.789 109.0 352.1 -14.1 -50.3
1974 616.392   2352700 4   26  169   17  107 0.610 277.6  65.7   5.7  37.4
1974 616.392   2352900 0   55  373   36  242 0.634 114.4 351.8 -14.1 -36.5
1974 617.435   2352700 4    8   57    7   46 0.782 276.3  65.9   5.8  51.4
1974 617.435   2352900 0   51  394   29  223 0.465 125.5 351.5 -14.3 -23.0
1974 617.435  16150800 0    0    1    0    1 0.412 192.2  19.9 -22.3   5.4
1974 618.333   2352700 4    7   43    8   48 0.891 275.7  65.6   5.8  63.0
1974 618.333   2352900 0   64  424   34  225 0.330 145.3 351.4 -14.2 -11.2
1974 619.642   2352900 1   59  275   31  144 0.289 199.8 351.1 -14.1   5.8
1974 620.372   2352900 1   38  275   21  149 0.379 223.1 351.1 -14.3  15.5
1974 621.329   2352900 1   20  116   12   69 0.530 239.5 351.1 -13.9  28.1
1974 622.293   2352900 1   11   76    8   53 0.693 246.8 351.3 -14.3  41.1
1974 623.133   2352900 1    4   23    4   20 0.805 250.6 350.6 -14.2  51.5
1974 624.467   2352900 1    0    2    0    3 0.930 253.5 348.5 -14.4  67.1
1974 624.467   2353000 7    1   25    1   13 0.189 308.5 290.0   9.0   8.6
1974 624.467  16160100 0    0    3    0    2 0.148  15.4 279.1  10.5  -2.3
1974 624.467  16160200 0    1   10    1    6 0.451 119.4 257.8 -10.7 -23.6
1974 624.467  16160300 0    0    1    0    2 0.876  98.5 220.7  -6.3 -60.7
1974 625.132   2353000 7    1   11    1    6 0.322 293.0 290.1   9.5  17.5
1974 625.132  16160400 0    0   10    0    7 0.685  87.1 229.3   3.7 -43.3
1974 626.572   2353100 0   11   61   24  130 0.971 101.9 178.2 -10.9 -75.4
1974 627.308   2353100 0   11   61   15   79 0.920 102.9 177.9 -10.8 -65.9
1974 628.612   2353100 0   13  116   11   92 0.771 106.0 177.7 -10.5 -48.9
1974 628.612   2353200 7    2    7    3   10 0.934 106.4 159.0 -14.3 -67.6
1974 628.612   2353300 0    9   54   22  131 0.978 107.9 150.2 -16.9 -76.4
1974 629.308   2353100 0    8   98    6   66 0.663 109.5 177.8 -10.6 -39.5
1974 629.308   2353200 7   29  196   32  211 0.883 106.9 157.0 -13.5 -60.3
1974 629.308   2353300 0    4   47    7   69 0.936 109.3 149.9 -16.9 -67.4
1974 630.132   2353100 0   16   86   10   51 0.527 116.1 177.6 -10.8 -28.8
1974 630.132   2353200 7   62  393   50  315 0.778 110.8 157.8 -14.1 -48.6
1974 630.132   2353300 0   15   71   15   71 0.864 112.0 149.4 -17.3 -57.0
1974 630.132   2353400 4   11   60    6   31 0.226 159.9 201.9  -9.3  -4.5
1974 7 1.308   2353100 2   16  111    9   59 0.332 135.9 177.3 -10.8 -13.6
1974 7 1.308   2353200 7  121 1004   76  626 0.596 118.6 158.3 -14.0 -32.6
1974 7 1.308   2353300 0   21  103   15   74 0.712 117.5 149.6 -16.9 -41.3
1974 7 1.308   2353400 4   53  166   28   87 0.297 220.9 202.3 -10.0  11.4
1974 7 2.336   2353100 0    9   54    5   28 0.236 181.7 177.7 -10.5   0.4
1974 7 2.336   2353200 7  284 1522  158  844 0.431 133.3 158.4 -14.2 -18.9
1974 7 2.336   2353300 0    9  106    6   64 0.559 126.7 149.4 -16.7 -27.9
1974 7 2.336   2353400 4   33  212   19  122 0.493 243.5 203.9  -9.9  26.6
1974 7 3.326   2353100 0    3   28    2   15 0.331 223.9 177.7 -10.6  13.5
1974 7 3.326   2353200 8  294 2349  155 1238 0.315 162.2 158.5 -14.2  -5.7
1974 7 3.326   2353300 0   14   88    8   49 0.420 144.1 149.3 -16.7 -14.9
1974 7 3.326   2353400 4   50  539   35  373 0.688 252.5 205.9  -9.5  41.7
1974 7 3.326  16160500 0    0    1    0    1 0.421 191.6 169.4 -21.1   5.2
1974 7 4.356   2353100 0    0    1    0    1 0.446 235.5 172.5 -11.5  22.0
1974 7 4.356   2353200 8  349 2593  185 1374 0.333 204.2 158.6 -14.3   8.1
1974 7 4.356   2353300 0    9   58    5   31 0.347 176.4 149.2 -16.9  -1.3
1974 7 4.356   2353400 4   50  424   46  388 0.836 256.8 206.0  -9.1  55.5
1974 7 5.520   2353100 7    3   31    2   21 0.659 247.2 173.6 -12.1  38.4
1974 7 5.520   2353200 8  276 1952  159 1123 0.492 233.1 159.1 -14.0  23.9
1974 7 5.520   2353300 0   10   50    6   28 0.417 213.4 149.1 -17.0  13.9
1974 7 5.520   2353400 4   29  233   49  381 0.950 259.4 206.2  -8.9  71.0
1974 7 5.520   2353500 4    9   84    5   45 0.331 156.9 127.5 -14.3  -7.7
1974 7 6.337   2353100 7   11   75    9   60 0.775 251.2 172.9 -12.1  48.6
1974 7 6.337   2353200 8  141 1729   90 1099 0.617 241.6 158.3 -14.1  34.0
1974 7 6.337   2353300 0    8   45    5   27 0.527 228.2 148.6 -17.3  24.3
1974 7 6.337   2353400 4   10  105   71  682 0.997 261.1 209.2  -8.6  84.9
1974 7 6.337   2353500 4   26  223   14  117 0.300 191.7 127.9 -13.5   3.6
1974 7 7.383   2353100 7   11   98   14  119 0.909 254.9 174.3 -12.1  63.8
1974 7 7.383   2353200 8  149 1256  119 1000 0.775 248.7 158.6 -13.9  48.1
1974 7 7.383   2353300 0    2   13    2    9 0.677 239.5 148.1 -17.2  37.6
1974 7 7.383   2353500 4   27  135   15   75 0.423 226.9 129.0 -13.3  18.5
1974 7 8.431   2353100 7    2   11    7   34 0.985 256.9 175.7 -12.2  79.1
1974 7 8.431   2353200 8   97  781  115  918 0.904 252.2 159.2 -14.3  62.6
1974 7 8.431   2353300 0    2    9    2    8 0.818 245.5 147.9 -17.5  51.3
1974 7 8.431   2353500 4    6   45    4   29 0.623 242.7 131.3 -13.5  34.7
1974 7 8.431   2353600 4   18   93   73  372 0.992  99.1  14.6  -8.5 -82.0
1974 7 8.431  16160600 0    0    3    0    2 0.160 314.3 103.3  10.2   6.7
1974 7 9.327   2353200 8   39  424   82  888 0.971 254.2 159.3 -14.3  74.6
1974 7 9.327   2353500 4    5   20    4   16 0.768 249.1 132.2 -13.3  47.5
1974 7 9.327   2353600 0   45  359   72  564 0.946 100.3  14.4  -8.4 -70.3
1974 710.539   2353600 1  121  655  107  577 0.821 103.0  14.8  -8.3 -53.9
1974 711.343   2353600 0  121  764   85  537 0.701 106.4  15.3  -8.4 -42.8
1974 711.343  16160700 0    0    3    0    2 0.096 324.9  61.3   8.6   3.2
1974 712.307   2353600 0  149  700   89  416 0.538 112.8  15.2  -8.4 -30.1
1974 713.659   2353600 1  177  929   93  487 0.299 136.5  15.4  -8.3 -12.0
1974 713.659   2353700 4    6   26    5   21 0.772 109.4 339.3 -12.0 -48.1
1974 713.659  16160800 0    0    8    0    5 0.504 118.1   0.6  -9.9 -26.8
1974 714.391   2353600 0  163  940   84  482 0.221 170.6  15.6  -8.2  -2.1
1974 714.391   2353700 4    9   50    6   33 0.642 113.0 340.7 -11.0 -37.0
1974 714.391   2353800 7    0    3    0    2 0.375 142.3   4.1 -13.0 -13.6
1974 714.391   2353900 7    4   17    3   12 0.660 101.2 337.2  -4.0 -40.5
1974 714.391   2354000 0    4   22   18   91 0.992 104.6 296.4 -13.9 -81.3
1974 715.103   2353600 0  158  854   82  442 0.256 210.3  15.8  -8.3   7.5
1974 715.103   2353700 4    5   48    3   29 0.536 119.8 340.0 -11.5 -28.3
1974 715.103   2353800 7    1   39    1   21 0.306 160.5   2.3 -12.3  -6.0
1974 715.103   2353900 7    1   18    1   11 0.518 105.8 338.3  -4.2 -30.0
1974 715.103   2354000 0    8   69   15  125 0.959 105.9 296.4 -13.9 -71.9
1974 716.446   2353600 1  158  785   90  446 0.473 243.1  15.7  -8.2  25.2
1974 716.446   2353700 4   94  677   51  364 0.366 142.4 337.3 -12.4 -13.2
1974 716.446   2353800 7    1   22    1   12 0.369 213.6   2.6 -13.4  12.1
1974 716.446   2353900 7    0   15    0    8 0.241 128.4 339.6  -4.1 -10.9
1974 716.446   2354000 0   23  105   21   96 0.833 109.5 296.7 -13.5 -53.8
1974 717.424   2353600 0  120  706   79  462 0.644 251.7  15.7  -8.0  38.1
1974 717.424   2353700 4  105  670   55  349 0.279 182.5 338.3 -11.5   0.7
1974 717.424   2353900 7    1   33    1   17 0.158 194.7 339.9  -4.1   2.3
1974 717.424   2354000 1   25  184   18  130 0.701 114.4 296.6 -13.3 -41.0
1974 718.332   2353600 0   91  571   74  462 0.784 256.3  15.8  -7.7  50.2
1974 718.332   2353700 4   69  492   37  263 0.351 218.9 338.6 -11.2  13.0
1974 718.332   2354000 0   29  202   18  123 0.565 121.6 296.0 -13.1 -29.6
1974 718.332  16170100 0    0    1    0    1 0.507 255.8 355.1  -3.0  29.5
1974 718.332  16170200 0    1   11    1    7 0.519 232.5 350.7 -14.1  25.1
1974 719.330   2353600 1   66  372   78  436 0.902 259.2  15.8  -7.6  63.4
1974 719.330   2353700 4   34  307   20  180 0.518 239.3 339.4 -11.0  27.0
1974 719.330   2353900 7    1   27    1   16 0.510 253.7 341.8  -4.0  29.4
1974 719.330   2354000 1   32  268   18  147 0.411 139.0 296.3 -13.4 -16.1
1974 720.455   2353600 0   26  194   71  514 0.981 261.1  15.5  -7.7  78.0
1974 720.455   2353700 4   16  139   12  100 0.715 250.1 340.6 -10.5  43.1
1974 720.455   2353900 7    2   11    2    8 0.724 260.2 343.1  -3.6  45.6
1974 720.455   2354000 0   30  225   16  119 0.315 174.1 295.6 -13.3  -1.9
1974 721.373   2353700 4    9  130    9  122 0.844 253.9 341.0 -10.7  55.6
1974 721.373   2353900 7    2   34    2   33 0.848 261.8 342.7  -4.2  57.3
1974 721.373   2354000 0   48  204   26  110 0.365 211.5 296.7 -13.2  11.3
1974 721.373   2354100 2    7   53    5   37 0.696 115.6 245.2 -13.7 -40.2
1974 721.373   2354200 0   13  162   29  346 0.971 101.1 210.3  -9.5 -75.1
1974 721.373  16170300 0    1   24    1   13 0.288 213.7 294.7  -8.9   9.3
1974 722.585   2353700 4    4   45    8   83 0.961 257.6 341.9 -10.4  72.6
1974 722.585   2353900 7    4   36   10   80 0.973 265.8 345.7  -2.9  76.4
1974 722.585   2354000 1   31  232   19  138 0.539 236.0 296.6 -13.0  27.3
1974 722.585   2354100 2   98  516   57  298 0.498 129.3 245.9 -13.7 -23.4
1974 722.585   2354200 0   31  301   33  315 0.877 103.7 209.6  -9.4 -59.7
1974 723.351   2354000 0   29  204   20  137 0.663 243.7 296.8 -13.0  37.6
1974 723.351   2354100 2   84  687   46  375 0.400 145.9 245.8 -14.3 -13.4
1974 723.351   2354200 0   52  386   42  310 0.780 106.3 209.9  -9.3 -49.3
1974 724.563   2354000 0   27  130   25  118 0.831 250.9 296.8 -12.7  53.6
1974 724.563   2354100 2   60  420   32  224 0.345 189.9 246.7 -14.6   3.5
1974 724.563   2354200 0   53  336   33  207 0.583 113.3 210.4  -8.9 -32.8
1974 724.563   2354300 1    9   31   24   83 0.981 107.9 166.5 -16.4 -76.7
1974 725.324   2354000 1   13   77   17   96 0.914 253.9 297.1 -12.4  64.0
1974 725.324   2354100 2   48  407   27  225 0.422 215.2 247.7 -15.0  14.6
1974 725.324   2354200 1   50  430   28  240 0.441 122.4 211.0  -8.7 -22.1
1974 725.324   2354300 1   11   59   16   86 0.937 109.6 166.2 -16.3 -66.9
1974 726.574   2354000 0    2   13    8   51 0.991 256.9 297.4 -12.2  80.8
1974 726.574   2354100 2   33  245   22  160 0.638 237.6 250.6 -15.5  34.0
1974 726.574   2354200 1   59  347   31  180 0.267 158.9 211.0  -9.0  -5.6
1974 726.574   2354300 1   16   96   14   83 0.814 114.4 166.1 -16.2 -50.5
1974 726.574   2354400 7    4   24    3   17 0.681 110.4 176.3  -9.6 -40.3
1974 727.734   2354100 2   23  151   20  131 0.813 246.5 251.9 -15.5  50.7
1974 727.734   2354200 1   22  163   12   86 0.304 216.4 211.7  -8.7  10.5
1974 727.734   2354300 1   13   94    9   63 0.655 122.5 166.1 -16.1 -35.1
1974 728.524   2354100 2   18  112   22  134 0.907 250.3 253.0 -15.3  62.3
1974 728.524   2354200 1   30  201   17  112 0.435 235.9 212.1  -8.9  21.4
1974 728.524   2354300 1   15  111    9   66 0.531 132.5 166.7 -15.9 -24.0
1974 728.524   2354400 7    1    7    1    4 0.355 137.8 176.7  -9.8 -14.0
1974 729.331   2354100 2    8   49   19  106 0.972 252.7 254.1 -15.3  74.1
1974 729.331   2354200 1   11   81    7   50 0.573 245.3 211.8  -9.0  31.8
1974 729.331   2354300 1   23  115   13   64 0.430 148.2 166.4 -15.9 -13.6
1974 729.331   2354400 7    1    9    1    5 0.290 159.6 174.1 -10.1  -5.9
1974 730.563   2354200 1   11   57    9   44 0.756 252.7 210.8  -9.1  47.0
1974 730.563   2354300 1    9   40    5   22 0.365 186.9 166.4 -15.5   2.6
1974 730.563   2354400 4   16   92    9   49 0.328 216.8 175.3  -9.6  11.5
1974 730.563   2354500 7    1    9    1    5 0.312 196.2 168.9 -11.7   5.1
1974 731.370   2354200 1    4   13    5   14 0.867 255.8 211.5  -9.3  58.4
1974 731.370   2354300 1    1   14    1    8 0.410 207.4 164.4 -15.6  11.3
1974 731.370   2354400 4   32  162   18   91 0.454 236.0 175.5  -9.3  22.4
1974 8 1.445   2354300 1    1   27    1   16 0.509 228.3 162.0 -14.4  23.1
1974 8 1.445   2354400 4   45  310   30  204 0.647 249.1 176.6  -8.7  37.7
1974 8 2.317   2354300 1    0    2    0    2 0.685 238.9 164.9 -16.0  37.6
1974 8 2.317   2354400 4   29  156   24  126 0.784 254.5 177.1  -8.3  49.8
1974 8 2.317   2354500 7    2   14    2   11 0.764 250.2 174.4 -11.0  47.1
1974 8 3.433   2354400 4    4   27    6   37 0.929 258.8 179.6  -8.1  67.0
1974 8 3.433   2354500 7    0    6    0    8 0.904 254.8 175.3 -11.0  62.7
1974 8 4.567   2354600 0   15  105   47  315 0.985 100.4  18.6  -9.1 -79.0
1974 8 5.342   2354600 1   29  225   45  341 0.942 102.2  18.3  -9.3 -69.0
1974 8 5.342   2354700 0    6   55   19  162 0.984  97.0   8.3  -5.7 -79.0
1974 8 6.333   2354600 0   52  344   49  323 0.844 105.1  18.6  -9.2 -55.6
1974 8 6.333   2354700 1   13  103   20  151 0.937  99.1   5.7  -6.3 -68.5
1974 8 6.333   2354800 7    0   12    0   95 0.997 109.1 350.8 -18.4 -83.4
1974 8 7.333   2354600 1   66  471   47  335 0.708 109.7  18.6  -9.2 -42.5
1974 8 7.333   2354700 0   25  118   23  107 0.831 101.8   6.2  -6.2 -54.9
1974 8 7.333   2354800 7    4   24    8   44 0.958 111.6 351.0 -18.6 -70.1
1974 8 8.364   2354600 0   77  560   46  333 0.537 117.9  18.7  -9.0 -28.7
1974 8 8.364   2354700 0   29  176   20  120 0.676 106.4   6.7  -6.2 -40.7
1974 8 8.364   2354800 7    4   25    5   27 0.882 114.7 349.8 -18.3 -57.6
1974 8 9.315   2354600 0   86  586   47  317 0.379 133.3  18.6  -8.9 -16.2
1974 8 9.315   2354700 1   24   87   14   50 0.491 115.4   8.3  -6.4 -26.5
1974 8 9.315   2354800 7    2   17    2   14 0.774 119.6 349.7 -18.0 -45.1
1974 8 9.315   2354900 5    0    4    0    4 0.857 101.9 337.2  -6.8 -57.6
1974 8 9.315   2355000 0    2    9    9   36 0.992  82.2 311.3   8.5 -83.5
1974 8 9.315  16170400 0    0    7    0    5 0.646 122.3   0.4 -14.9 -34.4
1974 810.313   2354600 1   80  582   42  302 0.266 169.5  18.8  -8.7  -2.8
1974 810.313   2354700 0   28  179   15   95 0.323 134.1   8.1  -6.7 -13.5
1974 810.313   2354900 5    4   31    3   22 0.696 106.9 339.5  -6.9 -42.1
1974 810.313   2355000 0    4   25    6   35 0.930  83.4 312.5   8.5 -69.1
1974 811.365   2354600 0  113  545   60  288 0.321 216.8  18.9  -8.5  11.2
1974 811.365   2354700 0   23  155   12   80 0.226 182.6   8.3  -6.5   0.6
1974 811.365   2354900 5   24  146   14   84 0.489 115.7 341.4  -6.4 -26.3
1974 811.365   2355000 0    9   31    8   28 0.821  84.6 312.0   8.1 -55.7
1974 811.365   2355100 7    0    9    0    6 0.628 128.6 336.7 -17.5 -31.0
1974 811.365  16170500 0    0   12    0    7 0.490 219.4  26.6 -16.1  18.9
1974 812.525   2354600 0   98  518   57  301 0.506 240.8  18.9  -8.4  26.5
1974 812.525   2354700 1   33   91   18   49 0.346 229.7   7.8  -6.6  15.4
1974 812.525   2354900 5  126  791   66  414 0.294 138.6 341.1  -6.3 -11.3
1974 812.525   2355000 0    4   29    3   19 0.641  85.1 312.2   8.2 -40.2
1974 812.525   2355100 7   14   96    8   55 0.477 148.6 337.3 -17.7 -15.1
1974 812.525   2355200 7    1   15    1    9 0.495  84.2 322.5   8.6 -29.9
1974 813.616   2354600 1   62  365   43  253 0.692 250.8  19.2  -8.2  41.3
1974 813.616   2354700 0   16   80   10   48 0.544 246.7   8.1  -6.7  30.2
1974 813.616   2354800 7    0    1    0    1 0.456 201.6 348.1 -18.6  10.2
1974 813.616   2354900 5   95  551   49  283 0.223 195.8 341.4  -5.8   3.5
1974 813.616   2355000 0    1   19    1   11 0.431  84.1 312.2   8.5 -25.7
1974 813.616   2355100 7    0    9    0    5 0.426 173.1 334.8 -18.4  -3.1
1974 813.616   2355200 7    0    3    0    2 0.293  82.3 320.8   8.6 -17.1
1974 813.616   2355300 0   11   58   40  208 0.990 104.8 258.1 -13.6 -79.8
1974 813.616  16180100 0    0    3    0    2 0.247 265.9 352.2   5.4  14.3
1974 814.329   2354600 0   63  342   53  285 0.797 254.4  19.4  -8.2  50.9
1974 814.329   2354700 0   13   77    9   52 0.670 251.9   8.4  -6.9  39.9
1974 814.329   2354900 5   72  556   38  292 0.303 226.7 341.3  -5.5  12.8
1974 814.329   2355000 0    7   24    4   13 0.278  82.1 312.3   8.6 -16.2
1974 814.329   2355100 7    1   16    1    9 0.440 194.1 335.0 -18.6   6.5
1974 814.329   2355200 7    0   15    0    8 0.090  28.4 326.0  11.2  -2.5
1974 814.329   2355300 0   20  135   35  234 0.956 106.6 258.0 -13.7 -70.5
1974 814.329   2355400 7    8   49    5   30 0.553 238.6 357.2 -10.9  28.7
1974 815.331   2354600 0   43  199   53  245 0.912 257.8  19.5  -8.2  64.2
1974 815.331   2354700 1    2   20    2   18 0.815 256.5   8.3  -7.0  53.0
1974 815.331   2354900 5   48  322   28  185 0.487 247.2 342.1  -4.9  26.8
1974 815.331   2355000 0    1   13    1    7 0.057  57.2 312.5   8.5  -2.8
1974 815.331   2355100 7    0    1    0    1 0.538 217.4 335.5 -19.0  20.2
1974 815.331   2355200 7    0    3    0    2 0.187 280.2 326.0   8.5  10.7
1974 815.331   2355300 0   34  223   35  230 0.872 110.0 257.7 -13.8 -57.6
1974 815.331   2355400 7    2    7    2    5 0.696 247.9 356.2 -10.1  40.9
1974 816.332   2354600 1   26  119   67  301 0.979 260.1  19.0  -8.2  76.9
1974 816.332   2354700 1    2    6    3    9 0.927 259.2   8.8  -7.4  66.7
1974 816.332   2354900 1   50  280   34  189 0.667 255.6 342.5  -4.4  40.4
1974 816.332   2355100 7    2   11    2    8 0.714 238.1 341.4 -17.0  39.3
1974 816.332   2355200 7   29  220   16  120 0.395 277.1 325.5   9.0  23.4
1974 816.332   2355300 0   34  255   26  195 0.754 115.2 257.4 -14.0 -44.7
1974 817.390   2354900 1   41  236   37  211 0.826 260.8 342.9  -3.7  54.8
1974 817.390   2355100 7   15  125   14  110 0.819 243.7 338.2 -17.0  50.1
1974 817.390   2355200 7   50  319   32  202 0.609 276.1 325.9   9.1  37.8
1974 817.390   2355300 0   71  356   45  224 0.603 124.4 257.2 -14.1 -30.9
1974 818.446   2354900 1   22  131   33  194 0.940 263.8 343.5  -3.4  69.4
1974 818.446   2355100 7   15   88   22  122 0.931 248.3 339.1 -17.4  65.0
1974 818.446   2355200 7   29  197   24  162 0.790 277.1 326.8   9.8  52.7
1974 818.446   2355300 0   56  359   32  202 0.456 140.8 256.8 -14.2 -17.3
1974 819.333   2354900 1    9   49   32  176 0.990 265.5 343.7  -3.4  81.3
1974 819.333   2355100 7    1   17    5   48 0.982 250.6 338.6 -17.5  76.2
1974 819.333   2355200 7   17  108   21  127 0.902 277.0 327.5   9.3  65.1
1974 819.333   2355300 0   79  376   43  203 0.375 165.1 256.7 -14.4  -5.7
1974 819.333   2355500 2    0    3    0    2 0.333 124.3 246.4  -4.2 -16.0
1974 819.333   2355600 0    4   37   13  110 0.984  90.1 182.5   1.1 -79.9
1974 820.333   2355200 7    4   37   12  103 0.982 277.1 329.1   8.2  79.9
1974 820.333   2355300 0   60  391   33  212 0.385 198.9 256.6 -14.5   7.4
1974 820.333   2355500 2    0    7    0    4 0.207 163.4 245.8  -4.5  -3.4
1974 820.333   2355600 1   11   89   14  113 0.917  91.0 182.6   1.8 -66.6
1974 821.329   2355300 0   53  379   31  218 0.491 222.8 256.2 -14.6  20.2
1974 821.329   2355500 2    0    1    0    1 0.264 225.1 246.8  -3.9  10.8
1974 821.329   2355600 0   20  161   17  136 0.803  92.9 182.6   1.8 -53.4
1974 821.329   2355700 0   13   70    8   41 0.511 233.7 260.8 -11.3  24.8
1974 822.306   2355300 0   57  300   37  194 0.631 236.1 255.9 -14.8  32.8
1974 822.306   2355600 0   45  225   30  149 0.649  95.4 182.8   1.8 -40.3
1974 822.306   2355700 7   28  144   19   98 0.675 244.3 261.5 -11.6  38.4
1974 823.315   2355300 0   48  282   38  223 0.773 244.0 255.7 -15.0  46.0
1974 823.315   2355600 1   37  173   21   98 0.464 100.3 182.5   1.5 -27.2
1974 823.315   2355700 4   17  111   15   95 0.810 250.2 260.8 -11.6  51.1
1974 824.299   2355300 0   29  188   32  205 0.887 248.9 255.7 -15.1  59.0
1974 824.299   2355600 0   25  156   13   81 0.261 110.9 182.6   1.5 -14.1
1974 824.299   2355700 4   11   88   14  112 0.918 254.2 261.0 -11.5  64.3
1974 825.316   2355300 0   24  123   47  235 0.964 252.2 255.1 -15.0  71.8
1974 825.316   2355600 1   27  165   14   83 0.098 171.8 182.5   1.5  -0.8
1974 825.316   2355700 4    1   17    5   45 0.979 256.9 259.8 -11.3  76.5
1974 826.800   2355300 0    4   19   26  128 0.996 252.0 256.0 -17.2  82.7
1974 826.800   2355600 0   21  102   11   52 0.187 238.5 182.5   1.4   9.2
1974 827.344   2355600 1   16  108    9   61 0.449 258.6 182.6   1.3  26.1
1974 828.348   2355600 0   13   99    9   65 0.639 263.5 182.7   1.4  39.4
1974 829.331   2355600 0   13   72   12   62 0.813 266.6 184.5   1.4  54.3
1974 829.331  16180200 0    0    1    0    1 0.615 286.5 168.0  15.8  37.8
1974 830.432   2355600 1    6   35    9   47 0.923 268.4 183.0   1.3  67.3
1974 831.376   2355600 0    4   22   13   67 0.985 270.1 183.5   1.3  80.2
1974 831.376   2355800 0    6   29   32  148 0.994  98.8  20.6  -7.9 -82.7
1974 9 1.432   2355800 0   13   96   20  144 0.941 101.1  20.6  -7.9 -68.7
1974 9 2.545   2355800 0   15  139   14  125 0.827 104.5  20.7  -7.7 -53.9
1974 9 3.314   2355800 0   22  206   16  149 0.720 108.1  20.8  -7.7 -43.7
1974 9 3.314   2355900 0    8   59   22  150 0.979  94.8 346.8  -3.2 -77.7
1974 9 4.313   2355800 0   38  222   23  134 0.558 114.9  20.6  -7.4 -30.7
1974 9 4.313   2355900 0   22  105   27  129 0.911  96.8 346.4  -3.1 -64.9
1974 9 4.313   2356000 0    1    9    1    5 0.330 169.6  47.8 -11.7  -3.5
1974 9 4.313   2356100 0    1    9    1    6 0.568  87.5  16.4   7.4 -34.9
1974 9 4.313   2356200 0    0    4    0    9 0.965 106.3 339.0 -13.6 -72.3
1974 9 5.320   2355800 0   31  276   17  150 0.383 129.2  20.6  -7.1 -17.4
1974 9 5.320   2355900 0   24  144   20  119 0.794  99.6 346.4  -3.1 -51.6
1974 9 5.320   2356000 0    1   13    1    7 0.353 201.5  45.6 -12.0   7.6
1974 9 5.320   2356100 0    1   16    1    9 0.354  88.0  17.1   7.5 -20.9
1974 9 5.320   2356200 0    1   17    2   19 0.883 110.0 339.2 -13.9 -58.8
1974 9 6.333   2355800 0   30  247   16  128 0.257 164.7  20.7  -7.1  -3.9
1974 9 6.333   2355900 0   33  195   22  127 0.637 103.8 346.3  -3.1 -38.3
1974 9 6.333   2356000 2    0    6    0    4 0.501 232.9  48.6 -11.0  24.0
1974 9 6.333   2356100 0    0    1    0    1 0.192  82.3  13.5   8.6 -11.1
1974 9 6.333   2356200 0    5   15    4   12 0.763 115.0 339.2 -13.8 -45.4
1974 9 6.333   2356300 0    5   52    3   30 0.473 134.0   4.2 -12.4 -20.4
1974 9 6.333  16180300 0    0    9    0    5 0.108 297.6  30.2  10.1   5.6
1974 9 6.333  16180400 0    1    5    1    3 0.071 244.8  28.3   5.5   3.7
1974 9 7.401   2355800 0   38  223   20  117 0.298 215.4  20.5  -6.9  10.0
1974 9 7.401   2355900 0   33  209   19  117 0.444 111.8 346.1  -2.9 -24.4
1974 9 7.401   2356200 0    1    9    1    6 0.610 123.6 339.0 -13.6 -31.5
1974 9 7.401   2356300 0    0   11    0    6 0.371 161.6   3.6 -13.4  -6.9
1974 9 8.415   2355800 0   23  221   13  125 0.464 239.3  20.8  -7.1  23.7
1974 9 8.415   2355900 0   27  241   14  125 0.258 132.9 346.2  -3.0 -10.9
1974 9 8.415   2356200 0    1    8    1    5 0.469 139.5 338.8 -14.0 -18.3
1974 9 9.403   2355800 0   30  177   20  115 0.633 249.2  20.6  -7.2  36.6
1974 9 9.403   2355900 0   29  198   15  101 0.181 191.6 346.1  -3.0   2.1
1974 9 9.403   2356100 0    0    5    0    3 0.521 274.5  15.7   8.5  31.7
1974 9 9.403   2356200 0    0    3    0    2 0.373 166.1 338.7 -14.0  -5.3
1974 9 9.403   2356400 0   51  375  113  829 0.973  83.2 266.5   8.2 -77.5
1974 9 9.403   2356500 7    6   68   21  214 0.986 102.6 265.2 -11.1 -78.8
1974 910.321   2355800 0   22  152   18  121 0.775 254.5  20.7  -7.2  48.8
1974 910.321   2355900 0   24  215   13  113 0.299 234.4 346.0  -3.0  14.1
1974 910.321   2356100 2   15  115   11   83 0.717 273.3  18.1   7.4  46.2
1974 910.321   2356400 0  103  727  124  873 0.907  84.4 266.1   8.1 -65.8
1974 910.321   2356500 7   29  230   41  325 0.933 105.3 265.2 -11.5 -66.7
1974 910.321   2356600 0    2   17    6   48 0.982 107.5 255.4 -15.6 -76.5
1974 910.321  16190100 0    0   10    0    6 0.456 188.3 335.9 -19.6   4.0
1974 911.391   2355800 0   11   80   13   94 0.903 258.2  20.8  -7.4  63.0
1974 911.391   2355900 0   22  153   13   89 0.507 251.1 346.5  -3.1  28.7
1974 911.391   2356100 2   47  265   47  265 0.864 274.6  18.1   7.6  60.3
1974 911.391   2356300 0    0    4    0    4 0.789 247.6   6.2 -12.8  48.4
1974 911.391   2356400 0  180 1180  144  943 0.778  85.0 266.2   8.4 -51.6
1974 911.391   2356500 7   22  247   20  218 0.821 109.9 265.7 -11.9 -52.1
1974 911.391   2356600 0    6   33    8   42 0.915 110.6 255.0 -15.6 -62.8
1974 912.551   2355800 0    6   43   17  116 0.981 260.8  20.1  -7.5  77.6
1974 912.551   2355900 0   22  152   16  109 0.713 258.0 346.8  -3.4  44.3
1974 912.551   2356100 2    8   66   18  137 0.969 276.1  18.9   7.7  76.4
1974 912.551   2356400 0  211 1798  130 1104 0.578  85.8 266.9   8.3 -35.6
1974 912.551   2356500 7   18  152   12  101 0.650 117.4 266.4 -11.6 -36.1
1974 912.551   2356600 0   10   53    9   44 0.790 115.5 254.9 -15.1 -47.6
1974 913.685   2355900 0    8   78    9   79 0.867 261.9 346.8  -3.4  59.3
1974 913.685   2356400 0  260 1943  139 1038 0.349  85.9 266.9   8.2 -20.6
1974 913.685   2356500 7   23  152   13   86 0.458 132.3 267.3 -11.2 -20.2
1974 913.685   2356600 0   10   53    7   35 0.639 124.5 254.4 -15.2 -33.1
1974 914.334   2355900 0    0    6    0   10 0.937 263.5 347.8  -3.5  68.9
1974 914.334   2356400 0  234 1908  120  975 0.203  84.3 267.1   8.2 -11.8
1974 914.334   2356500 7   18  140   10   76 0.372 146.8 266.9 -11.1 -12.0
1974 914.334   2356600 0    8   50    5   30 0.548 132.9 254.3 -15.4 -24.6
1974 915.141   2356400 0  227 1435  114  718 0.023  37.8 267.5   8.2  -0.8
1974 915.141   2356500 7    5   75    3   40 0.316 170.6 265.3 -11.0  -3.0
1974 915.141   2356600 0    3   28    2   16 0.450 141.7 251.6 -13.8 -16.7
1974 916.314   2356400 0  243 1788  126  924 0.249 275.9 267.3   8.4  14.5
1974 916.314   2356500 7    9   47    5   26 0.424 223.1 270.0 -11.2  17.2
1974 916.314   2356600 0    7   31    4   17 0.384 183.5 254.2 -15.4   1.4
1974 916.314   2356700 7    1   31    3   48 0.944  83.0 181.2   8.9 -71.6
1974 917.325   2356400 0  220 1220  125  692 0.471 275.1 267.7   8.7  28.3
1974 917.325   2356500 7    6   45    4   28 0.581 241.3 270.6 -10.1  31.2
1974 917.325   2356600 0    5   19    3   11 0.450 212.9 254.1 -15.3  14.7
1974 917.325   2356700 7    4   31    4   29 0.842  83.9 181.4   9.0 -58.0
1974 917.325   2356800 7    0    3    0    3 0.756 248.5 285.2 -11.2  45.8
1974 918.332   2356400 2  153 1048  103  703 0.663 275.4 268.1   8.9  41.9
1974 918.332   2356500 7    3   22    3   17 0.755 250.1 272.3 -10.0  46.1
1974 918.332   2356600 0    1    6    1    4 0.583 231.2 254.3 -15.2  28.1
1974 918.332   2356700 7    4   31    3   21 0.663  83.8 184.3   9.4 -41.9
1974 918.332   2356800 7    1   37    2   40 0.880 253.4 285.4 -11.0  59.2
1974 919.360   2356400 2  128  772  113  678 0.820 276.0 268.2   9.0  55.6
1974 919.360   2356700 7    1   16    1    9 0.386  79.5 189.9  10.6 -22.7
1974 919.360   2356800 7    2   24    5   57 0.975 257.5 288.2 -10.5  75.6
1974 919.360  16190200 0    0    1    0    1 0.615 115.7 178.4  -9.6 -34.2
1974 920.323   2356400 2   79  527  108  713 0.927 277.3 268.7   9.4  68.8
1974 920.323   2356700 7    1   11    1    6 0.193  69.1 189.3  10.9 -10.6
1974 921.378   2356400 2   14  205   51  727 0.989 279.0 268.5   9.9  82.5
1974 923.423  16190300 0    0    7    0    4 0.478 253.5 186.3  -1.6  27.3
1974 924.396   2356900 1   13   76    7   39 0.195  55.4 136.6  13.2  -9.5
1974 925.328   2356900 1   31  166   16   84 0.132 332.4 137.4  13.6   3.6
1974 926.330   2356900 1   24  124   13   66 0.322 293.5 138.3  13.9  17.7
1974 926.330   2357000 7    0    2    0    3 0.925 105.6  55.2 -11.6 -65.4
1974 927.524   2356900 1   13   67    8   41 0.568 284.8 139.3  14.0  34.5
1974 927.524   2357100 0    4   37   15  127 0.988  82.1  22.6   8.8 -82.2
1974 928.388   2357100 0   13   79   20  119 0.941  83.0  22.5   8.8 -71.0
1974 928.388   2357200 5    2   11    4   22 0.967  97.7  19.1  -5.7 -74.4
1974 929.411   2357000 7    5   25    3   15 0.549 123.1  51.9 -11.5 -28.0
1974 929.411   2357100 0   17  124   16  115 0.838  83.9  22.4   8.8 -57.5
1974 929.411   2357200 5   27  299   31  336 0.892 100.0  17.9  -5.8 -62.0
1974 929.411   2357300 7    0    2    0    2 0.815 113.3  29.2 -14.6 -50.7
1974 930.327   2357000 7    9  100    5   55 0.407 138.7  51.9 -11.4 -15.9
1974 930.327   2357100 0   25  147   18  105 0.710  84.4  22.2   8.7 -45.6
1974 930.327   2357200 5  101  558   81  447 0.778 102.9  18.1  -5.7 -49.7
1974 930.327   2357300 7    2   27    2   19 0.688 119.2  29.5 -14.4 -38.3
1974 930.327   2357400 2    1   15    1    9 0.472 287.7  95.4  14.2  27.6
197410 1.344   2357000 7   13   70    7   37 0.314 170.6  51.4 -11.4  -3.0
197410 1.344   2357100 1   35  247   21  146 0.527  82.9  22.4   9.4 -32.0
197410 1.344   2357200 5  129  723   83  462 0.619 108.3  18.2  -5.9 -36.2
197410 1.344   2357300 7    0    8    0    5 0.529 131.1  30.1 -14.3 -24.3
197410 1.344   2357400 2    0    2    0    2 0.667 284.2  96.3  14.4  41.9
197410 2.900   2357000 7   11   73    6   39 0.336 202.3  52.1 -11.6   7.5
197410 2.900   2357100 1   31  183   17   99 0.378  78.3  22.5  10.5 -22.1
197410 2.900   2357200 5  207  768  119  441 0.489 114.0  17.9  -5.6 -26.7
197410 2.900   2357300 7    0    1    0    1 0.434 145.0  29.7 -14.5 -14.9
197410 3.326   2357000 7   11   43    7   26 0.557 236.6  56.7 -12.1  28.4
197410 3.326   2357100 1   29  190   15   96 0.114  66.6  22.2   9.1  -6.1
197410 3.326   2357200 5  144  796   75  414 0.270 141.7  18.6  -5.8  -9.7
197410 4.432   2357000 7    3   41    3   31 0.744 246.9  58.2 -12.4  44.5
197410 4.432   2357100 1   17  156    9   79 0.149 286.3  22.0   8.8   8.3
197410 4.432   2357200 5  116  817   60  420 0.227 203.4  18.9  -5.6   5.2
197410 4.432   2357500 4    1   36    2   40 0.890 115.0 315.3 -18.8 -58.4
197410 4.432   2357600 7    0    6    0    9 0.935  86.3 304.0   5.7 -69.7
197410 4.432   2357700 5    4   36   17  156 0.992  80.6 289.9  10.1 -83.8
197410 5.328   2357000 7    4   31    4   30 0.852 252.0  57.7 -11.7  55.9
197410 5.328   2357100 0   13   97    7   52 0.348 277.7  22.2   8.7  20.4
197410 5.328   2357200 5  103  704   55  376 0.348 233.8  18.2  -5.7  16.4
197410 5.328   2357500 4    8   85    7   69 0.783 120.2 316.2 -18.8 -45.6
197410 5.328   2357600 7    4   33    4   31 0.841  87.3 304.2   5.7 -57.6
197410 5.328   2357700 5   10   97   17  151 0.945  80.8 290.1  10.8 -71.7
197410 5.328   2357800 0    0    4    0    6 0.931 104.8 295.2 -11.3 -66.6
197410 5.328   2357900 7    2   18   13  119 0.996  79.3 275.5  11.1 -86.3
197410 5.328  16190400 0    0    1    0    1 0.593 307.2  33.7  26.5  31.9
197410 5.328  16190500 0    0    6    0    4 0.530 240.2  29.6  -9.6  27.8
197410 6.426   2357000 7    0    4    0    7 0.956 255.4  58.4 -11.9  71.0
197410 6.426   2357100 0    8   80    5   49 0.572 275.9  22.5   8.6  35.1
197410 6.426   2357200 5   71  666   43  399 0.546 249.5  18.3  -5.6  30.9
197410 6.426   2357500 4   12  124    8   81 0.635 131.2 317.0 -19.3 -30.4
197410 6.426   2357600 7   10   78    7   54 0.688  88.0 303.7   6.0 -43.7
197410 6.426   2357700 5   30  198   30  195 0.859  81.7 287.6  10.4 -59.8
197410 6.426   2357800 0    2   17    2   15 0.816 108.7 295.4 -11.3 -52.0
197410 6.426   2357900 7   27  277   45  448 0.950  81.8 274.8   9.7 -72.6
197410 7.340   2357100 0    4   48    3   36 0.735 276.0  23.0   8.7  47.7
197410 7.340   2357200 5   83  523   59  372 0.708 255.4  18.8  -5.7  43.5
197410 7.340   2357500 4    6   51    4   30 0.507 146.1 317.9 -18.9 -17.4
197410 7.340   2357600 7    6   58    4   34 0.510  89.6 304.5   5.6 -30.8
197410 7.340   2357700 5   26  171   21  134 0.766  81.0 284.9  10.9 -50.4
197410 7.340   2357900 7   45  549   47  570 0.873  83.2 273.9   9.0 -61.4
197410 8.424   2357100 0    1   10    2   11 0.876 276.9  22.7   9.0  61.7
197410 8.424   2357200 5   50  418   48  401 0.851 259.1  18.2  -5.9  57.2
197410 8.424   2357500 4   23  157   13   87 0.423 169.9 316.5 -18.4  -4.5
197410 8.424   2357600 7   11   55    6   29 0.283  92.1 304.5   5.4 -16.5
197410 8.424   2357700 5   33  215   21  135 0.600  80.3 284.0  10.8 -37.0
197410 8.424   2357900 7   93 1040   68  760 0.727  83.9 274.0   8.7 -47.0
197410 9.346   2357100 0    0    2    0    4 0.961 277.6  23.5   9.0  74.7
197410 9.346   2357200 5   35  198   58  328 0.952 261.7  20.1  -6.0  71.3
197410 9.346   2357500 4   73  333   41  185 0.430 196.5 316.2 -18.2   7.4
197410 9.346   2357600 7   13   45    7   23 0.047 117.9 306.4   4.9  -2.4
197410 9.346   2357700 5   21  125   12   69 0.418  78.0 284.2  10.6 -24.6
197410 9.346   2357900 7  153 1160   93  702 0.561  83.1 274.5   9.0 -34.3
197410 9.346   2358000 2    0    6    0    4 0.527 105.3 278.2  -2.7 -30.6
19741010.415   2357200 5    4   43   11  112 0.980 262.2  12.5  -6.4  77.7
19741010.415   2357500 4   88  502   53  302 0.550 222.4 317.8 -18.4  23.0
19741010.415   2357600 7    1   19    1   10 0.177 264.9 305.0   5.1  10.2
19741010.415   2357700 9   52  387   27  198 0.209  67.3 283.5  10.6 -11.3
19741010.415   2357900 7  112 1446   60  773 0.353  82.7 274.1   8.3 -20.7
19741010.415   2358000 2    0    3    0    2 0.354 111.8 275.6  -1.8 -19.2
19741010.415  16200100 0    1    5    1    3 0.207  36.8 287.4  15.6  -7.4
19741011.363   2357500 4   71  473   49  325 0.682 235.2 318.3 -18.1  36.1
19741011.363   2357600 7    0    1    0    1 0.450 267.8 309.0   4.4  26.8
19741011.363   2357700 9   89  603   45  303 0.094 343.1 283.8  11.2   1.6
19741011.363   2357900 7  153 1358   78  689 0.166  72.6 273.0   8.8  -9.2
19741011.363   2358100 7    0    1    0    1 0.283 167.7 278.7 -10.0  -3.5
19741012.432   2357500 4   48  287   44  261 0.833 243.9 319.9 -17.9  51.8
19741012.432   2357700 9  105  883   55  460 0.279 291.0 283.5  11.5  15.4
19741012.432   2357900 7  179 1766   90  887 0.094 304.5 272.6   9.0   4.5
19741013.140   2357500 4   22  152   27  187 0.911 245.9 320.4 -19.1  61.6
19741013.140   2357700 9  158  700   88  389 0.435 282.2 284.4  10.6  25.6
19741013.140   2357900 7  215 1344  111  693 0.241 282.0 272.6   8.6  13.8
19741013.140   2358100 7    0    3    0    2 0.423 236.2 279.6  -8.1  20.8
19741013.140  16200200 0    0    6    0    5 0.780 265.2 309.8   0.0  51.0
19741014.354   2357500 4    4   36   14  115 0.987 251.3 321.0 -17.4  78.3
19741014.354   2357700 9   68  526   46  355 0.670 280.3 284.9  11.2  42.2
19741014.354   2357900 7   95 1182   55  682 0.500 277.1 272.8   8.6  30.1
19741014.354  16200300 0    0    1    0    1 0.580 251.6 276.3  -5.7  33.6
19741015.455   2357700 9   46  323   42  294 0.834 279.5 285.2  11.1  56.9
19741015.455   2357900 7   48  678   34  478 0.701 276.3 273.1   8.5  44.8
19741016.890   2357700 9   34  165   42  201 0.909 278.5 285.9  10.1  66.0
19741016.890   2357900 7   53  524   45  440 0.801 274.9 273.5   7.3  53.6
19741017.328   2357700 9    1    7   10   40 0.994 281.2 288.5  11.7  84.9
19741017.328   2357900 7   46  352   66  501 0.934 275.9 273.2   7.5  69.6
19741018.319   2357900 7    4   30   17  129 0.992 275.9 273.9   6.5  83.4
19741019.356   2358200 4    4   26    3   17 0.636 274.6 216.5   7.1  39.7
19741020.492   2358200 4   12   76   11   65 0.806 275.0 215.8   7.2  54.0
19741021.371   2358200 4   10  133   13  166 0.914 275.3 216.7   7.0  66.5
19741022.364   2358200 4    7   70   18  166 0.975 276.3 215.0   7.3  77.8
19741023.453  16200400 0    0    4    0    9 0.970 258.3 197.6 -10.1  74.8
19741025.451   2358300 0   12   91   19  136 0.941  98.0  27.0  -5.8 -69.5
19741026.517   2358300 1   26  112   24  104 0.838 100.5  26.4  -6.1 -56.0
19741026.517   2358400 4    6   44    5   35 0.765 112.8  35.8 -14.0 -46.6
19741026.517   2358500 2    0    4    0   15 0.990  86.1   0.1   4.5 -82.3
19741027.484   2358300 0   21  142   15  101 0.705 103.4  26.0  -6.0 -43.6
19741027.484   2358400 4    1   17    1   11 0.594 119.8  37.6 -13.2 -32.0
19741027.484   2358500 2    0    4    0    6 0.925  86.8   1.6   4.7 -68.0
19741027.484   2358600 7    3   15    2    8 0.302  81.0  52.1   7.2 -17.5
19741028.377   2358300 1   26  155   16   93 0.545 108.5  26.5  -6.0 -31.3
19741028.377   2358400 4    3   37    2   21 0.451 131.8  37.6 -13.2 -20.2
19741028.377   2358500 2    2    8    2    8 0.825  87.0   2.0   5.1 -55.8
19741028.377   2358600 7    1   19    1   10 0.105  55.4  52.8   8.0  -5.0
19741028.377  16200500 0    0    5    0    3 0.245 255.2  71.5   0.9  13.7
19741029.402   2358300 0   35  160   19   86 0.355 120.2  26.3  -6.0 -18.0
19741029.402   2358400 4    1   46    1   25 0.338 158.0  36.8 -13.8  -7.5
19741030.484   2358300 0   31  194   16   99 0.189 159.6  26.2  -5.8  -3.8
19741030.484   2358400 4    0    9    0    5 0.350 207.2  39.5 -13.8   9.5
19741030.484   2358700 0    6   49   12   91 0.961 111.6 318.8 -19.3 -71.2
19741031.386   2358300 1   23  126   12   65 0.218 218.2  25.9  -5.6   7.8
19741031.386   2358700 0    0    4    0    5 0.891 114.1 318.7 -19.2 -59.4
197411 1.544   2358300 0   12   63    7   35 0.426 247.6  26.2  -5.5  23.3
197411 1.544   2358800 7   12   70   29  159 0.974  78.7 285.5  11.9 -77.4
197411 1.544  16200600 0    0    3    0    2 0.277  31.7 354.1  17.8  -8.8
197411 1.544  16200700 0    0   11    0    7 0.598 127.5 333.0 -17.7 -29.9
197411 2.360   2358300 0   16  121   10   75 0.581 253.9  26.2  -5.9  34.1
197411 2.360   2358800 7   15  107   19  136 0.916  78.3 285.4  12.4 -66.7
197411 2.360   2358900 2    0    6    0   11 0.953  80.0 279.3  10.8 -72.8
197411 3.356   2358300 1    6   60    5   46 0.746 259.0  26.4  -5.5  47.4
197411 3.356   2358800 7   23  309   20  264 0.808  76.7 285.2  13.1 -53.8
197411 3.356   2358900 0    0    3    0    4 0.867  82.7 278.7   8.3 -60.3
197411 4.376   2358300 0    1   24    2   26 0.882 262.0  26.9  -5.2  61.3
197411 4.376   2358800 7   20  157   13  102 0.637  75.5 286.5  12.2 -39.1
197411 5.593   2358800 7    9  105    5   58 0.411  68.1 286.5  12.3 -23.0
197411 5.593  16210100 0    6   43   14   94 0.972 257.7  24.9 -11.0  75.4
197411 6.385   2358800 7    9   54    5   28 0.259  56.9 286.2  11.7 -12.8
197411 6.385  16210200 0    0    7    0    4 0.075 234.8 302.5   1.2   3.5
197411 7.311   2358800 7    3   41    2   21 0.146   7.4 285.7  11.9  -1.1
197411 7.311   2359000 7    0    7    0    4 0.114 208.3 289.9  -2.2   3.1
197411 8.485   2359000 7    1   17    1    9 0.249 242.7 284.2  -3.2  12.8
197411 8.485  16210300 0    1   19    1   10 0.213 271.5 283.7   3.7  12.3
19741110.374   2359100 7    5   47    3   24 0.094 272.0 251.8   3.4   5.4
19741110.374   2359200 7    1   21    1   12 0.420  79.3 221.8   7.4 -24.6
19741110.374  16210400 0    0    3    0    2 0.397 118.0 225.7  -7.7 -20.7
19741111.312   2359100 0    0   11    0    6 0.297 273.5 251.4   4.0  17.3
19741111.312   2359300 7    0    5    0    3 0.119  39.4 229.7   8.4  -4.4
19741112.453   2359100 0    0    1    0    1 0.545 273.3 252.1   4.3  33.1
19741112.453   2359200 7    3   61    2   31 0.096 315.3 222.9   6.9   3.9
19741112.453   2359300 7    5   56    3   29 0.196 289.5 229.7   6.7  10.7
19741113.292   2359200 7    1   19    1   10 0.296 283.1 224.9   6.6  16.9
19741113.292   2359300 7    1   25    1   14 0.420 279.8 232.6   6.7  24.6
19741114.497  16210500 0    0    1    0    1 0.463 258.6 219.1  -2.8  27.0
19741115.421   2359400 1   42  245   94  541 0.973  77.0 103.1  13.3 -76.8
19741115.421  16210600 0    0   16    0   10 0.550  90.9 146.5   1.7 -33.4
19741116.541   2359400 1   98  539  117  641 0.905  76.2 100.5  13.6 -64.7
19741116.541  16210700 0    1    8    4   18 0.970 307.6 239.4  37.0  74.2
19741117.490   2359400 1  114  748   94  614 0.792  75.0 100.9  13.3 -51.8
19741117.490  16210800 0    1    7    1    4 0.145 161.8 150.1  -5.5  -2.6
19741118.441   2359400 1  186 1020  122  669 0.646  72.6 100.9  12.9 -39.2
19741119.423   2359400 1  184 1114  105  634 0.476  65.8 100.7  13.2 -26.5
19741119.423   2359500 4    4   34    4   30 0.816  90.4  72.5   0.9 -54.7
19741119.423   2359600 7    1    8    5   22 0.979  83.8  48.7   6.5 -78.5
19741120.547   2359400 1  225 1016  117  527 0.263  43.5 101.7  13.0 -10.7
19741120.547   2359500 4    4   37    3   24 0.620  91.0  74.1   1.0 -38.3
19741120.547   2359600 7    8   54   10   63 0.901  83.7  48.0   6.6 -64.4
19741121.292   2359400 1  133 1053   68  536 0.189   4.6 101.6  12.8  -0.9
19741121.292   2359500 4   66  359   38  206 0.485  90.6  73.5   1.4 -29.0
19741121.292   2359600 7    0   10    0    9 0.818  83.0  47.6   6.8 -54.9
19741122.820   2359400 1  197  939  102  486 0.258 320.6 101.8  13.3   9.7
19741122.820   2359500 4   18  113   10   60 0.316  91.0  73.7   1.4 -18.4
19741122.820   2359600 7    1   15    1   11 0.705  82.4  47.4   6.6 -44.7
19741123.406   2359400 1  197  950  113  544 0.484 295.0 101.5  13.3  26.8
19741123.406   2359500 4   49  245   25  123 0.005  85.1  74.4   1.7  -0.3
19741123.406  16210900 0    0   65    0   35 0.355  83.1  54.0   4.0 -20.7
19741124.161   2359400 1  136  771   88  496 0.626 289.8 102.0  13.5  37.3
19741124.161   2359500 4   15   64    8   33 0.176 265.3  74.8   0.7  10.1
19741125.433   2359400 1  129  605  113  528 0.817 284.9 102.1  13.0  54.1
19741125.433   2359600 7    5  114    3   58 0.136  16.3  45.8   8.9  -2.2
19741126.306   2359400 1  106  456  131  562 0.912 283.2 101.9  12.6  65.5
19741126.306  16211000 0    0   19    0   10 0.306 318.0  48.6  14.4  12.2
19741127.306   2359400 1   29  164   75  424 0.981 282.8 102.0  12.8  78.7
19741127.306   2359700 2   25  129   13   66 0.202 291.0  34.2   5.3  10.9
19741128.442   2359700 2   10   82    6   46 0.451 279.5  34.8   5.2  26.5
19741129.450   2359700 2    4   28    3   19 0.661 275.2  36.3   4.1  41.3
19741130.376   2359700 0    0    8    0    7 0.804 274.4  36.3   4.0  53.5
19741130.376  16220100 0    0    1    0    1 0.479 302.4   7.6  15.6  24.8
197412 5.375   2359800 7    3   40    2   21 0.244  74.0 263.3   4.0 -13.6
197412 6.587   2359800 7    0    5    0    3 0.104 326.5 264.3   5.0   3.3
197412 7.447   2359900 7    0    5    0    3 0.504  59.6 223.0  14.7 -26.7
19741211.522   2360000 4   45  250   25  139 0.432  63.9 172.7  10.4 -23.2
19741212.308   2360000 4   36  315   19  165 0.290  46.1 173.3  10.9 -12.3
19741212.308   2360100 0    9   68   37  255 0.990  76.5 104.0  13.3 -81.6
19741213.585   2359900 7    4   26    4   24 0.837 285.9 224.4  12.8  55.6
19741213.585   2360000 4   50  329   26  169 0.228 337.5 173.9  11.3   5.1
19741213.585   2360100 0   45  282   56  350 0.914  75.4 103.6  13.0 -65.2
19741214.316   2360000 4   43  403   23  214 0.333 310.0 174.2  11.4  15.1
19741214.316   2360100 0   89  524   82  482 0.837  73.6 103.6  13.1 -55.5
19741215.468   2360000 4   28  289   17  171 0.532 293.6 173.7  11.3  29.8
19741215.468   2360100 2   99  559   67  378 0.670  69.7 103.8  12.6 -40.1
19741216.313   2360000 4   51  399   35  274 0.683 288.5 174.2  11.6  41.4
19741216.313   2360100 0  130  698   77  412 0.530  63.5 103.7  12.6 -29.1
19741217.381   2360000 4   29  171   28  163 0.849 286.0 175.5  12.8  56.8
19741217.381   2360100 0  123  669   66  357 0.345  45.8 104.0  12.6 -14.7
19741218.435   2360000 4    4   42    6   57 0.926 284.3 171.8  12.6  66.9
19741218.435   2360100 0  104  637   54  329 0.247   3.2 104.1  12.8  -0.8
19741218.435   2360200 0   21  128   33  196 0.944  83.4  34.5   5.7 -70.4
19741219.400   2360000 4    1   10    7   37 0.989 281.7 173.1  11.3  81.0
19741219.400   2360100 0  115  639   61  338 0.327 320.3 104.5  13.0  12.4
19741219.400   2360200 1   21  182   20  172 0.846  82.1  34.7   5.8 -57.4
19741219.400   2360300 2    2   31    2   25 0.767 250.8 140.9 -15.7  48.8
19741219.400   2360400 2    3   16    2    9 0.356  64.4  73.2   7.3 -18.9
19741220.283   2360100 0   98  665   56  377 0.470 302.2 104.6  12.9  24.1
19741220.283   2360200 0   27  232   20  169 0.725  79.9  34.6   6.1 -45.9
19741220.283   2360300 2    1   25    2   28 0.892 253.3 143.1 -15.7  62.6
19741220.283   2360400 2    3   35    2   18 0.173  32.0  75.2   6.7  -5.3
19741221.290   2360100 0   89  496   59  326 0.649 292.7 105.1  13.0  37.9
19741221.290   2360200 1   41  201   25  120 0.541  75.7  35.4   6.1 -31.8
19741221.290   2360400 2    3   37    2   19 0.187 321.8  73.9   6.6   6.7
19741222.415   2360100 0   43  475   38  413 0.816 287.6 105.4  13.1  53.0
19741222.415   2360200 0   32  191   17  101 0.319  64.4  35.6   6.0 -16.8
19741222.415   2360400 2    0   33    0   18 0.367 289.9  72.7   5.3  20.3
19741223.499   2360100 0   47  235   64  318 0.928 285.5 105.0  13.5  66.9
19741223.499   2360200 0   29  209   15  106 0.144  16.2  35.8   5.8  -2.3
19741223.499   2360400 2    0    8    0    5 0.573 283.8  72.1   6.1  34.0
19741223.499  16220200 0    1   21    2   24 0.890 280.4 100.3   8.3  62.2
19741224.515   2360100 0   19  107   60  333 0.987 284.0 104.7  13.4  79.9
19741224.515   2360200 1   31  178   16   92 0.233 305.6  35.8   5.6  11.0
19741225.335   2360200 0   23  123   13   67 0.396 289.8  35.9   5.5  22.0
19741226.410   2360200 0   17   97   11   61 0.598 283.2  35.6   5.8  35.8
19741227.380   2360200 1    7   31    6   24 0.753 279.2  35.4   5.2  48.3
19741228.301   2360200 0    1   16    2   17 0.876 276.9  35.7   4.7  60.8
19741228.301   2360500 2   13  106    8   65 0.571 301.9   5.1  15.2  30.2
19741229.411   2360500 2    8   55    6   41 0.734 293.4   4.5  14.9  44.2
19741229.411   2360600 4    1   10    4   22 0.969  98.8 244.4  -9.2 -75.9
19741230.515   2360500 2    1   15    2   17 0.894 287.7   7.3  14.4  61.6
19741230.515   2360600 4   21  133   24  146 0.888  98.5 243.0  -8.9 -62.7
19741231.467   2360600 4   25  163   20  129 0.770  99.1 242.8  -9.0 -50.3
