1973 1 1.276   2329200 4    4   20    6   28 0.928 254.8 265.8 -15.3  68.2
1973 1 1.276   2329400 1   84  590   78  546 0.838  79.8 141.4   6.8 -56.2
1973 1 1.276   2329500 7    0    7    0   27 0.988  76.3 117.5  13.0 -80.1
1973 1 2.498   2329300 2    1    9    1    6 0.563 108.2 148.3 -12.9 -33.3
1973 1 2.498   2329400 1  101  698   67  460 0.649  75.2 142.4   7.0 -39.2
1973 1 2.498   2329500 7   10   62   13   78 0.915  74.5 116.9  12.8 -64.7
1973 1 2.498   2329600 2    1   17    1    9 0.258 153.1 174.6 -16.6  -7.0
1973 1 2.498  15960500 0    0    6    0   10 0.949 253.7 253.5 -16.5  71.9
1973 1 3.285   2329400 1   87  719   51  418 0.509  69.4 142.5   7.3 -28.7
1973 1 3.285   2329500 7   41  293   41  289 0.859  72.4 113.9  13.2 -57.3
1973 1 3.285   2329600 2    3   42    2   22 0.236 188.6 173.3 -16.9   2.1
1973 1 3.285   2329700 7    8   35    5   22 0.578 309.6 199.2  18.6  28.0
1973 1 4.319   2329300 2    1   15    1    8 0.260 130.6 145.9 -13.2 -11.7
1973 1 4.319   2329400 1  102  700   54  368 0.307  51.4 143.6   7.6 -14.0
1973 1 4.319   2329500 7   64  479   47  350 0.726  68.1 113.8  13.2 -43.8
1973 1 4.319   2329600 2    1   16    1    9 0.352 229.5 173.8 -16.6  16.2
1973 1 4.319   2329700 7    2    6    2    5 0.742 298.0 201.1  17.8  43.5
1973 1 4.319  15960600 0    0    4    0    3 0.598  66.8 123.6  10.7 -34.0
1973 1 5.290   2329300 2    0    3    0    2 0.165 184.1 145.5 -13.1   0.7
1973 1 5.290   2329400 1  109  733   56  374 0.201   3.0 144.2   7.9  -0.6
1973 1 5.290   2329500 4  112  675   69  414 0.576  60.4 113.8  13.4 -31.0
1973 1 5.290   2329600 2    1   17    1   10 0.522 243.2 173.9 -16.8  29.1
1973 1 5.290   2329800 0    7   34   27  115 0.988 108.1  63.0 -18.4 -81.8
1973 1 6.135   2329400 1   74  714   39  372 0.277 318.5 144.3   8.3  10.7
1973 1 6.135   2329500 4  134  865   75  482 0.438  48.9 113.8  13.2 -19.8
1973 1 6.135   2329800 0   11   42   18   65 0.942 109.2  63.1 -19.3 -70.5
1973 1 6.135   2329900 2    1   12    1    8 0.655 257.2 174.2 -11.2  40.6
1973 1 7.111   2329400 1   92  587   52  330 0.455 297.8 144.8   8.7  24.0
1973 1 7.111   2329500 4  127  874   67  461 0.317  21.6 113.9  13.3  -6.9
1973 1 7.111   2329800 0   11   47   11   45 0.847 110.2  63.5 -19.1 -57.3
1973 1 7.111   2329900 2   15   46   13   40 0.811 259.7 175.1 -10.6  54.3
1973 1 8.511   2329400 1   73  466   52  332 0.709 285.6 146.0   8.1  43.6
1973 1 8.511   2329500 4   67  743   36  396 0.346 328.8 113.0  13.3  10.6
1973 1 8.511   2329800 0    8   47    6   32 0.662 113.7  62.7 -18.5 -39.7
1973 1 8.511   2330000 0    4   20    7   34 0.952  74.6  31.7  13.4 -70.7
1973 1 9.285   2329400 1   43  389   38  343 0.821 282.9 146.1   8.2  53.9
1973 1 9.285   2329500 4   69  534   39  300 0.453 310.3 113.0  13.2  20.8
1973 1 9.285   2329800 0    8   43    5   26 0.536 118.7  62.5 -18.5 -29.7
1973 1 9.285   2329900 2    2    5    7   20 0.988 259.2 174.0 -11.3  81.8
1973 1 9.285   2330000 0    4   26    5   29 0.886  72.7  31.8  13.3 -60.4
1973 1 9.285   2330100 7    2   10    5   21 0.969 105.6  16.0 -16.1 -76.2
1973 1 9.285  15960700 0    4   18    3   13 0.708 258.8 137.2 -10.8  45.0
1973 110.292   2329400 1   35  221   50  312 0.935 280.6 147.1   8.4  68.2
1973 110.292   2329500 4   42  316   27  200 0.612 298.3 112.5  13.4  33.6
1973 110.292   2329800 0    3   20    2   11 0.371 132.4  62.1 -18.5 -16.8
1973 110.292   2330000 0    6   28    5   22 0.759  68.9  32.3  13.0 -46.6
1973 110.292   2330100 7    3   30    4   33 0.882 105.8  17.0 -15.9 -61.9
1973 111.307   2329400 1    8   51   30  194 0.990 279.2 146.8   8.5  81.3
1973 111.307   2329500 4   25  209   20  164 0.769 291.4 112.9  13.4  47.4
1973 111.307   2329800 7    3   28    2   15 0.261 162.3  60.7 -18.7  -4.8
1973 111.307   2330000 0    4   12    3    8 0.597  62.3  32.7  12.5 -32.8
1973 111.307   2330100 7    3   12    3   10 0.780 107.2  14.7 -16.1 -50.8
1973 112.310   2329500 4   15  168   19  208 0.912 286.0 116.4  12.7  64.0
1973 112.310   2330000 2    3   27    2   15 0.409  48.0  34.3  11.7 -18.1
1973 112.310   2330100 7    0   10    0    7 0.617 112.1  15.7 -17.0 -36.7
1973 112.310  15960800 0    0    3    0    2 0.299 227.2  65.6 -16.0  13.2
1973 112.310  15960900 0    0    4    0    8 0.965  71.6 339.6  16.5 -72.8
1973 113.440   2329500 4    6   62   14  137 0.974 285.8 112.6  14.3  75.2
1973 113.440   2330100 7    0   24    0   13 0.371 121.1  18.2 -15.3 -19.2
1973 113.440   2330200 1    8   52   31  185 0.989  79.3 316.8   9.9 -80.6
1973 114.444   2330100 7    5   35    3   18 0.187 161.6  20.7 -14.8  -3.5
1973 114.444   2330200 1   41  248   58  351 0.933  77.1 316.6  10.3 -67.6
1973 115.451   2329800 0    2   12    2   11 0.806 249.1  64.1 -19.6  53.1
1973 115.451   2330000 0    1   19    1   11 0.496 307.6  34.8  13.3  23.8
1973 115.451   2330200 1   42  363   38  325 0.827  73.9 317.1  10.5 -53.9
1973 116.470   2330200 1   62  388   43  269 0.689  69.1 316.7  10.6 -40.9
1973 116.470  15970100 0    0    5    0    3 0.084 287.9   2.2  -3.3   4.6
1973 117.284   2330200 1   60  443   36  266 0.550  62.4 317.1  10.5 -29.7
1973 117.284   2330300 7    1   25    1   13 0.161 134.0 340.0 -11.3  -6.8
1973 118.276   2330200 1   70  390   38  212 0.388  47.5 316.9  10.4 -16.9
1973 118.276   2330300 7    0    3    0    2 0.157 202.9 337.4 -13.3   3.6
1973 118.276   2330400 4   14   77    9   49 0.611 247.6  10.1 -17.5  36.3
1973 118.276   2330500 7    7   94    4   48 0.193 133.8 325.6 -12.6  -8.2
1973 119.285   2330200 1   70  433   37  226 0.282  14.1 316.5  10.8  -4.0
1973 119.285   2330400 4   12   53   10   43 0.777 251.4  11.1 -17.6  50.6
1973 119.285   2330500 7    7   53    4   27 0.157 213.5 325.6 -12.6   5.1
1973 119.285   2330600 4    2    6    5   14 0.973  78.7 244.9   9.8 -75.6
1973 119.285  15970200 0    0   11    0    6 0.151   2.0 320.2   3.6  -0.3
1973 120.323   2330200 1   49  310   26  164 0.323 329.6 316.4  11.1   9.6
1973 120.323   2330400 4    4   22    5   25 0.887 252.4   9.6 -18.0  62.8
1973 120.323   2330500 7   13  121    7   65 0.352 245.4 326.0 -13.3  19.2
1973 120.323   2330600 4    0    4    0    5 0.891  76.1 245.4   9.9 -61.4
1973 121.282   2330200 1   46  374   26  211 0.463 306.7 316.4  11.2  22.2
1973 121.282   2330500 7   23  167   14  100 0.548 253.9 326.9 -13.2  32.7
1973 121.282   2330600 4    8   62    7   50 0.780  72.7 245.1  10.0 -49.1
1973 121.282  15970300 0    3   25    2   14 0.421  26.4 282.9  17.0 -11.3
1973 122.467   2330200 1   30  264   20  176 0.658 294.5 316.3  11.6  37.7
1973 122.467   2330500 7   17  140   13  105 0.740 255.5 326.3 -14.3  47.7
1973 122.467   2330600 4   20  106   13   69 0.631  66.3 242.6  10.4 -36.0
1973 122.467   2330700 7    3   28    2   15 0.342 119.6 260.7 -14.8 -17.9
1973 123.278   2330200 1   29  208   23  165 0.774 290.1 315.9  11.8  48.0
1973 123.278   2330500 7    8   56    8   54 0.853 256.2 326.8 -14.6  58.9
1973 123.278   2330600 4   18  129   11   76 0.521  59.7 240.7  10.4 -27.2
1973 123.278   2330700 7    3   76    2   39 0.192 143.8 261.2 -14.3  -6.7
1973 123.278  15970400 0    1   14    1    8 0.417  85.6 243.3  -3.1 -24.6
1973 124.285   2330200 1   16  126   19  143 0.895 286.1 316.1  11.8  61.4
1973 124.285   2330500 7    5   45    9   69 0.942 255.9 325.9 -15.1  71.2
1973 124.285   2330600 4   26  121   14   65 0.362  42.2 240.4  10.2 -14.3
1973 124.285   2330800 2    1   21    1   11 0.231 245.0 267.0 -11.0  12.3
1973 124.285   2330900 7    4   31    3   23 0.728  98.0 207.7  -9.6 -47.0
1973 125.333   2330200 1    6   51   13  108 0.970 283.8 315.3  11.9  74.4
1973 125.333   2330600 7    7   63    4   33 0.271 352.4 243.0  10.0   2.1
1973 125.333   2330800 2    3   21    2   12 0.444 256.5 267.0 -11.0  26.1
1973 125.333   2330900 7    1    8    1    5 0.520 100.4 209.6 -10.2 -31.3
1973 126.442   2330600 7   14  108    8   58 0.352 315.8 240.7   9.1  14.4
1973 126.442   2330900 7    0   11    0    6 0.324 106.6 207.9 -10.7 -18.4
1973 127.349   2330600 7   10   73    6   43 0.515 298.5 241.7   9.1  27.3
1973 128.472   2330600 7    2    8    2    6 0.722 289.3 243.2   9.6  43.7
1973 128.472   2331000 7    2   23    2   19 0.775  71.2 151.2  10.6 -48.3
1973 129.279   2330900 7    3   24    2   13 0.349 256.9 209.2 -10.1  20.2
1973 129.279   2331100 7    1   28    1   18 0.592  72.1 154.5   5.6 -34.5
1973 130.285   2331100 7    1   21    1   12 0.408  61.9 154.5   5.5 -21.2
1973 130.285  15970500 0    2   12    2    9 0.735  81.1 129.1   2.4 -46.6
1973 131.297   2331100 7    3   32    2   17 0.244  33.1 154.7   5.8  -7.7
1973 2 1.377   2331000 7    1   17    1    9 0.284 348.1 151.5  10.0   3.4
1973 2 2.506   2331200 7   30  152   31  155 0.869  96.0  72.4  -8.3 -60.8
1973 2 2.506  15970600 0    0    6    0    5 0.745  83.6  85.4   0.6 -47.8
1973 2 3.297   2331200 7   21  167   16  127 0.747  95.4  74.1  -8.2 -48.7
1973 2 3.297  15970700 0    0    3    0    4 0.877 254.5 184.6 -16.6  61.8
1973 2 3.297  15970800 0    0   10    0    6 0.402  14.4 116.8  16.7  -6.0
1973 2 4.321   2331200 7   19  230   12  143 0.589  95.9  73.1  -8.6 -36.3
1973 2 5.379   2331200 7   27  139   15   75 0.371  98.0  73.6  -8.9 -21.8
1973 2 5.379   2331300 1    8   60   25  188 0.986  82.3  16.0   6.5 -79.4
1973 2 5.379   2331400 0   15   68   54  231 0.988  77.5  15.9  11.3 -79.5
1973 2 5.379  15970900 0    5   41    4   29 0.693 271.7 139.3  -3.4  43.9
1973 2 6.830   2331200 7    3   37    2   19 0.220 101.0  73.6  -8.7 -12.6
1973 2 6.830   2331300 1    9   74   16  122 0.950  79.9  15.5   7.5 -70.7
1973 2 6.830   2331400 0   23  102   39  171 0.953  75.6  15.8  11.6 -70.4
1973 2 7.603   2331200 7    1   13    1    7 0.133 250.5  73.5  -9.0   7.3
1973 2 7.603   2331300 1   27  200   23  167 0.797  76.4  14.9   6.8 -51.3
1973 2 7.603   2331400 0   47  259   40  216 0.798  70.9  16.0  11.0 -50.2
1973 2 8.297   2331300 1   31  209   22  147 0.701  72.7  14.6   7.2 -42.4
1973 2 8.297   2331400 0   61  320   43  225 0.700  66.8  16.0  11.1 -41.0
1973 2 8.297   2331500 4    1    8    1    5 0.569  52.2  29.3  14.6 -27.7
1973 2 8.297   2331600 7    0    6    0    6 0.827  66.7   5.1  15.1 -51.9
1973 2 8.297   2331700 0    2    4    3    6 0.935 100.0 346.9 -11.6 -70.1
1973 2 8.297  15971000 0    0    1    0    1 0.670  53.7  22.4  18.0 -34.6
1973 2 8.297  15971100 0    0    6    0    9 0.937  95.6 346.9  -7.5 -70.1
1973 2 9.476   2331300 1   32  344   19  201 0.514  64.2  13.7   7.1 -27.8
1973 2 9.476   2331400 0   58  369   34  215 0.508  55.4  16.3  10.8 -25.2
1973 2 9.476   2331500 4   16  106    9   58 0.397  33.9  28.4  12.8 -13.1
1973 2 9.476   2331700 0    0    4    0    4 0.836  99.8 344.2 -11.8 -57.3
1973 2 9.476   2331800 0    2   10    3   14 0.922  92.0 334.0  -4.4 -67.5
1973 210.312   2331300 1   42  337   23  182 0.374  50.4  13.6   7.4 -16.9
1973 210.312   2331400 0   48  358   26  194 0.383  38.4  16.5  11.0 -14.0
1973 210.312   2331500 4   15   97    8   52 0.341   4.0  29.1  13.2  -1.4
1973 210.312   2331600 7    0   13    0    8 0.540  50.4   5.1  14.1 -25.4
1973 210.312   2331800 0    4   16    4   15 0.831  90.5 334.1  -4.1 -56.4
1973 210.312   2331900 1   12   87   33  232 0.981 105.5 310.1 -16.4 -80.4
1973 211.292   2331300 1   32  248   17  128 0.246  17.2  13.4   6.9  -4.2
1973 211.292   2331400 0   30  311   16  164 0.310   3.8  16.4  11.3  -1.2
1973 211.292   2331500 4    9   75    5   41 0.398 326.3  30.7  12.8  13.1
1973 211.292   2331600 7    1   21    1   12 0.407  31.7   4.9  13.7 -12.7
1973 211.292   2331800 0    4   21    3   15 0.690  89.3 333.8  -4.4 -43.8
1973 211.292   2331900 1   23  168   31  225 0.925 105.3 308.9 -16.7 -68.7
1973 211.292   2332000 7    0   16    0    9 0.365  37.0   4.7  10.4 -12.9
1973 212.294   2331300 1   34  203   18  106 0.281 324.3  13.9   6.5   9.5
1973 212.294   2331400 1   42  284   23  153 0.369 325.9  16.6  11.2  12.2
1973 212.294   2331500 4    5   43    3   26 0.536 305.9  30.8  12.3  26.4
1973 212.294   2331600 7    1   20    1   11 0.355 356.4   5.7  14.0   1.3
1973 212.294   2331800 0    6   22    4   13 0.499  86.7 334.4  -4.2 -30.0
1973 212.294   2331900 1   25  229   22  198 0.812 105.6 309.7 -16.6 -54.7
1973 212.294   2332000 7    1   15    1    8 0.291 349.8   7.4   9.9   3.0
1973 212.294   2332100 7    9   50    5   26 0.243 223.1  14.4 -16.9  10.0
1973 212.294   2332200 7    4   22    9   47 0.969  97.7 287.9  -9.1 -76.5
1973 213.292   2331300 1   28  118   16   66 0.439 300.0  13.7   6.4  22.5
1973 213.292   2331400 1   42  222   25  130 0.517 305.2  16.7  11.2  25.5
1973 213.292   2331500 4    5   40    4   28 0.684 296.5  30.0  12.5  38.8
1973 213.292   2331800 0    3   24    2   13 0.289  82.6 334.5  -4.4 -16.7
1973 213.292   2331900 3   35  329   24  225 0.679 107.6 308.6 -16.9 -42.6
1973 213.292   2332000 7    0   12    0    7 0.438 309.3  11.3   9.7  20.1
1973 213.292   2332100 7    1   12    1    7 0.444 245.2  16.1 -16.9  24.9
1973 213.292   2332200 7   16  154   19  176 0.895  96.7 287.0  -9.0 -64.2
1973 214.298   2331300 1   12   73    8   47 0.621 289.6  14.1   6.5  36.1
1973 214.298   2331400 1   24  189   17  129 0.678 294.9  16.8  11.3  38.8
1973 214.298   2331500 4    2   33    2   30 0.825 289.9  30.5  12.2  52.5
1973 214.298   2331800 0    3   15    2    8 0.071  53.4 334.7  -4.4  -3.3
1973 214.298   2331900 3   71  444   42  260 0.518 110.9 307.7 -16.6 -30.3
1973 214.298   2332000 7    1   13    1    8 0.565 299.4   8.0  10.2  30.0
1973 214.298   2332100 7    0    4    0    3 0.628 251.0  16.4 -17.2  38.4
1973 214.298   2332200 7   25  169   20  135 0.775  96.0 286.7  -9.0 -51.3
1973 214.298   2332300 3   25  116   23  106 0.833 293.6  30.3  15.4  52.3
1973 214.298  15980100 0    0    3    0    2 0.089 155.1 335.8 -11.5  -2.2
1973 215.320   2331300 1    6   29    5   24 0.783 283.7  14.5   6.3  49.9
1973 215.320   2331400 1   16  110   15   98 0.823 289.0  17.1  11.4  52.5
1973 215.320   2331500 4    0   10    0   14 0.923 286.8  29.5  12.6  64.9
1973 215.320   2331800 0    1   15    1    8 0.178 283.0 334.6  -4.5  10.0
1973 215.320   2331900 3   71  548   38  292 0.342 120.6 306.7 -16.6 -17.9
1973 215.320   2332200 7   19  117   12   74 0.607  96.0 286.9  -9.1 -37.7
1973 215.320   2332300 3   16  123   24  179 0.937 289.4  31.1  15.5  66.5
1973 216.456   2331300 1    3   12    5   16 0.917 280.3  14.8   6.6  65.2
1973 216.456   2331400 1    8   43   13   63 0.938 285.2  17.1  11.7  67.5
1973 216.456   2331900 3   82  604   42  307 0.173 163.7 306.7 -16.5  -2.9
1973 216.456   2332200 7   27  163   15   89 0.390  97.0 286.5  -9.1 -23.1
1973 216.456   2332300 3    2    8    7   27 0.987 288.0  27.7  16.4  78.1
1973 216.456  15980200 0    1   10    1    7 0.651 296.7 346.0  11.5  36.4
1973 217.317   2331300 1    2   14    5   35 0.978 278.2  15.1   6.5  76.9
1973 217.317   2331400 1    2   14    6   43 0.985 283.1  16.5  11.6  78.3
1973 217.317   2331900 3   83  511   43  262 0.220 221.3 306.9 -16.4   8.7
1973 217.317   2332200 7    9   88    5   45 0.204 104.2 286.6  -9.7 -11.6
1973 217.317   2332400 2    2    4    4    8 0.965  68.9 226.8  18.2 -71.4
1973 217.317  15980300 0    0    2    0    6 0.985 286.4  16.0  14.8  77.8
1973 217.317  15980400 0    3   17    2    9 0.306 345.7 302.6  10.3   4.4
1973 218.421   2331900 3   65  441   36  243 0.417 245.5 307.0 -16.4  23.3
1973 218.421   2332200 7    0    5    0    3 0.086 217.9 286.8 -10.9   3.1
1973 218.421   2332400 2    2   11    3   14 0.917  67.3 221.1  17.6 -62.6
1973 219.370   2331900 3   54  390   34  243 0.593 251.3 307.1 -16.7  35.9
1973 219.370   2332500 7    0    7    0    4 0.247 135.7 260.8 -17.1 -10.4
1973 220.315   2331900 3   25  236   19  175 0.737 253.8 306.3 -16.7  47.6
1973 220.315   2332500 7   15   80    8   41 0.168 195.0 261.3 -16.4   2.6
1973 220.315  15980500 0    2   12    4   23 0.962 280.7 331.5   8.3  72.8
1973 221.335   2331900 3   31  204   33  212 0.875 254.8 307.1 -16.7  61.8
1973 221.335   2332400 2    1   13    1    8 0.571  41.8 221.6  18.7 -23.7
1973 221.335   2332500 7   13   98    7   52 0.306 238.2 261.0 -16.1  15.7
1973 221.335   2332600 2    1   20    2   23 0.887 107.9 182.0 -19.1 -63.3
1973 222.382   2331900 3   21   78   40  145 0.962 254.5 307.1 -16.8  75.6
1973 222.382   2332500 7    1   26    1   15 0.491 248.2 259.9 -16.8  28.4
1973 222.382   2332600 2    3   18    3   14 0.762 109.1 181.8 -19.1 -49.7
1973 222.382   2332700 7    1    6    2    7 0.876  99.6 169.6 -11.8 -61.9
1973 222.382  15980600 0    0    3    0    2 0.364 298.9 250.1   3.4  18.6
1973 223.397   2332500 7    5   22    4   15 0.663 251.9 259.4 -17.3  41.3
1973 223.397   2332600 0    4   12    3    8 0.621 111.9 180.5 -19.1 -37.6
1973 223.397   2332700 7    8   28    6   20 0.699 101.9 173.4 -13.4 -44.7
1973 223.397   2332800 4   21  121   47  269 0.972  81.0 142.7   7.0 -75.4
1973 224.440   2332500 7    2   24    2   21 0.812 253.3 259.1 -17.7  54.7
1973 224.440   2332700 7    6   37    4   22 0.513 105.8 173.8 -14.2 -30.6
1973 224.440   2332800 4   69  424   84  515 0.908  79.6 140.4   6.3 -64.0
1973 224.440   2332900 0    2   17    3   25 0.938 261.5 275.0 -10.4  70.6
1973 225.310   2332500 7    2   14    3   18 0.913 254.0 259.9 -17.5  66.9
1973 225.310   2332700 7    1    5    1    3 0.334 111.1 174.3 -13.7 -18.7
1973 225.310   2332800 4  132  677  113  576 0.807  76.4 140.9   6.6 -52.1
1973 225.310   2332900 0    2   10    8   38 0.990 260.6 276.0 -10.3  83.0
1973 225.310   2333000 7    1   17    1    9 0.228   1.7 192.6   6.0  -0.4
1973 226.292   2332700 7    0    3    0    2 0.125 148.2 176.1 -13.3  -3.9
1973 226.292   2332800 4  150  835  100  557 0.658  71.0 141.2   6.8 -38.8
1973 226.292   2333000 7   11   68    6   36 0.321 315.4 193.1   6.2  13.1
1973 227.380   2332800 4  159  877   90  495 0.459  60.0 142.1   6.7 -23.6
1973 227.380   2333000 7    8   47    5   28 0.532 293.3 195.1   5.9  29.4
1973 228.297   2332700 7    1   12    1    7 0.399 252.1 176.6 -13.7  23.0
1973 228.297   2332800 4  170 1002   90  528 0.313  38.0 142.4   7.2 -11.2
1973 228.297   2333000 7    8   44    6   31 0.690 286.1 195.4   5.7  41.8
1973 3 1.319   2332700 7   24  163   15  101 0.587 256.3 176.2 -13.9  36.0
1973 3 1.319   2332800 4  193  979  100  506 0.250 348.8 143.0   7.0   2.8
1973 3 1.319   2333000 7    4   12    4   11 0.832 281.6 195.2   5.5  55.0
1973 3 2.367   2332700 7   15  115   12   91 0.768 258.4 177.1 -13.5  50.7
1973 3 2.367   2332800 4  147  876   80  474 0.378 309.9 143.4   7.1  17.0
1973 3 2.367   2333000 7    0    2    0    3 0.926 279.3 193.1   5.8  66.7
1973 3 2.367   2333100 0    2    6    3    8 0.922  67.3  63.2  17.7 -63.2
1973 3 3.489   2332700 7    4   23    5   29 0.910 258.4 178.1 -13.5  66.5
1973 3 3.489   2332800 4  149  725   91  441 0.566 294.1 143.0   7.2  31.4
1973 3 3.489   2333100 0    0    4    0    4 0.812  62.3  62.7  17.5 -48.9
1973 3 4.349   2332700 7    2    6    5   14 0.972 257.6 178.0 -13.7  77.7
1973 3 4.349   2332800 4   92  604   66  430 0.708 287.8 143.1   7.2  42.8
1973 3 4.349   2333200 1    8   64   23  177 0.983 106.5  19.3 -17.5 -81.0
1973 3 5.301   2332800 4   80  412   75  386 0.843 283.2 143.5   7.1  55.8
1973 3 5.301   2333200 1   19  101   25  133 0.922 106.0  19.3 -17.5 -68.4
1973 3 6.313   2332800 4   45  260   66  382 0.938 280.4 142.8   7.1  68.4
1973 3 6.313   2333200 1   51  330   44  284 0.810 105.4  19.8 -16.7 -54.6
1973 3 6.313   2333300 1    0    6    0    6 0.839  67.7  21.2  14.3 -53.2
1973 3 7.520   2332800 4    6   60   29  256 0.992 277.5 140.4   6.5  81.9
1973 3 7.520   2333200 1   44  373   29  243 0.636 108.2  19.3 -17.1 -39.2
1973 3 7.520   2333300 1   15   52   10   35 0.655  59.8  22.9  13.4 -35.6
1973 3 8.372   2333200 1   71  398   41  229 0.493 113.2  18.9 -17.6 -28.4
1973 3 8.372   2333300 1   20  103   12   60 0.512  49.5  23.8  12.8 -23.5
1973 3 8.372   2333400 7   17  100   21  118 0.903  94.4 342.2  -7.1 -65.1
1973 3 8.372   2333500 0    8   43   30  148 0.989 100.3 324.7 -11.2 -82.6
1973 3 9.411   2333200 1   73  282   39  149 0.320 127.0  18.0 -18.1 -15.6
1973 3 9.411   2333300 1   24  127   13   68 0.352  21.2  26.1  12.0  -7.5
1973 3 9.411   2333400 7   97  549   80  450 0.790  93.6 341.0  -7.3 -52.6
1973 3 9.411   2333500 0   17  115   23  154 0.926  99.1 324.9 -11.1 -68.7
1973 3 9.411  15980700 0    0    1    0    1 0.347 340.5  40.4  11.9   6.8
1973 310.434   2333200 1   52  264   27  135 0.192 170.0  18.1 -18.1  -2.0
1973 310.434   2333300 1   22  140   12   75 0.347 342.0  26.4  12.1   6.3
1973 310.434   2333400 3  148  897   96  582 0.634  92.9 340.4  -7.4 -39.7
1973 310.434   2333500 1   37  217   32  186 0.810  98.9 325.4 -11.4 -54.7
1973 311.340   2333200 1   34  183   18   95 0.248 218.6  17.6 -18.3   9.4
1973 311.340   2333300 4   59  309   33  173 0.443 318.8  25.6  12.6  17.4
1973 311.340   2333400 3  155 1090   88  618 0.469  91.6 340.0  -7.1 -28.2
1973 311.340   2333500 1   63  352   42  233 0.650 100.2 327.3 -12.1 -40.9
1973 312.374   2333200 1   28  155   16   86 0.424 241.0  17.5 -18.5  23.0
1973 312.374   2333300 4   87  397   55  249 0.601 301.5  26.1  12.2  31.6
1973 312.374   2333400 3  162 1011   84  523 0.252  90.9 339.8  -7.2 -14.7
1973 312.374   2333500 1   98  506   55  283 0.444 103.7 328.3 -12.5 -26.2
1973 312.374   2333600 7    3   30    3   23 0.752  73.8 307.8   7.2 -46.7
1973 313.219   2333200 1   18   75   11   46 0.567 247.4  16.9 -18.6  33.5
1973 313.219   2333300 4   49  344   37  260 0.746 292.3  28.2  11.4  44.8
1973 313.219   2333400 3  127  846   64  424 0.063  85.8 339.8  -6.9  -3.6
1973 313.219   2333500 1  133  684   69  354 0.255 111.8 329.4 -12.4 -14.0
1973 313.219   2333700 7    1   16    1    9 0.429 102.7 318.1 -11.9 -25.3
1973 314.462   2333200 1   11   58    9   46 0.767 251.8  17.2 -18.5  50.2
1973 314.462   2333300 4   23  174   31  227 0.921 285.3  31.9  11.1  64.9
1973 314.462   2333400 3   97  659   50  338 0.218 269.5 339.7  -7.1  12.7
1973 314.462   2333500 4  138  843   70  425 0.126 213.4 331.1 -13.2   4.1
1973 314.462   2333700 7    1    7    1    4 0.187 123.6 317.8 -13.0  -9.2
1973 315.376   2333200 1    4   20    5   21 0.877 252.9  17.1 -18.4  62.1
1973 315.376   2333300 4   30  232   72  545 0.976 283.3  30.6  11.3  75.6
1973 315.376   2333400 3   96  555   53  306 0.419 268.3 340.0  -7.2  25.0
1973 315.376   2333500 4  103  624   54  327 0.296 248.4 331.4 -13.1  16.4
1973 315.376   2333600 7    5   17    3    9 0.214  21.4 310.5   4.4  -4.5
1973 315.376   2333700 7    3   35    2   18 0.108 206.1 317.8 -12.7   2.8
1973 316.379   2333200 1    6    8   11   15 0.956 253.0  16.0 -18.3  74.3
1973 316.379   2333400 3   66  526   42  332 0.609 267.9 339.5  -6.9  37.8
1973 316.379   2333500 4   78  480   46  280 0.512 255.7 332.4 -13.4  30.7
1973 316.379   2333600 7    9   48    5   25 0.268 325.4 310.5   5.7   8.8
1973 316.379   2333700 7    1   24    1   13 0.305 249.3 318.7 -13.0  17.0
1973 317.399   2333400 3   64  365   50  285 0.766 266.8 338.7  -7.0  50.4
1973 317.399   2333500 4   57  389   41  277 0.709 257.7 333.8 -13.7  45.5
1973 317.399   2333700 7    0   13    0    8 0.509 256.2 318.8 -13.1  30.5
1973 317.399   2333800 2    4   17    6   24 0.930  70.1 223.1  15.6 -65.2
1973 317.399  15990100 0    0   11    0    6 0.326 237.1 304.9 -17.0  16.6
1973 318.369   2333400 3   26  207   29  230 0.890 265.8 338.9  -6.9  63.4
1973 318.369   2333500 4   21  208   21  204 0.859 257.9 335.4 -14.0  59.9
1973 318.369   2333800 2    6   16    6   15 0.821  65.8 224.6  15.3 -50.9
1973 319.532   2333400 3    5   60   14  160 0.981 264.0 339.7  -7.2  79.5
1973 319.532   2333500 4   13  109   27  222 0.968 257.3 337.0 -14.0  76.8
1973 319.532   2333800 4   48  313   33  213 0.675  58.6 223.6  15.0 -36.6
1973 320.424   2333800 4   62  389   37  230 0.530  46.7 224.9  14.9 -23.5
1973 321.333   2333800 4   65  482   36  267 0.427  29.6 223.9  15.0 -12.6
1973 322.324   2333800 4   70  397   38  214 0.366 356.6 224.6  14.5   1.3
1973 322.324   2333900 1   25  134   67  347 0.980  81.6 145.9   6.8 -77.4
1973 323.331   2333800 4   71  372   40  207 0.436 325.4 224.9  14.4  14.8
1973 323.331   2333900 1   59  348   72  423 0.909  79.6 146.0   6.5 -64.1
1973 323.331  15990200 0    0    9    0    5 0.420  40.9 193.8  11.9 -16.3
1973 324.388   2333800 4   48  279   30  173 0.588 307.1 225.2  14.8  29.0
1973 324.388   2333900 1   86  471   70  383 0.787  75.9 146.0   6.7 -50.2
1973 325.385   2333800 4   24  252   18  187 0.734 297.4 225.4  14.8  42.4
1973 325.385   2333900 1   81  499   53  323 0.632  70.6 146.1   6.7 -36.9
1973 326.325   2333800 4   22  111   22  109 0.859 292.0 226.1  15.0  55.5
1973 326.325   2333900 1  104  586   59  332 0.467  61.1 146.3   6.9 -24.3
1973 327.366   2333800 0   13   46   22   76 0.951 287.9 226.2  14.7  69.3
1973 327.366   2333900 1   93  502   49  263 0.298  37.8 146.3   7.0 -10.6
1973 327.366   2334000 4   20  179   54  463 0.980  93.6  77.9  -4.8 -79.0
1973 328.428   2333900 1  118  591   61  305 0.244 345.6 146.4   7.0   3.5
1973 328.428   2334000 4   68  488   79  563 0.899  92.1  78.5  -4.8 -64.4
1973 328.428   2334100 7    5   30    3   18 0.524 100.2 111.2 -11.0 -31.7
1973 329.326   2333900 1   97  661   52  353 0.346 312.0 146.0   7.0  15.0
1973 329.326   2334000 0   95  716   78  584 0.787  91.2  78.8  -5.0 -52.2
1973 329.326   2334100 0    1   18    1   10 0.349 105.5 110.9 -11.6 -20.1
1973 330.300   2333900 1   82  587   48  343 0.513 295.6 146.0   7.0  27.8
1973 330.300   2334000 4  111  980   72  634 0.631  89.9  78.9  -5.0 -39.3
1973 330.300   2334200 7    6   37   18  113 0.985  76.8  39.8  11.8 -78.4
1973 331.339   2333900 1   58  401   41  280 0.695 287.7 146.3   7.4  41.9
1973 331.339   2334000 4   96 1150   53  635 0.420  87.8  79.5  -5.0 -24.9
1973 331.339   2334200 7   25  150   34  199 0.924  74.0  39.1  12.1 -65.3
1973 331.339   2334300 7   12   36    8   23 0.597 294.7 137.7   9.0  33.3
1973 4 1.327   2333900 1   43  315   39  285 0.832 283.4 146.1   7.4  54.7
1973 4 1.327   2334000 4  147 1129   75  576 0.193  83.6  80.3  -5.1 -11.1
1973 4 1.327   2334200 7   51  364   45  316 0.814  70.0  39.9  12.2 -51.5
1973 4 1.327   2334300 7   13  105   10   80 0.752 287.6 137.9   8.7  46.5
1973 4 2.394   2333900 1   26  197   39  292 0.940 280.3 146.1   7.4  68.8
1973 4 2.394   2334000 4  193 1311   97  657 0.057 289.5  80.4  -5.3   3.1
1973 4 2.394   2334200 7   70  520   47  347 0.658  63.5  40.3  12.0 -37.0
1973 4 2.394   2334300 7   15   68   18   78 0.897 283.2 139.4   8.9  62.1
1973 4 2.394   2334400 1    4   37   18  159 0.992 102.5 353.3 -13.1 -84.0
1973 4 3.334   2333900 1   11   86   39  306 0.990 278.4 145.8   7.4  80.9
1973 4 3.334   2334000 4  195 1711  101  885 0.256 272.1  79.8  -5.6  14.9
1973 4 3.334   2334200 7   49  518   29  301 0.504  53.4  40.5  11.7 -24.4
1973 4 3.334   2334300 7    0    6    0   14 0.972 280.6 140.0   8.7  75.1
1973 4 3.334   2334400 1   13  115   21  181 0.947 101.6 352.8 -13.0 -72.1
1973 4 3.334   2334500 2    1   15    1   10 0.650 256.2 105.4 -13.8  40.5
1973 4 3.334   2334600 7   11   39    7   25 0.607 105.1  27.7 -14.2 -37.2
1973 4 3.334   2334700 0    2   11    8   39 0.990 104.1 341.8 -14.8 -83.1
1973 4 4.369   2334000 4  253 1509  145  862 0.481 270.4  80.2  -5.3  28.9
1973 4 4.369   2334200 1   26  319   14  171 0.356  31.0  40.5  11.6 -10.8
1973 4 4.369   2334400 7   21  163   21  156 0.849 101.3 352.6 -12.9 -58.7
1973 4 4.369   2334500 2    2    6    2    5 0.790 257.5 103.9 -13.7  52.6
1973 4 4.369   2334600 7    3   21    2   12 0.433 107.3  26.2 -13.1 -25.1
1973 4 4.369   2334700 0    4   30    6   43 0.936 103.2 341.0 -14.5 -70.3
1973 4 4.369  15990300 0    0   11    0    6 0.320 210.9  61.5 -22.1  10.2
1973 4 4.369  15990400 0    1    9    1    5 0.396  17.7  44.1  15.9  -7.2
1973 4 4.369  15990500 0    0    8    0    5 0.466 144.9  33.6 -28.4 -17.7
1973 4 5.583   2334000 4  157 1167  114  845 0.721 268.5  81.7  -5.4  46.4
1973 4 5.583   2334200 1   47  393   25  208 0.319 343.5  40.6  11.6   5.3
1973 4 5.583   2334400 7   35  192   24  131 0.677 102.6 352.6 -13.1 -42.7
1973 4 5.583   2334700 0    9   35    8   30 0.806 103.3 341.2 -14.4 -54.1
1973 4 5.583   2334800 4    0    9    0    6 0.620  95.7 356.7  -8.4 -38.6
1973 4 5.583   2334900 0    0    9    0    8 0.807  65.7 345.6  15.4 -49.7
1973 4 6.331   2334000 4   96  784   88  715 0.834 267.2  82.2  -5.7  56.8
1973 4 6.331   2334200 1   47  340   26  185 0.390 319.8  40.3  11.4  14.9
1973 4 6.331   2334400 7   38  185   23  111 0.545 104.8 352.6 -13.2 -32.8
1973 4 6.331   2334700 0   11   44    8   31 0.696 104.4 341.3 -14.4 -44.1
1973 4 6.331   2334800 4    8   37    5   21 0.457  96.9 358.1  -8.6 -27.3
1973 4 6.331   2334900 0    2    4    2    3 0.700  61.2 346.0  15.0 -39.4
1973 4 7.406   2334000 4   39  327   61  510 0.945 265.9  82.6  -5.8  71.4
1973 4 7.406   2334200 1   23  281   14  170 0.560 300.8  40.6  11.4  29.4
1973 4 7.406   2334400 7   18  118   10   63 0.343 112.5 352.2 -13.3 -19.0
1973 4 7.406   2334700 0    8   15    5    9 0.504 108.3 341.6 -14.4 -29.6
1973 4 7.406   2334800 4    5   81    3   42 0.240 100.8 357.4  -8.5 -13.8
1973 4 7.406   2335000 7    9   56    7   42 0.739  96.9 323.2  -9.2 -48.0
1973 4 8.373   2334000 4    6   45   31  229 0.994 264.5  82.9  -6.1  84.4
1973 4 8.373   2334200 1   18  160   13  115 0.711 292.9  40.5  11.6  42.0
1973 4 8.373   2334400 7    5   55    3   28 0.165 138.8 352.1 -13.1  -6.4
1973 4 8.373   2334700 1    7   20    4   11 0.322 117.8 341.4 -14.4 -17.1
1973 4 8.373   2334800 4   13  109    7   55 0.036 215.2 359.7  -7.7   1.2
1973 4 8.373   2335000 7  147  817   90  499 0.571  97.3 323.5  -9.1 -35.0
1973 4 8.373   2335100 2    0    9    0    5 0.400 103.5 335.2 -10.9 -23.3
1973 4 9.416   2334200 1    9   53    9   52 0.854 287.7  40.9  11.8  56.2
1973 4 9.416   2334400 7    3   49    2   25 0.157 228.4 351.6 -11.9   6.9
1973 4 9.416   2334700 1    5   33    3   17 0.166 159.8 341.3 -14.9  -3.4
1973 4 9.416   2334800 4   32  131   17   68 0.253 259.9 359.3  -8.3  14.6
1973 4 9.416   2335000 7  201 1219  108  653 0.355  97.7 323.9  -8.3 -20.8
1973 4 9.416   2335100 0    1    9    1    5 0.156 132.0 337.9 -11.9  -6.8
1973 410.332   2334200 1    4   26    7   41 0.944 284.7  41.4  11.8  68.8
1973 410.332   2334400 7    3   60    2   32 0.323 248.5 350.5 -12.4  17.9
1973 410.332   2334700 1    3   35    2   18 0.220 220.9 341.2 -15.4   8.6
1973 410.332   2334800 4   25  202   14  113 0.445 262.3 359.1  -8.7  26.5
1973 410.332   2335000 7  140 1083   71  549 0.162 105.0 323.5  -8.2  -9.1
1973 411.631   2334400 7    0   11    0    7 0.614 257.1 353.2 -12.5  37.8
1973 411.631   2334700 1    0   14    0    8 0.459 247.1 341.4 -15.5  26.0
1973 411.631   2334800 4   22  156   16  109 0.695 263.9 359.7  -8.4  44.3
1973 411.631   2335000 7   74  732   38  371 0.162 254.6 324.5  -8.2   9.1
1973 411.631  16000100 0    0   17    0   18 0.872 115.1 255.0 -24.7 -60.4
1973 412.360   2334400 7    0    4    0    3 0.724 256.9 352.3 -13.4  46.5
1973 412.360   2334800 4    8   39    7   33 0.796 263.0 358.9  -9.0  53.1
1973 412.360   2335000 7   69  603   37  320 0.333 262.8 325.3  -7.8  19.5
1973 412.360   2335200 0    0    2    0    2 0.751 109.4 257.5 -18.3 -48.3
1973 413.517   2334800 4    2   13    3   19 0.936 262.6   0.4  -8.9  69.9
1973 413.517   2335000 7   65  558   40  339 0.567 263.7 325.2  -8.2  34.7
1973 413.517   2335200 0    0    6    0    4 0.560 113.0 257.8 -17.4 -32.7
1973 414.317   2335000 7   68  526   48  371 0.703 264.1 324.9  -8.1  44.9
1973 415.417   2335000 7   34  230   34  224 0.857 263.4 324.8  -8.5  59.4
1973 415.417   2335300 0    3   12    2    7 0.413  78.5 241.5  -0.3 -23.9
1973 416.505   2335000 7   17  198   31  354 0.959 263.1 325.1  -8.1  74.0
1973 416.505   2335300 0    3    9    2    5 0.187  57.7 242.0   0.4  -9.1
1973 416.505  16000200 0    0    9    0    6 0.645  55.6 217.3  16.9 -33.8
1973 417.365   2335000 7    8   53   33  201 0.991 262.7 322.7  -7.9  82.9
1973 417.365   2335300 0    0    5    0    3 0.114 337.4 242.3   0.7   2.5
1973 418.461   2335400 4    0    4    0    3 0.717 109.0 180.1 -17.2 -45.2
1973 418.461   2335500 4   13   81   33  201 0.978  78.5 148.5  10.1 -76.8
1973 419.326   2335400 4   18  163   11   97 0.534 110.1 182.6 -15.0 -31.3
1973 419.326   2335500 4   31  241   38  293 0.910  75.6 150.1  10.8 -63.8
1973 420.364   2335400 4   31  269   17  144 0.350 122.3 182.2 -15.6 -17.9
1973 420.364   2335500 4   62  470   52  392 0.797  72.1 149.5  11.0 -50.6
1973 421.250   2335400 4   29  178   15   91 0.203 156.6 183.6 -15.7  -4.8
1973 421.250   2335500 4   73  561   49  376 0.662  66.2 150.2  11.6 -38.2
1973 422.707   2335400 4   34  204   18  107 0.298 230.9 183.1 -15.6  13.9
1973 422.707   2335500 4  152  878   85  491 0.444  52.8 148.1  11.0 -21.1
1973 422.707   2335600 1   22  151   70  470 0.987  96.1  88.1  -6.8 -81.1
1973 423.329   2335400 4   18   83   10   46 0.427 242.7 184.2 -15.7  23.2
1973 423.329   2335500 4   89  783   48  418 0.347  38.0 148.4  11.2 -12.6
1973 423.329   2335600 1   30  255   46  391 0.944  94.4  89.9  -5.7 -71.1
1973 423.329   2335700 2    2    4    4    8 0.964 100.4  85.7 -11.3 -75.3
1973 423.329   2335800 7    2    6    5   14 0.972  90.1  84.6  -1.2 -76.4
1973 424.321   2335400 4    9   72    6   47 0.640 251.3 186.9 -15.5  39.0
1973 424.321   2335500 4   71  577   37  301 0.277 359.3 148.1  11.4   0.2
1973 424.321   2335600 1   40  391   38  368 0.846  94.0  89.9  -5.9 -58.0
1973 424.321   2335700 2    1   11    2   12 0.872 100.6  86.9 -11.5 -61.0
1973 424.321   2335800 7    1   13    2   15 0.890  90.1  84.9  -2.2 -63.0
1973 425.323   2335400 4    2   13    2   12 0.834 255.0 191.1 -15.0  56.5
1973 425.323   2335500 4   52  449   28  241 0.360 319.9 148.3  11.5  13.7
1973 425.323   2335600 1   90  521   63  364 0.695  93.4  90.4  -5.7 -44.2
1973 425.323   2335700 2    2    6    2    5 0.764 101.0  84.7 -11.4 -49.9
1973 425.323   2335800 7    0   17    0   14 0.764  89.5  84.7  -2.6 -49.9
1973 426.332   2335500 4   35  374   21  219 0.516 300.3 148.3  11.1  27.0
1973 426.332   2335600 1   84  621   49  360 0.503  94.8  91.0  -6.3 -30.3
1973 426.332   2335800 7    4   12    3    8 0.582  83.5  86.0   0.1 -35.3
1973 427.318   2335500 4   55  523   37  346 0.652 292.6 146.1  11.0  37.8
1973 427.318   2335600 1   51  635   27  332 0.291  97.1  91.4  -6.3 -16.9
1973 427.318   2335800 7    3   31    2   17 0.367  84.2  86.9  -2.0 -21.4
1973 428.319   2335500 7   57  828   48  697 0.802 287.3 146.3  11.1  51.3
1973 428.319   2335600 1   29  492   15  247 0.073 123.4  91.5  -6.6  -3.5
1973 428.319   2335800 7    7   96    4   49 0.145  71.2  87.1  -1.6  -7.9
1973 429.108   2335500 7  100  734  113  827 0.894 283.8 146.6  10.4  62.0
1973 429.108   2335600 1   13  150    7   76 0.132 248.2  91.7  -7.0   7.1
1973 429.108   2335700 2    3   25    2   13 0.164 193.2  86.8 -13.4   2.2
1973 429.108   2335800 7    3   25    2   13 0.068 302.7  87.9  -2.1   3.3
1973 430.352   2335500 7   55  327  155  919 0.983 281.9 146.5  10.9  78.3
1973 430.352   2335600 1   11   66    6   36 0.391 263.8  91.2  -6.2  23.0
1973 430.352   2335700 2    1    9    1    5 0.338 241.2  85.9 -13.3  17.7
1973 430.352  16000300 0    0    3    0    2 0.214 271.0  80.6  -3.8  12.4
1973 5 1.372   2335600 1    9   26    6   17 0.611 266.9  92.5  -5.1  37.8
1973 5 1.372   2335900 4   19  177   43  391 0.973 102.6 337.4 -13.2 -77.3
1973 5 2.318   2335600 0    6   17    5   14 0.773 266.7  93.0  -5.0  50.8
1973 5 2.318   2335900 4   73  593   90  727 0.911 102.8 336.3 -13.3 -65.9
1973 5 2.318   2336000 7    9   88    7   68 0.760 259.8  91.7 -10.3  49.5
1973 5 3.488   2335600 0    4   13    6   17 0.913 266.2  92.9  -5.0  66.2
1973 5 3.488   2335900 4  119  774   93  605 0.765 104.1 337.0 -13.2 -49.7
1973 5 3.488   2336000 7   11   71   14   86 0.907 260.1  92.1 -10.6  65.4
1973 5 4.428   2335600 0    0    4    0   11 0.980 265.6  93.1  -5.0  78.8
1973 5 4.428   2335900 4  142 1019   90  643 0.608 107.0 337.6 -13.2 -36.7
1973 5 4.428   2336000 7    0    9    0   18 0.967 259.5  90.0 -11.1  75.7
1973 5 4.428   2336100 0    0    9    0    8 0.811 100.8 320.1 -10.9 -54.2
1973 5 4.428   2336200 3    8   20   18   41 0.967 102.5 298.5 -13.0 -75.8
1973 5 4.428  16000400 0    0    4    0    3 0.641  65.2 337.7  12.6 -36.6
1973 5 5.337   2335900 4  148 1293   83  724 0.448 112.2 337.1 -13.0 -25.2
1973 5 5.337   2336100 0    1    4    1    3 0.668 101.9 320.6 -10.6 -41.7
1973 5 5.337   2336200 3    4   45    5   50 0.889 102.8 299.5 -13.0 -62.8
1973 5 5.337   2336300 2    9   43    5   23 0.304 236.6  17.4 -13.1  15.1
1973 5 6.355   2335900 4  100 1262   52  654 0.261 130.2 337.0 -13.1 -11.8
1973 5 6.355   2336200 3    3   21    3   17 0.763 103.8 299.4 -12.8 -49.4
1973 5 6.355   2336300 0    1   13    1    8 0.521 250.2  19.0 -13.2  30.2
1973 5 7.328   2335900 4  127 1037   65  527 0.179 194.2 338.5 -13.4   2.6
1973 5 7.328   2336200 3    0   12    0    8 0.592 107.5 300.5 -13.0 -35.4
1973 5 7.328   2336300 0    2    8    2    6 0.696 254.3  19.4 -13.3  43.5
1973 5 7.328   2336400 2   11   37    6   20 0.323  21.1 329.0  14.2  -6.9
1973 5 8.419   2335900 4   76  814   41  436 0.355 239.8 340.0 -13.4  18.4
1973 5 8.419   2336400 0    1    9    1    5 0.325 332.4 330.5  13.5   8.9
1973 5 9.534   2335900 4   53  490   33  303 0.585 251.3 341.5 -13.4  34.7
1973 510.365   2335900 4   51  387   37  278 0.715 254.5 340.8 -13.2  45.0
1973 510.365  16010100 0    0    5    0    3 0.461 262.9 323.2  -6.0  27.4
1973 511.326   2335900 4   38  225   39  230 0.871 256.4 343.5 -13.3  60.4
1973 511.326  16010200 0    1    9    1    6 0.624 277.1 321.4   2.1  38.3
1973 511.326  16010300 0    0    5    0    3 0.423 261.9 308.0  -6.1  24.9
1973 512.311   2335900 4   12   85   23  159 0.962 256.7 344.5 -13.6  74.4
1973 512.311  16010400 0    0    9    0    5 0.182  36.3 263.9   5.6  -6.2
1973 513.359   2335900 4    2   12    7   42 0.988 258.7 337.6 -11.6  81.4
1973 515.337   2336500 4    8   50    5   30 0.535 103.3 198.3  -9.2 -31.8
1973 515.337   2336600 0    4   24   10   57 0.975  77.2 153.7  11.9 -76.4
1973 515.337   2336700 1    4   22   16   80 0.990  80.1 148.8   9.4 -81.3
1973 516.340   2336500 4   30  205   16  109 0.339 112.1 198.2  -9.6 -18.6
1973 516.340   2336600 0    9   50   11   58 0.900  75.7 153.8  11.8 -63.0
1973 516.340   2336700 1   31  242   47  362 0.940  79.4 147.4   9.1 -69.4
1973 517.351   2336500 4    3  104    2   53 0.156 144.1 198.1  -9.5  -5.3
1973 517.351   2336600 0    5   57    4   46 0.777  72.7 154.1  11.9 -49.3
1973 517.351   2336700 1   36  448   34  417 0.841  77.2 147.2   9.5 -56.2
1973 518.327   2336500 4    3   56    2   29 0.189 228.8 198.8  -9.3   8.3
1973 518.327   2336600 0    9   40    6   26 0.626  67.7 154.2  12.0 -36.3
1973 518.327   2336700 1   54  642   38  450 0.697  74.0 147.7   9.5 -42.8
1973 518.327   2336800 0    0    4    0    3 0.609  99.7 153.2  -7.6 -37.3
1973 519.437   2336500 4    0   12    0    7 0.402 250.7 198.4  -9.5  22.6
1973 519.437   2336600 0    9   27    5   15 0.432  57.0 154.1  11.7 -21.7
1973 519.437   2336700 1   77  752   45  436 0.502  66.8 147.9   9.6 -27.9
1973 519.437   2336800 0    0    3    0    2 0.394  99.2 152.8  -5.5 -23.0
1973 519.437  16010500 0    0    9    0    5 0.427 304.5 196.9  12.1  21.1
1973 520.310   2336500 4    0   36    0   22 0.559 255.8 197.6  -9.5  33.3
1973 520.310   2336600 1    9   34    5   18 0.291  36.2 154.2  11.7 -10.1
1973 520.310   2336700 1   90  774   48  412 0.339  52.7 148.4  10.0 -15.9
1973 520.310  16010600 0    0   21    0   11 0.219  31.2 157.7   8.9  -6.6
1973 521.680   2336600 1    5   51    3   27 0.275 332.8 153.5  12.4   7.4
1973 521.680   2336700 1   82  707   42  362 0.207 348.0 148.6   9.9   2.5
1973 521.680   2336900 7    5   35    6   36 0.870  87.7  85.7   1.1 -60.4
1973 521.680  16010700 0    0   11    0   10 0.813 255.5 199.9 -12.8  53.8
1973 522.323   2336600 1    3   27    2   15 0.373 311.6 154.2  12.7  16.6
1973 522.323   2336700 1   70  661   37  345 0.283 318.0 148.7  10.5  11.1
1973 522.323   2336900 7    7   49    6   41 0.793  86.7  85.2   1.6 -52.4
1973 522.323   2337000 4    2   40    2   28 0.681  95.4  94.7  -4.9 -42.9
1973 522.323   2337100 7    0    5    0    4 0.775  95.0  86.8  -4.9 -50.8
1973 522.323  16010800 0    0   12    0    8 0.586 100.7 102.1  -7.6 -35.5
1973 523.365   2336600 1    1   23    1   14 0.550 297.8 153.9  13.5  30.0
1973 523.365   2336700 1   54  527   31  298 0.464 296.4 148.9  10.5  25.0
1973 523.365   2336900 7    1   29    1   19 0.617  85.4  85.9   1.6 -38.0
1973 523.365   2337000 4    1    7    1    4 0.470  94.9  95.9  -3.7 -28.0
1973 523.365   2337100 7    0   14    0    9 0.618  95.9  85.8  -4.9 -38.1
1973 524.476   2336600 1    0   14    0   10 0.699 292.9 150.8  14.7  41.7
1973 524.476   2336700 1   41  383   28  258 0.667 287.7 149.4  10.6  40.3
1973 524.476   2336900 7    3   18    2   10 0.380  82.2  87.0   1.6 -22.1
1973 524.476   2337000 4   13  102    7   52 0.181  94.9  98.7  -2.3 -10.4
1973 524.476   2337100 7   18   91   10   50 0.398  99.3  85.9  -5.0 -23.2
1973 524.476   2337200 0    5   55    3   28 0.160 193.6 111.3 -10.4   2.2
1973 525.345   2336700 1   29  230   25  193 0.800 284.1 149.7  10.4  52.1
1973 525.345   2336900 7    1   11    1    6 0.190  75.1  87.0   1.5 -10.6
1973 525.345   2337000 4   67  395   34  198 0.028 241.0  99.0  -2.1   1.4
1973 525.345   2337100 7   11   73    6   38 0.230 106.3  84.8  -5.0 -12.8
1973 525.345   2337200 2    9   26    5   14 0.295 239.9 112.6  -9.8  15.0
1973 525.345  16010900 0    0    1    0    1 0.239 130.8  87.0 -10.3 -10.6
1973 526.283   2336700 1   27  204   33  247 0.908 282.0 149.8  10.4  64.5
1973 526.283   2337000 4   75  466   39  241 0.249 266.3  99.7  -2.1  14.4
1973 526.283   2337200 0    8   59    5   34 0.486 251.4 113.2 -10.0  27.9
1973 527.388   2336700 1    6   57   18  157 0.982 281.0 149.3  10.6  78.7
1973 527.388   2337000 4   61  349   36  203 0.509 267.7 101.2  -2.1  30.6
1973 527.388   2337100 7    1   38    1   20 0.263 253.7  85.3  -5.3  14.7
1973 527.388   2337200 2    2   14    2   10 0.697 256.3 114.1 -10.3  43.5
1973 527.388  16011000 0    5   31    3   18 0.473  58.6  46.1  13.3 -24.5
1973 528.410   2337000 4   49  300   35  211 0.701 268.4 101.6  -1.8  44.5
1973 528.410   2337200 0    2    7    2    7 0.851 258.0 115.0 -10.7  57.9
1973 528.410   2337300 7    3   24    2   13 0.348 333.0  66.6  17.1   9.5
1973 529.780   2337000 4   47  282   40  240 0.806 268.1 102.0  -2.0  53.7
1973 529.780   2337300 7    7   37    4   21 0.422 317.4  65.7  17.3  17.4
1973 530.761   2337000 4   20  122   32  193 0.947 268.3  97.3  -1.8  71.3
1973 530.761   2337300 7   36  219   24  144 0.643 297.7  62.5  16.8  36.5
1973 531.447   2337300 7   23  128   20  111 0.815 290.5  69.6  16.2  52.7
1973 6 1.336   2337300 7   11   69   14   87 0.917 287.4  70.5  15.7  65.3
1973 6 2.284   2337300 7    4   31   11   80 0.980 285.9  70.5  15.5  77.9
1973 6 3.375   2337400 7    8   55    5   31 0.446 237.5   0.9 -14.1  22.8
1973 6 3.375  16020100 0    0    5    0    3 0.452 130.2 316.9 -17.2 -21.2
1973 6 4.332   2337400 7    1    9    1    6 0.592 247.0 359.6 -13.5  34.1
1973 6 6.349   2337500 2    4   37    3   24 0.626  68.2 262.1  13.5 -36.7
1973 6 6.349  16020200 0    3    7    2    5 0.656 290.7 337.9  13.5  39.1
1973 6 7.327   2337500 2    7   48    4   27 0.443  58.7 262.9  13.5 -22.9
1973 6 7.327   2337600 7    9   57    5   29 0.142  49.0 279.6   5.6  -6.2
1973 6 7.327   2337700 1   22  217   49  471 0.972  74.1 209.9  15.5 -75.9
1973 6 7.327   2337800 0    9   67   20  150 0.973 105.3 209.7 -14.8 -76.1
1973 6 8.371   2337500 2    1   13    1    7 0.262  33.9 263.4  12.9  -8.6
1973 6 8.371   2337600 7    0    9    0    5 0.136 305.5 278.4   4.9   6.4
1973 6 8.371   2337700 1   27  239   31  270 0.894  72.9 209.6  15.4 -62.4
1973 6 8.371   2337800 1   11   93   13  106 0.896 107.0 209.5 -15.0 -62.5
1973 6 8.371  16020300 0    0    9    0    5 0.342 312.2 287.1  13.6  15.1
1973 6 9.419   2337500 2    0   11    0    6 0.232 352.5 260.0  13.8   1.8
1973 6 9.419   2337700 1   35  355   28  278 0.767  70.3 209.7  15.3 -48.5
1973 6 9.419   2337800 0   17  123   14   97 0.769 110.2 209.8 -15.1 -48.4
1973 610.458   2337500 2    0    7    0    4 0.396 299.7 265.0  11.9  20.6
1973 610.458   2337700 1   35  299   22  188 0.603  64.9 209.9  15.3 -34.5
1973 610.458   2337800 1   14  103    9   65 0.605 116.2 210.2 -15.0 -34.2
1973 610.458   2337900 2    0   17    0   14 0.771  72.9 195.1  13.5 -49.3
1973 611.653   2337500 4    9   56    6   36 0.612 290.1 264.7  12.7  36.1
1973 611.653   2337700 1   43  358   24  196 0.402  50.5 209.8  15.5 -18.8
1973 611.653   2337800 0   20  112   11   62 0.411 131.5 210.0 -15.1 -18.6
1973 611.653   2337900 2    0    1    0    1 0.498  72.2 199.9   9.4 -28.7
1973 611.653   2338000 7    1   13    1    7 0.256 354.4 230.1  15.5   1.5
1973 611.653   2338100 0    0    1    0    1 0.625 115.1 192.8 -14.8 -35.8
1973 611.653   2338200 4   19  114   49  281 0.978  77.4 150.8  12.5 -77.8
1973 612.323   2337500 4   23  151   17  110 0.724 287.4 264.9  13.1  45.2
1973 612.323   2337700 1   34  234   18  123 0.298  31.9 210.3  15.5  -9.4
1973 612.323   2337800 0   18   70   10   37 0.324 149.6 209.9 -15.4  -9.8
1973 612.323   2338000 7    1    9    1    5 0.312 323.1 230.9  15.3  11.2
1973 612.323   2338100 0    0    1    0    1 0.510 121.5 193.0 -14.7 -26.7
1973 612.323   2338200 4   27  141   38  197 0.931  77.0 151.4  12.4 -68.3
1973 613.351   2337500 4   23  169   23  169 0.863 285.0 265.1  13.4  59.0
1973 613.351   2337700 1   34  216   18  112 0.260 344.7 210.2  15.5   4.1
1973 613.351   2337800 1    9   59    5   31 0.288 192.5 209.8 -15.4   3.7
1973 613.351   2338200 4   56  354   50  315 0.824  75.7 151.3  12.3 -54.8
1973 614.326   2337500 4   20  181   33  291 0.949 284.0 264.5  13.6  71.3
1973 614.326   2337700 1   18  136   10   74 0.382 311.1 210.6  15.6  17.4
1973 614.326   2337800 0    9   23    5   13 0.395 223.9 209.7 -15.5  16.5
1973 614.326   2338200 4   43  331   30  228 0.683  72.4 151.3  12.7 -41.9
1973 615.334   2337500 4    9   57   34  213 0.991 283.8 262.1  13.8  82.2
1973 615.334   2337700 1   13   86    8   52 0.549 297.1 210.4  15.5  30.5
1973 615.334   2337800 1    4   18    3   11 0.556 239.2 209.6 -15.5  29.7
1973 615.334   2338200 7   31  272   19  162 0.538  67.1 149.3  13.1 -30.6
1973 616.319   2337700 1    2   11    2    8 0.711 290.8 210.4  15.6  43.6
1973 616.319   2337800 0    2    9    2    7 0.717 247.0 210.0 -15.3  43.2
1973 616.319   2338200 7   35  284   19  153 0.362  55.8 148.9  13.0 -17.9
1973 616.319   2338300 7    1   18    1   10 0.410 229.7 185.6 -14.1  18.8
1973 617.392   2337700 1    2   11    2   11 0.856 287.9 210.6  16.0  57.9
1973 617.392   2338200 7   31  213   16  109 0.207  20.7 148.4  12.6  -4.3
1973 617.392   2338300 7    0    1    0    1 0.582 241.5 184.7 -14.9  32.0
1973 617.392   2338400 7    1   11    1    6 0.108  33.2 149.3   6.6  -3.4
1973 617.392  16020400 0    0    3    0    3 0.747 278.2 200.9   7.1  48.2
1973 618.385   2337700 1    0    2    0    4 0.947 286.7 210.4  16.3  70.9
1973 618.385   2338200 7   17  235    9  121 0.233 320.0 148.3  11.8   8.8
1973 618.385   2338500 4    2    9    4   17 0.963  97.3  65.4  -6.6 -74.1
1973 618.385  16020500 0    0   13    0    7 0.369 120.1 120.6  -9.2 -18.9
1973 619.473   2338200 7   10  119    6   66 0.426 294.7 148.4  11.8  23.3
1973 619.473   2338500 4   49  299   50  303 0.867  99.7  65.5  -7.6 -59.6
1973 619.473   2338600 4   16  140   27  237 0.953  93.8  52.8  -3.1 -72.3
1973 620.456   2338200 7   14  117    9   75 0.620 286.1 149.5  11.3  37.4
1973 620.456   2338500 4   77  595   57  437 0.730 102.3  66.1  -7.7 -46.0
1973 620.456   2338600 4   48  307   48  304 0.860  94.5  52.9  -3.0 -59.2
1973 620.456   2338700 1    4   22    8   41 0.959 103.2  39.3 -12.1 -72.8
1973 621.310   2338200 7   16  107   13   84 0.765 283.2 150.2  11.3  49.4
1973 621.310   2338400 7    2   17    2   15 0.797 276.6 153.6   6.4  52.8
1973 621.310   2338500 4  111  664   69  411 0.587 105.9  66.1  -7.7 -34.7
1973 621.310   2338600 4   94  544   72  416 0.754  95.9  52.1  -3.2 -48.7
1973 621.310   2338700 1   10   84   12   93 0.889 104.5  39.2 -12.0 -61.6
1973 622.303   2338200 7    4   27    5   29 0.879 281.7 148.9  11.2  61.3
1973 622.303   2338400 7    0    6    0    8 0.906 277.3 152.6   7.5  65.0
1973 622.303   2338500 4   89  862   49  471 0.401 114.0  65.9  -7.5 -21.7
1973 622.303   2338600 4   75  514   46  314 0.571  99.4  53.2  -3.7 -34.4
1973 622.303   2338700 1   13   84   11   68 0.779 107.8  38.2 -12.5 -49.4
1973 622.303  16020600 0    0    4    0    7 0.951 109.0  17.1 -17.4 -70.5
1973 623.275   2338200 7    0    4    0    9 0.963 281.2 149.3  11.4  74.5
1973 623.275   2338500 4  103  789   53  405 0.222 138.1  66.2  -7.4  -8.6
1973 623.275   2338600 4   94  571   51  309 0.381 104.3  53.1  -3.4 -21.7
1973 623.275   2338700 1   15   83   10   53 0.617 113.1  39.3 -12.3 -35.5
1973 624.379   2338500 4  105  823   54  420 0.198 211.5  66.2  -7.5   6.0
1973 624.379   2338600 4   55  401   28  203 0.153 129.2  53.4  -3.3  -6.8
1973 624.379   2338700 1    9   46    5   25 0.389 128.9  42.2 -12.0 -18.0
1973 625.410   2338500 4  101  774   55  418 0.376 243.9  66.4  -7.3  19.9
1973 625.410   2338600 4   31  245   16  124 0.153 230.7  53.3  -3.2   6.8
1973 625.410   2338700 1    7   30    4   16 0.260 166.4  42.9 -12.3  -3.6
1973 626.319   2338500 7   73  664   44  398 0.550 252.3  66.3  -7.5  31.9
1973 626.319   2338600 4   30  190   16  101 0.336 254.2  53.3  -2.9  18.9
1973 626.319   2338700 1    9   40    5   21 0.302 211.9  43.8 -12.4   9.4
1973 627.424   2338500 7   25  479   19  358 0.742 257.1  66.7  -7.8  46.9
1973 627.424   2338600 4   18  108   11   65 0.548 260.5  52.6  -3.0  32.8
1973 627.424   2338700 1   28  103   16   59 0.481 238.0  44.5 -12.4  24.7
1973 628.528   2338500 7   18  217   20  235 0.886 259.9  66.8  -7.7  61.6
1973 628.528   2338600 4    6   54    5   42 0.757 264.3  54.1  -2.5  48.9
1973 628.528   2338700 1    7   48    5   33 0.670 247.6  44.6 -12.7  39.4
1973 628.528  16020700 0    1   21    1   11 0.161 157.9   1.7  -5.9  -3.5
1973 629.344   2338500 7    6   88   12  157 0.958 260.9  67.2  -7.9  72.8
1973 629.344   2338600 4    0    6    0    7 0.866 265.7  54.2  -2.3  59.8
1973 629.344   2338700 1    4   41    4   34 0.794 251.3  44.9 -13.0  50.5
1973 629.344   2338800 4    3   36    7   64 0.958  98.1 281.6  -6.9 -72.8
1973 629.344   2338900 1   31  130  102  424 0.987  77.9 273.2  12.4 -81.2
1973 630.324   2338700 1    0    6    0    8 0.909 254.2  45.4 -13.1  63.9
1973 630.324   2338800 4   10  114   12  127 0.891  99.4 279.2  -7.0 -62.3
1973 630.324   2338900 1   52  409   74  582 0.935  77.7 272.2  12.5 -69.3
1973 7 1.424   2338800 4   11   74    9   57 0.757 101.7 278.6  -6.8 -48.3
1973 7 1.424   2338900 1   89  565   79  498 0.820  76.9 272.0  12.5 -54.9
1973 7 2.322   2338800 4    1   36    1   23 0.598 105.4 279.5  -6.6 -35.5
1973 7 2.322   2338900 1   95  750   66  517 0.685  75.2 272.3  12.4 -42.7
1973 7 3.329   2338800 4   17  123   10   69 0.452 109.9 276.4  -5.9 -25.3
1973 7 3.329   2338900 1  129  844   75  490 0.505  71.4 272.4  12.1 -29.3
1973 7 4.336   2338800 4   11   67    6   35 0.250 128.2 277.0  -5.6 -11.4
1973 7 4.336   2338900 1  149  967   79  510 0.315  59.9 272.2  12.3 -16.2
1973 7 5.333   2338800 4   23  177   12   90 0.155 175.5 274.5  -5.4  -0.7
1973 7 5.333   2338900 1  157  995   80  505 0.165  17.5 272.3  12.5  -2.9
1973 7 6.357   2338800 4   30  308   16  160 0.269 233.7 274.2  -5.7  12.6
1973 7 6.357   2338900 1  162  866   84  447 0.242 312.3 272.2  12.9  10.6
1973 7 6.357   2339000 7   15   83    8   43 0.219  98.2 249.1   1.7 -12.5
1973 7 7.349   2338800 4   19  181   11  102 0.458 250.0 274.1  -5.7  25.6
1973 7 7.349   2338900 1  143  832   79  459 0.419 292.5 271.9  12.6  23.4
1973 7 7.349   2339000 7   27  183   14   92 0.045 207.8 249.7   1.4   1.2
1973 7 7.349   2339100 7    0    9    0   10 0.881 104.7 188.2 -11.1 -60.3
1973 7 8.365   2338800 4    7   39    5   26 0.647 256.9 274.3  -5.5  39.3
1973 7 8.365   2338900 1   89  587   57  373 0.614 286.2 272.2  12.9  37.2
1973 7 8.365   2339000 7   13  154    7   80 0.258 261.6 249.8   1.5  14.8
1973 7 8.365  16030100 0    0    7    0    4 0.431 293.4 259.0  13.3  24.0
1973 7 9.327   2338900 1  119  740   93  575 0.763 282.7 271.9  12.2  49.6
1973 7 9.327   2339000 7   12  117    7   66 0.448 264.9 248.8   1.2  26.5
1973 7 9.327  16030200 0    3   13    2    7 0.323 161.7 216.3 -14.0  -6.0
1973 710.333   2338900 1  103  761  112  825 0.885 281.6 271.4  12.1  62.4
1973 710.333   2339000 7    6   43    4   28 0.625 266.3 247.6   0.8  38.6
1973 710.333  16030300 0    0    1    0    1 0.127  93.5 201.7   3.5  -7.3
1973 711.318   2338900 1   62  417  123  820 0.966 281.2 271.5  11.9  75.5
1973 712.415   2338900 1    2   33   14  218 0.996 281.8 267.3  12.1  85.8
1973 712.415  16030400 0    0    3    0    2 0.367 225.3 196.9 -10.9  15.4
1973 713.385   2339100 7    0   14    0    8 0.415 233.7 188.5 -10.2  19.9
1973 713.385   2339200 0    1    7    1    4 0.266  57.8 155.3  12.3 -13.3
1973 714.240   2339100 7    4   32    3   20 0.572 244.2 188.9 -10.7  31.6
1973 715.970   2339100 7    4   52    3   38 0.725 250.2 189.9 -11.0  44.0
1973 716.345   2339100 7    4   39    5   43 0.889 254.9 190.5 -11.2  61.1
1973 717.366   2339100 7    4   38    9   78 0.968 257.3 190.1 -11.1  74.2
1973 717.366   2339300 7    4   23    3   14 0.559 240.8 145.8 -11.8  29.9
1973 717.366   2339400 7    3   27    2   14 0.229 142.8 107.9  -5.9  -8.0
1973 718.333   2339200 2    3   25    3   19 0.748 283.6 151.4  13.3  48.3
1973 718.333   2339300 7    2   16    2   12 0.738 251.0 148.3 -10.6  45.2
1973 718.333   2339400 7   11   78    6   40 0.213 210.2 109.3  -5.9   6.2
1973 718.333   2339500 7    4   27    3   20 0.716  69.8  58.2  17.7 -44.9
1973 719.667   2339200 2    2   11    3   14 0.917 282.8 152.4  13.7  67.0
1973 719.667   2339500 7    0    1    0    1 0.528  62.2  55.9  18.5 -29.5
1973 719.667  16030500 0    0    2    0    2 0.848 257.1 142.0  -8.3  56.6
1973 719.667  16030600 0    0    3    0    2 0.240 230.6  96.1  -4.0  10.7
1973 720.328   2339200 2    0    6    0   14 0.968 282.0 153.0  12.8  76.3
1973 721.354   2339400 7    3   40    3   31 0.753 257.1 110.7  -6.3  47.6
1973 722.335   2339400 7    1    8    2   10 0.893 260.2 112.5  -6.4  62.3
1973 722.335   2339500 7    1    9    1    5 0.272 318.7  61.0  16.8  10.8
1973 722.335  16030700 0    0    1    0    1 0.353 175.1  48.4 -15.5  -1.8
1973 724.366   2339600 7    9   84    5   43 0.167  58.6  15.0  10.2  -8.3
1973 725.389   2339600 7    0    9    0    5 0.127 326.4  13.8  11.4   4.1
1973 725.389   2339700 1   15   66   41  177 0.981  96.3 291.6  -5.1 -78.1
1973 726.331   2339700 1   24  144   32  185 0.919  97.8 291.2  -5.0 -66.1
1973 727.372   2339700 1   27  193   23  164 0.805 100.0 290.9  -4.7 -52.7
1973 728.355   2339700 1   36  252   24  168 0.659 104.2 290.6  -5.0 -39.9
1973 729.378   2339700 1   42  289   24  165 0.477 111.9 290.6  -5.2 -26.4
1973 729.378  16040100 0    0   14    0    9 0.622 118.1 282.8 -12.4 -34.2
1973 730.444   2339700 1   59  260   31  136 0.282 131.2 290.6  -5.1 -12.3
1973 731.331   2339700 1   41  304   21  155 0.189 178.9 290.9  -5.1  -0.2
1973 8 1.378   2339700 1   38  276   20  145 0.304 231.4 291.1  -5.2  13.8
1973 8 1.378   2339800 7    1   75    1   38 0.073  10.9 276.5  10.0  -0.8
1973 8 1.378   2339900 0    4   36   17  136 0.991 100.2 196.2  -9.2 -81.1
1973 8 1.378  16040200 0    2   20    2   20 0.860 254.8 334.7  -9.9  57.4
1973 8 2.333   2339700 1   43  198   25  113 0.479 248.2 291.2  -4.9  26.5
1973 8 2.333   2339800 7    0    1    0    1 0.211 295.7 275.9  11.1  11.2
1973 8 2.333   2339900 0   15   79   23  116 0.937 101.9 196.5  -9.0 -68.2
1973 8 2.333  16040300 0    0    7    0    4 0.353 343.5 271.1  25.7   6.4
1973 8 3.560   2339700 1   21   68   15   48 0.703 256.9 291.9  -4.8  43.4
1973 8 3.560   2339800 7    1   12    1    7 0.496 281.4 278.2  10.9  29.7
1973 8 3.560   2339900 1   22  118   19  101 0.808 105.6 196.5  -8.9 -52.0
1973 8 3.560  16040400 0    1   13    1    7 0.331 296.7 266.3  14.3  17.8
1973 8 4.399   2339700 1   11   58   10   53 0.829 260.4 292.5  -4.5  55.1
1973 8 4.399   2339900 0   24  206   17  141 0.679 109.5 197.1  -8.5 -40.3
1973 8 4.399   2340000 4   20   98   11   53 0.379  89.0 215.0   6.0 -22.4
1973 8 5.324   2339700 1    4   15    6   21 0.929 262.5 292.6  -4.6  67.5
1973 8 5.324   2339900 1   23  160   14   94 0.521 117.3 197.2  -8.4 -27.9
1973 8 5.324   2340000 4   21  187   11   95 0.157  89.2 216.0   6.2  -9.1
1973 8 6.340   2339900 0   28  164   15   88 0.348 135.4 197.4  -8.3 -14.3
1973 8 6.340   2340000 4   45  284   23  143 0.089 274.6 216.8   6.6   5.1
1973 8 6.340   2340100 4    0    1    0    1 0.513 286.0 242.2  13.5  30.5
1973 8 6.340   2340200 7    0   11    0   14 0.909 100.5 147.5  -6.9 -64.2
1973 8 7.333   2339900 0   27  178   14   92 0.251 175.7 197.5  -8.2  -1.1
1973 8 7.333   2340000 4   75  485   40  257 0.325 272.6 217.7   6.8  19.1
1973 8 7.333   2340200 7    8   26    7   22 0.795 103.8 147.5  -7.0 -51.1
1973 8 8.330   2339900 1   24  158   13   84 0.325 220.5 197.7  -8.1  12.3
1973 8 8.330   2340000 4   66  527   40  319 0.560 273.5 219.7   7.2  34.3
1973 8 8.330   2340200 7    4   44    3   29 0.648 109.1 147.3  -7.3 -38.1
1973 8 9.347   2339900 0    8   86    5   50 0.497 240.8 197.9  -8.3  26.0
1973 8 9.347   2340000 4   42  230   33  177 0.759 273.7 221.6   7.0  49.7
1973 8 9.347   2340100 0    0    4    0    8 0.958 282.5 246.3  13.8  74.4
1973 8 9.347   2340200 7    7   55    4   31 0.435 120.4 149.7  -6.8 -22.2
1973 810.332   2339900 1    8   55    6   37 0.666 249.2 197.9  -8.7  39.0
1973 810.332   2340000 4   29  139   32  152 0.887 274.1 221.9   6.6  63.0
1973 810.332   2340200 7    3   30    2   16 0.282 145.7 149.7  -7.1  -9.2
1973 811.335   2339900 0    0    4    0    4 0.813 254.5 198.1  -8.6  52.4
1973 811.335   2340000 4    8   53   19  113 0.972 275.3 222.6   6.7  76.9
1973 812.394   2340200 7    0    3    0    2 0.395 229.2 149.3  -8.7  17.6
1973 818.609   2340300 7    5   17    6   19 0.886  78.2 346.3  13.6 -63.2
1973 819.348   2340300 7    2    8    2    7 0.791  78.2 347.0  13.5 -52.8
1973 820.380   2340300 7    0    6    0    4 0.613  77.4 348.2  13.2 -37.9
1973 821.323   2340300 7    5   38    3   22 0.498  77.0 343.8  12.5 -29.8
1973 822.329   2340300 7    5   43    3   23 0.301  69.6 343.6  12.7 -16.8
1973 823.326   2340300 7    9   41    5   21 0.120  29.7 343.7  13.0  -3.5
1973 824.326   2340300 7    0    1    0    1 0.249 292.4 347.6  12.3  13.6
1973 824.326   2340400 0    2   11    2    8 0.712 276.0  19.8   9.2  45.8
1973 824.326   2340500 0   15   91   28  165 0.960  76.9 259.1  14.5 -74.9
1973 825.414   2340300 7   26  137   15   77 0.452 285.3 346.2  13.2  26.6
1973 825.414   2340400 0    4   16    4   16 0.860 276.1  19.5   8.8  59.9
1973 825.414   2340500 0   29  185   29  184 0.860  77.3 259.5  14.5 -60.1
1973 826.401   2340300 7   22  137   15   91 0.655 281.5 347.7  12.9  41.2
1973 826.401   2340400 0    0    4    0    8 0.954 277.4  19.9   9.1  73.4
1973 826.401   2340500 2   36  266   27  195 0.729  76.6 259.4  14.6 -47.1
1973 826.401   2340600 4    0    4    0    3 0.637  95.3 267.1   2.1 -39.4
1973 827.353   2340300 7   13   97   12   85 0.818 280.3 349.5  12.5  55.5
1973 827.353   2340500 0   41  290   25  177 0.570  74.3 259.4  14.8 -34.6
1973 827.353   2340600 4   19  109   11   61 0.435  99.6 268.6   2.3 -25.4
1973 827.353  16050100 0    2   13    3   17 0.918  75.7 226.3  15.9 -67.7
1973 828.381   2340300 7    1   13    3   20 0.942 281.3 351.7  13.0  71.4
1973 828.381   2340500 2   48  320   26  173 0.374  67.2 259.4  15.0 -20.9
1973 828.381   2340600 4   21  180   11   93 0.228 108.2 267.8   2.9 -12.5
1973 828.381   2340700 4    6   50   48  397 0.998 105.4 196.4 -14.7 -83.9
1973 829.315   2340500 0   37  303   19  155 0.203  45.3 259.4  15.3  -8.6
1973 829.315   2340600 4   35  271   18  136 0.073 192.5 268.9   3.1   0.9
1973 829.315   2340700 4   53  357  119  789 0.973 107.3 194.0 -15.0 -74.0
1973 829.315   2340800 7    0    3    0    2 0.360  73.2 247.3  12.7 -20.7
1973 830.372   2340500 0   39  319   20  162 0.172 327.5 259.6  15.5   5.5
1973 830.372   2340600 4   28  177   15   92 0.261 254.7 268.7   3.0  14.6
1973 830.372   2340700 4   93  646  106  731 0.895 110.6 194.0 -14.9 -60.1
1973 830.372   2340800 7    1   29    1   15 0.200  50.6 244.9  14.4  -9.2
1973 830.372   2340900 3    7   59    4   32 0.384 152.7 243.7 -12.9 -10.4
1973 830.372   2341000 1    2   20   13  135 0.996  75.7 167.3  14.8 -86.8
1973 831.317   2340500 2   50  301   27  160 0.334 297.1 259.6  15.6  18.0
1973 831.317   2340600 4   15  107    9   61 0.471 262.8 269.5   3.0  27.9
1973 831.317   2340700 4  112  779   92  638 0.790 115.1 193.9 -14.8 -47.7
1973 831.317   2340800 7    1   27    1   14 0.139 342.3 244.1  14.8   2.5
1973 831.317   2340900 3   11   56    6   30 0.346 187.1 244.1 -12.9   2.5
1973 831.317   2341000 1   28  121   57  243 0.967  76.8 165.0  14.5 -76.6
1973 831.317   2341100 4   11   68    6   35 0.191 258.0 252.4   4.8  10.8
1973 9 1.377   2340500 0   40  285   24  170 0.540 287.6 259.8  15.5  32.3
1973 9 1.377   2340600 4    4   32    3   22 0.675 266.1 269.9   2.7  42.4
1973 9 1.377   2340700 4  138 1076   91  706 0.644 123.0 193.6 -14.6 -33.9
1973 9 1.377   2340800 7    0    3    0    2 0.302 296.9 243.7  14.8  16.2
1973 9 1.377   2340900 3    7   50    4   28 0.441 219.1 244.1 -13.1  16.6
1973 9 1.377   2341000 1   64  340   68  360 0.878  77.4 165.3  14.5 -62.2
1973 9 1.377   2341100 4    7   67    4   37 0.414 266.0 252.0   4.9  24.5
1973 9 1.377   2341200 4    0    2    0    3 0.936 108.8 161.1 -14.8 -66.4
1973 9 2.409   2340500 0   37  174   27  125 0.714 284.4 259.8  15.3  45.8
1973 9 2.409   2340700 4  154 1208   89  696 0.493 137.3 193.8 -14.5 -20.2
1973 9 2.409   2340800 7    0    3    0    2 0.452 290.5 240.1  15.6  26.1
1973 9 2.409   2340900 3   15  119   10   75 0.606 236.7 245.4 -13.3  31.4
1973 9 2.409   2341000 1   80  540   60  403 0.740  76.7 165.9  14.7 -48.1
1973 9 2.409   2341100 4    9   64    6   41 0.621 267.8 252.5   4.3  38.5
1973 9 2.409   2341200 4   40  260   36  232 0.826 116.1 163.2 -16.8 -50.8
1973 9 2.409   2341300 7    5   59    3   31 0.274 186.5 215.8  -8.6   1.8
1973 9 2.409   2341400 1   13   86    7   46 0.340  35.2 201.7  23.2 -12.3
1973 9 2.409   2341500 7    0    2    0    5 0.976 104.4 138.6 -12.3 -75.4
1973 9 3.488   2340500 2   29  159   29  157 0.859 283.3 259.7  15.1  60.0
1973 9 3.488   2340700 4  134  931   73  504 0.380 164.8 193.8 -14.3  -5.9
1973 9 3.488   2340900 3   54  315   43  249 0.771 246.4 246.2 -13.1  46.5
1973 9 3.488   2341000 1  119  697   72  421 0.558  74.9 165.9  14.4 -33.8
1973 9 3.488   2341100 4   20  119   17   99 0.795 270.7 252.6   4.9  52.9
1973 9 3.488   2341200 4   74  552   52  388 0.700 123.3 162.0 -16.9 -37.7
1973 9 3.488   2341300 7    1   21    1   12 0.414 227.4 217.7  -9.4  18.0
1973 9 3.488   2341400 1  104  585   54  304 0.268 352.0 202.0  22.6   2.3
1973 9 3.488   2341500 7    8   54   11   68 0.915 107.6 136.2 -12.9 -63.5
1973 9 4.390   2340500 0    6   71   10  111 0.945 283.7 260.0  15.3  72.2
1973 9 4.390   2340700 4  116  780   63  422 0.380 196.5 194.2 -14.2   6.4
1973 9 4.390   2340900 3   26  143   30  162 0.894 252.1 248.4 -12.5  60.6
1973 9 4.390   2341000 1  121  869   66  471 0.383  69.3 166.1  14.5 -21.7
1973 9 4.390   2341100 4    1   46    2   54 0.899 272.9 252.3   5.8  64.5
1973 9 4.390   2341200 4   37  439   23  271 0.581 133.2 161.5 -17.0 -26.3
1973 9 4.390   2341300 7    0    4    0    3 0.575 241.7 218.7  -9.6  30.9
1973 9 4.390   2341400 1   82  858   44  458 0.347 321.0 201.5  22.7  13.7
1973 9 4.390   2341500 7   28   90   25   80 0.821 111.5 136.2 -13.1 -51.6
1973 9 5.510   2340700 4   79  531   46  308 0.505 224.4 194.4 -14.4  21.4
1973 9 5.510   2340900 3    3   34   13  117 0.989 256.1 252.5 -12.5  79.5
1973 9 5.510   2341000 1  124  890   63  452 0.169  43.7 166.1  14.2  -6.9
1973 9 5.510   2341100 4    2    7   16   63 0.998 274.4 259.6   4.9  86.6
1973 9 5.510   2341200 4   47  340   27  193 0.466 152.1 159.8 -17.3 -13.2
1973 9 5.510   2341400 1   97  708   57  416 0.523 302.0 201.7  22.5  28.7
1973 9 5.510   2341500 4   46  376   31  251 0.660 118.0 136.4 -12.3 -36.6
1973 9 6.418   2340700 4   52  448   34  291 0.635 236.9 194.3 -14.3  33.3
1973 9 6.418   2340800 7    2    6    7   20 0.987 282.5 243.1  13.4  82.1
1973 9 6.418   2340900 3    1   15   22  174 0.999 255.1 246.1 -14.4  85.1
1973 9 6.418   2341000 1   98  728   50  368 0.142 323.5 166.0  13.8   5.0
1973 9 6.418   2341200 1   37  171   21   95 0.423 174.8 158.7 -17.7  -2.3
1973 9 6.418   2341400 1   74  536   50  360 0.666 295.9 201.4  22.5  40.4
1973 9 6.418   2341500 4   63  396   37  231 0.512 128.5 136.8 -12.0 -24.2
1973 9 7.337   2340700 4   45  370   35  287 0.762 243.9 193.9 -14.5  45.0
1973 9 7.337   2341000 1  104  701   55  369 0.308 292.1 166.0  13.6  17.1
1973 9 7.337   2341200 1   24  172   14   97 0.454 201.1 158.8 -17.9   9.9
1973 9 7.337   2341400 1   56  349   47  291 0.797 292.4 201.6  22.2  52.7
1973 9 7.337   2341500 4   81  510   44  276 0.377 149.2 137.5 -11.8 -11.4
1973 9 8.354   2340700 4   24  256   26  277 0.885 249.1 194.1 -14.7  58.7
1973 9 8.354   2341000 1   94  575   55  334 0.508 284.3 165.8  13.5  30.4
1973 9 8.354   2341200 1   19  103   12   63 0.567 223.0 159.4 -17.9  24.0
1973 9 8.354   2341400 1   42  225   52  273 0.910 291.2 201.9  22.3  66.5
1973 9 8.354   2341500 4   81  686   43  363 0.323 186.4 137.5 -11.5   2.1
1973 9 9.381   2340700 4   22  126   44  248 0.966 252.6 194.2 -14.7  72.3
1973 9 9.381   2341000 1   95  524   66  362 0.688 281.7 165.7  13.3  43.8
1973 9 9.381   2341200 1    4   24    3   17 0.689 232.2 157.1 -19.1  35.2
1973 9 9.381   2341400 1   11   79   27  194 0.978 291.3 201.7  22.3  79.8
1973 9 9.381   2341500 4   75  652   41  356 0.399 218.0 136.4 -11.3  14.5
1973 9 9.381   2341600 4   19  126   12   77 0.567 241.4 152.2  -9.5  30.3
1973 910.571   2341000 1   69  396   67  383 0.854 280.7 165.6  12.9  59.4
1973 910.571   2341200 1    0    9    0    9 0.862 244.3 160.9 -17.9  54.7
1973 910.571   2341500 4   42  405   26  248 0.574 237.3 135.8 -11.8  29.6
1973 910.571   2341600 4   54  309   42  238 0.758 250.1 152.6 -10.0  46.4
1973 911.328   2341000 1   42  267   59  375 0.933 281.4 166.1  13.2  69.9
1973 911.328   2341500 4   23  264   16  184 0.692 245.6 136.2 -11.1  40.0
1973 911.328   2341600 4   20  166   20  161 0.854 253.7 152.5  -9.9  56.3
1973 912.324   2341000 1   15  116   53  393 0.989 282.3 165.8  13.2  82.8
1973 912.324   2341500 4    0    6    0    6 0.834 252.1 136.9 -10.7  53.9
1973 912.324   2341600 4   13   76   21  120 0.947 256.9 152.5  -9.9  69.5
1973 913.353   2341500 4    0    4    0    7 0.947 254.1 138.4 -12.5  68.9
1973 914.336   2341700 2    2   11    5   22 0.965 101.5 343.3  -9.1 -73.2
1973 915.347   2341700 2    2   13    2   12 0.838 103.7 347.9  -7.4 -55.2
1973 915.347   2341800 1    4   36    8   64 0.957  77.1 328.8  14.4 -74.3
1973 916.378   2341800 1   11   86   12   91 0.877  77.6 327.4  14.3 -62.1
1973 916.378   2341900 7    3   38    2   20 0.306 130.0  15.9  -4.4 -13.6
1973 916.378   2342000 7    0   27    0   29 0.881 109.4 330.9 -13.4 -58.6
1973 916.378  16050200 0    1    7    1    4 0.387 286.6  51.9  13.0  22.4
1973 917.322   2341800 1   15  100   12   79 0.770  77.6 326.3  14.1 -50.8
1973 917.322   2341900 7    0    3    0    2 0.170 174.1  16.1  -2.6  -1.0
1973 917.322  16050300 0    0    8    0    8 0.845 113.5 323.6 -15.5 -53.5
1973 918.312   2341700 2    1   38    1   21 0.388 129.5 346.4  -7.5 -17.6
1973 918.312   2341800 1   12  115    8   72 0.599  75.9 327.2  14.1 -36.8
1973 918.312   2342000 7    0    6    0    4 0.627 120.9 330.5 -12.9 -33.5
1973 918.312  16050400 0    0    5    0    3 0.333 224.1  17.5  -6.9  13.5
1973 919.421   2341800 1   18   99   10   54 0.376  70.6 327.9  13.8 -21.4
1973 920.313   2341800 1   23   95   12   49 0.207  53.7 327.7  14.0  -9.9
1973 920.313   2342100 7    0   13    0   11 0.800  90.5 284.3   3.8 -53.3
1973 920.313   2342200 0   19   90   47  216 0.977  85.8 259.4   5.6 -78.2
1973 920.313   2342300 6    0    4    0   13 0.984  76.9 256.3  14.1 -81.3
1973 921.506   2341800 1   17   86    9   44 0.156 324.3 327.2  14.3   5.4
1973 921.506   2342100 7    6   26    4   17 0.616  91.9 283.7   4.4 -38.1
1973 921.506   2342200 0   26  163   28  174 0.880  87.5 259.8   5.5 -62.0
1973 921.506   2342300 6   13   99   17  124 0.914  77.7 254.8  14.1 -67.0
1973 921.506   2342400 7    0    5    0    3 0.202 356.7 322.5  18.7   0.7
1973 922.534   2341800 1   21  126   11   66 0.291 295.6 323.9  14.0  15.7
1973 922.534   2342100 7    0    6    0    4 0.499  92.8 278.2   4.7 -30.0
1973 922.534   2342200 0   40  201   32  160 0.773  88.8 257.3   5.4 -50.9
1973 922.534   2342300 6   57  407   52  368 0.831  77.8 251.4  14.0 -56.8
1973 922.534   2342400 7    0   11    0    6 0.316 308.0 323.4  18.0  15.2
1973 922.534  16060100 0    0    4    0    4 0.787 102.0 257.6  -5.0 -50.6
1973 923.519   2341800 1   11   45    7   27 0.529 286.3 326.8  14.5  31.6
1973 923.519   2342100 7    3   25    2   13 0.224  97.2 282.3   5.2 -12.9
1973 923.519   2342200 0   37  249   23  152 0.570  90.6 260.3   5.4 -34.9
1973 923.519   2342300 6  102  751   68  501 0.658  76.4 253.9  14.2 -41.3
1973 923.519   2342400 7    0   12    0    7 0.431 300.8 318.3  19.2  23.1
1973 923.519   2342500 2    1   14    1   10 0.659  82.0 253.6  10.5 -41.6
1973 924.371   2341800 1    4   26    3   18 0.674 284.2 326.5  14.7  42.5
1973 924.371   2342100 7   13   71    7   36 0.040 142.9 282.6   5.1  -1.4
1973 924.371   2342200 0   51  316   28  173 0.404  92.9 260.1   5.2 -23.9
1973 924.371   2342300 6  136  942   79  546 0.503  73.8 254.1  14.1 -29.9
1973 924.371   2342500 2    0    5    0    3 0.515  79.8 252.9  11.2 -31.1
1973 924.371   2342600 1    4   40   16  142 0.990  70.2 200.2  20.5 -83.8
1973 925.342   2341800 1    2    8    2    8 0.825 283.2 327.3  14.8  56.2
1973 925.342   2342100 7    1    9    1    5 0.231 263.4 284.4   5.2  13.3
1973 925.342   2342200 0   43  296   22  151 0.186  99.2 260.5   5.1 -10.6
1973 925.342   2342300 6  201 1087  106  573 0.312  66.0 254.0  13.9 -17.1
1973 925.342   2342600 1   17   95   27  143 0.940  70.7 199.8  20.5 -71.3
1973 925.342   2342700 7    3   36    2   19 0.244  81.0 257.0   8.9 -14.1
1973 925.342   2342800 1    4   22   13   66 0.985 107.1 193.4 -15.5 -77.7
1973 925.342  16060200 0    1   22    1   13 0.472 149.1 256.4 -17.2 -14.7
1973 926.431   2341800 1    0    4    0    6 0.940 282.8 327.9  14.3  71.1
1973 926.431   2342100 7    3   28    2   16 0.450 267.0 283.6   4.8  26.8
1973 926.431   2342200 0   37  303   19  152 0.072 246.4 260.6   5.2   3.8
1973 926.431   2342300 6  176 1194   89  602 0.126  17.2 254.6  13.8  -2.2
1973 926.431   2342600 1   30  162   28  148 0.834  69.7 200.1  20.7 -56.7
1973 926.431   2342700 7    1   25    1   13 0.043   4.6 256.6   9.3  -0.2
1973 926.431   2342800 1    8   58   11   73 0.914 109.7 193.8 -14.9 -63.0
1973 926.431   2342900 7    2   12    9   52 0.992 103.0 175.7 -11.9 -81.1
1973 927.317   2341800 0    0    4    0    9 0.971 282.9 322.5  14.1  77.4
1973 927.317   2342100 7    1   24    1   15 0.593 270.0 281.7   5.5  36.6
1973 927.317   2342200 0   36  273   19  142 0.269 264.9 260.7   5.2  15.6
1973 927.317   2342300 6  160 1091   82  557 0.202 307.5 254.6  13.8   9.5
1973 927.317   2342600 1   30  197   22  142 0.716  67.9 200.0  20.5 -45.1
1973 927.317   2342700 7    1   27    1   14 0.203 281.9 256.7   9.1  11.6
1973 927.317   2342800 1   11   79   10   71 0.824 113.8 193.7 -15.2 -51.4
1973 927.317   2342900 7    8  104   16  209 0.967 106.2 172.2 -13.7 -72.9
1973 927.317   2343000 0   12   82   28  183 0.973  78.8 167.4  12.4 -77.7
1973 927.317  16060300 0    0    2    0    4 0.951 135.3 185.1 -39.4 -60.0
1973 928.344   2342100 7    0    2    0    2 0.771 271.3 282.3   5.3  50.7
1973 928.344   2342200 0   26  197   15  113 0.488 268.5 260.9   5.2  29.3
1973 928.344   2342300 6  115  779   63  425 0.398 289.2 254.4  13.8  22.8
1973 928.344   2342600 1   31  179   19  108 0.554  62.7 199.9  20.5 -31.7
1973 928.344   2342800 1   11   82    8   58 0.697 120.9 193.2 -15.7 -38.4
1973 928.344   2342900 7   13  129   15  141 0.887 108.9 172.0 -13.3 -59.6
1973 928.344   2343000 0   35  173   41  198 0.897  79.8 167.0  12.1 -64.6
1973 928.344  16060400 0    0    6    0   16 0.979 108.5 156.1 -16.5 -75.5
1973 929.347   2342100 7    4   20    6   26 0.922 272.7 285.9   5.1  67.6
1973 929.347   2342200 0   22  172   15  117 0.677 270.4 261.1   5.2  42.8
1973 929.347   2342300 2   88  767   55  477 0.593 284.2 254.6  13.8  36.3
1973 929.347   2342600 1   29  210   16  114 0.383  50.9 199.8  20.4 -18.5
1973 929.347   2342800 1    6   31    4   19 0.544 131.9 193.5 -15.2 -24.8
1973 929.347   2342900 7   10  162    8  126 0.762 113.6 172.5 -13.1 -45.8
1973 929.347   2343000 0   40  229   32  181 0.771  80.2 167.4  11.8 -50.9
1973 930.326   2342100 7    0    2    0    7 0.987 274.2 286.6   5.2  81.1
1973 930.326   2342200 0   14  113   13  101 0.823 272.1 261.2   5.5  55.7
1973 930.326   2342300 2   83  645   64  494 0.754 282.2 254.8  13.6  49.3
1973 930.326   2342600 1   30  245   16  127 0.258  21.9 199.6  20.5  -5.9
1973 930.326   2342800 1   10   84    6   46 0.402 150.7 193.8 -14.0 -11.7
1973 930.326   2342900 7   23  197   15  127 0.627 121.2 172.0 -13.4 -33.5
1973 930.326   2343000 0   61  246   39  157 0.617  79.4 167.2  11.8 -38.3
197310 1.343   2342200 0   22   92   31  129 0.932 273.6 261.2   5.7  69.2
197310 1.343   2342300 2   82  503   87  532 0.879 282.1 254.3  13.8  62.3
197310 1.343   2342600 1   38  244   20  127 0.273 334.9 199.1  20.9   7.1
197310 1.343   2342800 1   14   93    8   50 0.362 189.4 195.5 -14.3   3.5
197310 1.343   2342900 7   22  263   13  150 0.474 136.0 172.2 -13.7 -19.8
197310 1.343   2343000 0   50  357   28  197 0.420  76.2 167.4  11.8 -24.6
197310 2.319   2342200 0    2   16    8   61 0.990 275.2 261.6   6.0  82.5
197310 2.319   2342300 2   32  247   62  479 0.965 282.7 255.1  13.9  76.0
197310 2.319   2342600 1   31  192   17  105 0.405 309.0 198.8  21.0  19.7
197310 2.319   2342800 4   21  167   12   94 0.450 216.8 195.3 -14.8  16.2
197310 2.319   2342900 7   13  178    7   96 0.366 160.0 171.7 -13.6  -7.4
197310 2.319   2343000 0   46  314   24  161 0.218  64.7 167.5  11.8 -11.6
197310 3.304   2342300 2    6   41   21  139 0.988 283.5 248.5  14.3  82.4
197310 3.304   2342600 1   26  166   16  101 0.566 298.2 198.4  21.1  32.3
197310 3.304   2342800 4   17   96   11   60 0.587 233.8 195.4 -14.6  29.3
197310 3.304   2342900 7    9  138    5   74 0.358 195.3 171.7 -13.7   5.6
197310 3.304   2343000 0   63  334   32  168 0.092 347.1 167.3  11.7   1.2
197310 3.304  16060500 0    0    3    0    2 0.321  59.7 149.4  15.6 -16.7
197310 4.445   2342600 1   40  180   30  134 0.737 292.5 197.9  20.9  46.8
197310 4.445   2342800 4    4   40    3   30 0.738 243.0 194.0 -14.9  42.9
197310 4.445   2342900 7    8  120    5   69 0.480 222.9 170.8 -14.5  19.7
197310 4.445   2343000 0   53  342   28  179 0.287 287.9 167.3  11.3  16.2
197310 5.347   2342600 1   19  124   19  120 0.852 291.1 197.7  21.3  58.6
197310 5.347   2342800 4    1   21    2   22 0.867 248.5 195.8 -15.1  56.7
197310 5.347   2342900 7    9   76    6   48 0.600 233.4 169.1 -15.4  30.0
197310 5.347   2343000 0   43  272   25  155 0.477 282.3 167.5  11.5  28.4
197310 6.467   2342600 1   14   74   23  117 0.947 290.2 196.7  21.1  72.4
197310 6.467   2342800 4    0    2    0    4 0.957 252.2 195.0 -15.0  70.7
197310 6.467   2343000 0   35  218   24  149 0.680 279.8 167.4  11.3  43.1
197310 6.467   2343100 0    0    7    0    4 0.450 235.7 146.4  -8.8  22.1
197310 6.467  16060600 0    0    8    0    7 0.770  94.8  74.2   0.4 -50.1
197310 7.398   2342600 1    1   16    9   74 0.993 290.5 197.4  21.0  85.3
197310 7.398   2343000 0   26  187   23  164 0.819 279.0 167.6  11.0  55.5
197310 7.398   2343100 0    4   21    3   14 0.628 246.1 147.7  -9.6  35.6
197310 7.398   2343200 0    0   10    0    8 0.724  92.6  65.7   2.5 -46.4
197310 8.392   2343000 0   19  105   26  141 0.926 279.7 167.5  11.3  68.5
197310 8.392   2343100 0    4   22    4   19 0.800 253.0 149.9  -9.6  50.9
197310 8.392   2343200 0    1   21    1   13 0.551 100.7  66.2  -0.6 -32.8
197310 8.392  16060700 0    0    9    0   14 0.945 248.5 166.5 -18.0  67.5
197310 9.345   2343000 0   11   63   32  184 0.984 280.6 167.3  11.5  80.9
197310 9.345   2343100 4   11   39   12   43 0.886 257.3 147.3  -8.3  60.9
197310 9.345   2343200 0    1   13    1    7 0.348 109.7  67.3  -0.9 -19.1
19731010.453  16060800 0    0    6    0    4 0.591 115.8  39.1  -9.8 -32.7
19731013.387   2343300 7    9   50    5   26 0.241 298.6  45.6  12.4  12.5
19731014.307   2343300 7   10   51    6   29 0.452 286.4  47.3  12.6  26.4
19731014.307  16060900 0    1   12    1    8 0.639 106.1 342.8  -5.6 -38.1
19731015.603   2343300 7    2   18    2   13 0.718 281.1  50.0  12.0  46.1
19731015.603   2343400 2   11   70    7   42 0.540 251.9  34.9  -4.7  31.0
19731016.311   2343300 7    0    4    0    4 0.830 280.8  51.0  12.1  56.5
19731016.311   2343400 2   19   96   13   65 0.666 256.5  35.0  -4.6  40.5
19731017.301   2343300 7   13   55   15   64 0.899 281.7  46.1  13.0  64.6
19731017.301   2343400 2   12   42   11   37 0.814 260.8  35.2  -4.2  53.7
19731018.322   2343300 7   10   39   22   82 0.969 283.0  44.6  13.9  76.6
19731018.322   2343400 0    4   12    7   21 0.952 264.8  39.7  -3.2  71.7
19731022.311   2343500 4   19  164   36  309 0.962 104.9 202.8 -12.8 -72.5
19731022.311   2343600 0    2   10    7   33 0.987  69.5 193.4  21.0 -81.9
19731023.328   2343500 4  127  717  138  774 0.885 107.4 202.0 -12.8 -60.0
19731023.328   2343600 0    8   45   12   62 0.928  69.6 193.5  20.8 -68.5
19731024.376   2343500 4  159 1032  122  790 0.754 111.5 202.2 -12.6 -46.0
19731024.376   2343600 0    6   35    6   32 0.830  68.0 192.7  21.0 -55.5
19731024.376   2343700 0    6   30   19   88 0.985  79.1 167.5  11.6 -80.7
19731025.416   2343500 4  159 1155  100  725 0.601 118.6 201.7 -12.6 -32.7
19731025.416   2343600 0    7   33    5   23 0.694  64.0 192.3  21.4 -42.1
19731025.416   2343700 0   13   61   17   78 0.917  79.5 167.4  11.6 -67.0
19731025.416   2343800 2    3   22    2   12 0.334 304.1 251.1  15.5  16.7
19731025.416   2343900 0    6   47   17  123 0.980  74.6 154.9  16.0 -79.5
19731026.386   2343500 2  175 1279   98  716 0.446 131.3 201.5 -12.6 -20.1
19731026.386   2343600 0    6   23    4   14 0.545  57.4 192.1  21.3 -29.5
19731026.386   2343700 0   12   81   11   69 0.807  79.4 167.6  11.4 -54.0
19731026.386   2343800 2    5   13    3    8 0.499 292.6 250.1  15.3  28.5
19731026.386   2343900 0   19   70   25   89 0.917  74.6 154.7  16.0 -66.9
19731027.397   2343500 2  211 1566  112  829 0.324 159.5 201.6 -13.0  -6.7
19731027.397   2343600 0    7   33    4   18 0.394  42.2 191.8  21.5 -16.5
19731027.397   2343700 0   18  116   12   77 0.650  77.7 167.9  11.6 -40.4
19731027.397   2343900 0   19  127   17  109 0.808  73.6 154.5  16.0 -53.8
19731028.423   2343500 2  183 1365   97  722 0.322 200.3 201.4 -13.0   6.6
19731028.423   2343600 0    3   15    2    8 0.308  11.2 191.1  22.2  -3.7
19731028.423   2343700 0   28  164   16   93 0.465  73.8 167.7  11.6 -27.1
19731028.423   2343900 0   27  178   18  119 0.658  71.2 154.5  15.8 -40.3
19731028.423   2344000 0    0    4    0   16 0.991  85.7 112.2   4.9 -82.6
19731029.417   2343500 2  156 1011   88  567 0.449 227.8 201.7 -13.3  20.0
19731029.417   2343700 0   21  203   11  106 0.272  61.3 167.6  11.9 -14.1
19731029.417   2343900 7   17  117   10   67 0.480  65.3 154.8  15.6 -26.9
19731029.417   2344000 0    0   15    0   20 0.919  88.2 114.8   3.4 -66.9
19731029.417   2344100 0    0    7    0    4 0.346 159.5 174.5 -14.4  -7.2
19731029.417   2344200 7    1   13    1    8 0.574  60.1 149.6  20.5 -32.1
19731030.555   2343500 2  103  692   67  447 0.629 242.1 201.6 -13.5  34.9
19731030.555   2343700 0   17  164    9   83 0.126 352.2 167.7  11.6   1.0
19731030.555   2343900 7    3   32    2   17 0.270  44.8 155.3  15.4 -11.4
19731030.555   2344000 0    4   24    4   20 0.789  89.1 114.5   3.4 -52.2
19731030.555   2344100 0    1   19    1   10 0.288 193.7 170.7 -11.8   4.0
19731030.555   2344200 7    1   74    1   40 0.358  42.9 151.7  19.5 -15.0
19731030.555  16070100 0    0    8    0    5 0.524 222.9 188.8 -18.5  22.1
19731030.555  16070200 0    0    1    0    1 0.405 211.5 179.4 -15.9  12.7
19731031.312   2343500 2   67  473   51  357 0.745 247.5 201.8 -13.5  45.1
19731031.312   2343700 0   15  146    8   75 0.225 303.0 167.8  11.3  11.1
19731031.312   2343900 7    0    1    0    1 0.251  21.7 151.1  17.8  -5.6
19731031.312   2344000 0    4   16    3   11 0.671  90.5 114.5   2.9 -42.2
19731031.312  16070300 0    1    6    1    4 0.526 218.7 177.2 -20.2  20.5
197311 1.394   2343500 2   36  296   41  329 0.892 252.5 203.4 -13.5  61.0
197311 1.394   2343700 0   17  111   10   62 0.441 287.4 167.8  11.4  25.4
197311 1.394   2344000 0    1    8    1    5 0.477  92.6 113.9   2.5 -28.5
197311 2.432   2343500 0   21  147   42  286 0.965 255.0 202.1 -13.3  73.4
197311 2.432   2343700 0    9   68    6   44 0.630 283.0 167.5  11.4  38.8
197311 2.432   2344000 0    0    1    0    1 0.280  87.0 112.4   4.8 -16.3
197311 2.432   2344300 7   13   49    8   29 0.508 239.6 155.2 -11.2  26.5
197311 3.356   2343700 0    8   50    7   40 0.776 281.2 167.4  11.2  50.9
197311 3.356   2344300 7    8   39    6   27 0.674 249.3 156.4 -10.7  39.9
197311 4.292   2343700 0    1   14    2   16 0.892 280.9 167.5  11.5  63.3
197311 4.292   2344300 7    0    2    0    2 0.790 251.9 154.3 -11.7  50.1
197311 4.292  16070400 0    0    2    0    3 0.927 253.6 170.4 -13.6  66.2
197311 5.420   2343700 0    0    8    0   41 0.994 276.1 173.6   6.5  84.3
19731111.468  16070500 0    0    1    0    1 0.188 173.1   8.3  -7.6  -1.3
19731113.415   2344400 4   10   60   17  101 0.953  76.8 271.4  13.5 -72.6
19731114.410   2344400 4   16  135   17  136 0.866  75.9 271.0  13.6 -59.8
19731115.394   2344400 4   18  116   14   86 0.736  73.9 271.1  13.6 -46.7
19731116.469   2344400 4   34  153   21   92 0.553  69.2 271.6  13.5 -32.1
19731117.435   2344400 4   18  150   10   82 0.398  60.1 270.1  13.7 -20.8
19731118.392   2344400 4   15   83    8   43 0.243  36.2 269.8  13.6  -8.5
19731118.392   2344500 7    1    8    4   17 0.968 102.1 203.6 -11.1 -74.7
19731119.460   2344400 4    5   38    3   20 0.234 327.7 271.6  13.6   7.4
19731119.460   2344500 7    0    6    0    7 0.865 104.5 205.5 -11.4 -58.7
19731119.460   2344600 7    0    7    0    4 0.177   8.3 262.7  12.3  -1.5
19731120.416   2344400 4    1   20    1   11 0.385 301.1 271.5  13.4  19.8
19731120.416   2344600 7    0    5    0    3 0.236 326.5 259.4  13.4   7.7
19731121.426   2344600 7    1   19    1   11 0.432 296.8 261.6  13.0  23.3
19731121.426   2344700 7    0   11    0    6 0.237 148.2 231.0  -9.7  -7.3
19731121.426   2344800 1    2   37    9  157 0.992 100.3 156.0 -10.0 -82.3
19731122.385   2344600 7    1   15    1   10 0.616 288.9 262.4  13.0  36.7
19731122.385   2344700 7    0    5    0    3 0.236 215.1 233.6  -9.3   7.9
19731122.385   2344800 1   33  307   56  512 0.952 101.5 154.2 -10.4 -71.5
19731123.542   2344600 7    2    6    2    5 0.782 284.5 261.2  12.4  50.8
19731123.542   2344700 4   23  139   13   77 0.425 242.1 232.8  -9.9  22.4
19731123.542   2344800 1  100  683   94  639 0.843 103.5 154.0 -10.4 -56.4
19731124.310   2344500 7    0    3    0    2 0.226 194.0 203.5 -11.1   3.2
19731124.310   2344600 7    0    1    0    2 0.883 284.7 261.8  13.7  61.5
19731124.310   2344700 4   16   96   10   58 0.557 249.5 232.3  -9.9  32.0
19731124.310   2344800 1  140  735  104  543 0.733 105.9 154.5 -10.5 -45.8
19731125.415   2344700 4    4   36    3   27 0.733 254.8 231.6 -10.1  45.9
19731125.415   2344800 1  121  907   72  539 0.536 111.7 155.3 -10.2 -30.4
19731126.433   2344500 7   11   69    7   42 0.558 248.5 204.2 -10.7  31.9
19731126.433   2344800 1   82 1086   44  578 0.338 123.6 155.7  -9.5 -16.6
19731126.433   2344900 4   15  108    8   56 0.238 289.7 185.3   5.9  13.0
19731126.433  16080100 0    2   26    4   43 0.951 255.5 243.5 -13.4  71.2
19731127.431   2344500 7   12   66   10   52 0.763 255.1 207.8 -10.5  48.6
19731127.431   2344800 1  105  804   54  410 0.193 162.4 155.8  -9.4  -3.4
19731127.431   2344900 4   38  156   22   89 0.478 279.1 187.5   5.4  28.3
19731127.431  16080200 0    0    6    0    6 0.839 258.2 215.5  -9.2  56.3
19731128.306   2344500 7    6   36    6   36 0.865 257.7 206.7 -10.1  59.1
19731128.306   2344800 1   66  693   34  357 0.236 219.1 156.3  -9.5   8.7
19731128.306   2344900 4   15  157   10  105 0.660 277.4 188.7   5.7  41.1
19731129.392   2344500 7    6   28   10   46 0.950 259.5 204.7  -9.7  71.3
19731129.392   2344800 7   90  841   50  463 0.413 244.4 155.6  -9.4  22.2
19731129.392   2344900 4   21  210   20  192 0.834 275.8 189.8   5.4  56.4
19731129.392   2345000 7   22   96   16   69 0.713 256.9 178.0  -8.6  44.6
19731130.299   2344800 7   97  630   60  389 0.584 252.7 155.7  -9.3  34.4
19731130.299   2344900 4   14  106   21  155 0.939 275.3 191.1   5.3  69.8
19731130.299   2345000 7   18  117   18  112 0.849 259.3 178.9  -8.6  57.6
197312 1.460   2344800 7   42  360   34  285 0.772 256.8 155.8  -9.7  49.7
197312 1.460   2345000 7   10   49   28  130 0.981 260.9 184.8  -8.8  78.7
197312 2.440   2344800 7   19  156   21  172 0.890 257.3 155.3 -11.0  62.2
197312 3.111   2344800 7   31  196   51  314 0.948 255.8 155.2 -13.3  70.8
197312 4.501  16080300 0    0    4    0    4 0.848  73.5   9.0  14.1 -57.0
197312 8.510   2345100 0   10   51   14   71 0.930  86.8 304.8   2.9 -68.4
197312 9.348   2345100 0    6   50    6   48 0.849  86.6 304.1   2.7 -58.0
19731210.471   2345100 0   13   62    9   43 0.679  86.0 304.6   2.4 -42.7
19731211.920   2345100 0   11   60    7   37 0.571  84.3 304.4   2.8 -34.7
19731212.301   2345100 0   13   49    7   26 0.315  80.5 305.1   2.3 -18.1
19731213.483   2345100 0    7   27    4   14 0.065  38.0 305.3   2.1  -2.3
19731214.517   2345100 0    7   45    4   23 0.199 285.0 305.2   2.0  11.1
19731215.488   2345100 0    3   12    2    7 0.408 277.1 305.1   1.9  23.9
19731215.488   2345200 0    4   20   17   86 0.992  82.9 198.6   6.9 -82.6
19731216.294   2345100 0    1    9    1    6 0.567 275.0 305.0   1.8  34.4
19731216.294   2345200 0   10   61   17  104 0.953  82.1 198.5   7.2 -72.1
19731216.294   2345300 5    3   27   20  139 0.994 107.6 186.7 -17.6 -83.9
19731217.492   2345100 0    3   12    3   10 0.766 273.4 304.7   1.7  49.9
19731217.492   2345200 0   15   72   14   66 0.831  80.4 199.1   7.2 -55.7
19731217.492   2345300 5   17   92   26  136 0.939 109.6 185.6 -18.8 -69.2
19731218.514   2345100 0    1    8    2   10 0.894 272.5 304.7   1.6  63.3
19731218.514   2345200 0   10   84    7   58 0.681  77.6 199.3   7.3 -42.1
19731218.514   2345300 5   21  129   19  116 0.827 111.4 187.1 -18.4 -54.3
19731218.514   2345400 7    1   10    1    6 0.520 113.6 212.1 -13.3 -29.3
19731219.552   2345200 0   19   97   11   56 0.489  71.5 199.8   7.5 -27.9
19731219.552   2345300 5   42  287   28  188 0.643 116.2 190.4 -17.8 -37.3
19731219.552   2345400 7    3   17    2    9 0.316 126.9 212.7 -12.5 -15.0
19731220.282   2345200 0   14   84    8   45 0.352  62.2 199.8   7.8 -18.3
19731220.282   2345300 5   63  465   37  270 0.506 123.1 191.7 -17.6 -26.4
19731220.282   2345400 7    7   35    4   18 0.221 170.7 216.0 -14.3  -2.1
19731221.298   2345200 0   17   78    9   40 0.185  26.6 199.9   7.7  -4.8
19731221.298   2345300 5  109  911   58  483 0.327 146.2 193.7 -17.6 -11.0
19731221.298   2345400 7    3   22    2   12 0.297 223.2 216.8 -14.3  12.1
19731221.298  16090100 0    0    8    0    5 0.512 131.9 180.5 -21.7 -24.2
19731222.420   2345200 0   11   77    6   40 0.238 314.2 199.8   7.6   9.9
19731222.420   2345300 5  164 1173   86  613 0.287 195.4 194.5 -18.0   4.6
19731222.420  16090200 0    1    9    1    5 0.396 247.3 211.7 -10.6  21.8
19731223.311   2345200 0   11   45    6   25 0.400 294.2 199.7   7.5  21.6
19731223.311   2345300 5  160 1143   87  620 0.384 223.0 194.1 -18.3  16.0
19731223.311   2345400 7    4   32    3   20 0.577 244.8 211.0 -16.0  32.9
19731223.311   2345500 2    6   31    4   18 0.503 249.7 206.9 -11.9  28.8
19731223.311  16090300 0    0    1    0    1 0.337 244.6 196.1 -10.3  18.0
19731224.446   2345200 0    4   30    3   19 0.610 285.3 199.6   7.5  36.4
19731224.446   2345300 5  146  954   89  582 0.570 240.1 194.6 -18.4  31.4
19731224.446   2345400 4   22  137   18  110 0.776 251.6 213.1 -15.6  49.9
19731224.446   2345500 0    0    8    0    6 0.714 256.2 208.2 -11.4  45.0
19731224.446  16090400 0    0   21    0   12 0.445 259.4 189.3  -6.7  26.1
19731225.328   2345200 0    3   22    3   17 0.751 282.0 199.4   7.4  47.8
19731225.328   2345300 5  114  789   82  566 0.714 246.6 195.2 -18.2  43.6
19731225.328   2345400 4   25  291   28  322 0.890 254.1 214.1 -15.2  62.5
19731225.328   2345600 7    1   21    1   13 0.578 255.9 186.3 -10.0  34.7
19731226.289   2345200 0    3   16    4   17 0.877 279.9 199.6   7.5  60.6
19731226.289   2345300 5   76  481   72  453 0.845 250.4 195.7 -17.8  56.7
19731226.289   2345400 4   18  133   40  284 0.970 255.2 215.2 -15.0  76.2
19731226.289   2345600 7    2   11    2    8 0.719 258.0 184.6 -10.3  45.6
19731227.349   2345200 0    0    2    0    4 0.967 278.1 199.8   7.2  74.8
19731227.349   2345300 5   56  344   88  536 0.946 252.0 195.9 -17.9  70.9
19731227.349   2345600 7    0    1    0    2 0.880 262.2 186.7  -8.1  61.7
19731228.269   2345300 5   15  115   63  458 0.991 252.6 195.7 -17.6  82.9
19731228.269   2345600 7    0    1    0    4 0.973 262.2 189.6  -8.2  76.8
