1976 112.460   2368000 7    1   19    1   12 0.593 261.3  34.1  -8.7  36.4
1976 112.460   2368100 5   14   97   26  172 0.957 100.6 284.0 -11.4 -73.7
1976 113.421   2368000 7    2   17    2   13 0.746 262.3  33.4  -8.7  48.4
1976 113.421   2368100 5   79  411   82  425 0.872 100.3 284.0 -11.2 -61.0
1976 114.281   2368000 7    2   12    2   12 0.861 263.4  33.4  -8.0  59.7
1976 114.281   2368100 5   72  706   57  556 0.769 100.5 283.3 -11.0 -50.4
1976 115.471   2368100 5   82  751   50  457 0.566 102.7 283.8 -11.0 -34.2
1976 116.281   2368100 5   70  671   39  369 0.412 106.8 283.7 -11.2 -23.7
1976 117.331   2368100 5   78  595   40  304 0.196 125.2 284.1 -11.3  -9.4
1976 118.413   2368100 5   94  644   48  326 0.144 216.4 284.3 -11.6   5.0
1976 119.575   2368100 5   27  398   15  214 0.364 250.5 284.5 -11.7  20.5
1976 120.581   2368100 5   28  423   17  257 0.564 256.8 284.8 -11.7  34.1
1976 121.419   2368100 5   23  187   17  134 0.711 258.3 285.1 -12.0  45.4
1976 122.568   2368100 5   18  203   19  206 0.867 259.2 285.1 -12.0  60.5
1976 123.397   2368100 5    8   62   13   95 0.943 259.3 284.9 -11.9  71.2
1976 127.428   2368200 0    1    9    1    5 0.098  83.7 155.0  -5.1  -5.6
1976 129.540   2368200 0    1    9    1    5 0.406 274.4 156.7  -3.6  23.9
1976 130.434   2368200 0    4   24    3   15 0.580 272.5 156.5  -3.4  35.5
1976 131.302   2368200 0    0    2    0    2 0.734 271.2 156.9  -3.2  47.3
1976 213.588   2368300 4   23  147   12   74 0.100 149.1 291.6 -11.7  -3.0
1976 214.356   2368300 4   15   92    8   47 0.146 234.9 291.6 -11.6   7.0
1976 215.306   2368300 4   11   94    6   50 0.339 255.7 291.6 -11.3  19.6
1976 215.306  16380100 0    0    1    0    1 0.698 304.2 309.3  17.7  37.3
1976 216.294   2368300 4    9   44    6   27 0.555 261.1 292.9 -10.7  33.9
1976 217.331   2368300 4    4   31    3   23 0.734 261.8 293.1 -10.7  47.7
1976 217.331   2368400 7    0    2    0    5 0.975  91.5 168.1  -3.0 -77.3
1976 218.900   2368300 4    2    6    2    6 0.846 261.9 293.8 -10.6  58.4
1976 218.900   2368400 7    2   11    3   15 0.916  91.2 168.8  -3.9 -66.6
1976 219.517   2368300 4    0    2    0    4 0.953 258.8 290.0 -12.8  73.4
1976 219.517   2368400 7    4   46    3   33 0.713  87.4 171.1  -3.1 -45.5
1976 220.354   2368400 7    4   38    3   24 0.607  86.7 168.1  -3.6 -37.4
1976 221.476   2368400 7    3   34    2   18 0.326  78.9 172.1  -3.1 -18.7
1976 3 6.418   2368500 7    6   47    4   30 0.610 273.7  44.7  -3.5  37.6
1976 3 7.594   2368500 7    4   36    4   32 0.816 269.5  46.6  -4.6  54.9
1976 3 7.594   2368600 0    2    8    2    6 0.731 265.4  39.1  -8.3  47.4
1976 3 8.391   2368500 7    2   12    3   15 0.901 268.0  45.9  -4.9  64.7
1976 3 8.391   2368600 0    0    4    0    4 0.843 265.2  39.2  -7.9  58.0
1976 3 9.470   2368700 7    5   41    4   28 0.665 134.1 292.0 -33.6 -35.0
1976 310.397   2368700 7    8   72    5   44 0.560 145.0 291.9 -34.0 -22.8
1976 311.650   2368700 7    7   69    4   39 0.464 166.9 290.9 -34.0  -7.3
1976 312.374   2368700 7   10   76    6   43 0.453 184.6 291.1 -34.0   2.5
1976 313.350   2368700 7   12   94    7   55 0.506 202.2 289.3 -34.9  13.5
1976 313.350   2368800 0    1    9    1    5 0.363 256.6 296.9 -11.5  21.1
1976 314.313   2368700 7    6   61    4   38 0.593 216.5 288.6 -35.0  25.5
1976 314.313   2368800 0    3   27    2   16 0.510 259.5 293.9 -11.5  30.8
1976 315.302   2368700 7    2   12    2    9 0.704 223.5 287.2 -36.5  37.1
1976 315.302   2368800 0    1    5    1    4 0.682 260.5 293.5 -11.7  43.4
1976 316.303   2368900 4    1    8    1    6 0.664  74.7 196.8   4.7 -40.0
1976 317.644   2368900 4   80  418   45  233 0.437  63.6 196.1   4.7 -23.1
1976 317.644   2369000 3    7   37    4   21 0.471  92.7 190.9  -7.5 -28.3
1976 318.302   2368900 4   98  657   52  347 0.318  52.3 195.9   4.4 -14.6
1976 318.302   2369000 3    5   33    3   18 0.338  93.2 190.6  -7.7 -19.9
1976 319.554   2368900 4  123  768   63  393 0.206 345.3 197.0   4.5   3.0
1976 319.554   2369000 3   13   83    7   42 0.047  94.2 191.3  -7.2  -2.7
1976 320.435   2368900 4  141  936   75  496 0.329 305.5 198.0   4.3  15.6
1976 320.435   2369000 3    3   43    2   22 0.160 269.3 191.7  -7.0   9.3
1976 321.363   2368900 4  197 1171  115  684 0.516 289.4 199.3   3.8  29.2
1976 321.363   2369000 3    1   18    1   10 0.320 264.0 188.9  -8.5  18.8
1976 322.432   2368900 4  126  847   92  614 0.722 282.2 201.0   3.9  45.0
1976 323.379   2368900 4   88  647   86  626 0.853 278.7 201.3   3.8  57.7
1976 324.374   2368900 4   64  355  107  587 0.953 276.4 202.0   4.0  71.6
1976 324.374   2369100 1    4   42   32  334 0.997  97.4  43.6  -7.8 -86.8
1976 325.489   2369100 1   83  419  142  715 0.955  95.4  42.5  -7.1 -73.3
1976 326.820   2369100 1  159  688  189  813 0.904  95.6  42.6  -7.9 -65.3
1976 326.820   2369200 7    1   19    1   10 0.280 262.4 124.2  -8.6  16.3
1976 327.399   2369100 1  161 1232  119  906 0.730  94.0  43.3  -7.5 -47.3
1976 327.399   2369200 7    6   46    4   28 0.550 264.3 124.2  -8.7  33.6
1976 327.399   2369300 4    6   50    4   32 0.603 288.9 125.6   5.8  35.0
1976 328.395   2369100 1  141 1546   86  937 0.561  93.1  43.0  -7.2 -34.4
1976 328.395   2369300 4   12   94   10   74 0.766 283.5 125.9   5.9  48.5
1976 329.365   2369100 1  219 1374  118  739 0.367  94.3  43.0  -7.7 -21.7
1976 329.365   2369300 4    9   48   10   54 0.890 279.6 126.5   5.5  61.8
1976 330.359   2369100 1  175 1355   89  686 0.154  99.4  42.7  -7.9  -8.8
1976 330.359   2369300 4    2    8    4   15 0.954 278.2 123.1   5.8  71.6
1976 331.538   2369100 1  214 1221  108  615 0.117 256.5  42.6  -8.0   6.6
1976 4 1.775   2369100 1  255 1276  139  695 0.393 265.2  43.0  -7.8  23.3
1976 4 2.359   2369100 1  179 1046  104  606 0.505 264.6  42.4  -8.2  30.5
1976 4 3.421   2369100 1  113  839   79  586 0.697 264.6  42.4  -8.3  44.5
1976 4 4.384   2369100 1   90  634   83  581 0.836 264.5  42.4  -8.0  57.2
1976 4 5.358   2369100 1   48  382   70  556 0.937 263.8  42.6  -7.9  70.2
1976 4 6.356   2369100 1   29  123  116  490 0.991 262.4  42.3  -8.3  83.1
1976 4 9.549   2369400 1   37  185   58  286 0.944  84.2 206.8   3.5 -70.2
1976 410.439   2369400 1   57  291   56  284 0.856  82.6 207.1   3.3 -58.2
1976 411.404   2369400 1   64  362   47  262 0.721  79.8 207.3   3.3 -45.3
1976 411.404  16400100 0    0   11    0    7 0.599 105.4 216.1 -13.8 -36.5
1976 412.422   2369400 1   75  496   45  295 0.537  75.1 207.8   3.1 -31.3
1976 413.354   2369400 1   89  515   48  276 0.353  65.6 208.0   3.1 -18.8
1976 414.441   2369400 1  104  555   53  282 0.167  27.9 208.0   3.0  -4.5
1976 414.441   2369500 1   11   79   22  156 0.966  83.7 138.1   4.6 -74.4
1976 415.372   2369400 1   98  509   50  260 0.195 317.5 207.8   2.9   7.6
1976 415.372   2369500 1   22  140   25  157 0.893  82.1 137.7   4.6 -62.5
1976 416.103   2369400 1   92  465   49  247 0.333 294.3 208.3   2.8  17.7
1976 416.103   2369500 1   27  198   23  166 0.800  80.0 138.4   4.7 -52.2
1976 417.548   2369400 1   59  392   38  249 0.614 280.9 208.6   2.5  37.1
1976 417.548   2369500 1   31  224   19  135 0.554  73.7 139.3   4.5 -32.2
1976 417.548   2369600 7    2   16    2   12 0.737  97.9 123.8  -9.4 -47.7
1976 418.438   2369400 1   55  336   43  260 0.761 277.5 208.7   2.3  49.0
1976 418.438   2369500 1   40  256   22  139 0.385  64.5 139.3   4.7 -20.4
1976 418.438   2369600 7    9   68    6   42 0.581  99.8 124.2  -9.9 -35.5
1976 419.513   2369400 1   33  214   38  241 0.894 274.9 208.6   2.1  63.1
1976 419.513   2369500 1   33  266   17  136 0.198  31.1 139.6   4.7  -5.9
1976 419.513   2369600 7    3   48    2   26 0.343 104.1 125.8  -9.6 -19.7
1976 420.351   2369400 1   22  126   42  237 0.963 273.1 208.5   1.6  74.1
1976 420.351   2369500 1   43  253   22  129 0.191 331.8 139.6   4.7   5.2
1976 420.351   2369600 7    1   43    1   22 0.179 115.8 125.0  -9.4  -9.4
1976 421.332   2369500 1   29  224   16  120 0.355 297.6 139.8   4.8  18.4
1976 421.332   2369600 7    0    5    0    3 0.106 213.3 124.8 -10.0   3.4
1976 421.332   2369700 1    8   74   24  203 0.982  98.9  41.7  -9.6 -79.7
1976 421.332  16400200 0    0    2    0    2 0.740 268.8 169.3  -4.2  47.9
1976 422.324   2369500 1   33  184   20  110 0.540 286.5 139.7   4.7  31.3
1976 422.324   2369700 1   29  189   37  242 0.919  98.4  41.2  -9.6 -67.2
1976 423.368   2369500 1   31  160   23  117 0.725 281.2 140.1   4.8  45.5
1976 423.368   2369600 7    0   12    0    7 0.505 263.6 125.0  -7.3  30.4
1976 423.368   2369700 1   44  246   37  206 0.799  98.3  41.3  -9.5 -53.3
1976 424.398   2369500 1   20  130   20  130 0.864 278.3 140.1   4.8  59.1
1976 424.398   2369700 1   62  357   41  233 0.640  99.6  41.2  -9.7 -39.8
1976 424.398  16400300 0    2   11    2   10 0.809 265.1 135.2  -6.7  54.2
1976 425.413   2369500 1    6   64   12  112 0.956 276.4 140.0   4.8  72.5
1976 425.413   2369700 1   32  329   18  185 0.451 102.8  41.0  -9.8 -26.5
1976 426.394   2369500 1    4   16   32  129 0.998 275.3 140.2   5.0  85.6
1976 426.394   2369700 1   46  417   24  216 0.254 112.5  40.8  -9.9 -13.8
1976 426.394   2369800 7    6   67    6   63 0.844  83.6 357.5   3.0 -57.1
1976 427.870   2369700 1   65  357   33  180 0.124 141.4  40.9  -9.9  -4.5
1976 427.870   2369800 7   14   56   11   42 0.734  82.1 358.7   2.8 -46.7
1976 428.351   2369700 1   81  389   42  200 0.229 243.2  40.7 -10.1  12.0
1976 428.351   2369800 7    8   49    5   29 0.514  78.1 358.5   2.4 -30.2
1976 429.353   2369700 1   62  583   35  325 0.440 257.3  41.3  -9.3  25.8
1976 430.460   2369700 1  153  919  101  605 0.648 261.2  41.3  -8.8  40.4
1976 5 1.427   2369700 1   76  563   64  472 0.799 262.1  41.3  -8.7  53.2
1976 5 2.378   2369700 1   30  248   39  319 0.920 262.2  42.7  -8.7  67.2
1976 5 3.512   2369700 1    8   70   23  187 0.981 260.7  39.8  -9.8  79.3
1976 5 3.512   2369900 7    1   26    1   16 0.539  66.7 290.4   9.1 -30.1
1976 5 4.325   2369900 7    1   12    1    7 0.384  54.0 291.4   9.6 -18.4
1976 5 5.574   2369900 7    3   25    2   13 0.220   7.2 291.6   9.1  -1.6
1976 5 5.574   2370000 1    4   49   17  185 0.991  88.7 211.1   0.8 -82.1
1976 5 5.574  16410100 0    0    2    0    3 0.938  88.1 223.5   0.6 -69.7
1976 5 6.322   2369900 7    1   21    1   11 0.269 328.0 291.7   9.8   8.3
1976 5 6.322   2370000 1   11   85   19  145 0.955  88.3 210.7   0.6 -72.7
1976 5 7.327   2370000 1   15  160   15  157 0.858  87.3 211.1   0.6 -59.0
1976 5 7.327  16410200 0    0    3    0    2 0.053   9.4 269.6  -0.3  -0.5
1976 5 8.434   2370000 1   25  201   18  142 0.700  86.0 211.1   0.5 -44.3
1976 5 9.317   2370000 1   33  226   20  135 0.540  84.8 211.3   0.2 -32.5
1976 510.373   2370000 1   37  247   20  131 0.322  80.6 211.3   0.2 -18.5
1976 511.335   2370000 1   41  256   21  129 0.113  61.8 211.4   0.2  -5.7
1976 511.335   2370100 2    2    8    5   21 0.976  83.1 140.0   6.1 -77.1
1976 512.590   2370000 1   27  266   14  136 0.198 283.8 211.6   0.0  11.1
1976 512.590   2370100 0    1   15    2   16 0.865  82.0 141.1   5.5 -59.4
1976 513.326   2370000 1   29  271   16  145 0.352 276.5 211.3  -0.2  20.5
1976 513.326   2370100 0    2   11    2    9 0.767  80.7 141.3   5.4 -49.5
1976 513.326   2370200 2    2   25   12  117 0.993 101.1 107.1 -11.3 -83.7
1976 514.374   2370000 1   36  189   22  115 0.567 273.3 211.4  -0.2  34.5
1976 514.374   2370100 0    1   14    1    9 0.596  76.8 141.2   5.8 -35.7
1976 514.374   2370200 2    2   31    3   43 0.928  99.8 108.7 -10.0 -68.2
1976 514.374  16410300 0    0    1    0    1 0.315  46.8 163.4  10.0 -13.5
1976 515.340   2370000 1   31  235   23  174 0.735 271.3 211.4  -0.7  47.3
1976 516.425   2370000 1   33  144   35  153 0.879 269.8 211.3  -1.3  61.5
1976 517.331   2370000 1    8   55   16  101 0.960 269.7 211.5  -0.9  73.7
1976 517.331  16410400 0    0    7    0    5 0.674 125.8 100.7 -25.0 -37.1
1976 517.331  16410500 0    0    2    0    2 0.738  77.9  91.1   7.4 -46.7
1976 518.333   2370300 0    2   16    3   24 0.941  96.7  54.3  -7.0 -70.3
1976 519.424   2370300 0    4   24    4   22 0.821  97.2  54.9  -7.0 -55.2
1976 520.327   2370300 0    2    8    2    6 0.682  98.5  55.3  -7.1 -42.8
1976 520.327   2370400 7    2    7    2    7 0.853  99.0  39.7  -8.6 -58.4
1976 520.327  16410600 0    0    9    0    5 0.322 241.4 114.8 -10.6  16.7
1976 521.478   2370300 0    0    5    0    3 0.464 102.3  55.8  -7.2 -27.2
1976 521.478   2370400 7    4   24    3   17 0.688 100.1  39.8  -8.2 -43.2
1976 522.321   2370400 7    5   30    3   18 0.542 103.3  39.6  -8.5 -32.2
1976 522.321   2370500 0    0   13    0    7 0.152  94.8  63.1  -2.3  -8.7
1976 523.397   2370500 0    0    7    0    4 0.133 255.3  64.9  -3.4   7.4
1976 523.397  16410700 0    0    5    0    3 0.298  95.3  40.2  -3.0 -17.3
1976 524.337   2370300 0    0    9    0    5 0.227 236.2  56.1  -8.6  11.0
1976 526.326   2370400 7    1    9    1    5 0.356 248.9  38.4  -8.4  19.6
1976 6 8.330   2370600 7    4   48    3   30 0.587 224.6 233.6 -24.3  26.9
1976 6 9.326   2370600 7    4   36    3   26 0.710 233.6 232.4 -24.5  38.9
1976 610.325   2370600 7    0    4    0    4 0.838 239.8 233.1 -24.5  52.8
1976 612.306   2370700 7    4   29    4   25 0.802 153.8 123.9 -45.2 -30.2
1976 613.419   2370700 7    0    5    0    4 0.759 163.3 121.2 -45.6 -18.2
1976 614.337   2370700 7    0    9    0    7 0.727 172.8 119.8 -45.0  -7.4
1976 614.337   2370800 4    2   15    5   33 0.970  87.3  51.3   2.9 -75.9
1976 615.339   2370700 7    0    4    0    3 0.725 184.2 118.2 -45.0   4.3
1976 615.339   2370800 4    9   64   11   75 0.902  87.4  49.4   2.9 -64.5
1976 616.244   2370800 4   14  129   12  105 0.787  86.9  50.1   3.3 -51.9
1976 617.349   2370800 4   60  395   38  249 0.605  87.2  50.1   2.9 -37.2
1976 618.326   2370800 4   56  468   31  257 0.408  87.3  50.3   2.6 -24.1
1976 619.247   2370800 4   66  348   34  178 0.203  85.2  50.5   2.7 -11.7
1976 620.122   2370800 4   31  201   16  101 0.013  32.4  50.2   2.5  -0.4
1976 621.340   2370800 4   15   84    8   44 0.289 273.1  51.3   2.8  16.8
1976 621.340   2370900 7   21   93   13   57 0.566 269.8  69.0   1.5  34.5
1976 622.394   2370800 4    1   16    1   10 0.541 272.8  53.3   3.3  32.8
1976 622.394   2370900 7   13   86   10   65 0.744 269.6  68.6   1.1  48.1
1976 622.394   2371000 1    6   31   11   51 0.949 118.8 312.2 -26.5 -68.3
1976 623.325   2370900 7    6   55    7   58 0.878 270.4  69.6   1.4  61.4
1976 623.325   2371000 1   23  123   23  123 0.862 122.5 314.0 -26.3 -54.2
1976 623.325  16420100 0    0    1    0    1 0.151 271.4  16.9   2.4   8.7
1976 624.337   2370900 7    0    2    0    5 0.972 269.6  71.3   0.2  76.4
1976 624.337   2371000 1   18  158   14  122 0.760 128.9 313.4 -26.8 -41.5
1976 624.337   2371100 0    1   13    1    8 0.497 263.7  24.5  -1.1  29.6
1976 625.342   2371000 1   15  140   10   91 0.631 139.4 314.2 -26.5 -27.3
1976 625.342   2371100 0    2   22    2   16 0.695 267.5  25.5   0.0  44.0
1976 626.374   2371000 1   23  184   14  109 0.529 156.2 314.0 -26.5 -13.8
1976 626.374   2371100 0    2    4    2    4 0.828 267.9  23.6  -0.3  55.8
1976 627.424   2371000 1   13  146    8   84 0.491 179.1 313.4 -26.7  -0.5
1976 628.363   2371000 1   25  195   15  115 0.523 198.6 312.3 -27.0  10.8
1976 628.363  16430100 0    0    2    0    3 0.910 294.7   5.9  23.6  64.4
1976 629.337   2371000 1   27  165   17  104 0.605 215.1 311.7 -27.0  23.0
1976 630.325   2371000 1   23  169   17  122 0.718 226.2 311.3 -27.4  35.7
1976 7 1.353   2371000 1   13  130   12  117 0.830 233.8 310.9 -27.3  48.9
1976 7 2.382   2371000 1    9   50   12   64 0.919 238.4 310.1 -27.3  61.8
1976 7 3.392   2371000 1    0    4    0   12 0.981 240.9 310.5 -27.7  75.5
1976 7 4.401   2371200 7    7   37    4   20 0.336 340.0 228.7  21.8   7.1
1976 7 5.384   2371200 7    1   25    1   14 0.441 317.7 227.3  22.4  18.7
1976 7 6.324   2371200 7    4   39    3   24 0.555 305.7 225.2  22.1  29.1
1976 7 6.324  16430200 0    0    8    0    6 0.677 226.2 228.7 -24.9  32.6
1976 7 7.325   2371200 7    0   11    0    8 0.708 298.2 225.3  22.3  42.4
1976 731.304  16440100 0    0    7    0    6 0.810 267.8 279.7   1.7  54.1
1976 8 1.378   2371300 1   18  128   64  457 0.989  74.1 128.4  16.5 -83.0
1976 8 2.443   2371300 1   63  405   87  551 0.928  74.8 128.4  16.3 -69.0
1976 8 2.443  16440200 0    1   15    1    8 0.291  90.5 180.4   5.6 -17.0
1976 8 3.601   2371300 1   95  625   81  528 0.803  74.1 128.4  16.4 -53.6
1976 8 4.337   2371300 1  131  840   92  589 0.699  72.9 128.2  16.3 -44.1
1976 8 5.327   2371300 1  148  994   87  584 0.522  69.1 128.7  16.1 -30.5
1976 8 6.331   2371300 1  180 1078   96  573 0.335  58.4 128.6  16.1 -17.3
1976 8 7.403   2371300 1  190 1060   97  539 0.176  18.9 128.4  15.9  -3.4
1976 8 8.356   2371300 1  165 1194   85  613 0.222 316.0 128.4  15.5   9.2
1976 8 9.335   2371300 1  157  950   86  519 0.400 294.4 128.4  15.5  22.2
1976 8 9.335   2371400 7    4   29    3   18 0.568  55.2  75.4  24.5 -30.8
1976 8 9.335   2371500 0    2    9    2    7 0.722 101.0  61.0  -3.4 -45.2
1976 810.333   2371300 1  104  927   65  575 0.587 287.9 128.6  15.7  35.5
1976 810.333   2371400 7    5   38    3   21 0.412  42.4  75.4  23.9 -17.7
1976 811.343   2371300 1  104  693   80  530 0.753 285.3 128.7  15.8  49.0
1976 811.343   2371400 7    7   53    4   28 0.307  11.7  75.8  24.0  -3.9
1976 812.343   2371300 1   67  442   72  470 0.880 284.3 128.8  15.7  62.4
1976 812.343   2371400 7    1   33    1   18 0.328 338.4  74.0  24.3   7.6
1976 812.343   2371500 0    0   13    0    7 0.183 154.1  61.8  -2.9  -4.6
1976 813.384   2371300 1   29  251   57  493 0.966 284.7 128.9  15.9  76.2
1976 813.384   2371400 7    7   46    4   26 0.458 315.2  73.6  25.2  20.9
1976 814.412   2371400 7    4   31    3   20 0.624 301.0  75.0  24.2  35.9
1976 815.413   2371600 7    1   21    1   11 0.202 149.4  20.0  -3.3  -5.9
1976 816.342   2371600 7   11   57    6   29 0.175 209.3  18.5  -2.0   4.9
1976 817.328   2371600 7   24  201   13  107 0.341 243.7  18.3  -2.2  17.8
1976 818.351   2371600 7   62  366   37  218 0.541 254.6  18.5  -2.4  31.5
1976 819.331   2371600 7   20  167   15  120 0.712 259.4  18.6  -2.6  44.5
1976 819.331   2371700 1    6   44   11   74 0.952 104.4 264.0 -11.4 -70.1
1976 820.337   2371600 7    9   70    9   68 0.853 263.2  18.7  -2.1  57.9
1976 820.337   2371700 1   11   84   11   82 0.855 108.0 264.7 -11.5 -56.1
1976 821.336   2371600 7    0    6    0   10 0.946 264.3  18.1  -3.1  70.5
1976 821.336   2371700 1   13   74   10   54 0.719 113.6 265.3 -11.6 -42.3
1976 822.384   2371700 1   11  131    7   79 0.553 123.5 265.7 -11.6 -28.1
1976 823.336   2371700 1   18  107   10   59 0.411 140.1 265.6 -11.6 -15.6
1976 824.331   2371700 1   24  123   13   65 0.323 169.9 264.7 -11.5  -3.3
1976 825.333   2371700 1    9   57    5   31 0.369 208.9 265.3 -11.9  10.5
1976 826.334   2371700 1    5   24    3   14 0.501 231.2 265.0 -11.8  23.5
1976 827.373  16450100 0    0    1    0    1 0.252 105.0 213.8   3.2 -14.1
1976 827.373  16450200 0    0    1    0    1 0.650 147.2 204.7 -26.6 -23.2
1976 828.322   2371800 1    1   20   11  114 0.995  74.0 129.0  16.5 -86.3
1976 828.322  16450300 0    0    5    0    3 0.161  39.9 209.2  14.2  -6.1
1976 829.320   2371800 1   38  136   64  225 0.951  74.9 128.8  16.5 -73.3
1976 830.690   2371800 1   57  231   51  204 0.821  75.0 128.2  16.4 -55.8
1976 831.478   2371800 1   68  384   48  270 0.700  73.7 129.1  16.5 -44.5
1976 9 1.333   2371800 1   72  388   44  236 0.565  71.2 128.4  16.5 -33.9
1976 9 1.333   2371900 3   20  121   19  115 0.847 288.3 220.7  19.3  58.4
1976 9 2.311   2371800 1   71  453   39  246 0.388  64.4 128.0  16.4 -21.4
1976 9 2.311   2371900 3   10   76   16  117 0.944 288.6 221.5  19.9  72.1
1976 9 3.330   2371800 1   70  457   36  234 0.205  40.1 128.0  16.2  -7.9
1976 9 4.465   2371800 1   84  533   43  272 0.196 320.7 128.3  15.9   7.4
1976 9 5.406   2371800 1   70  398   38  214 0.361 296.2 128.2  16.0  19.7
1976 9 5.406  16450400 0    1    9    1    5 0.382  93.4  86.0   5.4 -22.5
1976 9 6.344   2371800 1   67  368   40  219 0.540 288.3 128.3  15.9  32.2
1976 9 7.325   2371800 1   49  307   35  218 0.706 285.4 128.3  16.0  45.1
1976 9 8.334   2371800 1   38  249   36  235 0.846 284.3 128.3  15.9  58.5
1976 9 9.345   2371800 1   22  163   34  246 0.942 284.2 128.1  15.8  71.6
1976 9 9.345   2372000 4    1   24    1   16 0.646 134.8  27.1 -20.8 -29.4
1976 910.347   2371800 1    8   49   33  184 0.991 284.9 127.2  15.6  84.0
1976 910.347   2372000 4   27  279   16  163 0.515 151.8  28.2 -20.0 -15.0
1976 911.329   2372000 4   53  528   30  299 0.466 174.0  27.3 -20.4  -3.0
1976 912.388   2372000 4   65  325   38  188 0.501 203.5  28.6 -20.3  12.3
1976 912.388   2372100 7    1   18    1   11 0.572 206.8  32.7 -23.8  16.4
1976 913.830   2372000 4   22  168   14  103 0.569 218.5  29.3 -19.8  22.1
1976 913.830   2372100 7    0    6    0    4 0.634 216.1  31.4 -24.3  24.2
1976 914.660   2372000 4   18   56   15   45 0.777 236.9  30.1 -20.0  43.8
1976 915.870   2372000 4    4   39    4   36 0.837 242.2  32.1 -18.6  51.4
1976 916.324  16460100 0    2   15    3   18 0.907 240.0  23.2 -23.4  58.9
1976 917.419   2372200 7   11   42    9   34 0.782 112.1 262.0 -12.4 -47.9
1976 918.425   2372200 7    4   14    3    9 0.603 119.7 264.3 -11.4 -32.3
1976 919.636   2372200 7    0   37    0   21 0.425 136.4 263.2 -11.2 -17.4
1976 919.636  16460200 0    0   29    0   15 0.203  15.1 277.4  18.4  -3.2
1976 925.419   2372300 0    6   43   18  111 0.980 118.1 130.7 -25.7 -73.6
1976 925.419   2372400 1   14   94   27  176 0.962  75.4 128.8  15.9 -75.5
1976 926.951   2372300 0   23   90   25   98 0.885 124.6 129.7 -26.3 -54.4
1976 926.951   2372400 1   33  145   29  125 0.812  76.1 129.3  15.3 -54.8
1976 927.346   2372300 0   15  114   15  108 0.847 126.9 129.8 -26.2 -49.0
1976 927.346   2372400 1   28  181   22  139 0.756  75.8 129.4  15.2 -49.4
1976 928.333   2372300 0   26  191   20  145 0.750 134.6 129.3 -26.4 -36.6
1976 928.333   2372400 1   33  242   21  151 0.596  73.4 129.6  15.3 -36.3
1976 929.341   2372300 0   32  178   21  117 0.643 146.2 129.0 -26.2 -23.5
1976 929.341   2372400 1   32  251   18  138 0.411  66.8 129.4  15.5 -23.1
1976 929.341   2372500 7    0    5    0    3 0.465 320.0 172.1  27.2  19.6
1976 930.554   2372300 0   26  185   16  112 0.557 166.4 128.1 -26.2  -8.4
1976 930.554   2372400 1   31  285   16  146 0.205  39.6 128.7  15.7  -7.8
1976 930.554   2372500 7    1   10    1    7 0.623 309.9 169.7  29.2  33.2
197610 1.389   2372300 0   28  202   17  121 0.542 185.0 128.5 -26.1   3.0
197610 1.389   2372400 1   45  303   23  154 0.172 338.8 129.2  15.8   3.7
197610 1.389   2372600 2   12   87    7   49 0.444 352.2 129.6  32.7   4.1
197610 2.337   2372300 0   17  155   11   96 0.583 204.2 128.4 -25.8  15.4
197610 2.337   2372400 1   32  264   17  139 0.311 302.7 128.8  16.0  15.8
197610 2.337   2372600 2   17  141   10   82 0.500 333.1 128.6  32.8  15.6
197610 3.365   2372300 0   19  196   13  134 0.678 219.8 128.3 -25.7  28.8
197610 3.365   2372400 1   39  294   23  171 0.506 290.9 129.0  16.1  29.5
197610 3.365   2372600 2   25  118   16   75 0.614 316.6 129.4  32.2  29.9
197610 4.344   2372300 0   17  122   14   99 0.783 229.4 127.9 -25.9  41.4
197610 4.344   2372400 1   21  222   15  152 0.678 286.5 129.0  15.9  42.5
197610 4.344   2372600 2    6   35    5   26 0.720 309.2 127.7  32.0  41.2
197610 5.456   2372300 0   15   74   17   84 0.894 236.8 128.0 -25.9  56.2
197610 5.456   2372400 1   17  125   16  116 0.839 284.9 129.3  16.0  57.5
197610 5.456   2372600 2    2   13    2   12 0.831 304.0 125.8  31.6  54.0
197610 6.598   2372300 0    8   57   18  118 0.969 240.9 127.5 -26.2  70.7
197610 6.598   2372400 1   13   77   21  121 0.947 284.5 129.0  15.7  72.2
197610 6.598   2372600 2    2   15    3   21 0.928 300.5 125.1  30.6  68.3
197610 7.415   2372300 0    2   10   16   80 0.997 240.6 127.9 -28.6  81.9
197610 7.415   2372400 1    4   26   15   89 0.989 285.1 128.8  15.8  82.8
197610 7.415   2372600 2    2    8    4   17 0.965 300.2 122.1  30.7  76.1
19761012.454   2372700 4    2   11    2   11 0.852 125.3 289.0 -25.8 -50.6
19761012.454   2372800 7    8   43   21  106 0.978 100.0 262.7  -8.5 -76.9
19761013.385   2372700 4    2   13    2   10 0.740 133.6 290.6 -26.0 -36.6
19761013.385   2372800 7    8   46   11   58 0.915 102.3 262.4  -8.8 -64.8
19761014.308   2372700 4   13  124    9   83 0.659 141.8 288.1 -26.1 -27.0
19761014.308   2372800 7   10   46    9   41 0.820 104.8 261.8  -8.7 -53.3
19761015.362   2372700 4   38  281   24  174 0.582 157.5 286.6 -27.0 -14.5
19761015.362   2372800 7    4   23    3   16 0.668 110.1 261.7  -8.9 -39.4
19761016.573   2372700 4   55  366   33  219 0.543 182.3 286.6 -27.2   1.4
19761016.573   2372800 7    0    6    0    4 0.503 126.0 260.6 -12.1 -24.6
19761017.394   2372700 4   70  360   43  220 0.569 197.5 285.5 -27.4  11.1
19761017.394   2372800 7    1   16    1    9 0.347 140.8 261.5 -10.2 -12.9
19761017.394   2372900 0    0    1    0    3 0.948 118.5 207.8 -24.8 -66.6
19761018.479   2372700 4   33  320   22  211 0.648 214.6 284.5 -27.3  24.5
19761018.479   2372800 7    1   36    1   19 0.265 188.6 262.3  -9.7   2.3
19761018.479   2372900 0    0    2    0    2 0.851 122.4 208.2 -23.8 -51.8
19761019.349   2372700 4   26  145   20  108 0.737 225.0 284.4 -27.1  35.8
19761019.349   2372800 7    0   11    0    6 0.361 220.1 262.3 -10.8  13.7
19761019.349   2372900 0    0   10    0    8 0.757 129.7 208.7 -24.8 -39.9
19761020.357   2372700 4    8   72    8   66 0.832 231.4 282.6 -27.8  47.3
19761020.357   2372800 7    5   41    3   24 0.514 241.7 262.6  -9.4  27.3
19761020.357  16470100 0    1   15    1    9 0.523 152.8 220.3 -22.6 -15.0
19761020.357  16470200 0    2   15    2   12 0.747  92.3 187.0   1.8 -48.3
19761021.324   2372800 7    4   41    3   28 0.672 249.5 262.2  -9.6  39.7
19761021.324  16470300 0    1    8    9   37 0.993 232.3 300.2 -36.5  77.7
19761022.307   2372800 7    0    8    0    7 0.815 253.7 262.2 -10.1  52.6
19761022.307   2373000 7    3   35    2   21 0.522  34.2 189.7  30.4 -19.9
19761023.363   2373000 7   34  369   19  203 0.415  11.4 190.2  29.0  -5.4
19761023.363   2373100 0    4   31   10   76 0.977 119.6 122.3 -27.5 -73.3
19761024.316   2373000 7   45  494   25  273 0.423 344.8 190.4  29.0   7.3
19761024.316   2373100 0    4   72    6   94 0.921 123.0 122.3 -27.8 -60.8
19761025.870   2373000 7  118  557   68  319 0.488 328.0 190.1  29.1  17.2
19761025.870   2373100 0   10   40   10   40 0.858 125.5 121.3 -26.9 -51.6
19761026.424   2373000 4   99  651   65  426 0.643 312.4 188.4  29.7  33.1
19761026.424   2373100 0    4   15    3   11 0.722 136.4 121.1 -27.6 -34.2
19761027.433   2373000 4   47  446   37  345 0.762 306.1 187.2  30.0  45.3
19761027.433   2373100 0    0   10    0    7 0.622 148.7 120.5 -27.8 -21.4
19761028.540   2373000 4   10  108   10  107 0.862 301.9 184.7  29.6  57.3
19761028.540   2373100 0    0    1    0    1 0.548 162.9 117.0 -27.1 -10.4
19761029.788   2373000 4   15   75   36  174 0.976 298.3 188.9  28.6  78.0
19761030.476   2373000 4    4   30   13   94 0.987 299.7 183.6  30.0  81.8
19761030.476  16470400 0    0    1    0    1 0.556 186.1 105.7 -29.2   3.9
19761031.417  16470500 0    0    1    0    1 0.668 196.5 102.9 -35.7  13.5
197611 1.289  16470600 0    0    3    0    3 0.790 202.3 102.2 -43.2  24.3
197611 2.576   2373100 0    0    8    0   10 0.900 233.5 117.8 -30.2  56.8
19761115.429  16480100 0    1    6    2    7 0.889 293.7 313.1  22.2  61.6
19761117.850   2373200 1    9   52   38  207 0.991  79.8 146.9  10.4 -82.8
19761118.296   2373200 1   18  192   24  244 0.916  78.9 147.3  11.1 -66.4
19761119.378   2373200 1   39  269   33  225 0.797  77.9 146.9  10.9 -52.5
19761120.358   2373200 1   41  334   27  218 0.640  75.4 147.4  10.8 -39.1
19761121.407   2373200 1   46  399   26  223 0.445  69.6 147.6  10.6 -25.1
19761122.290   2373200 1   65  439   34  229 0.282  56.3 147.3  10.7 -13.8
19761123.390   2373200 1   61  361   31  183 0.160 355.7 147.2  10.8   0.7
19761124.333   2373200 1   40  403   21  210 0.276 306.9 147.1  11.0  13.0
19761125.462   2373200 1   48  305   28  175 0.488 290.8 147.0  11.2  27.7
19761126.296   2373200 1   50  287   33  188 0.643 286.2 147.2  11.3  39.0
19761127.421   2373200 1   32  237   28  205 0.813 283.0 147.3  11.2  53.9
19761128.253   2373200 1   37  159   45  191 0.907 281.3 147.3  10.7  64.8
19761129.333   2373200 1    8   93   21  241 0.980 281.5 146.9  11.4  78.6
197612 6.433  16490100 0    0    4    0    6 0.940  58.8 267.8  29.1 -66.9
197612 7.531   2373300 5    2    8    2    7 0.813  82.1 266.1   6.3 -54.1
197612 8.395   2373300 5   14   92   10   64 0.687  80.5 265.8   6.3 -43.0
197612 8.395   2373400 7    7   62    4   35 0.446  25.3 296.8  23.5 -12.0
197612 9.423   2373300 5   26  217   15  125 0.488  77.3 266.7   5.8 -28.6
197612 9.423   2373400 7    0    9    0    5 0.428  16.4 287.7  23.8  -7.6
19761210.411   2373300 5   67  451   35  234 0.262  67.6 268.2   5.2 -14.1
19761211.474   2373300 5   91  523   46  263 0.095   1.0 268.2   4.8  -0.1
19761212.297   2373300 5   76  571   39  292 0.208 298.0 268.0   4.8  10.6
19761213.431   2373300 5   53  407   30  228 0.448 281.5 268.6   4.3  26.1
19761214.296   2373300 5   39  356   25  226 0.613 278.2 268.5   4.2  37.5
19761214.296   2373500 7   14  105    8   59 0.438 185.5 233.7 -26.9   2.7
19761214.296   2373600 1    4   35   15  134 0.990  77.9 149.5  11.8 -81.5
19761215.434   2373300 5   40  240   34  201 0.800 276.3 269.0   4.3  52.9
19761215.434   2373500 7   23  208   14  122 0.514 212.9 234.3 -26.7  18.2
19761215.434   2373600 1   26  113   36  157 0.931  76.7 148.3  11.9 -67.8
19761216.383   2373300 5   34  174   42  211 0.908 275.3 268.7   4.3  65.1
19761216.383   2373500 7   15  111   10   73 0.638 229.1 236.0 -25.8  32.4
19761216.383   2373600 1   33  192   30  174 0.832  75.1 148.4  11.6 -55.2
19761216.383   2373700 7    1   12    2   13 0.866 119.5 146.6 -26.0 -57.0
19761217.410   2373300 0   23  117   66  330 0.983 274.5 269.4   4.2  79.4
19761217.410   2373500 7   12   56   10   44 0.765 235.9 235.0 -26.4  45.0
19761217.410   2373600 1   50  210   35  146 0.691  70.9 148.1  12.0 -41.9
19761217.410   2373700 7    4   37    3   28 0.738 124.7 147.6 -25.9 -42.4
19761218.990   2373500 7    7   47    7   45 0.846 238.6 235.2 -27.1  54.2
19761218.990   2373600 1   50  231   31  142 0.578  67.1 148.1  11.7 -32.9
19761218.990   2373700 7    0    5    0    4 0.662 129.3 146.2 -26.1 -34.8
19761218.990  16490200 0    0    1    0    2 0.883  40.5 131.4  41.2 -49.6
19761219.900   2373500 7    5   33    8   46 0.929 242.5 234.4 -26.1  66.5
19761219.900   2373600 1   60  268   33  147 0.404  54.7 148.2  11.9 -19.7
19761220.377   2373600 1   46  313   24  161 0.236  10.4 148.4  11.6  -2.5
19761221.287   2373600 1   24  274   13  143 0.281 325.7 148.3  11.5   9.3
19761222.471   2373600 1   47  262   27  149 0.474 298.2 148.5  11.1  25.2
19761223.296   2373600 1   20  212   13  135 0.618 291.5 148.4  11.3  35.9
19761224.466   2373600 1   27  180   23  150 0.796 285.9 148.4  11.2  51.3
19761224.466   2373800 4   12   93   31  223 0.977 109.1  19.4 -19.1 -77.7
19761225.438   2373600 1   14  116   18  140 0.909 283.2 148.6  10.9  64.3
19761225.438   2373800 4   18  133   25  183 0.929 110.3  16.5 -19.7 -67.8
19761226.462   2373600 1    6   44   15  107 0.978 281.5 147.9  10.7  77.1
19761226.462   2373800 4   37  319   35  295 0.838 112.4  15.2 -20.1 -55.6
19761227.306   2373800 4   33  309   24  223 0.717 115.3  16.2 -19.8 -43.5
19761228.283   2373800 4   36  334   22  203 0.564 121.4  16.2 -19.5 -30.7
19761229.465   2373800 4   37  275   20  147 0.351 142.0  18.1 -18.9 -13.2
19761229.465  16490300 0    0    3    0    2 0.471  32.3  15.7  20.7 -15.6
19761230.101   2373800 0   51  247   27  129 0.283 167.9  19.3 -19.1  -3.6
19761231.870   2373800 0   51  251   27  133 0.321 209.7  19.6 -19.3   9.7
