1975 1 1.427   2360600 4   39  302   25  191 0.610 100.2 243.2  -8.8 -37.4
1975 1 1.427   2360700 0   10  105   10  103 0.858 281.0 338.8   7.7  58.2
1975 1 2.533   2360600 4   20  167   11   90 0.361 105.8 245.4  -8.8 -20.6
1975 1 2.533   2360700 0    5   32    9   50 0.942 279.5 335.7   7.8  69.7
1975 1 2.533   2360800 1    2    8    3   11 0.927  85.0 198.3   3.4 -67.7
1975 1 3.394   2360600 4   31  212   16  108 0.167 120.3 246.2  -8.3  -8.4
1975 1 3.394   2360700 0    2   23    7   81 0.988 278.7 335.2   8.0  80.6
1975 1 3.394   2360800 1    4   45    4   43 0.844  82.7 197.5   4.3 -57.1
1975 1 4.321   2360600 4   13  127    7   64 0.109 222.7 246.7  -8.2   4.3
1975 1 4.321   2360800 1   14   72   10   52 0.711  80.6 197.7   4.1 -44.7
1975 1 5.297   2360600 4   15   97    8   51 0.304 254.2 246.8  -8.3  17.2
1975 1 5.297   2360800 1   16  102   10   61 0.540  76.1 197.9   4.3 -31.7
1975 1 6.294   2360600 4    6   49    4   29 0.516 260.2 247.4  -8.3  30.9
1975 1 6.294   2360800 1    5   95    3   51 0.349  65.5 197.9   4.7 -18.6
1975 1 7.422   2360600 4    0    8    0    7 0.771 267.1 252.2  -4.7  50.6
1975 1 7.422   2360800 1    5   19    3   10 0.173  20.6 198.1   5.4  -3.5
1975 1 7.422   2360900 1   24  131   17   93 0.706 288.4 244.5  10.0  42.9
1975 1 8.483   2360800 1    7   48    4   25 0.249 313.4 198.1   5.9  10.5
1975 1 8.483   2360900 0   14  146   14  141 0.852 284.2 244.6   9.9  57.0
1975 1 8.483   2361000 0    4   35   16  142 0.991  75.8 106.4  13.5 -81.2
1975 1 9.142   2360800 1    7   50    4   27 0.352 294.6 197.6   4.5  18.7
1975 1 9.142   2360900 1    3   33    5   43 0.918 283.4 244.2  10.6  65.3
1975 1 9.142   2361000 0   11   94   25  197 0.970  74.5 104.5  13.9 -74.4
1975 110.317   2360800 1   20  172   13  107 0.591 284.1 198.6   4.8  35.1
1975 110.317   2361000 0   22  217   24  228 0.878  71.9 104.3  13.7 -59.2
1975 110.317  16230100 0    6   83    4   51 0.566 129.2 134.6 -24.7 -28.9
1975 111.401   2360800 1   15  158   12  126 0.776 280.0 199.3   5.0  50.1
1975 111.401   2361000 0   45  281   34  212 0.746  67.4 104.1  13.6 -45.1
1975 112.266   2360800 1   20  213   22  230 0.885 277.8 199.4   4.8  61.6
1975 112.266   2361000 0   37  307   24  195 0.614  61.2 104.2  13.5 -33.6
1975 112.266   2361100 0    0    6    0    5 0.785  81.3  86.7   4.0 -51.1
1975 113.392   2360800 1   10   63   26  153 0.977 275.8 200.3   4.7  77.3
1975 113.392   2361000 0   34  402   19  224 0.440  45.7 104.1  13.6 -18.9
1975 113.392   2361100 0    1    7    1    5 0.601  76.6  87.1   4.3 -35.9
1975 114.290   2361000 0   37  416   20  221 0.337  22.1 103.7  13.6  -7.5
1975 114.290  16230200 0    0    1    0    1 0.329  58.6  94.8   5.4 -16.4
1975 115.499   2361000 1   46  335   25  179 0.347 334.9 103.9  13.6   8.7
1975 115.499   2361200 2   15   69    8   35 0.132  28.5  91.6   1.9  -3.6
1975 116.284   2361000 0   35  296   20  165 0.436 314.9 103.4  13.3  18.5
1975 116.284   2361200 2    3   33    2   17 0.135 322.5  89.6   1.3   4.7
1975 117.465   2361000 0   51  278   33  179 0.627 299.1 103.7  13.7  34.3
1975 118.338   2361000 0   48  243   37  187 0.757 292.7 103.7  13.5  45.9
1975 118.338   2361300 4    3   30    2   17 0.433  64.8  34.6   6.0 -23.2
1975 119.488   2361000 0   28  157   31  174 0.889 287.9 103.1  13.4  60.4
1975 119.488   2361300 4   15  128    8   66 0.233  32.3  35.5   6.3  -7.2
1975 120.318   2361000 0   20  109   37  195 0.959 285.8 103.4  13.5  71.6
1975 120.318   2361300 4    9   95    5   49 0.208 341.6  35.6   6.2   3.8
1975 121.417   2361300 4   20   88   11   48 0.386 300.2  36.9   6.2  19.6
1975 121.417   2361400 0    1   17    1    9 0.319  61.4   1.0   3.7 -16.3
1975 122.282   2361300 4    8   61    5   37 0.564 289.1  38.3   6.1  32.4
1975 122.282   2361400 0    0    1    0    1 0.171  21.4   2.3   3.8  -3.6
1975 123.459   2361300 4    0    7    0    5 0.699 285.1  33.2   6.5  42.8
1975 123.459   2361400 0    0    7    0    4 0.231 312.0   0.3   3.5   9.9
1975 124.385  16240100 0    0    8    0    7 0.790  98.4 285.7 -10.0 -52.5
1975 125.499   2361500 0    1   11    1    6 0.308  60.5 307.9   3.3 -15.6
1975 126.456   2361500 0    0    3    0    2 0.167  11.4 309.0   3.7  -1.9
1975 129.283  16240200 0    0    4    0    6 0.938  96.2 203.5  -7.9 -70.2
1975 2 2.403   2361600 4    6   47    7   53 0.890 101.6 155.9 -13.1 -63.6
1975 2 2.403   2361700 0    0    4    0    6 0.939  98.3 148.9  -9.9 -70.6
1975 2 3.570   2361600 4   34   97   26   73 0.740 101.5 156.1 -12.7 -48.0
1975 2 3.570   2361700 0    6   34    6   30 0.810  97.6 149.5  -9.8 -54.6
1975 2 4.396   2361600 4   20  103   13   64 0.589 103.4 157.3 -13.0 -36.0
1975 2 4.396   2361700 0    0    5    0    4 0.679  98.0 150.2 -10.1 -43.1
1975 2 5.572   2361600 4    5   43    3   23 0.352 111.3 158.1 -13.4 -19.7
1975 2 5.572   2361800 4    7   60    7   53 0.821  82.8 123.2   2.2 -54.6
1975 2 6.410   2361600 4    5   49    3   25 0.192 130.7 158.1 -13.6  -8.6
1975 2 6.410   2361800 4   13  169    9  114 0.666  79.2 125.8   2.3 -40.9
1975 2 7.410   2361600 4    1   27    1   14 0.126 202.3 156.4 -13.2   2.8
1975 2 7.410   2361800 4   55  494   32  283 0.487  73.2 125.8   2.3 -27.8
1975 2 8.613   2361600 4    0    3    0    2 0.394 248.8 160.0 -14.3  22.3
1975 2 8.613   2361800 4   85  578   44  298 0.244  50.2 126.9   2.5 -10.8
1975 2 9.386   2361800 4   69  505   35  256 0.157 356.2 128.1   2.4   0.6
1975 210.377   2361800 4   59  510   31  266 0.281 303.9 128.0   2.5  13.5
1975 211.491   2361800 4   29  264   17  153 0.500 287.6 128.3   2.8  28.5
1975 212.426   2361800 4   33  246   23  170 0.686 281.3 129.8   2.7  42.3
1975 212.426  16240300 0    1    8    1    5 0.471 327.1 103.0  16.8  15.5
1975 213.506   2361800 4   30  157   29  151 0.851 277.9 130.9   3.1  57.6
1975 214.396   2361800 4   23  106   35  157 0.940 276.1 131.0   3.3  69.4
1975 220.388  16250100 0    0    5    0    3 0.310 349.5 346.0  10.7   3.3
1975 221.432  16250200 0    0    3    0    2 0.350 318.0 342.6   8.2  13.7
1975 223.462   2361900 7    0    3    0    2 0.339 104.2 282.6 -11.5 -19.6
1975 224.378   2361900 7    7   39    4   20 0.085 113.7 285.6  -9.1  -4.5
1975 224.378  16250300 0    0    3    0    2 0.442 355.5 292.2  19.0   2.1
1975 225.426   2361900 7    7   35    4   18 0.198 265.2 287.8  -8.0  11.5
1975 3 1.452   2362000 4    0    1    0    1 0.362 341.7 230.0  12.9   6.7
1975 3 2.319   2362000 4   10  104    6   59 0.472 309.6 233.5  10.8  21.7
1975 3 3.406   2362000 4   15  134   10   89 0.655 296.6 234.3  11.3  36.7
1975 3 4.429   2362000 4    4   63    4   54 0.809 289.7 235.1  11.3  51.0
1975 3 4.429  16250400 0    0    1    0    2 0.882  91.9 121.9  -5.1 -62.2
1975 3 6.422   2362100 0    2    9    3   12 0.925  80.1  91.4   6.3 -66.4
1975 3 7.597   2362100 0    4   28    4   24 0.796  76.5  91.2   6.2 -51.1
1975 3 8.358   2362100 0    1   13    1    9 0.684  73.0  91.2   6.1 -41.1
1975 3 8.358   2362200 4    3   27    2   15 0.363 109.7 111.7 -13.8 -20.6
1975 3 9.362   2362100 0    1   20    1   12 0.508  65.5  91.4   5.8 -27.7
1975 3 9.362   2362200 4    7   78    4   40 0.170 135.2 112.0 -14.1  -7.1
1975 310.830   2362100 7    1   20    1   11 0.384  45.1  93.6   8.8 -16.0
1975 310.830   2362200 4   13   79    7   40 0.120 206.0 112.7 -13.4   3.1
1975 311.397   2362200 4    7   55    4   30 0.367 251.6 113.2 -13.4  21.0
1975 312.333   2362200 4   11   96    7   59 0.576 258.1 115.3 -12.7  35.3
1975 313.308   2362200 7   21  172   16  126 0.728 257.9 114.2 -13.7  47.1
1975 314.310   2362200 7   37  317   39  329 0.874 258.4 115.6 -13.6  61.7
1975 315.431   2362200 7    4   43    8   84 0.965 257.9 115.1 -13.5  76.0
1975 315.431   2362300 4    3   36    2   19 0.240 241.2  51.6 -13.6  12.5
1975 316.419   2362300 4   50  285   28  160 0.448 252.3  52.2 -14.2  26.1
1975 316.419   2362400 2   10   45   11   47 0.871 261.6  87.4 -10.8  61.3
1975 317.353   2362300 4   54  389   35  250 0.624 256.1  52.5 -14.2  38.7
1975 317.353   2362400 2   13   82   21  132 0.949 260.8  86.3 -10.9  72.5
1975 318.349   2362300 4   30  233   25  191 0.788 257.2  53.2 -14.4  52.5
1975 319.303   2362300 4   12  103   15  124 0.907 256.6  54.0 -15.1  66.0
1975 319.303  16260100 0    0    4    0    3 0.703 287.0  30.6   6.7  42.6
1975 320.319   2362300 4    2   16    7   53 0.987 253.0  57.1 -17.8  82.5
1975 326.489   2362500 2    1   15    1    8 0.328  19.8 246.8  11.3  -6.5
1975 327.328   2362500 0    0    5    0    3 0.379 349.8 246.2  15.2   4.0
1975 4 3.344  16260200 0    0   23    0   17 0.708  61.9 109.5  14.7 -40.2
1975 4 7.628   2362600 1    4   19    4   16 0.783  77.4  43.0   6.0 -50.2
1975 4 8.336   2362600 0    1    8    1    6 0.660  73.2  44.3   6.4 -39.5
1975 4 8.336   2362700 0    0   11    0    6 0.340  68.8  65.3   1.4 -18.5
1975 4 9.333   2362600 0    0    7    0    4 0.476  64.0  45.2   6.7 -25.5
1975 4 9.333   2362700 7    3   63    2   32 0.161  38.1  65.0   1.4  -5.7
1975 4 9.333  16260300 0    0    3    0    2 0.287 114.7  55.2 -12.6 -15.5
1975 410.344   2362700 0    0    3    0    2 0.206 304.3  67.1   0.9   9.8
1975 411.362  16260400 0    0    9    0    5 0.350  14.3  38.8  14.1  -5.1
1975 423.518   2362800 0    0    6    0    9 0.930  78.5 176.1   8.9 -67.3
1975 424.381   2362800 0    2   22    2   22 0.854  75.3 174.9  10.0 -57.0
1975 427.333   2362900 2    9   38    6   25 0.626 288.2 229.9   7.8  36.9
1975 427.333   2363000 0   10   87   15  129 0.940  87.2 123.1   1.1 -69.9
1975 428.347   2362900 2   13   89   11   75 0.797 284.3 230.9   8.7  51.4
1975 428.347   2363000 0    6   56    6   50 0.820  85.3 124.7   1.4 -54.8
1975 429.351   2362900 2    8   69   11   86 0.914 281.4 231.3   8.7  65.0
1975 429.351   2363000 0    1   10    1    7 0.652  82.5 126.0   1.7 -40.3
1975 430.342   2362900 2    0    2    0    7 0.987 280.9 233.2  10.1  80.0
1975 430.342   2363000 0    0   15    0    9 0.519  84.0 122.1  -0.4 -31.1
1975 430.342   2363100 7    0    7    0    9 0.919 104.0  86.2 -14.5 -67.0
1975 5 1.310   2363100 7    2   26    2   22 0.796 101.1  87.6 -11.2 -52.8
1975 5 1.310   2363200 6    0    3    0    2 0.064 154.5 138.8  -7.3  -1.6
1975 5 1.310  16270100 0    0   10    0    6 0.452  69.8 115.2   5.4 -25.2
1975 5 2.438   2363000 0    0    1    0    1 0.103 352.2 126.3   2.0   0.8
1975 5 2.438   2363100 7   10   71    7   47 0.650 104.1  85.4 -12.1 -40.1
1975 5 2.438   2363200 6   67  303   35  157 0.253 254.2 139.7  -7.7  14.2
1975 5 3.335   2363100 7    5   31    3   18 0.481 109.5  85.9 -12.6 -27.7
1975 5 3.335   2363200 6  124  557   70  313 0.453 260.4 140.4  -7.7  26.8
1975 5 4.447   2363000 0    0    7    0    4 0.462 282.8 125.8   2.6  26.8
1975 5 4.447   2363100 7    9   93    5   48 0.211 129.3  89.4 -11.3  -9.6
1975 5 4.447   2363200 6   63  574   43  387 0.667 262.5 140.9  -7.7  41.9
1975 5 5.374   2363000 0    0    9    0    6 0.625 278.6 124.9   2.6  38.2
1975 5 5.374   2363100 7    5   57    3   29 0.163 177.0  86.2 -12.9  -0.5
1975 5 5.374   2363200 6   53  512   45  433 0.805 263.2 140.4  -7.6  53.7
1975 5 6.940   2363100 7    0    5    0    3 0.193 213.2  83.4 -12.7   6.2
1975 5 6.940   2363200 6   31  224   37  261 0.902 263.2 141.8  -7.6  64.6
1975 5 7.407   2363200 6    2   27    5   60 0.972 263.2 136.5  -7.4  76.7
1975 510.564   2363300 0    0    2    0    4 0.959  95.3 304.3  -5.9 -73.8
1975 511.358   2363300 0    0    1    0    2 0.882  95.6 305.5  -6.3 -62.0
1975 512.321   2363300 0    0    5    0    4 0.766  96.8 304.8  -7.0 -50.0
1975 518.344  16280100 0    0    3    0    2 0.140 320.6 280.3   4.1   5.1
1975 522.385   2363400 0    1   13    1    8 0.542 104.0 189.5  -8.9 -32.2
1975 523.308   2363400 0    1   11    1    6 0.338 111.7 191.0  -8.6 -18.5
1975 528.339  16280200 0    0    1    0    1 0.579 264.7 178.2  -3.8  35.3
1975 531.358   2363500 7    4   18    8   33 0.961  98.7  29.1  -8.5 -73.9
1975 6 1.392   2363500 7    9   43    9   43 0.860  99.1  30.2  -8.0 -59.1
1975 6 2.448   2363500 7    9   45    7   33 0.718 100.2  29.8  -7.5 -45.5
1975 6 3.327   2363500 7    0    1    0    1 0.631 103.0  25.3  -8.3 -38.4
1975 6 4.344   2363500 7    0    9    0    5 0.399 106.9  27.6  -6.7 -22.6
1975 6 5.484   2363500 7    3   31    2   16 0.135 204.3  38.4  -7.0   3.2
1975 6 5.484  16280300 0    3   33    2   17 0.233 308.0  45.9   8.3  10.7
1975 6 6.332   2363500 7    0    3    0    2 0.192 230.0  32.4  -6.9   8.5
1975 611.333   2363600 2    0    3    0    2 0.166 299.0 326.1   5.4   8.4
1975 612.335   2363600 0    0    5    0    3 0.393 280.7 327.3   5.0  22.8
1975 614.338  16290100 0    1   21    1   11 0.163 310.4 285.1   7.2   7.2
1975 615.721   2363700 6    8   43    5   26 0.552 278.3 292.9   5.6  33.3
1975 616.349   2363700 6   25  145   17   98 0.671 277.0 293.3   5.7  42.0
1975 617.331   2363700 6   34  269   31  241 0.827 275.9 294.1   5.7  55.8
1975 618.337   2363700 6   20  138   28  190 0.929 275.9 293.4   6.1  68.4
1975 619.429   2363700 6    2    6    7   20 0.986 275.9 290.9   6.1  80.4
1975 623.492   2363800 4   15   89    8   46 0.234 192.7 159.8 -11.0   3.0
1975 624.349   2363800 4    7   52    4   28 0.334 229.2 160.4 -10.4  14.9
1975 624.349   2363900 1    4   25   20  117 0.993  83.2  62.0   7.0 -83.5
1975 625.351   2363800 4   11   78    7   46 0.529 245.8 161.6 -10.4  29.4
1975 625.351   2363900 1   18  140   27  210 0.940  83.6  62.0   6.8 -70.2
1975 626.334   2363800 4   13  108    9   73 0.672 249.9 159.2 -11.4  40.1
1975 626.334   2363900 1   57  339   53  313 0.837  83.8  62.2   6.6 -56.9
1975 626.334   2364000 7    9   43    6   29 0.660 257.6 159.5  -6.2  40.4
1975 627.339   2363800 4    6   60    6   52 0.816 254.4 159.0 -11.1  53.2
1975 627.339   2363900 1   70  448   49  310 0.686  83.2  62.5   6.6 -43.3
1975 627.339   2364000 7    6   30    6   26 0.815 260.3 159.7  -6.3  53.9
1975 628.889   2363800 4   11   58   22  108 0.963 256.9 158.6 -11.8  73.3
1975 628.889   2363900 1  128  557   70  303 0.388  80.0  62.7   6.4 -22.6
1975 628.889   2364100 0    2   17    8   47 0.982 259.7 163.9  -9.6  78.6
1975 629.413   2363800 4    2   15    7   47 0.986 257.5 157.8 -11.8  79.4
1975 629.413   2363900 1  118  699   62  365 0.282  76.6  62.4   6.5 -16.0
1975 629.413   2364100 0    2    8   16   66 0.998 260.3 163.9  -9.5  85.5
1975 630.335   2363900 1  113  623   57  313 0.088  47.0  62.5   6.4  -3.7
1975 7 1.363   2363900 1   90  724   46  369 0.188 288.8  62.9   6.5  10.3
1975 7 2.355   2363900 1   97  595   53  325 0.398 279.0  62.8   6.5  23.3
1975 7 2.355  16290200 0    0    8    0    5 0.498  79.5   9.9   8.0 -29.6
1975 7 3.156   2363900 1   85  540   52  328 0.565 275.3  63.3   5.7  34.4
1975 7 4.490   2363900 1   75  386   63  321 0.796 275.5  64.1   6.4  52.9
1975 7 5.401   2363900 1   64  335   74  387 0.899 275.6  63.4   6.6  64.3
1975 7 5.401   2364200 7    4   39    5   43 0.883  86.7 296.9   4.6 -62.2
1975 7 6.118   2363900 1   20  142   38  261 0.960 274.8  63.7   5.6  74.0
1975 7 6.118   2364200 7   11   59    9   48 0.785  84.3 297.8   6.7 -51.9
1975 7 6.118   2364300 7    1    6    1    4 0.574 107.8 316.3  -7.1 -33.4
1975 7 7.345   2364200 7   11   69    7   42 0.568  86.4 298.7   5.1 -34.7
1975 7 7.345   2364300 7    3   30    2   16 0.289 132.0 320.9  -7.5 -12.5
1975 7 8.460   2364200 7   20  140   11   75 0.350  84.5 298.2   5.5 -20.5
1975 7 8.460   2364300 7    1    7    1    4 0.203 197.9 322.3  -7.3   3.6
1975 7 9.333   2364200 7   23  136   12   69 0.161  75.4 298.2   6.2  -9.0
1975 710.401   2364200 7   13  115    7   58 0.107 287.0 298.9   5.8   5.9
1975 710.401   2364400 1    9   59   22  142 0.978 101.0 216.1  -9.9 -76.9
1975 711.374   2364200 4   28  136   15   72 0.320 271.8 298.8   4.5  18.7
1975 711.374   2364400 1   20  137   25  167 0.911 103.2 215.8 -10.2 -64.3
1975 712.451   2364200 4   57  368   35  223 0.562 272.5 300.2   4.9  34.3
1975 712.451   2364400 1   18  130   15  106 0.787 106.7 215.9 -10.4 -50.0
1975 713.449   2364200 4   89  568   66  421 0.735 273.2 300.2   5.3  47.5
1975 713.449   2364400 1   21  146   14   95 0.634 111.2 215.8  -9.8 -36.9
1975 713.449  16300100 0    0    3    0    2 0.326 142.3 241.0 -10.7 -11.7
1975 714.353   2364200 4   63  426   66  441 0.873 273.7 301.7   5.4  61.0
1975 714.353   2364400 1   24  182   14  104 0.483 121.0 215.8 -10.4 -24.9
1975 714.353   2364500 1   19  184   34  325 0.958  97.5 168.0  -5.9 -72.7
1975 715.531   2364200 4   29  207   66  467 0.974 274.6 302.3   5.5  77.2
1975 715.531   2364400 1   26  201   14  106 0.305 147.8 215.6 -10.5  -9.5
1975 715.531   2364500 1   48  336   46  322 0.851  99.9 167.7  -6.0 -57.4
1975 716.344   2364200 4    4   43   16  153 0.990 275.6 296.6   6.2  82.3
1975 716.344   2364400 1   27  191   14   99 0.258 185.0 215.6 -10.3   1.3
1975 716.344   2364500 1   58  352   44  263 0.739 102.4 167.8  -6.0 -46.5
1975 717.449   2364400 1   22  146   12   79 0.375 227.8 216.1 -10.1  16.4
1975 717.449   2364500 1   54  379   33  228 0.552 109.1 168.0  -6.4 -31.7
1975 718.360   2364400 1   13  117    8   69 0.528 242.1 216.0 -10.1  28.3
1975 718.360   2364500 1   80  523   44  285 0.394 118.4 167.3  -6.3 -20.4
1975 719.750   2364400 1   11   67    9   52 0.755 251.3 216.0 -10.7  46.7
1975 719.750   2364500 1   64  463   33  236 0.194 173.3 168.0  -6.2  -1.3
1975 719.750   2364600 0    3   14    2    9 0.562 256.4 202.5  -3.5  33.2
1975 720.900   2364400 1   10   61    9   52 0.802 251.7 215.8 -11.5  51.0
1975 720.900   2364500 1   74  495   38  253 0.208 198.5 168.6  -6.4   3.8
1975 720.900   2364600 0    1   10    1    7 0.635 257.2 203.2  -4.2  38.4
1975 721.340   2364400 1    2   23    3   32 0.933 256.9 215.6 -10.3  67.4
1975 721.340   2364500 1   66  418   36  228 0.398 242.7 169.0  -5.8  20.8
1975 721.340   2364700 1    6   38   19  107 0.983  82.9  68.3   7.9 -79.9
1975 722.470   2364400 1    2    8   16   66 0.998 258.9 218.3 -10.7  85.0
1975 722.470   2364500 1   45  348   29  220 0.609 254.0 169.3  -5.5  36.0
1975 722.470   2364700 1   13  113   16  135 0.905  83.9  68.1   7.7 -65.2
1975 723.330   2364500 1   29  235   22  178 0.748 258.6 169.3  -5.0  47.4
1975 723.330   2364700 1   20  208   17  176 0.802  84.5  68.3   7.5 -53.6
1975 724.353   2364500 1   16  155   17  164 0.879 261.7 169.2  -4.7  60.8
1975 724.353   2364700 1   29  201   19  131 0.636  84.6  68.7   7.5 -39.7
1975 724.353   2364800 4   16   94    9   52 0.417  79.0  83.9   9.4 -24.5
1975 725.336   2364500 1   15   83   30  161 0.964 263.7 169.5  -4.6  74.1
1975 725.336   2364700 1   26  203   15  114 0.445  84.0  68.9   7.5 -26.5
1975 725.336   2364800 4   17  111    9   57 0.192  71.0  84.8   8.9 -10.6
1975 726.396   2364700 1   21  189   11   97 0.215  79.9  69.1   7.5 -12.3
1975 726.396   2364800 4   31  288   16  145 0.097 306.9  85.9   8.8   4.5
1975 727.131   2364700 1   19  153   10   77 0.053  52.1  69.2   7.4  -2.4
1975 727.131   2364800 4   32  252   17  131 0.272 279.4  87.3   7.9  15.7
1975 728.337   2364700 1   23  161   12   83 0.236 278.6  69.3   7.5  13.6
1975 728.337   2364800 5   64  372   38  220 0.532 276.6  88.0   8.3  32.3
1975 729.344   2364700 1   17  101   10   57 0.452 275.1  69.3   7.4  27.0
1975 729.344   2364800 5   34  234   25  171 0.727 275.9  89.2   8.2  46.9
1975 729.344  16300200 0    0    1    0    1 0.240 296.9  54.9  11.8  12.6
1975 730.320   2364700 1   13   73    9   48 0.640 274.9  69.4   7.6  40.0
1975 730.320   2364800 5   15  155   16  158 0.870 276.5  90.3   8.5  60.9
1975 730.320   2364900 7   11   92   34  276 0.985  86.7 309.0   4.2 -80.4
1975 731.351   2364700 1    7   47    6   40 0.801 274.9  69.4   7.4  53.6
1975 731.351   2364800 5   13  119   24  208 0.956 276.7  89.4   8.1  73.6
1975 731.351   2364900 7   40  236   51  295 0.914  87.8 309.5   4.4 -66.3
1975 8 1.406   2364700 1    4   14    6   18 0.920 275.8  69.3   7.6  67.4
1975 8 1.406   2364900 7   76  714   61  572 0.779  88.3 310.5   5.0 -51.4
1975 8 2.411   2364700 1    2    8    6   25 0.983 276.9  68.7   7.9  80.1
1975 8 2.411   2364900 7  108 1027   68  642 0.598  89.3 311.7   5.2 -36.9
1975 8 3.454   2364900 7  146 1179   80  645 0.403  90.4 310.9   5.4 -23.9
1975 8 3.454   2365000 4   46  379  118  954 0.980  83.0 255.7   8.0 -79.1
1975 8 4.351   2364900 7  150 1244   77  635 0.197  92.6 311.5   5.5 -11.4
1975 8 4.351   2365000 4   99  973  126 1227 0.916  83.5 256.0   8.4 -66.9
1975 8 4.351   2365100 4    3   16    2    9 0.359  80.0 301.9   9.3 -21.0
1975 8 5.353   2364900 7  157 1079   79  540 0.034 246.3 311.5   5.4   1.8
1975 8 5.353   2365000 4  160 1351  136 1144 0.805  84.0 255.7   8.5 -54.0
1975 8 5.353   2365100 4   23  107   12   54 0.121  63.8 303.4   9.2  -6.3
1975 8 6.342   2364900 7  161  876   84  455 0.268 266.6 312.1   5.1  15.6
1975 8 6.342   2365000 4  199 1749  132 1160 0.653  83.9 255.4   8.7 -41.1
1975 8 6.342   2365100 4   53  276   27  140 0.155 289.8 305.0   9.2   8.5
1975 8 7.340   2364900 7  113 1105   65  635 0.489 268.8 312.8   4.9  29.4
1975 8 7.340   2365000 4  188 2083  107 1180 0.467  83.1 255.4   8.8 -28.0
1975 8 7.340   2365100 4   76  578   41  311 0.368 278.8 305.0   9.1  21.6
1975 8 8.324   2364900 7   88  814   60  552 0.672 270.6 312.8   5.1  42.4
1975 8 8.324   2365000 4  272 2501  141 1295 0.257  76.5 255.7   9.6 -14.7
1975 8 8.324   2365100 4   74  439   46  271 0.582 277.4 306.2   9.5  35.8
1975 8 9.469   2364900 7   50  376   47  351 0.842 271.7 312.8   4.9  57.6
1975 8 9.469   2365000 4  213 2174  107 1089 0.054 352.7 255.6   9.5   0.4
1975 8 9.469   2365100 4   27  209   23  173 0.793 276.4 308.1   9.0  52.9
1975 810.440   2364900 7   30  301   46  461 0.944 272.5 313.4   4.5  71.1
1975 810.440   2365000 4  220 2353  113 1207 0.222 284.0 254.9   9.4  12.6
1975 810.440   2365100 4   25  245   30  286 0.902 276.2 307.3   8.4  65.0
1975 811.381   2364900 7    2   15    6   45 0.984 273.5 310.2   4.6  80.3
1975 811.381   2365000 4  189 2056  105 1137 0.426 277.5 255.2   9.1  25.3
1975 811.381   2365100 4    8   86   23  223 0.980 277.3 309.2   8.4  79.3
1975 811.381   2365200 7    0    7    0    7 0.850 100.6 172.8  -5.5 -57.1
1975 812.349   2365000 4  170 1576  108  996 0.609 276.2 255.0   9.0  37.8
1975 812.349   2365300 0    0    1    0    2 0.874 223.0 264.2 -35.4  47.0
1975 813.340   2365000 4  167 1132  132  891 0.769 275.9 254.8   8.8  50.7
1975 813.340   2365300 0    0    4    0    7 0.942 229.2 264.5 -34.9  60.4
1975 814.379   2365000 4   85  702   95  784 0.892 276.6 254.0   8.9  63.7
1975 815.341   2365000 4   29  216   53  392 0.960 278.3 252.1   9.8  74.5
1975 815.341   2365200 7    1   25    1   13 0.233 160.5 173.1  -6.0  -4.5
1975 816.418   2365000 4    2   14   10   68 0.993 280.3 247.8  11.0  84.5
1975 816.418   2365200 7    3   25    2   13 0.258 209.3 170.6  -6.3   7.3
1975 816.418   2365400 7    1   19    2   22 0.888 107.0 103.1 -11.8 -60.2
1975 817.374   2365200 7    7   54    4   30 0.415 237.8 171.4  -6.4  20.7
1975 817.374   2365400 7    8   65    7   52 0.772 111.2 103.4 -11.6 -47.3
1975 818.458   2365200 7    0   10    0    7 0.626 250.8 172.9  -6.4  36.5
1975 818.458   2365400 7    6   41    4   26 0.610 119.6 103.6 -11.8 -32.8
1975 819.335   2365400 7    1   12    1    7 0.441 135.5 106.4 -11.8 -18.4
1975 819.335  16310100 0    0    8    0    5 0.542 300.6 155.0  22.0  30.2
1975 820.319   2365500 2   10   86   10   80 0.840 298.0 168.3  27.2  56.5
1975 820.319  16310200 0    3   26    2   14 0.343  87.4  91.6   7.4 -20.2
1975 821.524   2365200 7    2   20    5   46 0.975 262.7 172.1  -5.5  76.2
1975 821.524   2365500 2    6   43   12   76 0.958 295.7 170.7  26.6  74.8
1975 821.524   2365600 7    3   17    2    9 0.275  87.1  79.8   7.5 -16.1
1975 822.356   2365500 2    2    9    8   32 0.990 295.7 169.1  26.3  84.2
1975 822.356   2365600 7    0    5    0    3 0.102  67.6  79.4   9.2  -5.5
1975 823.347   2365600 7   11   93    6   47 0.132 283.1  79.3   8.7   7.5
1975 823.347  16310300 0    4   20    3   14 0.668 273.4 114.1   7.5  42.3
1975 825.399   2365700 4   11   63    6   34 0.359 198.2  51.3 -12.9   6.6
1975 826.342   2365600 7    0    2    0    2 0.741 275.9  80.5   9.1  48.3
1975 826.342   2365700 4   54  315   31  180 0.482 225.8  53.0 -13.0  20.8
1975 827.347   2365600 7    0    2    0    2 0.848 275.1  77.4   8.1  58.5
1975 827.347   2365700 4   45  269   30  177 0.649 238.9  53.8 -13.8  34.9
1975 828.339   2365700 4   23  140   20  122 0.815 246.2  56.3 -14.7  50.5
1975 828.339   2365800 7    0    7    0    5 0.701  96.2 321.6   0.8 -44.2
1975 829.294   2365700 4   18   79   24  104 0.924 250.8  57.6 -14.7  64.4
1975 829.294   2365800 7    1    8    1    5 0.524 102.0 322.4  -0.1 -30.8
1975 830.328   2365700 4    2   15    7   47 0.987 254.3  58.0 -14.2  78.4
1975 831.324   2365800 7    0    7    0    4 0.138 155.3 323.1   0.0  -3.3
1975 9 1.301   2365800 7    0    5    0    3 0.208 235.8 323.4   0.4   9.9
1975 9 1.301   2365900 1    4   23    3   17 0.733  85.9 265.9   7.9 -47.6
1975 9 2.351   2366000 4    4   88    3   59 0.655  86.3 258.3   7.9 -41.3
1975 9 3.353   2366000 4   14  133    8   75 0.449  87.2 259.5   7.7 -26.9
1975 9 3.353  16320100 0    0    7    0    4 0.321 270.8 305.3   7.1  18.9
1975 9 4.344   2365900 0    0    3    0    2 0.135  86.9 265.5   7.6  -7.8
1975 9 4.344   2366000 4   27  287   14  148 0.232  85.0 259.8   8.2 -13.5
1975 9 4.344   2366100 0    0    5    0    3 0.051 327.3 274.9   9.7   1.6
1975 9 4.344   2366200 7    1   52    1   28 0.363  80.5 252.0  10.2 -21.3
1975 9 4.344  16320200 0    0    3    0    2 0.178 268.7 283.6   6.9  10.3
1975 9 5.332   2366000 4   23  233   12  117 0.026 348.5 260.6   8.7   0.3
1975 9 5.332   2366200 7    0    5    0    3 0.164  61.9 251.8  11.6  -8.5
1975 9 6.407   2366000 4   15  149    8   77 0.248 277.6 260.5   8.9  14.4
1975 9 6.407   2366300 1    4   59   13  173 0.984 101.2 167.7  -9.6 -78.4
1975 9 6.407  16320300 0    1   39    1   20 0.099 282.1 251.7   8.4   5.6
1975 9 7.378   2366000 4    1   70    1   39 0.415 272.4 257.9   7.6  24.7
1975 9 7.378   2366100 0    0   10    0    7 0.648 277.4 274.0  10.3  40.8
1975 9 7.378   2366300 1   22   80   29  103 0.918 103.0 168.3  -8.9 -64.9
1975 9 8.342   2366000 4    0    2    0    2 0.673 276.5 263.2   9.7  42.7
1975 9 8.342   2366100 0    0    2    0    2 0.753 278.6 269.9  11.2  49.4
1975 9 8.342   2366300 1   22  126   19  108 0.808 106.0 168.8  -8.4 -51.7
1975 9 9.325   2366300 1   20  167   14  112 0.662 111.6 169.0  -8.5 -38.5
1975 910.340   2366300 1   27  181   16  105 0.496 121.3 168.7  -8.4 -25.4
1975 911.336   2366300 1   31  149   17   80 0.346 140.7 168.2  -8.5 -12.8
1975 912.370   2366300 1   36  233   19  121 0.266 182.2 167.9  -8.2   0.6
1975 913.315   2366300 1   35  193   19  103 0.348 220.6 168.0  -8.3  13.2
1975 913.315  16320400 0    0    4    0    5 0.871 103.4  96.0  -8.0 -58.8
1975 914.415   2366300 1   22  162   13   96 0.527 241.5 168.2  -8.2  27.9
1975 914.415  16320500 0    0    4    0    3 0.656 103.5 100.6  -3.3 -39.7
1975 915.337   2366300 1   17  153   12  106 0.685 249.4 168.6  -8.5  40.4
1975 916.669   2366300 1    8   51    9   52 0.865 255.7 168.6  -8.6  58.0
1975 916.669  16320600 0    0    5    0    3 0.499 274.0 140.8   8.2  30.2
1975 917.378   2366300 1    2   20    3   29 0.936 258.1 169.0  -8.5  67.8
1975 917.378   2366400 4    3   27    2   14 0.214  83.3  88.8   8.4 -12.4
1975 918.358   2366400 4    9   89    5   45 0.026 356.2  88.3   8.6   0.1
1975 919.337   2366400 4   15   81    8   42 0.219 280.9  88.0   9.3  12.6
1975 920.799   2366400 4    8   74    5   44 0.532 276.6  88.4   9.5  32.4
1975 920.799   2366500 7    3   36    2   22 0.540 264.5  88.6   3.0  32.6
1975 920.799   2366600 3    3   39    2   23 0.515  89.9  24.8   6.1 -31.2
1975 921.408   2366400 4    6   47    4   31 0.637 276.7  87.9   9.7  39.9
1975 921.408   2366500 7    0   11    0    8 0.667 266.6  89.8   3.0  41.8
1975 921.408   2366600 3    7   33    4   18 0.385  90.5  25.2   6.3 -22.8
1975 921.408  16320700 0    0    1    0    1 0.333 235.2  63.9  -4.2  15.9
1975 922.344   2366400 4    2   13    2   11 0.792 277.0  88.6   9.8  52.9
1975 922.344   2366500 7    0    9    0    8 0.811 268.4  90.0   2.8  54.3
1975 922.344   2366600 3    3   29    2   15 0.175  95.1  25.6   6.0 -10.1
1975 923.492  16320800 0    0    3    0    2 0.072 168.9  19.7   2.9  -0.8
1975 928.372  16330100 0    1    9    1    5 0.185 217.7 322.6  -1.7   6.5
1975 930.573   2366700 1    6   41   20  125 0.985  58.2 204.4  32.4 -82.6
197510 1.333   2366700 1   11   76   20  137 0.959  57.9 202.4  32.6 -74.6
197510 2.407   2366700 1   12  109   14  118 0.885  56.5 201.7  32.6 -61.2
197510 3.352   2366700 1   21  175   18  146 0.798  53.3 200.8  32.8 -49.6
197510 4.442   2366700 1   29  184   20  125 0.672  46.6 200.5  32.8 -35.5
197510 5.380   2366700 1   33  206   20  125 0.564  36.9 199.9  32.7 -23.7
197510 6.360   2366700 1   28  238   16  136 0.478  20.7 199.1  32.8 -11.6
197510 7.336   2366700 1   34  202   19  113 0.445 358.3 198.7  32.7   0.9
197510 8.401   2366700 1   45  220   26  127 0.497 334.6 198.4  32.7  14.7
197510 8.401  16330200 0    2   13    2   12 0.823 107.7 130.7 -10.8 -53.0
197510 9.361   2366700 1   30  186   19  116 0.593 320.6 197.7  32.8  26.6
19751010.433   2366700 1   24  148   18  107 0.720 311.1 197.2  33.0  40.3
19751011.484   2366700 1   15  115   14  105 0.835 305.9 196.8  33.0  53.7
19751012.403   2366700 1   17   79   22   98 0.915 303.7 196.3  33.1  65.4
19751013.300   2366700 1    6   50   13  106 0.970 302.7 196.2  33.1  77.1
19751013.300   2366800 5   36  157   20   87 0.424  89.3  93.9   5.6 -25.2
19751014.654   2366800 5   81  683   41  343 0.085 100.5  96.5   4.9  -4.8
19751015.344   2366800 5  107  746   54  374 0.071 258.5  96.2   4.9   4.0
19751016.423   2366800 5   64  503   34  267 0.334 268.4  97.5   4.8  19.6
19751017.523   2366800 5   49  353   30  215 0.567 270.9  98.1   5.1  34.7
19751017.523   2366900 0    2   15    4   26 0.953  88.5 350.8   3.1 -72.6
19751017.523  16330300 0    0   17    0   10 0.488 319.0  84.4  26.8  21.0
19751018.405   2366800 0   39  335   29  244 0.725 271.6  98.4   4.9  46.7
19751018.405   2366900 0    0    4    0    5 0.870  89.8 351.1   2.9 -60.6
19751019.920   2366800 0   32  201   29  178 0.823 272.0  98.3   4.7  55.6
19751020.574   2366800 0   17   91   33  175 0.964 273.4  98.1   4.7  74.9
19751021.419   2366800 0    1   10    9   46 0.993 274.5  95.8   5.1  83.8
197511 3.520   2367000 4    2   15    2   12 0.746  98.0 151.5  -3.3 -47.7
197511 4.419   2367000 4   24   79   15   49 0.579 102.1 152.8  -3.8 -34.6
197511 4.419   2367100 1    4   24   23  137 0.995  86.4 102.7   3.9 -84.7
197511 5.491   2367000 4   18   98   10   53 0.356 112.9 154.1  -4.4 -19.2
197511 5.491   2367100 1   37  114   55  167 0.938  87.7 103.5   3.5 -69.8
197511 6.385   2367000 4   21  125   11   64 0.181 144.9 155.5  -4.9  -6.0
197511 6.385   2367100 1   24  168   23  160 0.849  88.9 103.3   2.9 -58.2
197511 7.393   2367000 4   15   92    8   47 0.174 216.8 154.2  -4.5   6.0
197511 7.393   2367100 1   25  181   18  127 0.698  89.3 103.9   3.0 -44.3
197511 7.393   2367200 7    1   17    1   10 0.505 111.4 119.9  -7.5 -28.3
197511 8.307   2367000 4    3   44    2   24 0.386 249.1 157.3  -4.7  21.2
197511 8.307   2367100 1   42  239   25  141 0.528  88.9 104.2   3.5 -31.9
197511 8.307   2367200 7    1   32    1   17 0.302 128.9 122.4  -7.6 -13.7
197511 9.769   2367100 1   39  218   20  112 0.220  90.2 104.2   3.2 -12.7
19751110.400   2367100 1   33  275   17  138 0.061  88.3 105.1   3.3  -3.5
19751111.391   2367100 1   43  202   22  103 0.172 273.3 105.4   3.6   9.9
19751111.391   2367200 7    0    5    0    3 0.489 245.2 122.2  -9.1  26.7
19751111.391   2367300 2    0    4    0    5 0.907 256.9 159.4 -10.5  63.9
19751111.391  16340100 0    1   16    1   10 0.539 124.4  68.1 -15.0 -27.4
19751112.433   2367100 1   21  140   12   77 0.411 271.4 106.0   3.3  24.3
19751112.433   2367300 0    2   10    7   34 0.987 258.9 161.6 -10.4  79.9
19751113.573   2367100 1    6   77    4   50 0.635 271.9 106.2   3.4  39.5
19751113.573   2367400 4    8   75    5   46 0.575  83.8  31.6   5.9 -35.1
19751113.573   2367500 0    6   40   39  261 0.996  96.8 342.0  -6.5 -84.7
19751114.462   2367100 1    6   36    5   30 0.786 272.0 106.9   3.3  51.9
19751114.462   2367400 4   31  140   17   77 0.401  81.3  31.5   6.0 -23.5
19751114.462   2367500 0   23   89   39  150 0.952  97.7 343.2  -6.5 -71.8
19751115.794   2367400 4   35  165   18   83 0.096  60.6  32.7   5.3  -4.8
19751115.794   2367500 0   61  293   55  264 0.829  99.9 342.2  -6.7 -55.3
19751115.794  16340200 0    0    5    0    8 0.931 297.8 104.8  26.8  67.3
19751116.281   2367400 4   35  135   18   68 0.072 319.1  33.7   5.6   2.7
19751116.281   2367500 0   60  478   46  365 0.751 101.3 343.1  -6.8 -47.9
19751117.391   2367400 4   15   72    8   38 0.305 281.0  33.9   5.6  17.5
19751117.391   2367500 0   77  710   47  430 0.561 105.8 343.5  -6.8 -32.9
19751118.418   2367400 4   20  175   12  103 0.525 276.6  34.5   5.4  31.6
19751118.418   2367500 0  115  818   62  440 0.366 115.7 343.5  -7.0 -19.4
19751119.522   2367400 4   26  153   20  115 0.742 275.1  36.2   5.2  47.9
19751119.522   2367500 0  149 1057   76  538 0.180 150.6 343.2  -6.9  -5.1
19751120.485   2367400 4   60  274   62  283 0.873 274.7  36.5   5.1  60.9
19751120.485   2367500 1  140  813   72  416 0.206 220.7 343.4  -7.0   7.8
19751121.288   2367400 4   24  136   41  225 0.952 275.0  37.2   5.3  72.2
19751121.288   2367500 1  118  716   63  382 0.345 244.0 343.2  -6.9  18.2
19751122.445   2367400 4    2   10   13   65 0.997 276.5  35.2   6.6  85.4
19751122.445   2367500 1   82  613   50  371 0.559 254.7 342.7  -7.0  32.9
19751123.419   2367500 1   45  430   33  312 0.721 258.8 342.4  -6.9  45.4
19751124.458   2367500 1   42  255   43  256 0.866 261.2 342.7  -6.8  59.5
19751125.415   2367500 1   20  115   33  187 0.949 262.7 342.0  -6.5  71.4
197512 2.467   2367600 4   34  202   20  119 0.523  80.3 146.4   5.5 -31.2
197512 2.467  16350100 0    1   18    1   10 0.411  89.9 153.3   0.5 -24.3
197512 3.388   2367600 4   43  295   23  157 0.340  74.4 146.4   5.6 -19.2
197512 4.390   2367600 4   37  231   19  117 0.137  48.2 146.4   5.5  -5.9
197512 5.331   2367600 4   39  201   20  102 0.167 306.2 147.7   5.8   7.8
197512 6.342   2367600 4   44  244   24  133 0.390 283.2 149.0   5.1  22.4
197512 7.749   2367600 4   21  131   15   90 0.680 277.8 150.7   5.2  42.6
197512 8.505   2367600 4   15   77   13   66 0.810 276.5 152.0   5.1  53.9
197512 9.474   2367600 4    4   23    6   33 0.934 275.8 154.3   5.3  68.9
19751213.432  16350200 0    0   15    0    8 0.218 310.1  42.9   7.2   9.7
19751214.430   2367700 7    8   59    5   37 0.584 102.3 344.9  -8.0 -35.2
19751215.431   2367700 7    3   62    2   34 0.403 104.9 343.8  -7.0 -23.1
19751216.467   2367700 7    1   33    1   17 0.185 120.8 344.0  -6.7  -9.2
19751217.521   2367700 7    1   39    1   20 0.112 225.5 343.9  -5.9   4.6
19751218.442   2367700 7    1   11    1    6 0.300 257.1 344.3  -5.3  17.1
19751219.281   2367700 7    1   10    1    6 0.492 261.7 345.4  -5.5  29.3
19751224.443   2367800 1    8   42    5   24 0.443 248.5 273.1 -11.4  24.9
19751224.443   2367900 0    2   14    4   29 0.965  93.4 173.4  -3.9 -74.8
19751225.297   2367800 0    6   27    4   17 0.591 255.6 272.5 -10.4  35.6
19751225.297   2367900 0    4   20    5   23 0.893  93.2 173.6  -3.9 -63.3
19751226.287   2367900 0    2   16    2   13 0.769  92.8 173.6  -3.8 -50.3
