1977 1 1.500     76400 0    0  158    0   90 0.425 229.6  11.3 -19.0  20.0
1977 1 2.500     76400 0    0  158    0  100 0.606 244.2  13.1 -18.0  35.0
1977 1 2.500     76500 0    0   10    0   20 0.967  86.0 263.1   3.0 -75.0
1977 1 2.500     76600 0    0   15    0   10 0.764 318.1  15.1  32.0  37.0
1977 1 3.500     76400 0    0   96    0   70 0.748 247.5  11.9 -19.0  47.0
1977 1 3.500     76500 0    0    9    0   10 0.894  83.8 261.9   4.0 -63.0
1977 1 3.500     76600 0    0  122    0   90 0.856 312.3  13.9  33.0  49.0
1977 1 4.500     76400 0    0  109    0  100 0.886 250.4  13.8 -19.0  62.0
1977 1 4.500     76500 0    0   13    0   10 0.742  78.6 264.8   6.0 -47.0
1977 1 4.500     76600 0    0  140    0  120 0.943 306.9  15.8  33.0  64.0
1977 1 5.500     76400 0    0   52    0   60 0.964 251.3  13.6 -19.0  75.0
1977 1 5.500     76500 0    0   16    0   10 0.564  73.8 265.6   6.0 -33.0
1977 1 5.500     76600 0    0  162    0  160 0.985 303.4  14.6  32.0  76.0
1977 1 6.500     76400 0    0   40    0   50 0.997 250.2  12.4 -20.0  87.0
1977 1 6.500     76500 0    0   18    0   10 0.386  67.5 264.4   5.0 -21.0
1977 1 6.500     76600 0    0   36    0   40 0.999 300.9  15.4  31.0  90.0
1977 1 6.500     76700 0    0   11    0   10 0.885  62.7 227.4  22.0 -58.0
1977 1 7.000     76500 0    0   19    0   10 0.213  43.8 263.8   5.0  -8.5
1977 1 8.500     76500 0    0   19    0   10 0.171 336.0 263.1   5.0   4.0
1977 112.500     76800 0    0  136    0   80 0.387 173.1 203.4 -27.0  -3.0
1977 113.500     76800 0    0  256    0  155 0.437 198.2 202.3 -29.0   9.0
1977 114.500     76800 0    0  339    0  210 0.521 219.4 202.1 -28.0  22.0
1977 115.500     76800 0    0  238    0  160 0.677 231.0 203.9 -29.0  37.0
1977 116.500     76800 0    0  314    0  230 0.799 236.9 203.7 -29.0  50.0
1977 117.500     76800 0    0  252    0  200 0.886 239.7 201.6 -29.0  61.0
1977 117.500     76900 0    0   19    0   10 0.328 351.1 143.6  14.0   3.0
1977 118.500     76800 0    0  197    0  170 0.964 241.3 202.4 -29.0  75.0
1977 118.500     77000 0    0   56    0   30 0.467 346.0 134.4  22.0   7.0
1977 119.500     76800 0    0  111    0  100 0.998 241.2 203.2 -29.0  89.0
1977 119.500     77000 0    0   54    0   30 0.551 324.8 134.2  22.0  20.0
1977 119.500     77100 0    0    8    0   10 0.944 290.0 182.2  17.0  68.0
1977 121.500     77200 0    0   18    0   10 0.541  16.8  77.9  26.0 -10.0
1977 121.500     77300 0    0   66    0   60 0.945  54.6  23.9  31.0 -64.0
1977 121.500     77500 0    0   30    0   40 0.995  63.1   6.9  26.0 -81.0
1977 122.000     77200 0    0   74    0   40 0.525 352.3  79.3  26.0   4.5
1977 122.500     77300 0    0   52    0   40 0.882  49.2  22.8  32.0 -52.0
1977 122.500     77500 0    0   10    0   10 0.940  57.6  10.8  28.0 -64.0
1977 123.500     77200 0    0  124    0   70 0.594 330.5  80.6  26.0  19.0
1977 123.500     77300 0    0   15    0   10 0.767  39.3  26.6  32.0 -35.0
1977 123.500     77500 0    0   13    0   10 0.847  51.9  12.6  28.0 -49.0
1977 124.500     77200 0    0  150    0   90 0.663 316.5  78.4  24.0  30.0
1977 124.500     77300 0    0   17    0   10 0.667  30.5  25.4  30.0 -23.0
1977 124.500     77500 0    0   15    0   10 0.732  46.2  12.4  26.0 -36.0
1977 124.500     77600 0    0   16    0   10 0.393 148.7  35.4 -25.0 -13.0
1977 125.000     77500 0    0   17    0   10 0.627  33.1  12.8  26.5 -22.5
1977 125.500     77200 0    0  114    0   80 0.794 307.6  79.2  25.0  44.0
1977 125.500     77300 0    0   17    0   10 0.600  14.5  25.2  30.0 -10.0
1977 125.500     77600 0    0   16    0   10 0.381 180.0  35.2 -28.0   0.0
1977 126.500     77200 0    0  137    0  120 0.900 301.3  80.1  25.0  58.0
1977 126.500     77500 0    0   18    0   10 0.557  14.5  13.1  27.0  -9.0
1977 127.500     77200 0    0   35    0   40 0.963 296.9  78.9  24.0  70.0
1977 127.500     77700 0    0   15    0   10 0.621 246.4  45.9 -19.0  37.0
1977 128.500     77700 0    0   68    0   50 0.751 248.4  43.7 -20.0  48.0
1977 129.500     77700 0    0   81    0   70 0.873 250.4  43.6 -20.0  61.0
1977 130.500     77700 0    0   19    0   20 0.961 250.9  44.4 -20.0  75.0
1977 130.500     77800 0    0   17    0   10 0.452  91.5 302.4  -6.0 -27.0
1977 131.500     77900 0    0   89    0   70 0.867  54.0 264.3  27.0 -52.0
1977 2 1.500     77900 0    0  180    0  120 0.770  48.6 263.1  26.0 -40.0
1977 2 2.500     77900 0    0  185    0  110 0.682  36.0 262.9  28.0 -27.0
1977 2 3.500     77900 0    0  166    0   90 0.565  14.3 267.7  27.0  -9.0
1977 2 3.500     78000 0    0   10    0   10 0.902 108.1 211.7 -19.0 -65.0
1977 2 4.500     77900 0    0  112    0   60 0.549   0.0 263.6  27.0   0.0
1977 2 5.500     77900 0    0   36    0   20 0.588 343.3 261.4  28.0  11.0
1977 2 5.500     78100 0    0   14    0   10 0.687 120.0 209.4 -25.0 -41.0
1977 2 5.500     78200 0    0   41    0   30 0.966 127.7 174.4 -38.0 -76.0
1977 2 6.000     78200 0    0   71    0   50 0.907 130.2 173.7 -39.0 -63.0
1977 2 6.500     77900 0    0   17    0   10 0.631 329.6 258.2  27.0  21.0
1977 2 7.000     78200 0    0  113    0   80 0.823 133.7 173.7 -39.0 -50.0
1977 2 8.500     78200 0    0  140    0  100 0.740 140.4 172.9 -40.0 -38.0
1977 2 8.500     78300 0    0   70    0   40 0.591 313.1 237.9  18.0  27.0
1977 2 9.500     78200 0    0  235    0  170 0.639 150.8 173.8 -40.0 -24.0
1977 210.500     78200 0    0  192    0  140 0.574 163.9 172.6 -40.0 -12.0
1977 211.500     78200 0    0  205    0  150 0.553 186.9 176.4 -40.0   5.0
1977 211.500     78500 0    0   18    0   10 0.436  68.7 147.4   3.0 -24.0
1977 212.500     78200 0    0  391    0  290 0.582 194.3 169.2 -41.0  11.0
1977 212.500     78500 0    0  117    0   60 0.266  51.2 146.2   3.0 -12.0
1977 212.500     78600 0    0   57    0   40 0.756 298.0 202.2  16.0  44.0
1977 213.500     78200 0    0  313    0  230 0.635 206.4 167.1 -41.0  22.0
1977 213.500     78500 0    0  159    0   80 0.171 354.2 146.1   3.0   1.0
1977 213.500     78600 0    0   33    0   30 0.873 292.6 202.1  16.0  57.0
1977 213.500     78700 0    0  134    0   70 0.498 356.3 147.1  23.0   2.0
1977 214.500     78200 0    0  265    0  190 0.714 218.0 166.9 -40.0  35.0
1977 214.500     78500 0    0  194    0  100 0.281 306.8 144.9   3.0  13.0
1977 214.500     78700 0    0   75    0   40 0.529 334.9 145.9  22.0  14.0
1977 214.500     78800 0    0  105    0  100 0.921 107.8  63.9 -19.0 -68.0
1977 215.500     78200 0    0  127    0   90 0.794 222.3 163.7 -41.0  45.0
1977 215.500     78500 0    0   88    0   50 0.495 288.6 146.7   3.0  28.0
1977 215.500     78700 0    0   68    0   40 0.659 317.4 147.7  23.0  29.0
1977 215.500     78800 0    0  210    0  170 0.826 108.3  62.7 -19.0 -56.0
1977 216.500     78200 0    0  231    0  160 0.885 226.9 164.6 -41.0  59.0
1977 216.500     78500 0    0  103    0   70 0.683 282.0 147.6   3.0  42.0
1977 216.500     78700 0    0   87    0   60 0.784 306.8 148.6  23.0  43.0
1977 216.500     78800 0    0  189    0  130 0.676 110.6  63.6 -19.0 -42.0
1977 216.500     78900 0    0   14    0   10 0.739 293.2 149.6  12.0  44.0
1977 217.500     78200 0    0  159    0  110 0.950 230.1 164.4 -40.0  72.0
1977 217.500     78500 0    0   10    0   10 0.860 281.2 150.4   6.0  58.0
1977 217.500     78700 0    0   10    0   10 0.910 298.1 152.4  22.0  60.0
1977 217.500     78800 0    0  178    0  110 0.515 117.8  63.4 -20.0 -29.0
1977 218.500     78200 0    0  305    0  200 0.983 227.5 161.2 -43.0  82.0
1977 218.500     78700 0    0   24    0   30 0.962 294.2 149.2  21.0  70.0
1977 218.500     78800 0    0  122    0   70 0.340 125.2  62.2 -18.0 -17.0
1977 219.500     78800 0    0  144    0   80 0.215 152.5  60.1 -18.0  -6.0
1977 220.500     78800 0    0  215    0  120 0.242 217.9  61.9 -18.0   9.0
1977 221.500     78800 0    0  169    0  100 0.414 238.8  61.7 -19.0  22.0
1977 222.500     78800 0    0   61    0   40 0.598 249.3  62.6 -18.0  36.0
1977 223.500     78800 0    0   68    0   50 0.742 252.2  61.4 -18.0  48.0
1977 224.500     78800 0    0   90    0   80 0.876 253.4  62.2 -18.0  62.0
1977 225.000     78800 0    0   57    0   60 0.961 252.7  62.6 -18.5  75.5
1977 226.500     78800 0    0   35    0   40 0.998 251.2  62.9 -19.0  89.0
1977 3 2.500     79000 0    0   21    0   30 0.963  69.0 210.2  18.0 -71.0
1977 3 3.500     79000 0    0   77    0   70 0.877  66.1 211.0  17.0 -57.0
1977 3 3.500     79100 0    0   18    0   10 0.539 351.6 273.0  25.0   5.0
1977 3 4.500     79000 0    0   28    0   20 0.773  61.0 209.8  17.0 -45.0
1977 3 5.500     79000 0    0   66    0   40 0.656  49.8 209.7  19.0 -32.0
1977 3 6.500     79000 0    0   75    0   40 0.501  36.1 210.5  17.0 -18.0
1977 3 7.500     79000 0    0   39    0   20 0.422  13.7 209.3  17.0  -6.0
1977 3 8.500     79000 0    0   78    0   40 0.422 346.3 208.1  17.0   6.0
1977 3 8.500     79200 0    0   96    0   50 0.477 352.2 206.1  21.0   4.0
1977 3 9.500     79000 0    0   56    0   30 0.484 327.0 205.0  17.0  16.0
1977 3 9.500     79200 0    0  110    0   60 0.545 325.9 208.0  20.0  19.0
1977 310.500     79000 0    0   33    0   20 0.648 309.0 207.8  18.0  32.0
1977 310.500     79200 0    0   84    0   50 0.663 313.5 206.8  21.0  31.0
1977 311.500     79000 0    0   14    0   10 0.768 300.7 206.6  18.0  44.0
1977 311.500     79200 0    0   59    0   40 0.756 305.9 203.6  21.0  41.0
1977 312.500     79000 0    0   10    0   10 0.887 294.6 207.4  18.0  58.0
1977 312.500     79200 0    0   47    0   40 0.874 298.9 204.4  21.0  55.0
1977 313.500     79200 0    0   18    0   20 0.940 296.6 201.2  22.0  65.0
1977 317.500     79600 0    0   17    0   10 0.387 123.4  63.5 -19.0 -20.0
1977 317.500     79700 0    0   17    0   10 0.300 230.0  97.5 -18.0  14.0
1977 322.500     79900 0    0   43    0   30 0.705 233.7  58.6 -30.0  41.0
1977 323.500     79900 0    0   13    0   10 0.827 237.0  58.4 -31.0  54.0
1977 325.500     80000 0    0   20    0   20 0.957  55.8 272.1  30.0 -66.0
1977 326.500     80000 0    0   12    0   10 0.874  55.2 271.9  26.0 -53.0
1977 327.500     80000 0    0   30    0   20 0.753  49.7 272.7  24.0 -39.0
1977 327.500     80100 0    0   19    0   10 0.475 348.1 317.7  21.0   6.0
1977 328.500     80000 0    0   17    0   10 0.639  40.8 271.5  23.0 -27.0
1977 328.500     80100 0    0   37    0   20 0.518 325.7 316.5  19.0  18.0
1977 329.500     80000 0    0   18    0   10 0.533  22.8 272.3  23.0 -13.0
1977 329.500     80100 0    0   50    0   30 0.648 313.9 315.3  21.0  30.0
1977 330.500     80000 0    0   19    0   10 0.479   3.9 270.1  22.0  -2.0
1977 331.500     80200 0    0   19    0   10 0.493   1.9 257.9  23.0  -1.0
1977 4 1.500     80200 0    0   18    0   10 0.530 342.6 255.7  24.0  10.0
1977 4 2.500     80200 0    0   68    0   40 0.655 321.1 259.5  25.0  27.0
1977 4 3.500     80200 0    0   30    0   20 0.742 310.7 257.3  24.0  38.0
1977 4 5.500     80400 0    0   11    0   10 0.864 296.3 247.9  19.0  55.0
1977 4 6.500     80400 0    0    7    0   10 0.952 291.2 248.7  18.0  69.0
1977 412.500     80500 0    0   13    0   10 0.832 306.6 148.6  26.0  48.0
1977 412.500     80700 0    0  170    0  160 0.917 109.3  33.6 -20.0 -67.0
1977 413.500     80700 0    0  381    0  300 0.812 110.6  33.3 -20.0 -54.0
1977 414.500     80700 0    0  546    0  370 0.671 112.3  33.1 -19.0 -41.0
1977 415.500     80700 0    0  427    0  260 0.513 120.6  32.9 -20.0 -28.0
1977 415.500     80800 0    0   17    0   10 0.348 195.8  66.9 -25.0   6.0
1977 415.500     80900 0    0    8    0   10 0.953 293.0 129.9  20.0  69.0
1977 416.500     80700 0    0  391    0  220 0.330 136.1  33.7 -19.0 -14.0
1977 416.500     80800 0    0   66    0   40 0.450 224.0  67.7 -24.0  20.0
1977 417.500     80700 0    0  378    0  210 0.266 162.1  29.5 -20.0  -5.0
1977 417.500     80800 0    0   62    0   40 0.583 233.2  65.5 -25.0  31.0
1977 418.000     80700 0    0  274    0  155 0.283 205.7  28.8 -20.0   7.5
1977 419.500     80700 0    0  172    0  100 0.414 230.9  28.1 -20.0  20.0
1977 419.500     81100 0    0   11    0   10 0.943 245.3  79.1 -25.0  71.0
1977 420.000     80700 0    0  159    0  100 0.551 241.7  25.9 -19.5  31.0
1977 421.500     80700 0    0  146    0  100 0.685 247.4  23.7 -19.0  42.0
1977 422.500     80700 0    0  112    0   90 0.836 246.8  24.5 -22.0  56.0
1977 422.500     81200 0    0   19    0   10 0.141 180.0 328.5 -13.0   0.0
1977 423.500     80700 0    0  102    0  100 0.937 249.4  25.3 -21.0  70.0
1977 424.500     80700 0    0   26    0   30 0.990 249.4  25.0 -21.0  83.0
1977 426.500     81300 0    0   94    0   90 0.933 111.9 206.6 -22.0 -69.0
1977 427.500     81300 0    0   24    0   20 0.838 113.5 206.4 -22.0 -56.0
1977 428.500     81300 0    0   72    0   50 0.706 115.7 206.2 -21.0 -43.0
1977 429.500     81300 0    0   65    0   40 0.542 119.2 206.0 -19.0 -30.0
1977 430.500     81300 0    0   70    0   40 0.379 133.2 205.8 -19.0 -17.0
1977 5 1.500     81300 0    0   18    0   10 0.283 166.6 205.6 -20.0  -4.0
1977 5 1.500     81400 0    0   22    0   20 0.971  52.4 139.6  35.0 -70.0
1977 5 2.500     81400 0    0  110    0   90 0.919  51.4 137.3  33.0 -59.0
1977 5 3.500     81400 0    0  298    0  220 0.850  49.6 134.1  31.0 -49.0
1977 5 3.500     81500 0    0   16    0   10 0.471 216.1 201.1 -26.0  18.0
1977 5 4.500     81400 0    0  548    0  350 0.729  41.6 135.9  30.0 -34.0
1977 5 5.500     81400 0    0  222    0  130 0.624  25.1 138.7  31.0 -18.0
1977 5 6.500     81400 0    0  105    0   60 0.576  10.5 136.5  31.0  -7.0
1977 5 7.500     81400 0    0   70    0   40 0.574 349.5 137.2  31.0   7.0
1977 5 8.500     81400 0    0   85    0   50 0.626 333.5 136.0  31.0  19.0
1977 5 8.500     81600 0    0   14    0   10 0.734 120.1  73.0 -24.0 -44.0
1977 5 9.000     81600 0    0   15    0   10 0.587 126.2  73.1 -23.0 -31.0
1977 5 9.500     81400 0    0   98    0   60 0.672 326.0 129.8  31.0  26.0
1977 5 9.500     81700 0    0   74    0   90 0.989 109.8  21.8 -20.0 -82.0
1977 510.000     81600 0    0   17    0   10 0.446 140.4  73.2 -23.0 -18.0
1977 510.500     81400 0    0  113    0   80 0.816 312.1 135.6  31.0  45.0
1977 510.500     81700 0    0  100    0  100 0.915 108.3  24.6 -18.0 -66.0
1977 510.500     81800 0    0   58    0   40 0.734 301.1 132.6  20.0  42.0
1977 511.500     81400 0    0  109    0   90 0.902 305.5 135.3  30.0  58.0
1977 511.500     81600 0    0   18    0   10 0.333 168.8  73.3 -22.0  -4.0
1977 511.500     81700 0    0  174    0  130 0.774 113.6  28.3 -20.0 -49.0
1977 511.500     81800 0    0   24    0   20 0.843 294.8 131.3  19.0  54.0
1977 512.500     81400 0    0   75    0   70 0.968 304.1 135.1  32.0  71.0
1977 512.500     81600 0    0   17    0   10 0.363 198.0  71.1 -23.0   7.0
1977 512.500     81700 0    0   92    0   60 0.642 118.3  27.1 -20.0 -37.0
1977 513.500     81600 0    0   17    0   10 0.460 220.7  69.9 -23.0  19.0
1977 513.500     81700 0    0   68    0   40 0.486 128.2  26.9 -20.0 -24.0
1977 514.500     81700 0    0   72    0   40 0.363 150.6  26.7 -21.0 -11.0
1977 514.500     82000 0    0   50    0   30 0.516 130.6  12.7 -22.0 -25.0
1977 515.500     81700 0    0   37    0   20 0.286 186.6  26.4 -19.0   2.0
1977 515.500     81900 0    0   17    0   10 0.567 357.0  26.4  32.0   2.0
1977 515.500     82000 0    0   36    0   20 0.364 156.5  15.4 -22.0  -9.0
1977 516.500     81700 0    0   73    0   40 0.339 212.2  22.2 -19.0  11.0
1977 516.500     82000 0    0   36    0   20 0.337 185.5  13.2 -22.0   2.0
1977 517.500     81700 0    0   69    0   40 0.482 232.9  22.0 -19.0  24.0
1977 518.500     81700 0    0   29    0   20 0.681 242.5  24.8 -20.0  40.0
1977 519.500     81700 0    0   23    0   20 0.873 244.7  30.5 -23.0  59.0
1977 520.500     82300 0    0   16    0   10 0.512 216.9 338.3 -26.0  20.0
1977 521.500     82100 0    0   18    0   10 0.456 328.0 320.1  21.0  15.0
1977 521.500     82400 0    0   12    0   10 0.928 310.3   6.1  36.0  61.0
1977 522.500     82400 0    0   11    0   10 0.975 306.5   4.9  35.0  73.0
1977 525.500     82600 0    0   19    0   20 0.920  68.7 187.2  19.0 -65.0
1977 526.500     82600 0    0   12    0   10 0.818  65.6 187.0  19.0 -52.0
1977 528.500     82700 0    0   18    0   10 0.356 164.1 206.5 -21.0  -6.0
1977 528.500     82800 0    0   18    0   10 0.358 357.4 213.5  20.0   1.0
1977 529.500     82700 0    0   18    0   10 0.370 192.6 204.2 -22.0   5.0
1977 529.500     82800 0    0  145    0   80 0.443 327.0 214.2  21.0  15.0
1977 529.500     82900 0    0    9    0   10 0.950  66.5 129.2  22.0 -70.0
1977 530.000     82700 0    0   34    0   20 0.493 219.7 205.5 -23.0  20.0
1977 530.500     82800 0    0  440    0  260 0.565 308.6 214.0  20.0  28.0
1977 530.500     82900 0    0  120    0  100 0.858  63.6 130.0  22.0 -56.0
1977 531.000     82700 0    0   63    0   40 0.652 234.1 207.5 -23.0  35.0
1977 531.500     82800 0    0  302    0  200 0.684 296.0 212.8  17.0  40.0
1977 531.500     82900 0    0   44    0   30 0.711  63.6 130.8  18.0 -42.0
1977 6 1.500     82700 0    0   67    0   50 0.798 239.8 208.5 -24.0  49.0
1977 6 1.500     82800 0    0  327    0  270 0.844 294.2 214.5  20.0  55.0
1977 6 1.500     82900 0    0   48    0   30 0.637  55.0 125.5  21.0 -34.0
1977 6 2.500     82700 0    0   65    0   60 0.899 245.6 208.3 -22.0  62.0
1977 6 2.500     82800 0    0  129    0  130 0.933 293.8 213.3  22.0  67.0
1977 6 2.500     82900 0    0   71    0   40 0.463  41.3 127.3  20.0 -19.0
1977 6 2.500     83000 0    0   59    0   60 0.968 116.8  72.3 -26.0 -74.0
1977 6 3.500     82700 0    0   62    0   70 0.966 247.3 207.1 -22.0  74.0
1977 6 3.500     82800 0    0   90    0  120 0.984 290.4 212.1  20.0  79.0
1977 6 3.500     82900 0    0   93    0   50 0.352  10.7 129.1  20.0  -4.0
1977 6 3.500     83000 0    0  190    0  160 0.874 117.6  75.1 -24.0 -58.0
1977 6 3.500     83100 0    0   12    0   10 0.847 195.3 156.1 -55.0  23.0
1977 6 4.500     82900 0    0  111    0   60 0.368 339.2 127.9  20.0   8.0
1977 6 4.500     83000 0    0  381    0  270 0.763 122.1  74.9 -24.0 -45.0
1977 6 5.500     82900 0    0   88    0   50 0.480 315.5 127.6  20.0  21.0
1977 6 5.500     83000 0    0  442    0  280 0.653 128.5  72.6 -24.0 -34.0
1977 6 5.500     83200 0    0   14    0   10 0.737 297.7 150.6  20.0  44.0
1977 6 6.500     83000 0    0  454    0  260 0.505 143.9  74.4 -24.0 -19.0
1977 6 6.500     83200 0    0   33    0   30 0.882 292.7 153.4  20.0  60.0
1977 6 6.500     83300 0    0  138    0  200 0.986 108.3  13.4 -18.0 -80.0
1977 6 7.000     83000 0    0  519    0  290 0.427 163.8  72.7 -24.0  -7.5
1977 6 7.500     83200 0    0   43    0   50 0.962 291.8 153.1  21.0  73.0
1977 6 7.500     83300 0    0  155    0  150 0.921 114.1  15.1 -22.0 -65.0
1977 6 8.500     83000 0    0  584    0  320 0.417 188.8  70.9 -24.0   4.0
1977 6 8.500     83200 0    0   82    0  120 0.995 289.1 150.9  19.0  84.0
1977 6 8.500     83300 0    0  147    0  120 0.848 116.5  11.9 -22.0 -55.0
1977 6 9.500     83000 0    0  386    0  220 0.505 211.7  70.7 -25.0  17.0
1977 6 9.500     83300 0    0  163    0  120 0.787 118.9   5.7 -22.0 -48.0
1977 610.500     83000 0    0  297    0  180 0.607 226.9  69.4 -24.0  29.0
1977 610.500     83300 0    0  262    0  160 0.609 125.1   8.4 -20.0 -32.0
1977 611.500     83000 0    0  146    0  100 0.739 235.8  69.2 -24.0  42.0
1977 611.500     83300 0    0  274    0  150 0.433 148.6  13.2 -21.0 -14.0
1977 612.500     83000 0    0  110    0   90 0.853 242.2  68.9 -23.0  55.0
1977 612.500     83300 0    0  322    0  170 0.343 171.7  10.9 -19.0  -3.0
1977 613.500     83000 0    0  106    0  110 0.952 244.4  70.7 -24.0  70.0
1977 613.500     83300 0    0  168    0   90 0.386 202.4   9.7 -20.0   9.0
1977 614.500     83000 0    0  169    0  210 0.995 245.7  70.5 -24.0  83.0
1977 614.500     83300 0    0  105    0   60 0.512 223.0   9.5 -21.0  22.0
1977 615.500     83300 0    0  192    0  120 0.642 234.4   8.2 -21.0  34.0
1977 616.500     83300 0    0  107    0   80 0.804 239.8  10.0 -23.0  49.0
1977 617.500     83300 0    0  119    0  110 0.896 245.6   8.8 -21.0  61.0
1977 618.500     83300 0    0  113    0  140 0.973 248.0   9.5 -21.0  75.0
1977 618.500     83500 0    0   11    0   10 0.906  63.0 231.5  25.0 -63.0
1977 618.500     83600 0    0   16    0   20 0.971  70.8 218.5  19.0 -76.0
1977 619.500     83500 0    0   13    0   10 0.807  58.5 231.3  26.0 -50.0
1977 619.500     83600 0    0   21    0   20 0.908  67.6 217.3  21.0 -64.0
1977 619.500     83700 0    0   49    0   50 0.922 112.5 216.3 -20.0 -65.0
1977 620.500     83600 0    0   26    0   20 0.799  66.1 217.0  20.0 -51.0
1977 620.500     83700 0    0  173    0  150 0.878 116.4 210.0 -22.0 -58.0
1977 621.500     83600 0    0   63    0   40 0.613  59.0 220.8  20.0 -34.0
1977 621.500     83700 0    0  348    0  250 0.767 118.3 208.8 -20.0 -46.0
1977 622.500     83400 0    0   19    0   10 0.222 141.5 233.6  -8.0  -8.0
1977 622.500     83600 0    0   34    0   20 0.493  50.8 217.6  20.0 -24.0
1977 622.500     83700 0    0  400    0  240 0.606 129.6 211.6 -21.0 -30.0
1977 623.500     83600 0    0   73    0   40 0.351  34.0 216.4  19.0 -12.0
1977 623.500     83700 0    0  552    0  300 0.452 150.0 214.4 -21.0 -14.0
1977 624.500     83600 0    0   18    0   10 0.293 350.3 218.1  19.0   3.0
1977 624.500     83700 0    0  416    0  220 0.395 177.6 214.1 -21.0  -1.0
1977 624.500     83900 0    0  678    0  640 0.878  74.1 154.1  15.0 -61.0
1977 625.500     83600 0    0   18    0   10 0.339 327.9 212.9  19.0  11.0
1977 625.500     83700 0    0  485    0  260 0.428 202.3 211.9 -21.0  10.0
1977 625.500     83900 0    0 1372    0 1000 0.743  71.9 154.9  15.0 -47.0
1977 625.500     84000 0    0   37    0   20 0.326 275.4 220.9   4.0  19.0
1977 626.500     83600 0    0   16    0   10 0.537 304.7 216.7  20.0  28.0
1977 626.500     83700 0    0  356    0  200 0.517 222.9 210.7 -20.0  22.0
1977 626.500     83900 0    0 1323    0  840 0.619  65.3 152.7  17.0 -36.0
1977 627.500     83600 0    0   14    0   10 0.731 293.8 220.4  19.0  45.0
1977 627.500     83700 0    0  210    0  130 0.647 234.4 209.4 -20.0  34.0
1977 627.500     83900 0    0 2072    0 1170 0.436  59.9 152.4  15.0 -23.0
1977 628.500     83700 0    0  142    0  110 0.822 242.0 213.2 -21.0  51.0
1977 628.500     83900 0    0 1386    0  750 0.318  38.7 150.2  17.0 -12.0
1977 629.500     83700 0    0  122    0  120 0.922 244.7 212.9 -22.0  64.0
1977 629.500     83900 0    0 1325    0  700 0.229 355.8 149.9  16.0   1.0
1977 630.500     83700 0    0   33    0   50 0.989 249.3 215.7 -20.0  80.0
1977 630.500     83900 0    0  782    0  430 0.362 309.1 152.7  16.0  17.0
1977 7 1.500     83900 0    0  747    0  440 0.507 297.0 150.5  16.0  28.0
1977 7 1.500     84100 0    0   15    0   10 0.571 325.8 144.5  31.0  22.0
1977 7 1.500     84300 0    0   14    0   10 0.636 337.8 140.5  39.0  18.0
1977 7 2.500     83900 0    0  521    0  350 0.673 290.5 150.2  16.0  41.0
1977 7 2.500     84300 0    0   43    0   30 0.701 327.5 138.2  39.0  29.0
1977 7 2.500     84400 0    0    8    0   10 0.951  72.1  37.2  18.0 -72.0
1977 7 3.500     83900 0    0  361    0  310 0.843 286.9 153.0  16.0  57.0
1977 7 3.500     84300 0    0  127    0   90 0.812 317.4 141.0  39.0  45.0
1977 7 3.500     84400 0    0   23    0   20 0.865  68.7  37.0  20.0 -59.0
1977 7 4.500     83900 0    0  258    0  299 0.932 282.6 151.7  13.0  69.0
1977 7 4.500     84300 0    0  317    0  230 0.880 312.0 138.7  38.0  56.0
1977 7 4.500     84400 0    0   28    0   20 0.716  66.5  38.7  19.0 -44.0
1977 7 4.500     84500 0    0  113    0  180 0.989 109.8   2.7 -19.0 -80.0
1977 7 5.500     83900 0    0   98    0  150 0.993 284.7 153.5  15.0  84.0
1977 7 5.500     84300 0    0  287    0  210 0.944 310.3 137.5  39.0  68.0
1977 7 5.500     84400 0    0   16    0   10 0.553  58.1  39.5  20.0 -30.0
1977 7 5.500     84500 0    0   59    0   60 0.913 112.6   6.5 -19.0 -63.0
1977 7 6.500     84300 0    0  203    0  150 0.982 309.1 135.3  39.0  79.0
1977 7 6.500     84500 0    0   78    0   60 0.810 116.6   6.3 -19.0 -50.0
1977 7 6.500     84600 0    0  175    0  120 0.699 296.7  98.3  21.0  42.0
1977 7 7.500     84500 0    0   94    0   60 0.681 123.3   6.0 -19.0 -37.0
1977 7 7.500     84600 0    0  189    0  160 0.855 291.2 101.0  20.0  58.0
1977 7 8.500     84500 0    0   90    0   50 0.522 139.8   8.8 -20.0 -21.0
1977 7 8.500     84600 0    0   91    0   90 0.934 291.1  98.8  21.0  69.0
1977 7 9.500     84500 0    0  114    0   60 0.415 159.1   7.6 -19.0  -9.0
1977 7 9.500     84600 0    0   80    0  100 0.991 288.7  99.6  19.0  83.0
1977 710.500     84500 0    0   96    0   50 0.391 182.4   4.3 -19.0   1.0
1977 711.500     84500 0    0  112    0   60 0.460 212.1   5.1 -19.0  15.0
1977 712.500     84500 0    0   51    0   30 0.607 228.6   5.9 -20.0  29.0
1977 713.500     84500 0    0   15    0   10 0.717 235.0   2.7 -21.0  39.0
1977 719.500     84800 0    0   16    0   10 0.649 219.0 271.3 -26.0  27.0
1977 719.500     84900 0    0   12    0   10 0.834  69.2 188.3  20.0 -56.0
1977 720.000     84900 0    0   22    0   15 0.675  66.3 190.5  19.5 -41.0
1977 720.500     85000 0    0   16    0   10 0.508  66.5 202.0  16.0 -29.0
1977 720.500     85100 0    0   68    0   80 0.967  73.7 155.0  17.0 -76.0
1977 721.000     84900 0    0   25    0   15 0.487  58.0 190.5  19.5 -26.0
1977 721.500     85100 0    0  104    0  100 0.896  74.6 153.8  16.0 -64.0
1977 722.500     84900 0    0   35    0   20 0.312  39.1 192.6  19.0 -12.0
1977 722.500     85100 0    0   89    0   70 0.788  74.9 152.6  15.0 -52.0
1977 722.500     85200 0    0   18    0   20 0.951 116.2 136.6 -23.0 -68.0
1977 723.500     84900 0    0   18    0   10 0.239   0.0 191.3  19.0   0.0
1977 723.500     85100 0    0   78    0   50 0.598  71.8 155.3  15.0 -36.0
1977 723.500     85200 0    0   38    0   30 0.852 122.3 139.3 -24.0 -52.0
1977 723.500     85300 0    0   11    0   10 0.867 290.1 251.3  20.0  60.0
1977 724.000     84900 0    0   25    0   15 0.337 317.4 192.1  19.5  14.0
1977 724.500     85100 0    0  135    0   80 0.470  63.2 152.1  17.0 -26.0
1977 724.500     85200 0    0   58    0   40 0.764 126.3 136.1 -23.0 -42.0
1977 725.500     84900 0    0   32    0   20 0.514 300.8 192.9  20.0  28.0
1977 725.500     85100 0    0  143    0   80 0.309  39.6 152.9  19.0 -12.0
1977 725.500     85200 0    0   51    0   30 0.635 137.1 136.9 -23.0 -28.0
1977 726.500     84900 0    0   59    0   40 0.671 292.5 192.6  19.0  41.0
1977 726.500     85100 0    0  109    0   60 0.235   0.0 151.6  19.0   0.0
1977 726.500     85200 0    0   55    0   30 0.517 156.4 138.6 -23.0 -13.0
1977 726.500     85400 0    0   35    0   20 0.601 195.9 162.6 -30.0  11.0
1977 727.500     84900 0    0   73    0   60 0.829 288.0 194.4  18.0  56.0
1977 727.500     85100 0    0   54    0   30 0.272 312.6 150.4  16.0  12.0
1977 727.500     85200 0    0   18    0   10 0.493 180.0 138.4 -24.0   0.0
1977 728.500     84900 0    0   61    0   60 0.930 289.3 194.2  20.0  69.0
1977 728.500     85100 0    0   51    0   30 0.457 292.2 151.2  15.0  26.0
1977 729.500     84900 0    0    9    0   10 0.991 290.5 195.9  21.0  84.0
1977 729.500     85100 0    0   30    0   20 0.640 289.9 150.9  17.0  39.0
1977 730.500     85100 0    0   12    0   10 0.798 285.7 151.7  16.0  53.0
1977 731.500     85500 0    0   14    0   10 0.652 307.3 121.5  28.0  36.0
1977 731.500     85600 0    0   12    0   10 0.846 243.2 138.5 -19.0  53.0
1977 8 1.500     85500 0    0  110    0   80 0.781 301.5 121.3  28.0  49.0
1977 8 1.500     85600 0    0    9    0   10 0.931 243.6 136.3 -22.0  64.0
1977 8 1.500     85700 0    0   13    0   10 0.763 292.6 121.3  21.0  49.0
1977 8 1.500     85800 0    0   17    0   10 0.384 287.3  94.3  12.0  22.0
1977 8 2.500     85500 0    0   73    0   60 0.908 298.2 124.1  28.0  65.0
1977 8 2.500     86000 0    0   17    0   10 0.323  45.0  45.1  19.0 -14.0
1977 8 2.500     86100 0    0   40    0   40 0.988  66.6 336.1  24.0 -83.0
1977 8 3.500     85500 0    0   11    0   10 0.979 297.4 125.8  28.0  80.0
1977 8 3.500     86000 0    0   18    0   10 0.225   0.0  45.8  19.0   0.0
1977 8 3.500     86100 0    0  193    0  170 0.911  67.4 339.8  23.0 -66.0
1977 8 4.500     86100 0    0  384    0  310 0.850  66.7 334.6  23.0 -58.0
1977 8 5.500     86100 0    0  651    0  450 0.699  60.2 337.4  25.0 -42.0
1977 8 6.500     86100 0    0  505    0  320 0.552  52.7 337.2  25.0 -29.0
1977 8 7.500     86100 0    0  465    0  280 0.420  39.2 335.9  25.0 -17.0
1977 8 8.500     86100 0    0  447    0  260 0.338  31.3 328.7  23.0 -11.0
1977 8 9.500     86100 0    0  465    0  270 0.329 330.9 336.5  23.0  10.0
1977 8 9.500     86200 0    0   15    0   10 0.710 129.9 290.5 -22.0 -36.0
1977 810.500     86100 0    0  200    0  120 0.429 312.8 333.3  23.0  20.0
1977 810.500     86300 0    0   20    0   20 0.904 247.7  14.3 -17.0  61.0
1977 811.500     86100 0    0  230    0  150 0.602 301.9 334.0  24.0  34.0
1977 811.500     86300 0    0   10    0   20 0.992 250.8  20.0 -18.0  80.0
1977 811.500     86400 0    0   13    0   10 0.777  72.1 249.0  18.0 -51.0
1977 812.500     86100 0    0  123    0   90 0.769 297.2 335.8  25.0  49.0
1977 812.500     86400 0    0   15    0   10 0.620  65.8 249.8  20.0 -37.0
1977 812.500     86500 0    0   13    0   10 0.895  58.5 223.8  31.0 -63.0
1977 813.000     86400 0    0   33    0   20 0.481  58.6 247.6  20.5 -26.0
1977 813.500     86100 0    0  109    0   90 0.874 293.8 334.6  24.0  61.0
1977 813.500     86500 0    0   68    0   50 0.792  56.9 223.6  30.0 -50.0
1977 813.500     86600 0    0   14    0   10 0.772  47.8 228.6  36.0 -45.0
1977 813.500     86700 0    0   13    0   10 0.802  61.1 221.6  27.0 -52.0
1977 813.500     86800 0    0    9    0   10 0.950  72.1 200.6  19.0 -73.0
1977 814.500     86100 0    0  120    0  120 0.960 290.0 335.4  21.0  75.0
1977 814.500     86400 0    0   51    0   30 0.349  43.9 245.4  21.0 -15.0
1977 814.500     86500 0    0   29    0   20 0.689  49.3 222.4  32.0 -38.0
1977 814.500     86600 0    0   14    0   10 0.662  40.4 228.4  36.0 -32.0
1977 814.500     86700 0    0   87    0   60 0.692  54.3 220.4  29.0 -40.0
1977 814.500     86800 0    0   70    0   60 0.871  69.6 199.4  21.0 -61.0
1977 815.500     86100 0    0   72    0   70 0.987 293.3 330.2  24.0  83.0
1977 815.500     86400 0    0   35    0   20 0.244  19.6 242.2  20.0  -5.0
1977 815.500     86500 0    0   30    0   20 0.565  44.0 220.2  30.0 -27.0
1977 815.500     86700 0    0  109    0   70 0.540  48.5 220.2  27.0 -27.0
1977 815.500     86800 0    0   83    0   60 0.737  68.9 200.2  20.0 -47.0
1977 816.500     86400 0    0   52    0   30 0.314 317.7 246.9  20.0  13.0
1977 816.500     86500 0    0   15    0   10 0.476  25.5 219.9  32.0 -14.0
1977 816.500     86700 0    0   47    0   30 0.469  35.2 215.9  29.0 -18.0
1977 816.500     86800 0    0   15    0   10 0.581  64.7 199.9  20.0 -34.0
1977 816.500     87000 0    0   13    0   10 0.774  65.7 183.9  23.0 -50.0
1977 817.500     86400 0    0   33    0   20 0.477 300.2 246.7  20.0  26.0
1977 817.500     86700 0    0   33    0   20 0.345   0.0 220.7  27.0   0.0
1977 817.500     87000 0    0   30    0   20 0.619  61.0 184.7  23.0 -36.0
1977 817.500     87100 0    0   10    0   10 0.927 122.8 159.7 -27.0 -61.0
1977 818.500     86400 0    0   44    0   30 0.652 291.3 247.5  19.0  40.0
1977 818.500     86700 0    0   49    0   30 0.401 330.0 220.5  27.0  13.0
1977 818.500     87000 0    0   65    0   40 0.472  52.4 183.5  23.0 -24.0
1977 818.500     87100 0    0   13    0   10 0.831 127.7 160.5 -26.0 -47.0
1977 819.500     86400 0    0   64    0   50 0.796 287.4 247.3  18.0  53.0
1977 819.500     86700 0    0   47    0   30 0.528 312.3 220.3  27.0  26.0
1977 819.500     87000 0    0   17    0   10 0.300  28.9 185.3  22.0  -9.0
1977 819.500     87100 0    0   16    0   10 0.726 136.2 160.3 -26.0 -34.0
1977 820.000     86700 0    0   30    0   20 0.665 303.5 219.6  27.0  38.5
1977 820.500     86400 0    0  207    0  200 0.927 287.7 250.1  19.0  69.0
1977 820.500     87000 0    0   34    0   20 0.268 346.1 185.1  22.0   4.0
1977 820.500     87300 0    0   16    0   10 0.476 300.0 207.1  20.0  26.0
1977 821.500     86400 0    0  210    0  230 0.979 288.0 247.9  19.0  80.0
1977 821.500     86700 0    0   13    0   10 0.791 298.9 218.9  27.0  51.0
1977 821.500     87300 0    0   60    0   40 0.639 291.5 206.9  19.0  39.0
1977 821.500     87400 0    0   29    0   30 0.946 120.6 102.9 -26.0 -65.0
1977 821.500     87500 0    0   27    0   20 0.809 234.9 213.9 -23.0  46.0
1977 822.500     86400 0    0  122    0  140 0.999 288.9 244.7  19.0  90.0
1977 822.500     86700 0    0   24    0   20 0.897 296.7 218.7  27.0  64.0
1977 822.500     87300 0    0   39    0   30 0.787 288.7 206.7  19.0  52.0
1977 822.500     87400 0    0   42    0   30 0.816 128.9 109.7 -26.0 -45.0
1977 822.500     87500 0    0   64    0   60 0.912 240.9 214.7 -23.0  60.0
1977 822.500     87600 0    0   17    0   10 0.631 151.1 134.7 -27.0 -20.0
1977 823.500     87400 0    0   32    0   20 0.711 136.1 108.5 -25.0 -33.0
1977 823.500     87500 0    0   15    0   20 0.975 245.5 214.5 -22.0  73.0
1977 824.500     87400 0    0   52    0   30 0.656 144.6 103.2 -26.0 -25.0
1977 824.500     87700 0    0   29    0   20 0.654 292.6 168.2  20.0  40.0
1977 825.500     87400 0    0  244    0  130 0.548 165.0 106.0 -25.0  -9.0
1977 825.500     87700 0    0   78    0   60 0.789 291.2 167.0  21.0  52.0
1977 826.500     87400 0    0  302    0  160 0.546 180.0 101.8 -26.0   0.0
1977 826.500     87700 0    0   30    0   30 0.933 286.6 171.8  18.0  70.0
1977 826.500     87800 0    0   12    0   10 0.636  18.2  85.8  44.0 -16.0
1977 826.500     87900 0    0   47    0   30 0.482 319.0 122.8  28.0  21.0
1977 827.500     87400 0    0  293    0  160 0.590 203.2 103.6 -26.0  15.0
1977 827.500     87900 0    0   75    0   50 0.625 305.2 123.6  27.0  35.0
1977 827.500     88000 0    0   14    0   10 0.823 135.8  46.6 -31.0 -42.0
1977 828.500     87400 0    0  136    0   80 0.671 219.4 103.4 -25.0  28.0
1977 828.500     87900 0    0   13    0   10 0.762 299.6 123.4  27.0  48.0
1977 828.500     88000 0    0    8    0    5 0.718 145.5  47.4 -30.0 -28.0
1977 828.500     88100 0    0    7    0    5 0.578 333.7  94.4  38.0  19.0
1977 829.500     87400 0    0  119    0   80 0.780 229.7 103.2 -25.0  41.0
1977 829.500     87900 0    0   38    0   30 0.859 297.2 121.2  27.0  59.0
1977 829.500     88000 0    0   35    0   20 0.641 159.5  47.2 -30.0 -15.0
1977 830.500     87400 0    0  124    0  100 0.873 236.0 101.9 -25.0  53.0
1977 830.500     87900 0    0   23    0   20 0.954 297.2 122.9  28.0  74.0
1977 830.500     88000 0    0  128    0   70 0.605 177.1  46.9 -30.0  -2.0
1977 831.500     87400 0    0   49    0   50 0.940 240.1  99.8 -25.0  64.0
1977 831.500     88000 0    0   36    0   20 0.613 189.9  42.8 -30.0   7.0
1977 831.500     88200 0    0  134    0  120 0.944  67.0 323.8  24.0 -72.0
1977 9 1.500     88200 0    0  138    0  110 0.873  64.2 321.6  26.0 -61.0
1977 9 1.500     88400 0    0   13    0   10 0.783 300.3  72.6  28.0  50.0
1977 9 1.500     88500 0    0   30    0   20 0.597  69.4 346.6  18.0 -36.0
1977 9 2.500     88200 0    0  140    0  100 0.735  62.5 323.3  25.0 -46.0
1977 9 2.500     88400 0    0   12    0   10 0.890 297.8  72.3  28.0  63.0
1977 9 2.500     88500 0    0   53    0   30 0.345  65.7 350.3  15.0 -19.0
1977 9 3.500     88200 0    0  167    0  110 0.602  57.4 322.1  25.0 -34.0
1977 9 3.500     88500 0    0  274    0  150 0.183  33.3 350.1  16.0  -6.0
1977 9 4.500     88200 0    0  146    0   90 0.440  44.8 322.9  25.0 -20.0
1977 9 4.500     88500 0    0   72    0   40 0.204 318.9 350.9  16.0   8.0
1977 9 5.500     88200 0    0  170    0  100 0.304  18.3 323.7  24.0  -6.0
1977 9 5.500     88500 0    0   70    0   40 0.345 294.2 348.7  15.0  19.0
1977 9 6.500     88200 0    0  187    0  110 0.299 344.6 321.5  24.0   5.0
1977 9 6.500     88500 0    0   48    0   30 0.534 286.7 348.5  15.0  32.0
1977 9 6.500     88600 0    0   89    0   80 0.899  71.2 251.5  20.0 -65.0
1977 9 7.500     88200 0    0   81    0   50 0.440 315.2 323.3  25.0  20.0
1977 9 7.500     88500 0    0   13    0   10 0.751 285.0 352.3  16.0  49.0
1977 9 7.500     88600 0    0   39    0   30 0.788  69.0 251.3  21.0 -52.0
1977 9 8.500     88200 0    0   78    0   50 0.555 301.3 321.1  23.0  31.0
1977 9 8.500     88600 0    0   44    0   30 0.668  66.5 249.1  21.0 -41.0
1977 9 8.500     88900 0    0   50    0  100 0.998  83.4 203.1   7.0 -87.0
1977 9 9.000     88600 0    0   31    0   20 0.512  60.5 248.4  21.0 -28.5
1977 9 9.500     88200 0    0   55    0   40 0.743 295.9 323.9  24.0  47.0
1977 9 9.500     88900 0    0  662    0  990 0.967  84.6 200.9   7.0 -76.0
1977 910.500     88200 0    0   50    0   40 0.846 292.7 321.7  23.0  58.0
1977 910.500     88600 0    0   17    0   10 0.354  46.7 247.7  21.0 -16.0
1977 910.500     88900 0    0  822    0  800 0.877  83.7 201.7   9.0 -62.0
1977 910.500     89000 0    0   23    0   20 0.842  74.4 205.7  17.0 -58.0
1977 911.500     88200 0    0   31    0   30 0.949 289.8 323.5  21.0  73.0
1977 911.500     88900 0    0 1226    0  920 0.749  81.7 201.5  11.0 -49.0
1977 911.500     89000 0    0  104    0   70 0.641  67.3 211.5  20.0 -39.0
1977 912.500     88200 0    0   19    0   20 0.994 290.5 323.3  21.0  86.0
1977 912.500     88900 0    0 1441    0  900 0.569  82.9 202.3  10.0 -35.0
1977 912.500     89000 0    0  201    0  120 0.448  63.8 212.3  18.0 -25.0
1977 913.500     88900 0    0 1503    0  830 0.356  86.5 203.1   8.0 -21.0
1977 913.500     89000 0    0  287    0  160 0.251  46.7 213.1  17.0 -11.0
1977 914.500     88900 0    0 1307    0  680 0.088  80.5 205.9   8.0  -5.0
1977 914.500     89000 0    0  293    0  160 0.157 347.6 212.9  16.0   2.0
1977 915.500     88900 0    0 1051    0  550 0.139 276.4 205.7   8.0   8.0
1977 915.500     89000 0    0  213    0  120 0.308 300.8 213.7  16.0  16.0
1977 915.500     89100 0    0   11    0   10 0.963  64.9 121.7  26.0 -76.0
1977 916.500     88900 0    0 1149    0  630 0.324 276.9 203.5   9.0  19.0
1977 916.500     89000 0    0  165    0  100 0.485 292.4 212.5  17.0  28.0
1977 916.500     89100 0    0   60    0   50 0.895  65.6 120.5  25.0 -64.0
1977 917.500     88900 0    0 1212    0  730 0.526 273.7 203.2   8.0  32.0
1977 917.500     89000 0    0  147    0  100 0.659 287.7 212.2  17.0  41.0
1977 917.500     89100 0    0   27    0   20 0.788  62.4 120.2  26.0 -51.0
1977 917.500     89200 0    0    9    0   10 0.956 120.1 104.2 -26.0 -67.0
1977 918.500     88900 0    0 1046    0  740 0.703 271.3 203.1   6.0  45.0
1977 918.500     89000 0    0   85    0   70 0.813 282.1 213.1  14.0  55.0
1977 918.500     89100 0    0   59    0   40 0.658  56.5 120.1  27.0 -38.0
1977 918.500     89200 0    0   82    0   70 0.890 121.7 102.1 -24.0 -56.0
1977 919.500     88900 0    0  988    0  920 0.861 276.3 204.9   9.0  60.0
1977 919.500     89000 0    0    9    0   10 0.939 283.4 215.9  15.0  71.0
1977 919.500     89100 0    0   47    0   30 0.484  46.5 121.9  26.0 -23.0
1977 919.500     89200 0    0  337    0  220 0.750 129.4 105.9 -23.0 -39.0
1977 920.500     88900 0    0  488    0  650 0.957 277.3 205.7   9.0  74.0
1977 920.500     89100 0    0   33    0   20 0.361  25.6 121.7  26.0 -10.0
1977 920.500     89200 0    0  927    0  540 0.652 138.5 103.7 -23.0 -28.0
1977 920.500     89300 0    0   19    0   10 0.251 254.4 145.7   3.0  14.0
1977 921.500     88900 0    0  116    0  240 0.999 276.8 207.4   7.0  89.0
1977 921.500     89100 0    0   16    0   10 0.309 357.1 119.4  25.0   1.0
1977 921.500     89200 0    0  826    0  440 0.539 157.4 105.4 -23.0 -13.0
1977 921.500     89400 0    0   15    0   10 0.593 299.7 152.4  23.0  34.0
1977 922.500     89200 0    0  730    0  380 0.501 183.7 107.3 -23.0   2.0
1977 922.500     89400 0    0   53    0   40 0.792 293.7 157.3  23.0  52.0
1977 923.500     89200 0    0  600    0  320 0.538 202.6 105.1 -23.0  13.0
1977 923.500     89400 0    0   23    0   20 0.887 292.3 155.1  23.0  63.0
1977 923.500     89500 0    0    9    0   10 0.943 115.2  26.1 -21.0 -66.0
1977 923.500     89600 0    0   31    0   20 0.514  44.3  68.1  28.0 -24.0
1977 924.500     89200 0    0  453    0  260 0.633 219.6 104.9 -23.0  26.0
1977 924.500     89400 0    0   10    0   10 0.975 292.1 157.9  23.0  79.0
1977 924.500     89500 0    0   13    0   10 0.804 121.3  31.9 -20.0 -47.0
1977 924.500     89600 0    0   65    0   40 0.381  18.8  70.9  28.0  -8.0
1977 924.500     89700 0    0    9    0   10 0.924 115.0  15.9 -20.0 -63.0
1977 925.500     89200 0    0  306    0  200 0.748 230.7 104.7 -23.0  39.0
1977 925.500     89500 0    0   14    0   10 0.786 122.3  20.7 -20.0 -45.0
1977 925.500     89600 0    0  210    0  130 0.384 348.6  70.7  29.0   5.0
1977 925.500     89700 0    0   35    0   30 0.856 115.9  11.7 -18.0 -54.0
1977 925.500     89800 0    0  377    0  430 0.965  75.2 349.7  16.0 -76.0
1977 926.500     89200 0    0  303    0  240 0.860 236.8 104.4 -24.0  52.0
1977 926.500     89600 0    0  211    0  130 0.426 324.8  68.4  27.0  16.0
1977 926.500     89800 0    0  263    0  240 0.868  77.8 351.4  14.0 -61.0
1977 926.500     89900 0    0   13    0   10 0.916  55.8 346.4  34.0 -66.0
1977 926.500     90000 0    0   15    0   10 0.794 136.6  13.4 -30.0 -39.0
1977 927.500     89200 0    0  241    0  230 0.938 237.9 102.3 -27.0  63.0
1977 927.500     89600 0    0  168    0  110 0.583 308.1  70.3  27.0  31.0
1977 927.500     89800 0    0  544    0  390 0.716  77.1 353.3  14.0 -46.0
1977 927.500     89900 0    0   41    0   30 0.808  53.7 348.3  33.0 -51.0
1977 928.500     89200 0    0  133    0  180 0.988 243.3 103.1 -25.0  77.0
1977 928.500     89600 0    0   28    0   20 0.706 298.9  69.1  25.0  43.0
1977 928.500     89800 0    0  449    0  280 0.560  76.8 352.1  13.0 -34.0
1977 928.500     89900 0    0   14    0   10 0.725  51.5 344.1  32.0 -42.0
1977 928.500     90200 0    0  167    0  100 0.469 291.6  53.1  16.0  27.0
1977 928.500     90300 0    0  145    0  180 0.962 114.2 316.1 -21.0 -70.0
1977 928.500     90400 0    0  118    0  120 0.959  71.1 311.1  20.0 -75.0
1977 929.500     89800 0    0  546    0  310 0.373  68.9 351.9  14.0 -21.0
1977 929.500     90200 0    0  105    0   70 0.635 288.6  51.9  17.0  39.0
1977 929.500     90300 0    0  347    0  300 0.879 118.3 316.9 -21.0 -56.0
1977 929.500     90400 0    0  148    0  130 0.894  69.9 308.9  21.0 -64.0
1977 929.500     90600 0    0   47    0   70 0.996 116.0 291.9 -25.0 -81.0
1977 930.500     89800 0    0  258    0  140 0.187  39.0 352.7  15.0  -7.0
1977 930.500     90200 0    0   64    0   50 0.786 286.4  51.7  17.0  52.0
1977 930.500     90300 0    0  175    0  130 0.811 120.6 311.7 -20.0 -48.0
1977 930.500     90400 0    0  159    0  120 0.780  68.4 308.7  21.0 -51.0
1977 930.500     90500 0    0   16    0   10 0.725 223.9  33.7 -26.0  34.0
197710 1.500     89800 0    0  337    0  180 0.140 322.6 351.5  13.0   5.0
197710 1.500     90200 0    0   20    0   20 0.914 284.6  53.5  16.0  67.0
197710 1.500     90300 0    0  218    0  140 0.718 126.3 308.5 -20.0 -38.0
197710 1.500     90400 0    0  188    0  130 0.686  64.8 304.5  22.0 -42.0
197710 2.500     89800 0    0  392    0  220 0.343 293.1 352.3  14.0  19.0
197710 2.500     89900 0    0   15    0   10 0.478 334.6 347.3  32.0  14.0
197710 2.500     90300 0    0  270    0  150 0.572 140.1 310.3 -20.0 -23.0
197710 2.500     90400 0    0  114    0   70 0.491  55.8 307.3  22.0 -26.0
197710 2.500     90700 0    0   21    0   20 0.934  70.0 263.3  21.0 -70.0
197710 3.500     89800 0    0  360    0  220 0.523 288.1 351.1  15.0  31.0
197710 3.500     89900 0    0  137    0   90 0.548 320.5 344.1  31.0  24.0
197710 3.500     90300 0    0  308    0  160 0.469 170.0 315.1 -21.0  -5.0
197710 3.500     90400 0    0   87    0   50 0.306  39.7 308.1  20.0 -12.0
197710 4.500     89800 0    0  325    0  230 0.705 283.3 351.9  14.0  45.0
197710 4.500     89900 0    0  174    0  120 0.684 309.5 344.9  31.0  38.0
197710 4.500     90300 0    0  250    0  130 0.479 185.8 309.9 -22.0   3.0
197710 4.500     90400 0    0   88    0   50 0.251   0.0 306.9  21.0   0.0
197710 5.500     89800 0    0   85    0   80 0.869 280.2 354.7  12.0  61.0
197710 5.500     89900 0    0  188    0  140 0.816 301.2 346.7  29.0  53.0
197710 5.500     90300 0    0  167    0   90 0.543 206.0 308.7 -23.0  15.0
197710 5.500     90400 0    0  105    0   60 0.307 320.5 305.7  20.0  12.0
197710 5.500     90800 0    0   41    0   70 0.993  80.7 209.7  10.0 -84.0
197710 6.500     89800 0    0  154    0  200 0.978 283.0 359.5  14.0  79.0
197710 6.500     89900 0    0  337    0  270 0.931 299.8 349.5  30.0  69.0
197710 6.500     90300 0    0  248    0  150 0.673 226.9 312.5 -22.0  32.0
197710 6.500     90400 0    0  132    0   80 0.480 300.9 306.5  20.0  26.0
197710 6.500     90800 0    0  374    0  450 0.924  86.1 212.5   6.0 -68.0
197710 7.500     89900 0    0  144    0  120 0.976 299.4 346.3  30.0  79.0
197710 7.500     90300 0    0   86    0   60 0.783 235.3 311.3 -22.0  44.0
197710 7.500     90400 0    0   45    0   30 0.630 292.5 305.3  19.0  38.0
197710 7.500     90800 0    0  304    0  260 0.816  88.3 212.3   5.0 -55.0
197710 7.500     90900 0    0   35    0   20 0.635 176.0 264.3 -33.0  -3.0
197710 7.500     91000 0    0   11    0   10 0.843  76.2 209.3  15.0 -58.0
197710 8.500     90300 0    0   93    0   80 0.880 240.8 310.1 -22.0  56.0
197710 8.500     90400 0    0   50    0   40 0.809 289.0 308.1  19.0  54.0
197710 8.500     90800 0    0  443    0  300 0.666  88.0 212.1   6.0 -42.0
197710 8.500     91000 0    0   29    0   20 0.680  77.6 211.1  13.0 -43.0
197710 8.500     91100 0    0    8    0   10 0.998  70.3 166.1  20.0 -88.0
197710 9.500     90300 0    0   31    0   40 0.974 244.6 313.9 -23.0  73.0
197710 9.500     90400 0    0   32    0   30 0.916 289.2 307.9  20.0  67.0
197710 9.500     90800 0    0  485    0  280 0.467  86.7 212.9   7.0 -28.0
197710 9.500     91100 0    0   89    0  100 0.969  73.0 163.9  18.0 -77.0
19771010.500     90300 0    0    5    0   10 0.998 247.5 311.8 -22.0  84.0
19771010.500     90400 0    0   37    0   40 0.977 289.2 306.8  20.0  79.0
19771010.500     90800 0    0  433    0  230 0.258  85.8 212.8   7.0 -15.0
19771010.500     91100 0    0  176    0  160 0.887  72.9 164.8  18.0 -63.0
19771011.500     90800 0    0  293    0  150 0.001 180.0 214.6   6.0   0.0
19771011.500     91100 0    0  373    0  270 0.737  69.7 167.6  19.0 -47.0
19771012.500     90800 0    0  286    0  150 0.224 270.7 214.4   6.0  13.0
19771012.500     91100 0    0  418    0  260 0.551  66.1 169.4  18.0 -32.0
19771012.500     91200 0    0   33    0   20 0.383 348.4 206.4  28.0   5.0
19771012.500     91300 0    0   22    0   20 0.888 289.4 264.4  20.0  63.0
19771012.500     91400 0    0   98    0  100 0.991  67.5 117.4  23.0 -84.0
19771013.500     90800 0    0  248    0  140 0.420 273.9 213.2   7.0  25.0
19771013.500     91100 0    0  344    0  200 0.417  58.7 166.2  18.0 -22.0
19771013.500     91200 0    0   15    0   10 0.500 325.7 207.2  30.0  19.0
19771013.500     91300 0    0    9    0   10 0.973 289.2 266.2  20.0  78.0
19771013.500     91400 0    0  221    0  210 0.941  68.7 117.2  22.0 -71.0
19771013.500     91500 0    0   36    0   20 0.249  32.2 180.2  18.0  -8.0
19771014.500     90800 0    0  125    0   80 0.613 272.3 213.0   6.0  38.0
19771014.500     91100 0    0  471    0  260 0.250  32.0 167.0  18.0  -8.0
19771014.500     91400 0    0  234    0  200 0.882  68.1 113.0  22.0 -62.0
19771014.500     91500 0    0  109    0   60 0.217 346.7 178.0  18.0   3.0
19771015.500     90800 0    0   49    0   40 0.785 271.8 213.8   5.0  52.0
19771015.500     91100 0    0  401    0  220 0.222 342.6 165.8  18.0   4.0
19771015.500     91400 0    0  196    0  140 0.735  65.2 115.8  22.0 -46.0
19771015.500     91500 0    0  194    0  110 0.352 307.9 178.8  18.0  17.0
19771015.500     91600 0    0   17    0   10 0.317 339.3 168.8  23.0   7.0
19771016.500     91100 0    0  245    0  140 0.362 310.3 165.6  19.0  17.0
19771016.500     91400 0    0  186    0  120 0.603  58.7 114.6  23.0 -34.0
19771016.500     91500 0    0  288    0  180 0.558 296.0 180.6  19.0  32.0
19771016.500     91600 0    0   16    0   10 0.439 310.8 169.6  22.0  21.0
19771016.500     91700 0    0   52    0   30 0.309 344.9 153.6  23.0   5.0
19771017.500     91100 0    0  195    0  120 0.532 297.3 165.4  19.0  30.0
19771017.500     91400 0    0  134    0   80 0.438  46.0 115.4  23.0 -20.0
19771017.500     91500 0    0  113    0   80 0.715 289.8 180.4  18.0  45.0
19771017.500     91600 0    0   16    0   10 0.543 304.8 164.4  23.0  29.0
19771017.500     91700 0    0  205    0  120 0.405 315.0 153.4  22.0  18.0
19771018.500     91100 0    0  144    0  100 0.694 291.8 165.2  19.0  43.0
19771018.500     91400 0    0   69    0   40 0.327  14.1 117.2  24.0  -5.0
19771018.500     91500 0    0   11    0   10 0.856 287.7 181.2  18.0  59.0
19771018.500     91700 0    0  253    0  160 0.568 303.4 153.2  23.0  31.0
19771018.500     91800 0    0   32    0   20 0.681 134.7  90.2 -24.0 -32.0
19771019.500     91100 0    0  129    0  110 0.857 288.9 168.0  19.0  59.0
19771019.500     91400 0    0   34    0   20 0.338 340.8 116.0  24.0   7.0
19771019.500     91700 0    0  224    0  160 0.739 296.4 155.0  23.0  46.0
19771019.500     91800 0    0  433    0  240 0.575 150.9  91.0 -25.0 -18.0
19771019.500     92000 0    0   33    0   30 0.912 292.8 175.0  23.0  66.0
19771020.500     91100 0    0   68    0   70 0.942 288.3 166.8  19.0  71.0
19771020.500     91400 0    0   33    0   20 0.461 314.8 116.8  24.0  21.0
19771020.500     91700 0    0  143    0  120 0.868 292.3 155.8  22.0  60.0
19771020.500     91800 0    0  431    0  230 0.511 171.1  90.8 -25.0  -5.0
19771020.500     92000 0    0   19    0   20 0.977 292.4 174.8  23.0  79.0
19771021.500     91100 0    0    8    0   10 0.998 288.8 170.6  19.0  88.0
19771021.500     91700 0    0  265    0  260 0.953 291.4 155.6  22.0  73.0
19771021.500     91800 0    0  560    0  300 0.519 194.1  90.6 -25.0   8.0
19771021.500     92100 0    0   15    0   10 0.737 134.7  46.6 -27.0 -36.0
19771022.500     91700 0    0   85    0  100 0.998 289.8 157.4  20.0  88.0
19771022.500     91800 0    0  461    0  260 0.594 213.1  90.4 -25.0  21.0
19771022.500     92100 0    0   17    0   10 0.631 146.5  46.4 -27.0 -23.0
19771023.500     91800 0    0  401    0  250 0.703 226.1  90.3 -25.0  34.0
19771023.500     92100 0    0   55    0   30 0.543 161.6  45.3 -26.0 -11.0
19771024.500     91800 0    0  187    0  140 0.832 235.3  92.1 -25.0  49.0
19771024.500     92100 0    0   18    0   10 0.530 180.0  43.1 -27.0   0.0
19771024.500     92200 0    0   22    0   20 0.899  67.9 339.1  22.0 -64.0
19771024.500     92300 0    0   42    0   30 0.717  69.7 358.1  18.0 -45.0
19771025.500     91800 0    0  135    0  140 0.949 241.6  96.9 -25.0  67.0
19771025.500     92200 0    0   51    0   40 0.809  66.3 336.9  22.0 -53.0
19771026.500     91800 0    0  117    0  160 0.990 244.9  95.7 -24.0  79.0
19771026.500     92200 0    0   76    0   50 0.642  64.3 338.7  20.0 -38.0
19771026.500     92400 0    0   35    0   20 0.555 130.9 350.7 -17.0 -26.0
19771026.500     92500 0    0   14    0   10 0.758  51.0 332.7  32.0 -44.0
19771027.500     92200 0    0  115    0   70 0.513  55.8 336.5  21.0 -27.0
19771027.500     92500 0    0   76    0   50 0.623  43.5 333.5  31.0 -30.0
19771028.500     92200 0    0   52    0   30 0.357  32.7 338.3  22.0 -12.0
19771028.500     92500 0    0   63    0   40 0.505  27.9 334.3  31.0 -16.0
19771028.500     92700 0    0   11    0   10 0.852 290.7  48.3  20.0  58.0
19771028.500     92800 0    0   70    0   80 0.959 115.6 280.3 -23.0 -70.0
19771029.500     92200 0    0  144    0   80 0.291  12.9 333.1  21.0  -4.0
19771029.500     92500 0    0  146    0   90 0.448   5.7 334.1  31.0  -3.0
19771029.500     92700 0    0   18    0   20 0.963 288.5  52.1  19.0  75.0
19771029.500     92800 0    0  152    0  150 0.930 118.0 273.1 -24.0 -64.0
19771029.500     92900 0    0   19    0   10 0.407 168.3 332.1 -19.0  -5.0
19771030.500     92200 0    0   69    0   40 0.373 329.1 336.0  23.0  12.0
19771030.500     92500 0    0   31    0   20 0.508 336.2 338.0  32.0  14.0
19771030.500     92800 0    0  137    0  100 0.803 123.1 277.0 -23.0 -47.0
19771030.500     93000 0    0  133    0  120 0.884  70.8 262.0  19.0 -62.0
19771031.500     92200 0    0   16    0   10 0.488 309.4 334.8  22.0  24.0
19771031.500     92400 0    0   74    0   50 0.727 238.6 351.8 -19.0  41.0
19771031.500     92500 0    0   47    0   30 0.554 322.3 333.8  30.0  23.0
19771031.500     92800 0    0  210    0  130 0.680 133.0 277.8 -24.0 -33.0
19771031.500     93000 0    0  267    0  210 0.806  69.5 257.8  19.0 -53.0
197711 1.500     92400 0    0   23    0   20 0.853 245.9 352.6 -18.0  55.0
197711 1.500     92500 0    0   29    0   20 0.697 310.1 335.6  30.0  38.0
197711 1.500     92800 0    0  198    0  110 0.544 146.6 278.6 -23.0 -19.0
197711 1.500     93000 0    0  266    0  180 0.681  64.9 256.6  20.0 -41.0
197711 2.500     92500 0    0   13    0   10 0.823 304.0 336.4  30.0  52.0
197711 2.500     92800 0    0  188    0  100 0.463 170.0 279.4 -23.0  -5.0
197711 2.500     93000 0    0  152    0   90 0.478  56.7 259.4  19.0 -25.0
197711 3.500     92800 0    0  225    0  120 0.468 193.9 278.2 -23.0   7.0
197711 3.500     93000 0    0  271    0  150 0.313  28.0 262.2  20.0  -9.0
197711 4.500     92800 0    0  235    0  130 0.532 212.3 276.0 -23.0  18.0
197711 4.500     93000 0    0   73    0   40 0.261 356.4 259.0  19.0   1.0
197711 5.500     92800 0    0   97    0   60 0.660 229.9 277.9 -22.0  33.0
197711 5.500     93000 0    0  214    0  120 0.351 323.0 257.9  20.0  13.0
197711 6.500     92800 0    0  157    0  110 0.767 237.1 275.7 -22.0  44.0
197711 6.500     93000 0    0   81    0   50 0.558 303.2 261.7  21.0  30.0
197711 7.500     92800 0    0   92    0   80 0.877 242.5 275.5 -22.0  57.0
197711 7.500     93000 0    0   42    0   30 0.728 298.6 262.5  23.0  44.0
197711 7.500     93100 0    0  171    0  170 0.946  68.0 147.5  22.0 -71.0
197711 8.500     92800 0    0   42    0   50 0.954 247.8 275.3 -20.0  70.0
197711 8.500     93000 0    0   24    0   20 0.860 294.8 263.3  23.0  58.0
197711 8.500     93100 0    0   36    0   30 0.860  65.2 147.3  23.0 -58.0
197711 8.500     93200 0    0   15    0   10 0.607  55.6 172.3  23.0 -33.0
197711 9.500     93100 0    0   13    0   10 0.767  59.8 145.1  25.0 -47.0
197711 9.500     93300 0    0   61    0   40 0.713 127.4 154.1 -23.0 -38.0
19771110.500     93100 0    0   31    0   20 0.609  55.4 145.9  23.0 -33.0
19771110.500     93300 0    0   35    0   20 0.567 140.6 155.9 -23.0 -23.0
19771111.500     93100 0    0   34    0   20 0.465  42.6 145.7  23.0 -20.0
19771111.500     93300 0    0   55    0   30 0.479 156.5 153.7 -23.0 -12.0
19771111.500     93400 0    0  105    0   80 0.948  51.9  96.7  37.0 -69.0
19771112.500     93100 0    0   52    0   30 0.386  21.7 143.6  24.0  -9.0
19771112.500     93300 0    0   56    0   30 0.423 180.0 152.6 -22.0   0.0
19771112.500     93400 0    0  122    0   90 0.916  49.5  90.6  38.0 -62.0
19771113.500     93100 0    0   35    0   20 0.361 354.9 141.4  24.0   2.0
19771113.500     93300 0    0   36    0   20 0.489 207.1 153.4 -23.0  14.0
19771113.500     93400 0    0  151    0  110 0.860  47.9  86.4  37.0 -53.0
19771114.000     93300 0    0   33    0   20 0.576 222.7 151.2 -22.5  25.0
19771114.500     93100 0    0   35    0   20 0.428 320.7 143.2  22.0  17.0
19771114.500     93400 0    0  200    0  140 0.774  40.9  86.2  38.0 -40.0
19771114.500     93500 0    0   26    0   30 0.973 243.5 200.2 -25.0  74.0
19771114.500     93600 0    0   13    0   10 0.854  56.2  71.2  30.0 -55.0
19771114.500     93700 0    0   15    0   20 0.960 109.7  54.2 -18.0 -72.0
19771115.500     93300 0    0   31    0   20 0.682 233.1 149.0 -22.0  36.0
19771115.500     93400 0    0   73    0   50 0.670  29.8  88.0  38.0 -25.0
19771115.500     93700 0    0   34    0   30 0.867 113.8  56.0 -19.0 -57.0
19771115.500     93800 0    0   16    0   10 0.628 227.1 143.0 -23.0  30.0
19771115.500     93900 0    0   14    0   10 0.727  59.0  70.0  24.0 -43.0
19771115.500     94000 0    0   11    0   10 0.900  65.7  50.0  23.0 -63.0
19771116.500     93300 0    0   13    0   10 0.807 240.2 148.8 -22.0  49.0
19771116.500     93400 0    0   73    0   50 0.629  14.7  87.8  40.0 -12.0
19771116.500     93700 0    0   56    0   40 0.753 116.7  54.8 -18.0 -45.0
19771116.500     93800 0    0   14    0   10 0.765 236.7 143.8 -23.0  44.0
19771116.500     93900 0    0   16    0   10 0.564  46.8  72.8  25.0 -27.0
19771117.500     93300 0    0   20    0   20 0.922 243.8 150.6 -23.0  64.0
19771117.500     93400 0    0  136    0   90 0.582   2.7  84.6  38.0  -2.0
19771117.500     93700 0    0   34    0   20 0.575 126.7  57.6 -18.0 -29.0
19771117.500     93800 0    0   22    0   20 0.898 241.7 146.6 -24.0  60.0
19771117.500     93900 0    0  401    0  230 0.444  37.3  69.6  23.0 -17.0
19771117.500     94100 0    0   26    0   20 0.775  72.6  36.6  15.0 -50.0
19771118.500     93300 0    0    8    0   10 0.982 245.0 150.4 -24.0  77.0
19771118.500     93400 0    0   30    0   20 0.600 346.8  83.4  38.0  10.0
19771118.500     93700 0    0   37    0   20 0.403 144.9  59.4 -17.0 -14.0
19771118.500     93800 0    0   54    0   60 0.964 244.3 145.4 -24.0  72.0
19771118.500     93900 0    0  793    0  440 0.359  10.3  69.4  23.0  -4.0
19771118.500     94100 0    0   16    0   10 0.568  68.4  40.4  14.0 -33.0
19771119.500     93400 0    0   29    0   20 0.669 331.4  84.3  38.0  24.0
19771119.500     93700 0    0   19    0   10 0.349 171.8  57.3 -18.0  -3.0
19771119.500     93900 0    0  823    0  460 0.384 337.9  69.3  23.0   9.0
19771120.500     93400 0    0   14    0   10 0.752 322.0  83.1  38.0  36.0
19771120.500     93900 0    0  392    0  230 0.498 316.2  69.1  23.0  22.0
19771120.500     94200 0    0   15    0   10 0.664 327.7  73.1  36.0  26.0
19771121.500     93400 0    0   14    0   10 0.847 316.2  82.9  39.0  49.0
19771121.500     93900 0    0  235    0  150 0.637 306.7  67.9  24.0  34.0
19771121.500     94300 0    0   10    0   10 0.885 283.7  95.9  13.0  62.0
19771122.500     93900 0    0  207    0  150 0.772 300.1  67.7  24.0  47.0
19771122.500     94400 0    0   17    0   10 0.444 332.6  33.7  25.0  13.0
19771122.500     94500 0    0   13    0   10 0.782  64.3 331.7  21.0 -49.0
19771123.500     93900 0    0  143    0  120 0.887 298.6  67.6  26.0  60.0
19771123.500     94400 0    0   32    0   20 0.572 316.4  33.6  26.0  26.0
19771124.500     93900 0    0  106    0  110 0.973 295.3  70.4  25.0  76.0
19771124.500     94400 0    0   88    0   60 0.714 302.9  35.4  24.0  41.0
19771125.500     93900 0    0   74    0   80 0.998 296.0  68.2  26.0  87.0
19771125.500     94400 0    0   38    0   30 0.834 300.6  34.2  26.0  53.0
19771126.500     94400 0    0   21    0   20 0.937 296.3  36.0  25.0  68.0
19771126.500     94500 0    0   18    0   10 0.362  12.9 323.0  22.0  -5.0
19771126.500     94600 0    0    8    0   10 0.972  67.7 252.0  22.0 -76.0
19771127.500     94400 0    0    9    0   10 0.991 295.1  36.8  25.0  82.0
19771127.500     94600 0    0   32    0   30 0.893  69.3 252.8  19.0 -62.0
19771128.500     94600 0    0   32    0   25 0.752  66.1 255.2  18.5 -46.5
19771129.500     94600 0    0   33    0   20 0.572  58.9 257.5  18.0 -31.0
19771129.500     94700 0    0   45    0   70 0.996 109.2 204.5 -19.0 -84.0
19771130.000     94600 0    0   26    0   15 0.343  30.4 264.8  18.0 -10.5
19771130.500     94700 0    0  383    0  420 0.955 113.4 204.3 -22.0 -71.0
197712 1.500     94600 0    0   18    0   10 0.340 331.0 272.1  18.0  10.0
197712 1.500     94700 0    0  478    0  390 0.834 113.5 208.1 -19.0 -54.0
197712 2.000     94600 0    0   36    0   20 0.398 318.8 265.0  18.0  16.0
197712 2.500     94700 0    0  513    0  340 0.693 118.7 209.0 -19.0 -40.0
197712 3.500     94600 0    0   53    0   30 0.467 310.3 257.8  18.0  22.0
197712 3.500     94700 0    0  717    0  420 0.551 129.3 208.8 -20.0 -27.0
197712 3.500     94800 0    0   22    0   20 0.869 289.4 294.8  17.0  59.0
197712 4.500     94600 0    0   96    0   60 0.610 294.7 257.6  15.0  35.0
197712 4.500     94700 0    0  600    0  330 0.433 143.3 206.6 -20.0 -16.0
197712 4.500     94800 0    0   34    0   40 0.950 288.9 293.6  18.0  71.0
197712 4.500     94900 0    0   56    0   30 0.309 330.9 231.6  16.0   9.0
197712 5.500     94600 0    0  104    0   80 0.788 291.6 259.4  17.0  50.0
197712 5.500     94700 0    0  715    0  380 0.345 180.0 209.4 -20.0   0.0
197712 5.500     94900 0    0   53    0   30 0.473 307.8 232.4  17.0  23.0
197712 5.500     95000 0    0   19    0   20 0.970 118.0 135.4 -27.0 -74.0
197712 5.500     95100 0    0   17    0   10 0.518 155.7 195.4 -28.0 -14.0
197712 6.500     94600 0    0  184    0  180 0.892 288.0 258.2  16.0  62.0
197712 6.500     94700 0    0  678    0  370 0.408 208.4 208.2 -21.0  12.0
197712 6.500     94900 0    0   31    0   20 0.628 295.9 232.2  16.0  36.0
197712 6.500     95000 0    0   75    0   60 0.857 120.8 141.2 -26.0 -55.0
197712 6.500     95200 0    0   16    0   10 0.616 239.8 230.2 -18.0  34.0
197712 7.500     94600 0    0  292    0  390 0.964 286.6 257.1  16.0  74.0
197712 7.500     94700 0    0  535    0  310 0.523 229.3 208.1 -20.0  25.0
197712 7.500     94900 0    0   12    0   10 0.794 289.1 234.1  15.0  51.0
197712 7.500     95000 0    0  160    0  110 0.744 126.0 141.1 -26.0 -42.0
197712 7.500     95200 0    0   13    0   10 0.771 246.4 231.1 -18.0  48.0
197712 8.500     94600 0    0  109    0  200 1.000 286.0 258.9  16.0  89.0
197712 8.500     94700 0    0  555    0  370 0.698 239.3 209.9 -21.0  40.0
197712 8.500     95000 0    0  545    0  340 0.636 133.3 138.9 -26.0 -31.0
197712 8.500     95300 0    0   48    0   50 0.960  63.8  97.9  25.0 -72.0
197712 9.500     94700 0    0  437    0  350 0.837 243.6 210.7 -22.0  54.0
197712 9.500     95000 0    0  780    0  450 0.505 152.8 141.7 -27.0 -15.0
197712 9.500     95300 0    0  148    0  130 0.899  61.8  95.7  25.0 -61.0
197712 9.500     95500 0    0   19    0   10 0.209 276.3 168.7   1.0  12.0
19771210.500     94700 0    0  301    0  300 0.931 246.5 210.5 -22.0  67.0
19771210.500     95000 0    0  895    0  500 0.432 177.9 142.5 -26.0  -1.0
19771210.500     95300 0    0  290    0  210 0.793  56.0  96.5  26.0 -47.0
19771210.500     95400 0    0   48    0   40 0.837 248.6 198.5 -18.0  55.0
19771210.500     95500 0    0   73    0   40 0.407 273.5 167.5   1.0  24.0
19771210.500     95600 0    0   19    0   20 0.936 112.3  75.5 -21.0 -68.0
19771211.500     94700 0    0  190    0  230 0.977 248.6 207.4 -21.0  77.0
19771211.500     95000 0    0  609    0  340 0.434 203.7 141.4 -24.0  11.0
19771211.500     95300 0    0  126    0   80 0.665  49.7  96.4  25.0 -34.0
19771211.500     95400 0    0   19    0   20 0.906 252.6 194.4 -16.0  64.0
19771211.500     95600 0    0   12    0   10 0.836 116.2  76.4 -22.0 -54.0
19771211.500     95700 0    0   14    0   20 0.970  72.3  55.4  17.0 -75.0
19771212.500     94700 0    0  104    0  140 0.998 249.0 203.2 -21.0  86.0
19771212.500     95000 0    0  454    0  270 0.553 221.8 141.2 -25.0  24.0
19771212.500     95300 0    0  174    0  100 0.521  36.8  97.2  24.0 -20.0
19771212.500     95400 0    0    7    0   10 0.983 251.8 196.2 -18.0  79.0
19771212.500     95600 0    0   15    0   10 0.694 123.4  78.2 -23.0 -39.0
19771212.500     95700 0    0   10    0   10 0.869  72.3  58.2  15.0 -59.0
19771213.500     95000 0    0  224    0  150 0.715 231.6 143.0 -27.0  39.0
19771213.500     95300 0    0  109    0   60 0.439  16.8  96.0  24.0  -8.0
19771213.500     95700 0    0   65    0   50 0.787  70.1  54.0  15.0 -50.0
19771213.500     95800 0    0   17    0   10 0.451 155.3  92.0 -25.0 -12.0
19771214.500     95000 0    0   77    0   60 0.839 238.0 143.8 -27.0  53.0
19771214.500     95300 0    0   72    0   40 0.442 351.8  94.8  25.0   4.0
19771214.500     95700 0    0   48    0   30 0.617  63.8  55.8  15.0 -35.0
19771214.500     95800 0    0   18    0   10 0.375 180.0  90.8 -23.0   0.0
19771215.500     95000 0    0  110    0  100 0.928 242.3 143.7 -26.0  66.0
19771215.500     95300 0    0   86    0   50 0.540 327.2  96.7  26.0  19.0
19771215.500     95700 0    0   36    0   20 0.439  42.0  59.7  18.0 -18.0
19771215.500     95900 0    0   18    0   10 0.399 153.7  66.7 -22.0 -11.0
19771215.500     96000 0    0   17    0   10 0.501 154.8  63.7 -28.0 -14.0
19771216.500     95000 0    0   59    0   70 0.997 246.0 150.5 -24.0  86.0
19771216.500     95300 0    0   15    0   10 0.670 310.9  98.5  25.0  34.0
19771216.500     95700 0    0   18    0   10 0.375  28.9  53.5  18.0 -11.0
19771216.500     95900 0    0  110    0   60 0.356 185.2  66.5 -22.0   2.0
19771216.500     96000 0    0   35    0   20 0.436 175.9  62.5 -27.0  -2.0
19771216.500     96100 0    0   54    0   30 0.442  48.1  44.5  16.0 -20.0
19771216.500     96200 0    0   16    0   10 0.579 109.2  30.5 -12.0 -34.0
19771217.000     95700 0    0   83    0   45 0.333 354.3  53.3  18.0   2.0
19771217.500     95900 0    0   53    0   30 0.427 214.2  66.3 -22.0  15.0
19771217.500     96100 0    0   19    0   10 0.294  16.7  46.3  15.0  -5.0
19771217.500     96200 0    0   18    0   10 0.397 118.0  30.3 -12.0 -21.0
19771217.500     96300 0    0  108    0  140 0.993  66.6 329.3  23.0 -82.0
19771218.500     95700 0    0  148    0   80 0.414 323.5  53.1  18.0  15.0
19771218.500     95900 0    0   49    0   30 0.588 228.9  67.1 -24.0  29.0
19771218.500     96300 0    0  122    0  130 0.940  67.0 330.1  21.0 -68.0
19771219.500     95700 0    0   16    0   10 0.585 302.6  55.9  17.0  31.0
19771219.500     95900 0    0   15    0   10 0.682 235.5  62.9 -24.0  38.0
19771219.500     96300 0    0  265    0  210 0.840  61.1 331.9  23.0 -53.0
19771219.500     96400 0    0   19    0   10 0.353 354.6  26.9  19.0   2.0
19771220.500     96300 0    0  255    0  170 0.721  55.2 331.8  23.0 -40.0
19771220.500     96500 0    0   17    0   10 0.435 161.1   2.8 -26.0  -9.0
19771221.500     96300 0    0  306    0  180 0.581  46.4 331.6  22.0 -27.0
19771221.500     96500 0    0    8    0    5 0.414 188.7   2.6 -26.0   4.0
19771222.500     96300 0    0  292    0  160 0.463  29.0 331.4  22.0 -14.0
19771222.500     96500 0    0   16    0   10 0.510 210.4   2.4 -28.0  17.0
19771223.500     96300 0    0  281    0  150 0.408   2.3 331.2  22.0  -1.0
19771223.500     96500 0    0   15    0   10 0.634 225.8   3.2 -28.0  31.0
19771223.500     96600 0    0   29    0   40 0.968  70.8 258.2  18.0 -74.0
19771224.500     96300 0    0  370    0  200 0.446 336.6 330.1  22.0  11.0
19771224.500     96500 0    0  127    0   90 0.767 234.5   4.1 -28.0  45.0
19771224.500     96600 0    0   61    0   60 0.911  66.8 256.1  20.0 -63.0
19771225.500     96300 0    0  259    0  150 0.566 318.6 329.9  23.0  24.0
19771225.500     96500 0    0  164    0  130 0.856 239.6   1.9 -27.0  56.0
19771225.500     96600 0    0   70    0   50 0.756  62.2 260.9  19.0 -45.0
19771226.500     96300 0    0  225    0  150 0.726 305.4 332.7  23.0  40.0
19771226.500     96500 0    0  111    0  100 0.929 242.9 359.7 -26.0  67.0
19771226.500     96600 0    0   33    0   20 0.621  50.8 261.7  21.0 -31.0
19771226.500     96700 0    0    3    0    5 1.000 108.0 202.7 -18.0 -90.0
19771226.500     96800 0    0   17    0   10 0.430 194.6 299.7 -27.0   7.0
19771226.500     96900 0    0   40    0   30 0.803  61.4 243.7  21.0 -49.0
19771227.500     96300 0    0  185    0  150 0.852 299.1 333.6  23.0  54.0
19771227.500     96500 0    0   67    0   70 0.992 244.1   2.6 -26.0  83.0
19771227.500     96600 0    0   18    0   10 0.491  35.9 261.6  21.0 -18.0
19771227.500     96700 0    0   67    0   70 0.922 107.4 212.6 -17.0 -67.0
19771227.500     96800 0    0    8    0    5 0.516 216.2 299.6 -27.0  20.0
19771227.500     96900 0    0   80    0   50 0.653  53.0 245.6  21.0 -34.0
19771228.500     96300 0    0  105    0  110 0.939 294.6 333.4  22.0  67.0
19771228.500     96600 0    0   38    0   20 0.379  12.6 261.4  19.0  -5.0
19771228.500     96700 0    0  308    0  250 0.818 108.9 212.4 -17.0 -54.0
19771228.500     96800 0    0    7    0    5 0.641 229.2 299.4 -27.0  33.0
19771228.500     96900 0    0  162    0   90 0.502  37.3 247.4  21.0 -19.0
19771228.500     97000 0    0   70    0  100 0.984 105.8 186.4 -16.0 -80.0
19771229.500     96300 0    0   67    0   90 0.992 293.6 334.2  23.0  81.0
19771229.500     96600 0    0  152    0   80 0.384 345.1 259.2  19.0   6.0
19771229.500     96700 0    0  429    0  300 0.716 112.6 209.2 -18.0 -44.0
19771229.500     96800 0    0    7    0    5 0.768 236.6 299.2 -27.0  46.0
19771229.500     96900 0    0  263    0  140 0.424  17.9 245.2  21.0  -8.0
19771229.500     97000 0    0  230    0  260 0.946 107.0 182.2 -17.0 -71.0
19771230.500     96600 0    0  110    0   60 0.479 327.5 256.1  21.0  16.0
19771230.500     96700 0    0  410    0  250 0.558 118.6 209.1 -18.0 -31.0
19771230.500     96900 0    0  189    0  100 0.411 350.9 244.1  21.0   4.0
19771230.500     97000 0    0  322    0  270 0.836 108.5 184.1 -17.0 -56.0
19771230.500     97100 0    0   14    0   10 0.718 241.8 283.1 -22.0  43.0
19771231.500     96600 0    0   33    0   20 0.597 310.2 255.9  20.0  29.0
19771231.500     96700 0    0  305    0  170 0.381 133.1 209.9 -18.0 -17.0
19771231.500     96900 0    0  202    0  110 0.477 324.8 243.9  20.0  17.0
19771231.500     97000 0    0  426    0  290 0.689 111.7 184.9 -17.0 -42.0
