1987 1 1.000    4762BB    Bxo   16    2   10 0.553  72.2  10.0   7.0 -32.0
1987 1 2.000    4763 B    Cri  132   11   70 0.332  61.2  12.0   6.0 -17.0
1987 1 3.000    4763 B    Cso   98   11   50 0.186  27.8  11.0   6.0  -5.0
1987 1 4.000    4763 B    Cso   77    5   40 0.251 316.7  12.0   7.0  10.0
1987 1 5.000    4763 A    Hso   53    3   30 0.442 294.0  13.0   7.0  24.0
1987 1 6.000    4763 A    Axo   15    1   10 0.632 284.3  14.0   6.0  38.0
1987 1 7.000    4763 A    Axo    0    1    0 0.785 279.5  14.0   5.0  51.0
1987 1 8.000    4763 A    Axo    0    1    0 0.910 277.3  15.0   5.0  65.0
1987 115.000    4764 A    Axo    3    1   10 0.981 113.6 138.0 -24.0 -80.0
1987 116.000    4764 A    Axo    8    1   10 0.915 115.2 138.0 -25.0 -66.0
1987 117.000    4764 A    Axo   11    1   10 0.813 116.1 138.0 -24.0 -53.0
1987 118.000    4764 A    Axo    0    1    0 0.725 123.0 135.0 -27.0 -43.0
1987 118.000    4765 A    Axo   11    1   10 0.810 119.9 126.0 -27.0 -52.0
1987 119.000    4765 A    Axo    0    2    0 0.699 122.5 124.0 -26.0 -41.0
1987 119.000    4766 A    Axo    3    1   10 0.987 113.5  83.0 -24.0 -82.0
1987 120.000    4766 A    Axo    0    1    0 0.918 110.6  85.0 -21.0 -67.0
1987 121.000    4766 A    Axo   11    1   10 0.817 113.3  85.0 -22.0 -54.0
1987 122.000    4765 B    Cro   56    6   30 0.336 180.0 125.0 -25.0   0.0
1987 123.000    4765 B    Cri  127   12   70 0.407 209.8 125.0 -26.0  13.0
1987 124.000    4764BA    Axo   17    1   10 0.503 285.7 128.0   3.0  29.0
1987 124.000    4765 B    Cai  102   12   60 0.524 229.3 125.0 -25.0  26.0
1987 125.000    4764BA    Axo   14    1   10 0.690 278.9 129.0   2.0  43.0
1987 125.000    4765 B    Bxo   29    6   20 0.670 238.4 125.0 -25.0  39.0
1987 126.000    4765 A    Axo   12    3   10 0.783 242.4 123.0 -25.0  50.0
1987 126.000    4767 A    Axo    0    1    0 0.981  75.5 356.0  13.0 -77.0
1987 127.000    4765 B    Bxo    8    1   10 0.899 245.0 124.0 -25.0  64.0
1987 127.000    4767 B    Bxo   17    3   20 0.900  73.7 358.0  12.0 -62.0
1987 128.000    4767 B    Bxo   24    4   20 0.790  68.5 357.0  13.0 -49.0
1987 128.000    4768 A    Axo    0    1    0 0.971 127.7 329.0 -38.0 -77.0
1987 129.000    4767 B    Bxo   15    3   10 0.643  63.3 357.0  12.0 -36.0
1987 129.000    4768 B    Bxo    8    3   10 0.902 129.5 331.0 -38.0 -62.0
1987 130.000    4767 A    Axo   17    1   10 0.496  50.2 357.0  13.0 -23.0
1987 130.000    4768 A    Bxo   11    2   10 0.827 131.3 329.0 -37.0 -51.0
1987 2 1.000    4768 A    Bxo    0    1    0 0.599 150.0 332.0 -37.0 -22.0
1987 210.000    4769 A    Bxo   13    1   10 0.740  90.7 187.0  -5.0 -48.0
1987 211.000    4769 A    Axo   16    1   10 0.556  90.7 188.0  -6.0 -34.0
1987 212.000    4770 A    Axo    0    1    0 0.618  76.3 172.0   3.0 -37.0
1987 213.000    4770 A    Axo   18    1   10 0.422  67.6 173.0   3.0 -23.0
1987 215.000    4771 B    Bxo   36    6   20 0.432  13.3 163.0  18.0  -6.0
1987 216.000    4771 B    Bxo   17    4   10 0.446 340.5 165.0  18.0   9.0
1987 221.000    4772 A    Axo    0    1    0 0.894 113.3  26.0 -24.0 -64.0
1987 225.000    4773 A    Axo    3    2   40 0.999  52.2 317.0  37.0 -81.0
1987 226.000    4772 B    Bxo   19    4   10 0.293 189.4  28.0 -24.0   3.0
1987 226.000    4773 A    Hso   13    1   40 0.986  49.4 313.0  38.0 -72.0
1987 227.000    4772 A    Axo    0    1    0 0.366 217.1  25.0 -24.0  14.0
1987 227.000    4773 A    Hso   25    1   40 0.948  44.6 312.0  39.0 -59.0
1987 228.000    4772 A    Axo   17    1   10 0.525 234.8  26.0 -24.0  28.0
1987 228.000    4773 A    Hso   38    1   40 0.880  39.3 313.0  38.0 -45.0
1987 3 1.000    4773 A    Hso   34    1   30 0.816  31.7 312.0  38.0 -33.0
1987 3 1.000    4775 A    Axo    0    1    0 0.437 174.2 342.0 -33.0  -3.0
1987 3 2.000    4773 A    Hso   64    1   50 0.760  19.4 313.0  39.0 -19.0
1987 3 2.000    4775 A    Axo   17    2   10 0.451 201.0 343.0 -32.0  11.0
1987 3 3.000    4773 B    Cso   83    2   60 0.720   9.9 310.0  38.0  -9.0
1987 3 3.000    4775 B    Bxo   33    3   20 0.560 217.6 343.0 -33.0  24.0
1987 3 4.000    4773 A    Hso   14    2   10 0.713 354.5 311.0  38.0   5.0
1987 3 4.000    4775 B    Bxo   14    5   10 0.668 225.4 341.0 -34.0  35.0
1987 3 5.000    4773 A    Hso   26    3   20 0.739 342.9 308.0  38.0  16.0
1987 3 5.000    4777 B    Bxo    8    3   10 0.907 250.2 358.0 -21.0  66.0
1987 3 5.000    4778 B    Bxo    0    2    0 0.290  32.4 283.0   7.0  -9.0
1987 3 6.000    4773 A    Axo   12    2   10 0.795 331.3 308.0  38.0  29.0
1987 3 6.000    4777 B    Bxo   12    3   30 0.978 249.0 359.0 -22.0  80.0
1987 3 6.000    4778 B    Bxi   57    9   30 0.260 340.6 284.0   7.0   5.0
1987 3 7.000    4773 A    Axo    0    1    0 0.853 322.1 307.0  37.0  41.0
1987 3 7.000    4778 B    Cro  128   15   70 0.393 304.5 285.0   6.0  19.0
1987 3 8.000    4778 B    Dao  146   21   90 0.580 291.1 286.0   6.0  33.0
1987 3 9.000    4778 B    Dso  148   17  110 0.737 283.6 286.0   5.0  46.0
1987 310.000    4778 B    Cso  102    6  110 0.885 280.7 288.0   6.0  61.0
1987 311.000    4778 A    Hao   40    1   90 0.974 277.9 289.0   6.0  76.0
1987 312.000    4778 A    Hao    2    1   30 0.999 275.3 287.0   5.0  87.0
1987 315.000    4779 A    Hso   13    1   40 0.986 121.4  78.0 -32.0 -83.0
1987 315.000    4780 A    Axo    0    1    0 0.639 111.3 122.0 -19.0 -39.0
1987 316.000    4779 A    Hso   20    1   30 0.941 121.5  76.0 -32.0 -71.0
1987 317.000    4779 A    Hso   19    1   20 0.867 123.0  75.0 -32.0 -59.0
1987 317.000    4780 A    Axo    0    2    0 0.311 132.6 120.0 -19.0 -14.0
1987 318.000    4779 A    Hso   12    1   10 0.760 126.6  75.0 -32.0 -46.0
1987 318.000    4780 B    Bxo   39    4   20 0.208 184.6 122.0 -19.0   1.0
1987 319.000    4779 A    Hro   15    2   10 0.654 134.2  74.0 -33.0 -34.0
1987 319.000    4780 B    Bxo   19    4   10 0.311 227.3 122.0 -19.0  14.0
1987 320.000    4779 A    Axo   16    2   10 0.537 146.0  74.0 -33.0 -21.0
1987 320.000    4780 A    Bxo   17    2   10 0.491 245.4 123.0 -18.0  28.0
1987 321.000    4779 A    Axo   17    1   10 0.455 165.1  74.0 -33.0  -8.0
1987 321.000    4781 B    Bxo   17    2   10 0.523  10.5  76.0  24.0  -6.0
1987 322.000    4781 B    Bxo   50    7   30 0.546 345.0  77.0  25.0   9.0
1987 323.000    4781 B    Cso   78    9   50 0.618 324.7  78.0  24.0  23.0
1987 324.000    4781 B    Cso  108    7   80 0.737 311.8  79.0  24.0  37.0
1987 324.000    4782 A    Axo    0    1    0 0.394 300.2  62.0   5.0  20.0
1987 324.000    4782AA    Axo    0    2    0 0.560  34.7  22.0  21.0 -20.0
1987 325.000    4781 B    Csi   87    9   80 0.837 304.6  78.0  24.0  49.0
1987 325.000    4782 A    Axo   16    1   10 0.582 286.7  63.0   4.0  34.0
1987 326.000    4781 B    Cso   27    4   40 0.937 298.8  80.0  24.0  64.0
1987 326.000    4783 A    Hao   38    1  170 0.994  85.2 293.0   4.0 -83.0
1987 327.000    4781 A    Axo    3    2   10 0.982 296.1  77.0  24.0  75.0
1987 327.000    4783 A    Hho  130    1  190 0.939  82.1 293.0   5.0 -69.0
1987 328.000    4783 B    Cho  184    2  170 0.840  79.6 293.0   5.0 -56.0
1987 329.000    4782AA    Axo    0    1    0 0.794 304.3  21.0  22.0  45.0
1987 329.000    4783 A    Hai  258    3  180 0.697  77.3 293.0   4.0 -43.0
1987 330.000    4783 A    Hsi  204    1  120 0.523  67.2 294.0   6.0 -29.0
1987 331.000    4782AA    Axo    7    2   10 0.923 244.5  18.0 -26.0  68.0
1987 331.000    4783 B    Cso  300    5  160 0.341  58.7 293.0   4.0 -17.0
1987 331.000    4784 A    Cso    0    2    0 0.776 319.5 346.0  31.0  36.0
1987 4 1.000    4783 B    Cso  294    7  150 0.194  21.0 292.0   4.0  -4.0
1987 4 1.000    4784 A    Cso    9    2   10 0.876 312.1 346.0  32.0  50.0
1987 4 1.000    4784AB    Bxo   19    2   10 0.292 202.8 303.0 -22.0   7.0
1987 4 2.000    4783 A    Hso  231    3  120 0.261 313.1 294.0   4.0  11.0
1987 4 3.000    4783 B    Cso  214    1  120 0.446 294.8 294.0   5.0  24.0
1987 4 4.000    4783 A    Hso  187    1  120 0.624 286.1 294.0   5.0  37.0
1987 4 5.000    4783 B    Cao  134    2  110 0.792 282.5 295.0   6.0  51.0
1987 4 5.000    4786 B    Bxo   17    3   20 0.903 112.6 179.0 -23.0 -65.0
1987 4 6.000    4783 A    Hso  101    1  120 0.905 278.5 295.0   5.0  64.0
1987 4 6.000    4786 B    Dao   60    9   50 0.794 113.1 179.0 -22.0 -52.0
1987 4 7.000    4783 A    Hso   35    1   90 0.980 276.4 295.0   5.0  78.0
1987 4 7.000    4786 B    Dai  378   22  250 0.654 116.9 178.0 -22.0 -39.0
1987 4 7.000    4787 B    Cho   52    3  130 0.979 121.5 137.0 -32.0 -80.0
1987 4 8.000    4786 B    Dki  742   22  430 0.504 126.8 178.0 -23.0 -26.0
1987 4 8.000    4787 B    Dso  253    6  320 0.918 123.4 138.0 -33.0 -66.0
1987 4 8.000    4788 B    Bxo   19    3   10 0.309 183.0 205.0 -24.0   1.0
1987 4 8.000    4789 B    Dso   21    2   60 0.983  95.0 124.0  -6.0 -80.0
1987 4 9.000    4786 BG   Eki  783   19  420 0.361 145.0 178.0 -23.0 -13.0
1987 4 9.000    4787 B    Dso  310    8  290 0.845 125.6 136.0 -33.0 -55.0
1987 4 9.000    4788 A    Axo   18    1   10 0.383 215.2 205.0 -24.0  14.0
1987 4 9.000    4789 B    Eso   71    4   90 0.918  92.9 124.0  -5.0 -67.0
1987 4 9.000    4790 B    Cso  172    3  170 0.861 121.5 133.0 -30.0 -58.0
1987 410.000    4786 B    Eho  649   14  340 0.295 180.0 178.0 -23.0   0.0
1987 410.000    4787 B    Eso  186   12  140 0.746 130.0 135.0 -33.0 -43.0
1987 410.000    4788 A    Axo   16    1   10 0.548 233.9 207.0 -24.0  29.0
1987 410.000    4789 B    Eao  139    8  130 0.845  93.4 120.0  -6.0 -58.0
1987 410.000    4790 B    Cho  324    2  250 0.760 125.0 132.0 -30.0 -46.0
1987 410.000    4792 A    Bxo    0    1    0 0.909 104.9 112.0 -16.0 -66.0
1987 411.000    4786 B    Cso  409   10  220 0.363 214.8 178.0 -23.0  13.0
1987 411.000    4787 BG   Ehi  392   16  250 0.621 136.9 135.0 -32.0 -30.0
1987 411.000    4789 B    Cso  167   11  120 0.716  92.8 119.0  -6.0 -46.0
1987 411.000    4790 B    Cho  371    3  240 0.634 132.0 132.0 -30.0 -33.0
1987 412.000    4786 B    Dao  323    8  190 0.526 232.0 178.0 -24.0  27.0
1987 412.000    4787 B    Bxi  289   23  170 0.526 148.3 132.0 -32.0 -19.0
1987 412.000    4789 B    Dso  157   10   90 0.483  90.0 122.0  -5.0 -29.0
1987 412.000    4790 B    Csi  509   10  300 0.529 142.2 129.0 -30.0 -22.0
1987 412.000    4791 A    Hsc    4    1   20 0.993  64.0  71.0  25.0 -80.0
1987 413.000    4786 A    Hso  267    4  190 0.709 241.4 181.0 -24.0  43.0
1987 413.000    4787 BG   Eai  230   18  130 0.464 172.8 134.0 -33.0  -4.0
1987 413.000    4789 B    Cao  233    7  120 0.224  92.3 125.0  -6.0 -13.0
1987 413.000    4790 B    Cko  497   10  280 0.460 159.2 127.0 -31.0 -11.0
1987 413.000    4790AB    Hkc   16    2   10 0.540 143.5 116.0 -31.0 -22.0
1987 413.000    4791 A    Hsc   43    1   70 0.950  61.4  71.0  25.0 -67.0
1987 414.000    4786 A    Hso  156    2  150 0.852 246.4 183.0 -23.0  58.0
1987 414.000    4787 B    Eai  158   15   90 0.476 194.2 133.0 -33.0   8.0
1987 414.000    4789 B    Cso  259    7  130 0.010  -0.0 125.0  -5.0   0.0
1987 414.000    4790 B    Cko  572   11  320 0.446 178.1 124.0 -32.0  -1.0
1987 414.000    4791 A    Hsc   50    1   50 0.861  57.9  72.0  24.0 -53.0
1987 415.000    4786 A    Hso  100    1  150 0.942 248.6 183.0 -22.0  71.0
1987 415.000    4787 B    Cso   83   11   50 0.556 212.7 133.0 -33.0  21.0
1987 415.000    4789 A    Hso  213    3  110 0.242 263.0 126.0  -7.0  14.0
1987 415.000    4790 B    Dho  539   12  310 0.494 204.6 126.0 -32.0  14.0
1987 415.000    4791 A    Hso   63    2   50 0.771  52.5  70.0  24.0 -42.0
1987 416.000    4786 A    Hso   23    1   90 0.991 248.5 183.0 -22.0  84.0
1987 416.000    4787 A    Axo   58    7   40 0.678 225.2 134.0 -33.0  35.0
1987 416.000    4789 B    Cso  212    3  120 0.468 265.2 127.0  -7.0  28.0
1987 416.000    4790 B    Dko  567   18  360 0.615 219.8 127.0 -33.0  28.0
1987 416.000    4791 B    Cao   30    4   20 0.653  40.6  71.0  25.0 -28.0
1987 416.000    4792 B    Bxo   38    4   20 0.252 216.5 108.0 -17.0   9.0
1987 417.000    4787 A    Axo   49    5   40 0.789 233.0 133.0 -32.0  48.0
1987 417.000    4789 A    Hso  196    1  130 0.653 267.0 126.0  -6.0  41.0
1987 417.000    4790 B    Dho  426   10  320 0.745 230.9 128.0 -32.0  43.0
1987 417.000    4791 B    Bxo   33    3   20 0.541  25.9  70.0  24.0 -15.0
1987 417.000    4792 A    Axo   17    2   10 0.436 243.7 109.0 -16.0  24.0
1987 418.000    4787 B    Dao   62    6   70 0.896 236.7 134.0 -32.0  62.0
1987 418.000    4789 A    Hso  103    1   90 0.816 266.3 127.0  -6.0  55.0
1987 418.000    4790 B    Cki  276   11  260 0.846 235.2 127.0 -32.0  55.0
1987 418.000    4792 A    Axo   15    1   10 0.645 248.1 111.0 -18.0  39.0
1987 418.000    4793 A    Axo   13    1   10 0.719 318.0 105.0  28.0  33.0
1987 419.000    4787 B    Dao   70    2  140 0.968 239.3 135.0 -31.0  76.0
1987 419.000    4789 A    Hao   62    1   90 0.937 264.4 129.0  -7.0  70.0
1987 419.000    4790 BD   Dko  291    7  450 0.946 238.9 130.0 -31.0  71.0
1987 419.000    4793 A    Axo    0    1    0 0.830 308.9 106.0  28.0  47.0
1987 419.000    4794 A    Axo    4    1   10 0.975  57.6 347.0  30.0 -72.0
1987 420.000    4789 A    Hxo   10    1   40 0.991 263.6 129.0  -7.0  83.0
1987 420.000    4790 A    Hkc   57    4  240 0.993 239.3 131.0 -31.0  85.0
1987 420.000    4790BA    Hkc    0    1    0 0.926 268.8 114.0  -3.0  68.0
1987 420.000    4794 A    Axo    7    2   10 0.937  53.1 344.0  32.0 -62.0
1987 421.000    4794 A    Axo   10    1   10 0.848  51.1 343.0  29.0 -49.0
1987 422.000    4794 A    Axo    0    1    0 0.718  36.6 349.0  31.0 -30.0
1987 422.000    4795 A    Axo   17    3   10 0.458 142.7   1.0 -26.0 -18.0
1987 422.000    4796 A    Axo    0    1    0 0.829 137.4 331.0 -41.0 -48.0
1987 422.000    4797 A    Axo    6    1   30 0.993  85.4 296.0   4.0 -83.0
1987 423.000    4795 B    Bxo   18    3   10 0.375 165.5   0.0 -26.0  -6.0
1987 423.000    4795AA    Axo   19    2   10 0.275  22.0   0.0  10.0  -6.0
1987 423.000    4796 A    Axo   13    1   10 0.742 140.9 329.0 -39.0 -37.0
1987 423.000    4797 A    Hsi   26    2   40 0.943  84.0 296.0   4.0 -70.0
1987 423.000    4798 B    Bxo   15    3   10 0.634 325.1  30.0  27.0  24.0
1987 424.000    4795 B    Bxo    0    1    0 0.385 198.9   1.0 -26.0   8.0
1987 424.000    4797 A    Hso   32    3   30 0.844  82.3 296.0   4.0 -57.0
1987 424.000    4798 B    Cro   26    6   20 0.740 313.6  30.0  27.0  37.0
1987 425.000    4794AA    Axo    0    1    0 0.527   6.8 336.0  27.0  -4.0
1987 425.000    4795 A    Axo    0    1    0 0.481 219.8   0.0 -26.0  20.0
1987 425.000    4797 A    Hso   28    1   20 0.692  79.4 297.0   4.0 -43.0
1987 425.000    4798 B    Dso   85    8   80 0.845 306.1  30.0  27.0  50.0
1987 425.000    4800 A    Axo    0    1    0 0.683  67.0 300.0  12.0 -40.0
1987 426.000    4797 A    Hao   34    1   20 0.517  74.6 296.0   4.0 -30.0
1987 426.000    4798 B    Cao   56    4   80 0.935 301.1  30.0  27.0  64.0
1987 427.000    4797 A    Hso   19    2   10 0.310  62.5 297.0   4.0 -16.0
1987 427.000    4798 B    Cao   14    2   40 0.984 298.5  29.0  27.0  76.0
1987 428.000    4797 A    Axo   39    2   20 0.137  22.4 297.0   3.0  -3.0
1987 429.000    4796AB    Axo   16    2   10 0.592 206.4 306.0 -36.0  19.0
1987 429.000    4797 A    Axo   19    4   10 0.247 309.8 298.0   5.0  11.0
1987 429.000    4803 B    Axo   18    2   10 0.418 165.1 280.0 -28.0  -7.0
1987 429.000    4803AA    Bxo    0    1    0 0.674 124.9 249.0 -26.0 -38.0
1987 430.000    4797 A    Axo   18    2   10 0.427 288.3 298.0   4.0  24.0
1987 430.000    4803 B    Bxo   18    6   10 0.416 192.8 280.0 -28.0   6.0
1987 5 1.000    4797 B    Cro   31    5   20 0.624 279.9 298.0   3.0  38.0
1987 5 1.000    4803 B    Bxo   34    6   20 0.492 213.6 278.0 -28.0  18.0
1987 5 1.000    4804 B    Hao   11    1   30 0.982 112.7 180.0 -23.0 -80.0
1987 5 2.000    4797 B    Bxo   37    5   30 0.782 277.0 298.0   3.0  51.0
1987 5 2.000    4803 B    Cro   47    5   30 0.617 227.5 278.0 -28.0  31.0
1987 5 2.000    4804 A    Hso   29    1   40 0.929 113.2 179.0 -23.0 -68.0
1987 5 3.000    4797 A    Axo   24    3   30 0.916 274.9 300.0   3.0  66.0
1987 5 3.000    4803 B    Bxo   39    5   30 0.757 235.6 279.0 -28.0  45.0
1987 5 3.000    4804 A    Hso   43    1   40 0.842 115.0 178.0 -23.0 -56.0
1987 5 3.000    4805 B    Bxo   17    3   10 0.446  70.8 209.0   5.0 -25.0
1987 5 4.000    4797 A    Axo    7    2   20 0.982 273.8 300.0   3.0  79.0
1987 5 4.000    4801 A    Axo   12    1   10 0.774 321.0 257.0  34.0  36.0
1987 5 4.000    4803 B    Bxo   19    4   20 0.868 239.6 279.0 -28.0  58.0
1987 5 4.000    4804 A    Hso   83    1   60 0.717 118.9 178.0 -23.0 -43.0
1987 5 4.000    4805 A    Axo   19    2   10 0.240  45.9 211.0   6.0 -10.0
1987 5 5.000    4803 A    Bxo    6    1   10 0.950 239.5 278.0 -30.0  71.0
1987 5 5.000    4804 A    Hso   82    1   50 0.561 127.3 178.0 -23.0 -29.0
1987 5 5.000    4806 B    Dao   29    2  120 0.993 121.8 123.0 -32.0 -84.0
1987 5 6.000    4804 A    Hso   72    1   40 0.421 143.0 178.0 -23.0 -16.0
1987 5 6.000    4806 B    Dso   78    3  140 0.960 122.4 121.0 -32.0 -73.0
1987 5 7.000    4804 A    Hso   75    1   40 0.340 171.8 178.0 -23.0  -3.0
1987 5 7.000    4806 B    Eso  163    7  180 0.891 124.5 121.0 -32.0 -60.0
1987 5 8.000    4804 A    Hso   37    2   20 0.375 205.3 178.0 -23.0  10.0
1987 5 8.000    4806 B    Eso  284   13  230 0.786 129.1 122.0 -32.0 -46.0
1987 5 9.000    4804 A    Hro   17    2   10 0.488 227.9 178.0 -22.0  23.0
1987 5 9.000    4806 B    Eso  309   11  210 0.675 134.8 121.0 -31.0 -34.0
1987 510.000    4806 BG   Cso  313   15  190 0.563 146.9 120.0 -31.0 -21.0
1987 510.000    4807 A    Axo   19    1   10 0.181 107.0 131.0  -6.0 -10.0
1987 511.000    4804 A    Hro   13    1   10 0.759 243.2 175.0 -22.0  47.0
1987 511.000    4806 BG   Dsi  313   14  180 0.490 164.1 119.0 -31.0  -9.0
1987 511.000    4808 A    Axo   13    3   10 0.721 115.2  84.0 -20.0 -44.0
1987 512.000    4806 B    Cso  211   11  120 0.473 183.6 117.0 -31.0   2.0
1987 512.000    4808 A    Axo   16    2   10 0.589 122.8  83.0 -21.0 -32.0
1987 513.000    4806 A    Hso  172    4  100 0.505 204.5 116.0 -30.0  14.0
1987 513.000    4807AB    Axo    0    2    0 0.833 195.2 125.0 -56.0  23.0
1987 513.000    4808 A    Axo    0    1    0 0.460 139.4  83.0 -23.0 -19.0
1987 513.000    4809 B    Bxo   16    3   10 0.545 335.0 117.0  27.0  15.0
1987 514.000    4806 A    Hso  175    2  110 0.601 217.1 113.0 -31.0  25.0
1987 514.000    4809 A    Axo   15    2   10 0.644 321.5 115.0  28.0  27.0
1987 515.000    4806 A    Hso  170    1  120 0.702 228.0 112.0 -30.0  37.0
1987 515.000    4810 B    Cro    1    2   20 0.999 114.9 347.0 -25.0 -88.0
1987 516.000    4806 A    Hso  116    1  100 0.812 232.8 111.0 -31.0  49.0
1987 516.000    4810 B    Cso   87    5  140 0.950 115.6 351.0 -25.0 -71.0
1987 516.000    4811 B    Dki   71    4  220 0.987  60.1 344.0  29.0 -78.0
1987 517.000    4806 A    Hso   50    1   60 0.907 236.6 111.0 -31.0  62.0
1987 517.000    4808 B    Cro   33    6   20 0.563 236.6  79.0 -20.0  30.0
1987 517.000    4810 B    Cao  126    5  130 0.874 116.4 350.0 -24.0 -59.0
1987 517.000    4811 B    Eki  282   13  420 0.942  58.1 343.0  29.0 -66.0
1987 518.000    4806 A    Hso   30    1   60 0.967 238.4 110.0 -31.0  74.0
1987 518.000    4808 B    Dro   82    7   60 0.726 244.1  80.0 -20.0  44.0
1987 518.000    4810 A    Hao  150    5  120 0.780 119.5 348.0 -24.0 -48.0
1987 518.000    4811 B    Eki  401   15  410 0.872  53.5 342.0  30.0 -54.0
1987 519.000    4808 B    Cso   51    3   50 0.859 249.0  80.0 -19.0  58.0
1987 519.000    4810 A    Hki  107    4   70 0.637 126.6 348.0 -24.0 -34.0
1987 519.000    4811 B    Eki  546   21  430 0.772  47.4 341.0  30.0 -41.0
1987 520.000    4808 A    Axo   12    3   20 0.953 250.6  81.0 -19.0  72.0
1987 520.000    4810 B    Cro   85    6   50 0.510 137.9 347.0 -24.0 -22.0
1987 520.000    4811 BG   Eki  725   28  490 0.672  38.7 340.0  30.0 -29.0
1987 521.000    4810 B    Bxo   18    6   10 0.405 159.3 347.0 -24.0  -9.0
1987 521.000    4811 B    Eki  816   24  500 0.577  24.4 340.0  30.0 -16.0
1987 522.000    4810 B    Bxo   18    4   10 0.377 194.8 349.0 -23.0   6.0
1987 522.000    4811 B    Ekc 1020   30  600 0.527   4.9 340.0  30.0  -3.0
1987 523.000    4811 B    Ekc 1342   32  800 0.544 343.9 339.0  30.0  10.0
1987 524.000    4811 B    Ehc  999   34  630 0.609 325.9 339.0  29.0  23.0
1987 525.000    4811 B    Ehi  705   28  500 0.709 315.0 338.0  29.0  35.0
1987 526.000    4811 B    Eki  621   22  540 0.818 307.4 338.0  29.0  48.0
1987 526.000    4812 B    Bxo   14    1   10 0.687  53.8 253.0  23.0 -37.0
1987 527.000    4811 B    Eho  308   11  380 0.914 301.5 339.0  28.0  62.0
1987 527.000    4812 A    Axo   16    2   10 0.562  43.8 252.0  23.0 -25.0
1987 528.000    4811 B    Eki  129    8  340 0.982 298.8 340.0  28.0  77.0
1987 528.000    4812 B    Dso   89    7   50 0.448  25.3 251.0  23.0 -12.0
1987 529.000    4812 B    Cso  201    9  110 0.405 355.5 252.0  23.0   2.0
1987 530.000    4812 B    Dso  141    6   80 0.467 329.3 252.0  23.0  15.0
1987 531.000    4812 A    Hso   99    5   60 0.558 313.3 250.0  22.0  26.0
1987 6 1.000    4812 A    Hso   59    3   40 0.675 304.3 247.0  22.0  37.0
1987 6 2.000    4812 B    Cro   55    4   50 0.831 297.0 250.0  22.0  53.0
1987 6 3.000    4812 A    Axo    8    1   10 0.901 294.7 246.0  22.0  62.0
1987 612.000    4813 B    Bxo   19    3   10 0.206 175.2  64.0 -11.0  -1.0
1987 613.000    4813 A    Axo   19    2   10 0.303 226.8  65.0 -11.0  13.0
1987 613.000    4814 B    Bxo   32    3   20 0.594 235.1  83.0 -19.0  31.0
1987 613.000    4815 A    Axo    3    1   10 0.984  62.7 333.0  27.0 -79.0
1987 614.000    4813 A    Axo    0    1    0 0.498 243.1  65.0 -12.0  27.0
1987 614.000    4814 A    Axo   13    2   10 0.728 242.3  81.0 -19.0  43.0
1987 614.000    4815 A    Axo    7    1   10 0.924  60.0 333.0  28.0 -65.0
1987 615.000    4815 A    Axo   11    1   10 0.833  56.7 333.0  28.0 -52.0
1987 616.000    4815 A    Axo   13    1   10 0.730  53.2 331.0  27.0 -41.0
1987 618.000    4815 A    Axo   17    2   10 0.440  25.3 333.0  25.0 -12.0
1987 618.000    4816 B    Bxo   19    3   10 0.134 211.2 349.0  -5.0   4.0
1987 619.000    4815 A    Axo   17    2   10 0.444 356.0 334.0  28.0   2.0
1987 619.000    4816 A    Axo   19    3   10 0.308 251.4 349.0  -4.0  17.0
1987 619.000    4817 A    Hso   28    1   60 0.972 122.5 259.0 -31.0 -73.0
1987 620.000    4815 A    Axo   16    3   10 0.543 334.2 335.0  31.0  16.0
1987 620.000    4817 A    Hso   69    2   90 0.923 124.9 257.0 -31.0 -62.0
1987 620.000    4818 B    Bxo   18    2   10 0.365 166.9 314.0 -19.0  -5.0
1987 621.000    4817 A    Hso   97    2   90 0.842 128.0 256.0 -30.0 -50.0
1987 621.000    4818 A    Axo    0    2    0 0.414 205.7 317.0 -20.0  11.0
1987 621.000    4819 B    Bxo   13    2   10 0.755  66.3 259.0  19.0 -47.0
1987 622.000    4817 A    Hso  106    2   80 0.746 136.3 255.0 -31.0 -37.0
1987 622.000    4819 B    Dso   80   11   50 0.594  60.0 259.0  19.0 -33.0
1987 623.000    4817 A    Hso   91    3   60 0.646 147.4 255.0 -31.0 -24.0
1987 623.000    4819 B    Dsi  306   19  170 0.436  47.9 259.0  19.0 -20.0
1987 624.000    4817 A    Hso   81    2   50 0.576 162.0 254.0 -31.0 -12.0
1987 624.000    4819 B    Dsi  342   19  180 0.304  19.0 260.0  19.0  -6.0
1987 625.000    4817 A    Hso   66    1   40 0.551 183.1 255.0 -31.0   2.0
1987 625.000    4819 B    Dso  341   20  180 0.315 335.3 261.0  19.0   8.0
1987 626.000    4817 A    Hso   32    1   20 0.589 200.6 253.0 -31.0  14.0
1987 626.000    4819 B    Cso  322   11  180 0.444 310.2 260.0  19.0  21.0
1987 626.000    4820 A    Hso   16    1   40 0.979  60.9 161.0  29.0 -78.0
1987 627.000    4817 A    Hao   14    1   10 0.673 215.3 253.0 -31.0  27.0
1987 627.000    4819 B    Cso  240    8  150 0.596 300.8 259.0  20.0  33.0
1987 627.000    4820 B    Dso   38    2   60 0.947  60.2 156.0  29.0 -70.0
1987 628.000    4817 A    Axo   12    1   10 0.782 224.2 253.0 -32.0  40.0
1987 628.000    4819 B    Cso  176    2  140 0.775 293.8 262.0  20.0  49.0
1987 628.000    4820 B    Ero   38    2   40 0.874  58.1 155.0  29.0 -58.0
1987 628.000    4821 B    Bxo   16    2   10 0.600 198.5 226.0 -32.0  13.0
1987 629.000    4817 B    Bxo   10    2   10 0.855 229.4 250.0 -32.0  50.0
1987 629.000    4819 A    Hso  103    2  110 0.882 291.2 261.0  20.0  61.0
1987 629.000    4820 B    Ero   38    3   30 0.767  53.7 155.0  29.0 -45.0
1987 629.000    4821 A    Axo   15    2   10 0.661 213.2 225.0 -31.0  25.0
1987 630.000    4819 A    Hso   57    2  110 0.965 289.9 262.0  20.0  75.0
1987 630.000    4820 B    Bxo   29    4   20 0.670  46.3 153.0  30.0 -34.0
1987 7 1.000    4820 B    Bxo   16    2   10 0.586  38.7 148.0  30.0 -25.0
1987 7 8.000    4822 A    Axo   15    2   10 0.620 234.3 113.0 -18.0  32.0
1987 7 9.000    4822 B    Bxo   26    4   20 0.756 243.5 112.0 -17.0  45.0
1987 710.000    4822 B    Bxo   28    4   30 0.882 248.3 113.0 -17.0  59.0
1987 711.000    4822 A    Axo   10    2   20 0.966 251.2 114.0 -17.0  73.0
1987 716.000    4823 B    Bxo   22    4   20 0.821 299.9  28.0  27.0  53.0
1987 717.000    4823 A    Axo   14    3   20 0.929 297.2  30.0  27.0  68.0
1987 717.000    4824 B    Cao   17    2   50 0.984 123.7 247.0 -32.0 -75.0
1987 718.000    4824 A    Hso   71    3  110 0.945 126.3 244.0 -32.0 -64.0
1987 719.000    4824 A    Hso  107    4  110 0.874 131.0 244.0 -32.0 -51.0
1987 719.000    4826 B    Bxo   13    2   10 0.750 133.0 257.0 -27.0 -38.0
1987 720.000    4824 A    Hso  109    4   90 0.792 137.6 243.0 -32.0 -39.0
1987 720.000    4826 B    Bxo   15    4   10 0.661 144.2 256.0 -28.0 -26.0
1987 721.000    4824 A    Hso  128    4   90 0.701 148.0 243.0 -32.0 -26.0
1987 721.000    4826 B    Bxo   32    7   20 0.578 159.9 256.0 -28.0 -13.0
1987 721.000    4827 A    Hso   12    1   50 0.992 114.0 189.0 -23.0 -80.0
1987 721.000    4828 B    Bxo   18    2   10 0.412  44.1 251.0  22.0 -18.0
1987 722.000    4824 A    Hac  172    6  110 0.618 161.8 242.0 -31.0 -13.0
1987 722.000    4826 B    Bxo   83   12   50 0.547 181.6 256.0 -28.0   1.0
1987 722.000    4827 B    Dso   89    7  160 0.960 115.8 185.0 -23.0 -70.0
1987 722.000    4828 B    Bxo   38    7   20 0.281  13.4 251.0  21.0  -4.0
1987 722.000    4829 B    Bxo   15    3   10 0.620 127.9 224.0 -18.0 -31.0
1987 723.000    4824 B    Cso  143    6   90 0.605 178.6 241.0 -32.0  -1.0
1987 723.000    4826 BG   Dso  146   17   90 0.581 200.0 255.0 -28.0  13.0
1987 723.000    4827 B    Dso  222   14  240 0.886 119.4 185.0 -23.0 -57.0
1987 723.000    4828 B    Axo   38    4   20 0.310 331.9 251.0  21.0   9.0
1987 723.000    4829 B    Cro   34    5   20 0.492 145.8 225.0 -19.0 -17.0
1987 723.000    4830 A    Axo   12    1   10 0.781 119.4 196.0 -19.0 -46.0
1987 724.000    4824 B    Cso  155    6  100 0.629 196.3 241.0 -32.0  12.0
1987 724.000    4825 B    Hro   17    2   10 0.480 162.4 220.0 -22.0  -9.0
1987 724.000    4826 B    Dso  271   19  180 0.657 214.6 254.0 -28.0  25.0
1987 724.000    4827 B    Eso  257   15  210 0.791 124.6 184.0 -23.0 -45.0
1987 724.000    4828 A    Axo   17    1   10 0.479 308.0 253.0  22.0  24.0
1987 724.000    4829 B    Bxo   54    7   30 0.417 170.9 225.0 -19.0  -4.0
1987 724.000    4830 A    Axo   15    1   10 0.650 127.7 196.0 -19.0 -33.0
1987 724.000    4831 B    Eso   32    2  120 0.991  62.4 145.0  28.0 -84.0
1987 725.000    4824 A    Hso  131    2   90 0.682 210.7 240.0 -31.0  24.0
1987 725.000    4825 A    Hro    0    1    0 0.506 180.0 216.0 -25.0   0.0
1987 725.000    4826 B    Eso  363   25  280 0.761 225.6 254.0 -28.0  38.0
1987 725.000    4827 B    Dso  284   15  190 0.664 132.3 184.0 -22.0 -32.0
1987 725.000    4829 B    Cso   91    8   50 0.409 194.1 222.0 -18.0   6.0
1987 725.000    4831 B    Eso  144    6  230 0.949  61.2 144.0  29.0 -72.0
1987 726.000    4824 A    Hso  113    2   90 0.775 221.8 239.0 -31.0  37.0
1987 726.000    4826 B    Eso  240   18  240 0.865 231.8 253.0 -29.0  51.0
1987 726.000    4827 B    Dso  266   15  160 0.555 145.2 182.0 -22.0 -20.0
1987 726.000    4829 B    Bxo   33    6   20 0.540 221.0 224.0 -19.0  22.0
1987 726.000    4831 B    Eso  233    8  230 0.862  59.4 144.0  29.0 -58.0
1987 727.000    4824 A    Hso   79    2   80 0.867 229.2 239.0 -31.0  50.0
1987 727.000    4826 B    Eao  180   13  270 0.942 236.5 253.0 -29.0  64.0
1987 727.000    4827 B    Cso  229   22  130 0.472 168.1 183.0 -22.0  -6.0
1987 727.000    4829 A    Axo   14    3   10 0.704 235.8 227.0 -19.0  38.0
1987 727.000    4830 B    Bxo   17    3   10 0.448 184.2 191.0 -21.0   2.0
1987 727.000    4831 B    Eso  251   10  190 0.749  55.6 144.0  29.0 -45.0
1987 728.000    4824 A    Hso   60    2   90 0.942 234.2 239.0 -31.0  63.0
1987 728.000    4826 B    Cso   47    7  160 0.989 239.5 253.0 -29.0  77.0
1987 728.000    4827 B    Cso  121   14   70 0.491 193.2 183.0 -23.0   7.0
1987 728.000    4830 B    Bxo   17    3   10 0.519 207.5 191.0 -22.0  15.0
1987 728.000    4831 B    Eso  235   16  150 0.619  48.5 144.0  29.0 -32.0
1987 729.000    4824 A    Hro    7    1   30 0.992 236.7 241.0 -32.0  78.0
1987 729.000    4827 B    Cao  117   15   70 0.540 208.0 179.0 -23.0  16.0
1987 729.000    4830 A    Axo   16    1   10 0.591 221.8 188.0 -21.0  25.0
1987 729.000    4831 B    Dso  173   16  100 0.500  36.7 143.0  29.0 -20.0
1987 730.000    4827 B    Cro   57    4   40 0.692 225.9 183.0 -24.0  33.0
1987 730.000    4831 B    Eso  145   16   80 0.409  15.1 143.0  29.0  -7.0
1987 730.000    4832 B    Cro   30    4   20 0.652 210.2 172.0 -29.0  22.0
1987 730.000    4833 B    Bxo   38    4   20 0.263 356.5 151.0  21.0   1.0
1987 731.000    4827 B    Bxo   37    4   30 0.785 234.5 180.0 -23.0  44.0
1987 731.000    4831 B    Cso  145    9   80 0.420 347.5 142.0  30.0   6.0
1987 731.000    4832 B    Cao   65    6   50 0.756 222.8 172.0 -29.0  36.0
1987 731.000    4833 B    Bxo   56    6   30 0.348 319.5 150.0  21.0  14.0
1987 731.000    4834 B    Axo   18    2   10 0.334  57.3 119.0  16.0 -17.0
1987 8 1.000    4827 B    Bxo   30    5   30 0.864 240.2 177.0 -22.0  54.0
1987 8 1.000    4831 B    Cso  139    7   80 0.492 327.0 141.0  30.0  18.0
1987 8 1.000    4832 A    Axo   30    3   30 0.856 232.2 173.0 -28.0  50.0
1987 8 1.000    4833 A    Axo   17    2   10 0.505 306.9 149.0  23.0  26.0
1987 8 1.000    4834 B    Cso   98    6   50 0.188  20.9 119.0  16.0  -4.0
1987 8 2.000    4827 B    Bxo    0    2    0 0.940 245.1 176.0 -21.0  66.0
1987 8 2.000    4831 B    Cso   47    3   30 0.603 314.1 140.0  30.0  30.0
1987 8 2.000    4833 A    Axo   14    1   10 0.663 295.2 150.0  21.0  40.0
1987 8 2.000    4834 B    Cso  311   12  160 0.231 319.4 119.0  16.0   9.0
1987 8 2.000    4835 B    Bxo    6    2   10 0.938 117.2  45.0 -23.0 -65.0
1987 8 3.000    4831 A    Axo   25    2   20 0.772 305.7 144.0  31.0  47.0
1987 8 3.000    4834 B    Dso  308   12  170 0.423 297.9 120.0  17.0  23.0
1987 8 3.000    4835 B    Dro   51    5   50 0.856 122.8  45.0 -24.0 -52.0
1987 8 3.000    4836 A    Axo    0    1    0 0.320  30.2  87.0  22.0 -10.0
1987 8 4.000    4831 A    Axo    9    1   10 0.891 301.8 145.0  31.0  62.0
1987 8 4.000    4834 B    Cso  224    8  140 0.599 290.3 119.0  17.0  36.0
1987 8 4.000    4835 B    Cso   53    6   40 0.749 129.9  44.0 -24.0 -39.0
1987 8 4.000    4836 A    Axo   19    1   10 0.259 352.8  85.0  21.0   2.0
1987 8 5.000    4834 B    Cso  138    3  110 0.776 285.6 121.0  16.0  51.0
1987 8 5.000    4835 B    Cri   62    9   40 0.627 142.0  45.0 -24.0 -25.0
1987 8 6.000    4834 A    Hso   66    1   80 0.908 283.7 123.0  15.0  66.0
1987 8 6.000    4835 B    Dso  101   11   60 0.528 156.9  44.0 -23.0 -13.0
1987 8 7.000    4834 A    Hso   23    1   60 0.981 285.1 124.0  16.0  80.0
1987 8 7.000    4835 B    Cao  120   16   70 0.505 181.8  45.0 -24.0   1.0
1987 8 8.000    4835 BG   Dai  302   33  180 0.543 202.2  44.0 -24.0  13.0
1987 8 9.000    4835 BG   Dki  595   34  390 0.646 219.9  44.0 -24.0  27.0
1987 8 9.000    4837 B    Bxo   15    2   10 0.627 270.0  56.0   5.0  39.0
1987 8 9.000    4838 A    Axo   11    1   10 0.808  13.0 357.0  58.0 -20.0
1987 810.000    4835 B    Ehi  545   21  420 0.760 230.6  44.0 -24.0  40.0
1987 810.000    4837 A    Axo   12    2   10 0.795 272.6  57.0   6.0  53.0
1987 810.000    4839 A    Hho   17    1  120 0.997 117.8 282.0 -27.0 -82.0
1987 811.000    4835 B    Eao  341   14  350 0.873 237.8  45.0 -24.0  54.0
1987 811.000    4837 A    Axo    7    2   10 0.924 273.8  59.0   6.0  68.0
1987 811.000    4839 B    Dko  148    6  260 0.959 119.6 283.0 -26.0 -68.0
1987 812.000    4835 B    Eao  122    8  220 0.960 242.6  47.0 -24.0  69.0
1987 812.000    4837 A    Axo    4    2   10 0.980 274.8  57.0   6.0  79.0
1987 812.000    4839 B    Dki  230    8  240 0.877 123.3 284.0 -25.0 -54.0
1987 812.000    4840 B    Cro   16    4   10 0.596  59.7 304.0  23.0 -34.0
1987 813.000    4835 A    Axo    4    1   20 0.994 243.9  44.0 -25.0  80.0
1987 813.000    4839 B    Dso  311   15  250 0.782 131.1 283.0 -26.0 -41.0
1987 813.000    4840 A    Axo   18    1   10 0.415  46.2 305.0  23.0 -19.0
1987 813.000    4841 B    Dho   68    2  190 0.984 122.2 250.0 -30.0 -74.0
1987 813.000    4842 B    Bxo    9    2   40 0.994 114.2 244.0 -23.0 -80.0
1987 814.000    4839 B    Dso  324   11  220 0.676 141.4 283.0 -26.0 -28.0
1987 814.000    4840 A    Axo  192    1  100 0.277  17.0 306.0  22.0  -5.0
1987 814.000    4841 B    Dho  297    6  430 0.938 125.4 249.0 -30.0 -62.0
1987 814.000    4842 B    Dso  110    5  220 0.968 115.9 240.0 -23.0 -71.0
1987 815.000    4839 B    Cso  324    6  200 0.585 156.6 283.0 -26.0 -15.0
1987 815.000    4841 B    Dko  455    9  450 0.863 130.7 249.0 -30.0 -49.0
1987 815.000    4842 B    Dso  204    6  240 0.905 119.3 239.0 -23.0 -59.0
1987 815.000    4843 B    Bxo    8    1   10 0.907  73.2 232.0  18.0 -66.0
1987 816.000    4839 B    Cso  305    5  180 0.528 174.9 282.0 -25.0  -3.0
1987 816.000    4841 BD   Dkc  502    9  400 0.778 138.0 248.0 -30.0 -37.0
1987 816.000    4842 BG   Dao  282    5  240 0.808 125.0 239.0 -23.0 -46.0
1987 816.000    4843 A    Axo   12    1   10 0.796  72.5 232.0  18.0 -53.0
1987 817.000    4839 A    Hho  280    4  170 0.567 197.6 283.0 -26.0  11.0
1987 817.000    4841 B    Dki  522    9  360 0.687 149.2 248.0 -30.0 -24.0
1987 817.000    4842 B    Dao  273    9  190 0.694 133.7 239.0 -23.0 -33.0
1987 817.000    4844 B    Bxo   14    2   10 0.702 225.2 305.0 -24.0  33.0
1987 818.000    4839 B    Cso  214    2  140 0.643 211.3 280.0 -27.0  22.0
1987 818.000    4841 B    Cho  572    9  370 0.633 165.0 247.0 -31.0 -11.0
1987 818.000    4842 B    Dso  292   10  180 0.583 147.3 238.0 -23.0 -20.0
1987 818.000    4846AA    Cao    0    1    0 0.921  67.9 190.0  23.0 -68.0
1987 819.000    4839 B    Cso  201    2  150 0.742 223.5 280.0 -27.0  35.0
1987 819.000    4841 B    Cho  488    5  310 0.615 182.8 247.0 -31.0   2.0
1987 819.000    4842 B    Dao  241   13  140 0.507 169.1 239.0 -23.0  -6.0
1987 820.000    4839 B    Cso  157    2  140 0.827 233.3 279.0 -25.0  47.0
1987 820.000    4841 B    Cho  452    3  290 0.625 196.7 244.0 -30.0  12.0
1987 820.000    4842 B    Dso  155   13   90 0.505 189.1 237.0 -23.0   5.0
1987 820.000    4843 B    Axo   19    2   10 0.236  16.1 228.0  20.0  -4.0
1987 821.000    4839 A    Hso  117    2  160 0.931 238.5 281.0 -26.0  62.0
1987 821.000    4839AA    Hso    0    1    0 0.910 245.4 280.0 -19.0  61.0
1987 821.000    4841 B    Dhi  618   10  440 0.712 211.9 245.0 -31.0  26.0
1987 821.000    4842 B    Bxo   97   11   60 0.577 211.3 238.0 -23.0  19.0
1987 822.000    4839 A    Hso   39    1  110 0.984 241.9 280.0 -26.0  75.0
1987 822.000    4841 B    Dhi  562   12  470 0.801 222.3 244.0 -31.0  39.0
1987 822.000    4842 B    Bxo   29    6   20 0.669 221.5 234.0 -24.0  29.0
1987 822.000    4845 A    Hso   13    1   40 0.986  74.9 123.0  16.0 -82.0
1987 823.000    4841 B    Dhi  444    8  470 0.881 229.1 243.0 -31.0  51.0
1987 823.000    4842 A    Axo   12    3   10 0.776 232.6 234.0 -23.0  42.0
1987 823.000    4845 B    Cro   61    3   90 0.939  76.6 121.0  15.0 -71.0
1987 824.000    4841 B    Cho  202    4  320 0.948 232.8 242.0 -32.0  63.0
1987 824.000    4842 B    Bxo   17    3   20 0.899 237.7 236.0 -25.0  57.0
1987 824.000    4845 B    Cso   68    6   60 0.823  75.4 123.0  16.0 -56.0
1987 824.000    4846 A    Axo    0    1    0 0.509 295.8 208.0  19.0  29.0
1987 825.000    4841 A    Axo   59    2  210 0.990 237.2 242.0 -31.0  76.0
1987 825.000    4842 B    Bxo    9    3   20 0.970 243.0 237.0 -24.0  71.0
1987 825.000    4845 B    Cri   87   13   60 0.682  74.1 123.0  16.0 -43.0
1987 825.000    4846 A    Axo   14    4   10 0.678 291.9 208.0  20.0  42.0
1987 826.000    4841 A    Axo    0    1   90 1.000 240.7 239.0 -29.0  86.0
1987 826.000    4845 B    Bxo  210   13  120 0.482  69.5 125.0  16.0 -28.0
1987 826.000    4846 B    Dso  242   11  210 0.816 288.3 208.0  19.0  55.0
1987 827.000    4845 B    Bxo   56    8   30 0.323  60.4 122.0  16.0 -17.0
1987 827.000    4846 B    Dso  148    9  190 0.920 286.6 207.0  18.0  68.0
1987 828.000    4845 A    Axo   39    4   20 0.184  21.3 122.0  17.0  -4.0
1987 828.000    4846 B    Cao   47    5  140 0.985 288.1 208.0  19.0  82.0
1987 828.000    4847 A    Cao    2    1   10 0.989 112.6  48.0 -21.0 -78.0
1987 829.000    4845 A    Axo   19    8   10 0.216 315.9 122.0  16.0   9.0
1987 829.000    4847 A    Axo    6    1   10 0.941 117.6  48.0 -23.0 -65.0
1987 830.000    4845 A    Axo    0    4    0 0.424 292.7 124.0  16.0  24.0
1987 830.000    4847 A    Axo   10    1   10 0.854 121.2  48.0 -22.0 -52.0
1987 831.000    4845 A    Axo   16    2   10 0.592 287.3 123.0  16.0  36.0
1987 831.000    4847 A    Axo   13    1   10 0.742 130.2  49.0 -23.0 -38.0
1987 831.000    4848 A    Bxo    1    1   10 0.997 115.9   5.0 -25.0 -82.0
1987 9 1.000    4847 B    Bxo   15    3   10 0.636 140.6  47.0 -23.0 -26.0
1987 9 1.000    4848 A    Axo    5    1   10 0.966 117.3   3.0 -24.0 -70.0
1987 9 2.000    4847 B    Bxo   16    2   10 0.547 156.0  46.0 -23.0 -14.0
1987 9 2.000    4848 B    Cro   17    2   20 0.894 120.3   3.0 -23.0 -57.0
1987 9 2.000    4849 A    Hso   33    2   80 0.978 113.4 346.0 -21.0 -74.0
1987 9 2.000    4850BA    Axo    0    1    0 0.375 226.6  76.0  -8.0  16.0
1987 9 3.000    4847 B    Bxo   17    3   10 0.519 178.2  46.0 -24.0  -1.0
1987 9 3.000    4848 B    Bxo   24    1   20 0.794 126.4   3.0 -23.0 -44.0
1987 9 3.000    4849 B    Eso  182   10  260 0.936 114.6 342.0 -20.0 -65.0
1987 9 3.000    4850 A    Axo    9    1   10 0.877 246.1 104.0 -17.0  57.0
1987 9 4.000    4848 A    Axo   14    1   10 0.680 137.8   4.0 -24.0 -30.0
1987 9 4.000    4849 B    Esi  269   19  260 0.855 121.3 342.0 -22.0 -52.0
1987 9 5.000    4848 A    Axo   16    2   10 0.591 153.4   3.0 -25.0 -17.0
1987 9 5.000    4849 B    Eso  257   24  190 0.735 129.1 342.0 -22.0 -38.0
1987 9 6.000    4845CA    Axo   14    2   10 0.700 301.6  49.0  27.0  42.0
1987 9 6.000    4848 A    Axo   16    2   10 0.537 173.2   3.0 -25.0  -4.0
1987 9 6.000    4849 B    Eso  311   23  200 0.627 139.6 341.0 -22.0 -26.0
1987 9 7.000    4848 A    Axo   16    1   10 0.559 198.0   5.0 -25.0  11.0
1987 9 7.000    4849 B    Eso  373   25  220 0.529 156.8 341.0 -22.0 -13.0
1987 9 7.000    4850AA    Axo    2    2   20 0.999 243.3  77.0 -26.0  83.0
1987 9 7.000    4851 A    Hso    9    2   30 0.987 117.9 278.0 -26.0 -76.0
1987 9 8.000    4848 A    Axo   15    1   10 0.633 214.0   4.0 -25.0  23.0
1987 9 8.000    4849 BD   Eki  540   29  310 0.489 180.0 341.0 -22.0   0.0
1987 9 8.000    4851 B    Cro   20    1   30 0.942 121.0 277.0 -26.0 -64.0
1987 9 9.000    4848 A    Axo   13    1   10 0.739 226.2   4.0 -25.0  36.0
1987 9 9.000    4849 BD   Ekc  662   34  390 0.528 203.2 341.0 -22.0  13.0
1987 9 9.000    4851 B    Cro   30    3   30 0.860 127.4 278.0 -27.0 -50.0
1987 9 9.000    4852 B    Cro   10    1   20 0.967  63.9 251.0  27.0 -77.0
1987 910.000    4848 A    Axo   10    1   10 0.851 234.6   4.0 -25.0  50.0
1987 910.000    4849 B    Eai  514   33  330 0.626 220.5 340.0 -22.0  26.0
1987 910.000    4851 B    Cro   25    3   20 0.761 135.2 277.0 -27.0 -37.0
1987 910.000    4852 B    Cro   32    3   40 0.915  63.6 247.0  27.0 -67.0
1987 911.000    4849 B    Eso  317   17  240 0.751 230.5 340.0 -23.0  39.0
1987 911.000    4851 B    Bxo   30    4   20 0.661 146.8 277.0 -27.0 -24.0
1987 911.000    4852 A    Axo   24    2   20 0.799  61.5 249.0  27.0 -52.0
1987 911.000    4853 A    Hsi   33    1   80 0.978 125.0 230.0 -32.0 -71.0
1987 912.000    4849 B    Eso  186   12  180 0.855 238.7 340.0 -22.0  52.0
1987 912.000    4851 B    Bxo   16    5   10 0.586 163.1 277.0 -27.0 -11.0
1987 912.000    4852 A    Axo   14    2   10 0.679  57.5 248.0  27.0 -40.0
1987 912.000    4853 B    Cso   75    3  100 0.925 129.0 230.0 -32.0 -58.0
1987 913.000    4849 B    Eso   78    8  120 0.945 243.7 341.0 -22.0  66.0
1987 913.000    4851 B    Bxi   16    4   10 0.564 184.7 278.0 -27.0   3.0
1987 913.000    4852 A    Axo   17    2   10 0.489  52.2 250.0  24.0 -25.0
1987 913.000    4853 B    Cso  112    4  110 0.860 135.5 229.0 -33.0 -46.0
1987 913.000    4854 A    Axo   16    1   10 0.567  59.3 243.0  23.0 -32.0
1987 914.000    4849 A    Axo    6    1   20 0.985 245.0 338.0 -23.0  76.0
1987 914.000    4851 A    Axi   16    2   10 0.594 199.7 275.0 -27.0  13.0
1987 914.000    4853 BG   Dso  125    6  100 0.777 144.0 229.0 -33.0 -33.0
1987 914.000    4854 A    Axo   17    1   10 0.440  44.8 242.0  25.0 -20.0
1987 915.000    4849AA    Axo    5    1   10 0.958 254.1 319.0 -13.0  71.0
1987 915.000    4853 B    Cso  143    9  100 0.695 156.9 229.0 -33.0 -19.0
1987 916.000    4852 B    Axo   18    3   10 0.397 329.6 248.0  27.0  13.0
1987 916.000    4853 B    Cso   91    7   60 0.650 172.3 229.0 -33.0  -6.0
1987 916.000    4853AB    Axo   17    2   10 0.504 146.5 218.0 -18.0 -17.0
1987 917.000    4853 B    Cso   61    5   40 0.635 186.7 227.0 -32.0   5.0
1987 917.000    4853AA    Axo    0    1    0 0.439 164.7 215.0 -18.0  -7.0
1987 918.000    4853 B    Cso   72    7   50 0.690 202.1 227.0 -33.0  18.0
1987 918.000    4855 A    Hso   21    1   50 0.977  78.2 130.0  13.0 -79.0
1987 919.000    4853 B    Cao   64    6   50 0.763 214.5 227.0 -33.0  31.0
1987 919.000    4855 A    Hao   63    1   70 0.892  79.0 132.0  13.0 -64.0
1987 919.000    4857 B    Bxo   15    2   10 0.606 174.3 192.0 -30.0  -4.0
1987 920.000    4853 B    Cro   43    8   40 0.842 224.4 226.0 -32.0  44.0
1987 920.000    4855 A    Hso   76    1   60 0.772  79.0 131.0  13.0 -51.0
1987 920.000    4857 B    Bxo   15    3   10 0.623 195.4 193.0 -30.0  11.0
1987 921.000    4853 B    Cro   24    4   30 0.912 228.9 224.0 -33.0  55.0
1987 921.000    4855 B    Cso   93    3   60 0.627  78.0 130.0  13.0 -39.0
1987 921.000    4857 B    Dso   57    9   40 0.690 210.7 193.0 -30.0  24.0
1987 922.000    4853 A    Axo   10    3   20 0.964 234.0 223.0 -32.0  67.0
1987 922.000    4855 A    Hso   91    1   50 0.413  73.9 132.0  13.0 -24.0
1987 922.000    4857 B    Cso   75    4   60 0.780 221.9 193.0 -30.0  37.0
1987 923.000    4855 A    Hso  117    1   60 0.215  60.0 132.0  13.0 -11.0
1987 923.000    4857 B    Cao   68    3   70 0.871 229.6 193.0 -30.0  50.0
1987 923.000    4858 A    Axo    9    1   20 0.974 113.5  70.0 -21.0 -73.0
1987 924.000    4855 A    Hso  139    1   70 0.117 334.3 133.0  13.0   3.0
1987 924.000    4857 A    Hso   52    1   70 0.927 234.8 190.0 -29.0  60.0
1987 924.000    4858 A    Axo    8    1   10 0.905 116.0  70.0 -20.0 -60.0
1987 925.000    4855 A    Hso  114    1   60 0.291 292.4 132.0  13.0  16.0
1987 925.000    4857 A    Axo   19    1   50 0.982 237.5 189.0 -30.0  73.0
1987 925.000    4858 A    Axo   11    1   10 0.804 121.2  69.0 -20.0 -47.0
1987 926.000    4855 A    Hso   69    2   40 0.488 284.4 132.0  13.0  29.0
1987 927.000    4855 A    Hso   44    1   30 0.666 281.9 132.0  13.0  42.0
1987 928.000    4855 A    Hro   22    1   20 0.823 282.4 133.0  14.0  56.0
1987 928.000    4856 A    Axo    7    2   10 0.932 237.6 139.0 -27.0  62.0
1987 929.000    4855 A    Axo   14    1   20 0.928 282.4 133.0  14.0  69.0
1987 929.000    4856 A    Axo    6    1   20 0.987 241.2 140.0 -27.0  76.0
1987 929.000    4859 A    Axo    4    1   10 0.969 112.7 352.0 -20.0 -72.0
1987 930.000    4855 A    Axo    3    1   10 0.981 282.0 130.0  13.0  80.0
1987 930.000    4858AA    Axo   16    2   10 0.573  62.5  17.0  21.0 -33.0
1987 930.000    4859 A    Axo   14    4   20 0.931 119.1 347.0 -24.0 -63.0
1987 930.000    4860 B    Cso   53    3  100 0.964  60.7 334.0  30.0 -76.0
198710 1.000    4859 B    Bxo   32    5   30 0.841 125.5 348.0 -25.0 -49.0
198710 1.000    4860 B    Cso  110    6  140 0.919  60.1 330.0  30.0 -67.0
198710 2.000    4859 B    Bxo   25    2   20 0.761 129.5 344.0 -24.0 -40.0
198710 2.000    4860 B    Dso  172   10  150 0.818  57.7 331.0  30.0 -53.0
198710 2.000    4861 B    Bxo   15    2   10 0.647 136.0 355.0 -22.0 -29.0
198710 3.000    4859 B    Bxo   15    2   10 0.656 139.1 343.0 -24.0 -28.0
198710 3.000    4860 B    Eso  262   11  180 0.684  50.5 333.0  31.0 -38.0
198710 3.000    4862 A    Axo    9    2   20 0.972  56.5 293.0  34.0 -78.0
198710 4.000    4859 A    Bxo    0    1    0 0.545 157.8 345.0 -24.0 -13.0
198710 4.000    4860 B    Esi  263   18  160 0.567  41.5 332.0  31.0 -26.0
198710 4.000    4862 B    Bxo    7    3   10 0.917  55.6 292.0  34.0 -66.0
198710 5.000    4859 A    Bxo    0    1    0 0.434 171.3 340.0 -19.0  -4.0
198710 5.000    4860 B    Eai  383   35  220 0.489  30.8 327.0  31.0 -17.0
198710 5.000    4861 A    Axo   17    4   10 0.453 199.1 353.0 -19.0   9.0
198710 5.000    4862 B    Bxo   20    6   20 0.862  52.9 287.0  35.0 -57.0
198710 6.000    4860 B    Eso  363   26  200 0.417   2.1 330.0  31.0  -1.0
198710 6.000    4861 B    Axo   16    6   10 0.570 220.1 354.0 -20.0  23.0
198710 6.000    4862 B    Cao   57    4   40 0.697  47.8 293.0  33.0 -38.0
198710 7.000    4860 B    Cao  302   19  170 0.456 337.0 330.0  31.0  12.0
198710 7.000    4861 A    Axo   14    2   10 0.693 230.6 353.0 -21.0  35.0
198710 7.000    4862 B    Bxo   49    4   30 0.562  35.7 295.0  33.0 -23.0
198710 8.000    4860 B    Cso  248   10  150 0.560 319.7 330.0  31.0  25.0
198710 8.000    4862 B    Bxo   52    4   30 0.475  17.9 295.0  33.0 -10.0
198710 8.000    4863 A    Bxo    0    1    0 0.322 323.0 317.0  21.0  12.0
198710 9.000    4860 B    Cso  157    6  110 0.696 309.2 331.0  31.0  39.0
198710 9.000    4862 B    Bxo   35    4   20 0.451  -0.0 292.0  33.0   0.0
198710 9.000    4863 B    Bxo   17    2   10 0.463 304.9 316.0  21.0  24.0
198710 9.000    4864 A    Axo   14    2   10 0.669 137.0 262.0 -24.0 -30.0
198710 9.000    4865 A    Dao    0    1    0 0.932 234.4 353.0 -30.0  61.0
198710 9.000    4869AA    Axo    0    1    0 0.922 118.2 230.0 -23.0 -62.0
19871010.000    4860 B    Cso   77    3   70 0.831 303.5 333.0  31.0  54.0
19871010.000    4862 B    Bxo   17    5   10 0.481 340.6 290.0  33.0  11.0
19871010.000    4863 A    Bxo   15    1   10 0.623 294.7 316.0  20.0  37.0
19871010.000    4864 B    Bxo   16    4   10 0.558 153.2 263.0 -24.0 -16.0
19871010.000    4866 B    Dho   40    3  150 0.991  68.6 195.0  22.0 -84.0
19871010.000    4867 A    Axo    5    1   10 0.959 129.3 214.0 -35.0 -65.0
19871011.000    4860 A    Hso   38    2   50 0.921 300.1 332.0  30.0  67.0
19871011.000    4864 B    Bxo   17    7   10 0.519 173.0 261.0 -25.0  -4.0
19871011.000    4866 B    Cho  177    9  320 0.961  68.8 190.0  22.0 -75.0
19871011.000    4867 A    Axo    8    1   10 0.897 134.0 213.0 -35.0 -52.0
19871011.000    4868 B    Cso    5    2   50 0.999 120.6 182.0 -30.0 -83.0
19871012.000    4860 A    Hso   18    1   40 0.973 299.5 330.0  30.0  78.0
19871012.000    4864 B    Cro   50   10   30 0.537 197.1 262.0 -25.0  10.0
19871012.000    4866 B    Eki  380   14  390 0.873  69.2 191.0  21.0 -61.0
19871012.000    4868 A    Hso   55    2  100 0.960 124.7 185.0 -31.0 -67.0
19871013.000    4864 B    Bxo   31    4   20 0.602 212.6 260.0 -25.0  21.0
19871013.000    4866 B    Eko  472   18  360 0.755  65.8 191.0  22.0 -48.0
19871013.000    4868 A    Hso  118    2  130 0.890 128.1 185.0 -30.0 -54.0
19871013.000    4869 A    Axo   16    1   10 0.530 185.1 242.0 -26.0   3.0
19871014.000    4864 B    Dao   41    8   30 0.717 224.5 260.0 -26.0  34.0
19871014.000    4866 B    Cki  627   26  400 0.621  61.4 190.0  22.0 -36.0
19871014.000    4868 A    Hko  143    2  120 0.800 134.8 185.0 -30.0 -41.0
19871014.000    4869 B    Dao   65    8   40 0.573 203.9 241.0 -26.0  15.0
19871014.000    4870 B    Bxo   16    4   10 0.561 151.6 209.0 -24.0 -17.0
19871014.000    4871 A    Axo    8    2   20 0.975 120.5 154.0 -28.0 -72.0
19871015.000    4866 B    Cko  718   32  400 0.439  49.3 192.0  22.0 -21.0
19871015.000    4868 A    Hko  152    2  110 0.720 144.7 184.0 -31.0 -29.0
19871015.000    4869 B    Dao  149   10  100 0.666 219.3 241.0 -26.0  28.0
19871015.000    4870 B    Cao   51   11   30 0.500 172.7 209.0 -24.0  -4.0
19871015.000    4871 A    Axo   18    3   20 0.893 124.2 157.0 -27.0 -56.0
19871016.000    4866 B    Dki  762   42  400 0.304  21.8 192.0  22.0  -7.0
19871016.000    4868 B    Cso  140    3   90 0.627 157.6 183.0 -30.0 -16.0
19871016.000    4869 B    Dao  155    9  120 0.761 230.0 239.0 -25.0  40.0
19871016.000    4870 B    Dso  207   10  120 0.504 198.5 209.0 -23.0  10.0
19871017.000    4866 BG   Cki  589   44  310 0.312 335.5 194.0  22.0   8.0
19871017.000    4868 A    Hko  129    4   80 0.584 175.5 183.0 -30.0  -3.0
19871017.000    4869 B    Eao   67    7   70 0.876 236.2 240.0 -26.0  54.0
19871017.000    4870 B    Eso  287   11  180 0.603 216.3 209.0 -24.0  23.0
19871018.000    4866 B    Eai  589   31  330 0.450 312.9 194.0  23.0  21.0
19871018.000    4866AA    Axo    0    1    0 0.261 280.4 188.0   8.0  15.0
19871018.000    4868 A    Hac  110    2   70 0.612 194.1 183.0 -31.0  10.0
19871018.000    4869 A    Axo   13    1   20 0.939 238.6 237.0 -27.0  64.0
19871018.000    4870 B    Dsi  264   15  190 0.717 228.5 209.0 -24.0  36.0
19871019.000    4866 B    Eso  273   18  170 0.593 302.2 193.0  23.0  33.0
19871019.000    4868 A    Hsc   88    3   60 0.676 209.7 183.0 -31.0  23.0
19871019.000    4869 A    Axo    3    1   10 0.988 241.5 237.0 -27.0  77.0
19871019.000    4870 B    Eai  178   12  160 0.830 236.2 209.0 -24.0  49.0
19871019.000    4872 A    Axo    9    2   10 0.883 144.2 116.0 -42.0 -44.0
19871019.000    4873 B    Bxo   17    7   30 0.958 126.9  94.0 -33.0 -66.0
19871019.000    4874 B    Bxo    0    2    0 0.218  22.5 155.0  17.0  -5.0
19871020.000    4866 B    Eso  142   14  110 0.760 295.9 195.0  23.0  48.0
19871020.000    4868 A    Hsc   89    2   70 0.766 221.1 183.0 -31.0  36.0
19871020.000    4870 B    Cso  124   11  160 0.921 241.1 209.0 -24.0  62.0
19871020.000    4872 B    Bxo   11    1   10 0.808 152.1 117.0 -41.0 -30.0
19871020.000    4873 B    Cso   46    8   50 0.886 131.8  95.0 -33.0 -52.0
19871020.000    4874 A    Axo   19    2   10 0.252 323.7 156.0  17.0   9.0
19871021.000    4866 B    Cao   77    8   80 0.876 292.3 194.0  22.0  61.0
19871021.000    4868 A    Hao   51    2   50 0.856 227.4 181.0 -32.0  48.0
19871021.000    4870 B    Bxo   31    6   70 0.974 242.8 206.0 -25.0  73.0
19871021.000    4872 B    Bxo   38    7   30 0.770 161.7 114.0 -42.0 -19.0
19871021.000    4873 B    Bxo   46    7   40 0.814 137.5  92.0 -33.0 -41.0
19871021.000    4874 B    Bxo   18    1   10 0.402 301.4 154.0  17.0  21.0
19871022.000    4866 B    Cao   28    3   50 0.958 291.4 194.0  22.0  74.0
19871022.000    4868 A    Hao   36    2   50 0.930 233.7 181.0 -31.0  61.0
19871022.000    4870 B    Bxo    4    2   30 0.997 245.4 203.0 -24.0  83.0
19871022.000    4872 B    Bxo   54    6   40 0.736 175.0 115.0 -42.0  -5.0
19871022.000    4873 B    Cso   41    6   30 0.725 147.1  92.0 -33.0 -28.0
19871022.000    4874 A    Bxo   16    2   10 0.582 294.0 154.0  18.0  34.0
19871023.000    4866 A    Axo    2    1   20 0.998 291.8 195.0  22.0  88.0
19871023.000    4868 A    Hso   10    1   30 0.985 236.3 182.0 -32.0  75.0
19871023.000    4872 B    Bxo   67    7   50 0.736 186.1 113.0 -42.0   6.0
19871023.000    4873 B    Bxo   60    9   40 0.656 159.4  91.0 -33.0 -16.0
19871024.000    4872 A    Axo   25    4   20 0.774 197.0 112.0 -43.0  18.0
19871024.000    4873 B    Bxo   31    9   20 0.617 175.9  91.0 -33.0  -3.0
19871025.000    4873AB    Axo   17    2   10 0.499 183.6  83.0 -25.0   2.0
19871025.000    4875 B    Dso   23    4   60 0.981  59.3   1.0  31.0 -80.0
19871025.000    4876 A    Axo   11    3   10 0.810 235.6 128.0 -24.0  47.0
19871026.000    4875 B    Eao  188   10  270 0.937  58.6 358.0  31.0 -69.0
19871026.000    4876 B    Bxo    8    2   10 0.913 241.0 128.0 -24.0  61.0
19871027.000    4871AA    Axo    0    1    0 0.919 238.0 115.0 -27.0  61.0
19871027.000    4873 A    Axo   12    1   10 0.766 213.0  85.0 -36.0  31.0
19871027.000    4875 B    Eso  253   13  250 0.862  56.5 357.0  31.0 -57.0
19871027.000    4876 A    Axo    3    1   10 0.988 244.8 132.0 -24.0  78.0
19871027.000    4877 B    Bxo   18    3   10 0.360  15.3  48.0  25.0  -6.0
19871027.000    4878 A    Axo    5    1   10 0.956 112.6 344.0 -20.0 -70.0
19871027.000    4880 A    Bxo    0    1    0 0.436 255.5  79.0  -2.0  25.0
19871028.000    4873 A    Axo   10    2   10 0.852 222.2  86.0 -36.0  45.0
19871028.000    4875 B    Esi  359   24  270 0.746  51.6 358.0  31.0 -43.0
19871028.000    4877 B    Bxo   37    4   20 0.371 340.1  49.0  25.0   8.0
19871028.000    4878 B    Bxo   28    4   30 0.878 116.9 344.0 -21.0 -57.0
19871028.000    4880 A    Bxo   15    1   10 0.626 259.4  79.0  -3.0  38.0
19871028.000    4881 B    Bxo   35    4   20 0.452 188.2  45.0 -22.0   4.0
19871029.000    4875 B    Eai  437   32  280 0.625  43.3 358.0  31.0 -30.0
19871029.000    4877 B    Bxo   17    3   10 0.471 316.0  49.0  24.0  21.0
19871029.000    4878 B    Cro   65    6   50 0.758 122.8 345.0 -21.0 -43.0
19871029.000    4881 B    Dao  152   11   90 0.527 212.9  46.0 -22.0  18.0
19871030.000    4875 B    Eso  594   30  350 0.528  28.0 358.0  32.0 -17.0
19871030.000    4878 B    Bxo   92    9   60 0.638 131.1 344.0 -21.0 -31.0
19871030.000    4881 B    Dso  238   11  160 0.665 229.4  48.0 -22.0  33.0
19871031.000    4875 B    Eso  388   32  220 0.469   7.3 358.0  32.0  -4.0
19871031.000    4878 B    Bxo   51   10   30 0.505 147.2 345.0 -21.0 -17.0
19871031.000    4881 B    Cao  184   10  150 0.789 237.7  48.0 -22.0  46.0
198711 1.000    4875 B    Esi  318   33  180 0.467 345.2 356.0  31.0   8.0
198711 1.000    4878 B    Bxo   36    8   20 0.431 171.3 344.0 -21.0  -4.0
198711 1.000    4881 B    Cho  143    4  160 0.894 242.8  47.0 -22.0  59.0
198711 2.000    4875 B    Fho  336   23  200 0.539 324.9 356.0  30.0  21.0
198711 2.000    4878 B    Bxo   36    7   20 0.433 199.8 344.0 -20.0   9.0
198711 2.000    4881 B    Cso   39    2  110 0.983 246.7  52.0 -22.0  77.0
198711 2.000    4882 B    Cso   12    2   30 0.978 114.6 260.0 -23.0 -75.0
198711 3.000    4875 B    Eso  281   23  190 0.673 310.2 358.0  29.0  36.0
198711 3.000    4878 B    Bxo   16    4   10 0.536 218.7 343.0 -21.0  21.0
198711 3.000    4882 B    Cso   38    2   50 0.923 118.1 259.0 -24.0 -63.0
198711 3.000    4883 B    Dso   46    3   90 0.967 115.1 250.0 -23.0 -72.0
198711 4.000    4875 B    Esi  172   19  140 0.787 304.3 357.0  29.0  48.0
198711 4.000    4878 B    Bxo   14    3   10 0.664 231.9 343.0 -21.0  34.0
198711 4.000    4882 B    Cso   35    3   30 0.809 125.0 262.0 -25.0 -47.0
198711 4.000    4883 B    Dso   62    2   70 0.895 118.1 250.0 -23.0 -59.0
198711 5.000    4875 B    Eko  182   11  200 0.890 300.8 357.0  29.0  61.0
198711 5.000    4882 A    Axo   14    1   10 0.701 132.2 261.0 -25.0 -35.0
198711 5.000    4883 B    Dsi  173    8  140 0.786 122.0 250.0 -22.0 -46.0
198711 5.000    4884 A    Axo    4    1   10 0.976  72.4 218.0  18.0 -78.0
198711 6.000    4875 A    Hso   63    5  140 0.974 297.9 359.0  28.0  77.0
198711 6.000    4882 A    Axo   16    2   10 0.584 144.5 260.0 -25.0 -22.0
198711 6.000    4883 B    Dso  197   10  130 0.649 130.8 250.0 -22.0 -32.0
198711 6.000    4884 A    Axo    9    1   10 0.867  74.8 222.0  15.0 -60.0
198711 7.000    4875 A    Hso    6    1   50 0.998 300.9 357.0  31.0  88.0
198711 7.000    4878AB    Bxo   17    2   10 0.512 250.0 298.0  -7.0  29.0
198711 7.000    4882 A    Axo   17    1   10 0.474 160.3 259.0 -23.0 -10.0
198711 7.000    4882AA    Axo   15    1   10 0.618 152.9 250.0 -30.0 -19.0
198711 7.000    4883 B    Dso  119    7   70 0.524 144.8 250.0 -22.0 -19.0
198711 7.000    4884 B    Cro   13    3   10 0.730  71.3 223.0  16.0 -46.0
198711 7.000    4885 B    Bxo   17    3   10 0.480 352.9 273.0  32.0   4.0
198711 8.000    4882 B    Axo   87    6   50 0.493 183.7 258.0 -26.0   2.0
198711 8.000    4883 B    Cso  125    5   70 0.444 165.3 249.0 -22.0  -7.0
198711 8.000    4884 B    Bxo   33    5   20 0.557  66.1 224.0  16.0 -32.0
198711 8.000    4885 B    Bxo   16    5   10 0.540 332.7 273.0  32.0  17.0
198711 8.000    4887 B    Bxo   15    1   10 0.657 124.4 221.0 -19.0 -35.0
198711 9.000    4883 B    Cso  124    4   70 0.451 190.3 248.0 -23.0   5.0
198711 9.000    4884 A    Axo    0    2    0 0.368  49.5 226.0  17.0 -17.0
198711 9.000    4885 B    Bxo   30    6   20 0.637 317.7 273.0  31.0  30.0
198711 9.000    4887 A    Axo   16    3   10 0.527 138.1 221.0 -20.0 -22.0
198711 9.000    4888 B    Bxo   17    3   10 0.492 174.5 240.0 -26.0  -3.0
198711 9.000    4889 A    Hso   11    1   30 0.980  73.3 164.0  17.0 -79.0
19871110.000    4883 B    Cso   84    4   50 0.529 216.9 250.0 -22.0  20.0
19871110.000    4884 B    Bxo   19    5   10 0.259  22.7 224.0  17.0  -6.0
19871110.000    4888 B    Bxo   17    3   10 0.512 197.8 240.0 -26.0  10.0
19871110.000    4889 A    Axo   17    2   20 0.900  72.7 166.0  17.0 -64.0
19871111.000    4883 A    Hso   29    3   20 0.682 230.8 251.0 -23.0  35.0
19871111.000    4884 A    Axo    0    1    0 0.279 323.3 226.0  16.0  10.0
19871111.000    4885 A    Axo   10    2   10 0.860 303.4 272.0  30.0  56.0
19871111.000    4888 A    Bxo    0    1    0 0.624 217.1 241.0 -27.0  25.0
19871111.000    4889 B    Bxo   12    3   10 0.785  72.0 165.0  16.0 -51.0
19871112.000    4883 A    Axo    0    1    0 0.804 238.3 251.0 -23.0  48.0
19871112.000    4885 B    Bxo   26    3   40 0.944 303.0 272.0  32.0  69.0
19871112.000    4889 A    Axo    0    1    0 0.641  66.8 165.0  17.0 -38.0
19871112.000    4890 A    Hko   16    4  150 0.998 116.3 118.0 -26.0 -85.0
19871113.000    4883 A    Axo    8    1   10 0.903 243.9 251.0 -22.0  61.0
19871113.000    4885 B    Bxo   12    2   40 0.987 302.0 271.0  32.0  81.0
19871113.000    4890 B    Cko  224    7  370 0.953 117.4 121.0 -25.0 -69.0
19871114.000    4890 B    Cko  437    7  490 0.895 119.8 118.0 -25.0 -59.0
19871115.000    4890 B    Dko  490   10  410 0.802 124.2 117.0 -25.0 -47.0
19871116.000    4890 B    Cko  673   13  460 0.681 131.9 117.0 -25.0 -34.0
19871117.000    4890 B    Cko  877   25  530 0.561 144.6 116.0 -25.0 -21.0
19871117.000    4891 A    Hso   15    1   60 0.991 111.6  56.0 -21.0 -81.0
19871117.000    4892 B    Cso   38    2   40 0.876 114.5  79.0 -20.0 -58.0
19871118.000    4890 B    Cko  809   29  460 0.475 164.6 116.0 -25.0  -8.0
19871118.000    4891 A    Hso   67    1  100 0.942 113.3  56.0 -21.0 -68.0
19871118.000    4892 A    Axo   11    2   10 0.804 115.8  74.0 -19.0 -50.0
19871118.000    4893 B    Bxo   18    2   10 0.350 199.5 131.0 -17.0   7.0
19871119.000    4890 B    Cso  529   19  300 0.469 193.6 118.0 -25.0   7.0
19871119.000    4891 B    Dao  106    5  100 0.845 116.6  57.0 -21.0 -54.0
19871119.000    4893 B    Bxo   17    2   10 0.462 225.1 131.0 -17.0  20.0
19871119.000    4894 A    Axo    0    1    0 0.333 159.4 104.0 -16.0  -7.0
19871120.000    4889AB    Axo   13    2   10 0.725 290.3 143.0  16.0  45.0
19871120.000    4890 A    Hai  518   17  310 0.549 214.4 118.0 -25.0  20.0
19871120.000    4891 B    Dai  236   14  170 0.718 123.8  58.0 -22.0 -40.0
19871120.000    4893 A    Axo   31    1   20 0.623 239.1 132.0 -17.0  34.0
19871120.000    4894 A    Axo   18    1   10 0.322 204.7 106.0 -15.0   8.0
19871121.000    4889AA    Axo   10    2   10 0.853 285.3 143.0  14.0  58.0
19871121.000    4890 B    Cso  511   12  340 0.659 229.0 118.0 -24.0  33.0
19871121.000    4891 B    Esi  377   26  230 0.572 134.7  59.0 -22.0 -26.0
19871122.000    4889AA    Axo    6    1   10 0.947 286.3 142.0  16.0  71.0
19871122.000    4890 B    Dao  493   13  390 0.774 236.6 116.0 -24.0  45.0
19871122.000    4891 B    Eai  431   29  240 0.440 151.5  58.0 -21.0 -13.0
19871123.000    4890 B    Dko  363   10  400 0.891 240.7 117.0 -25.0  59.0
19871123.000    4891 B    Eai  572   43  310 0.385 180.0  58.0 -21.0   0.0
19871123.000    4895 B    Bxo   14    2   20 0.932  61.6 351.0  27.0 -67.0
19871123.000    4896 B    Cro   31    4   20 0.612 197.8  71.0 -34.0  13.0
19871123.000    4897 A    Bxo    5    1   10 0.964 117.6 346.0 -26.0 -72.0
19871124.000    4890 B    Dao  136    9  270 0.967 243.6 118.0 -25.0  73.0
19871124.000    4891 B    Eao  502   44  280 0.443 205.8  57.0 -22.0  12.0
19871124.000    4895 A    Axo   10    2   10 0.842  56.0 352.0  29.0 -53.0
19871124.000    4896 B    Dso  104   10   70 0.667 212.1  70.0 -33.0  25.0
19871124.000    4897 A    Axo   10    1   10 0.864 117.9 349.0 -23.0 -56.0
19871125.000    4890 B    Dao   20    4  150 0.998 244.8 117.0 -25.0  85.0
19871125.000    4891 B    Eai  247   25  150 0.567 225.8  58.0 -22.0  26.0
19871125.000    4896 B    Eao  191   12  150 0.769 221.6  70.0 -34.0  38.0
19871125.000    4897 A    Axo   13    1   10 0.719 124.6 352.0 -23.0 -40.0
19871126.000    4891 B    Cso  113    8   80 0.707 238.0  59.0 -21.0  40.0
19871126.000    4896 B    Eao  216    7  210 0.857 229.5  70.0 -33.0  51.0
19871126.000    4897 B    Bxo   16    2   10 0.566 134.1 353.0 -22.0 -26.0
19871127.000    4891 B    Bxo   58    4   50 0.815 243.0  57.0 -21.0  51.0
19871127.000    4895 A    Axo   16    1   10 0.534  16.0 356.0  32.0 -10.0
19871127.000    4896 B    Eso  228    8  320 0.934 233.8  70.0 -33.0  64.0
19871127.000    4897 B    Cso   53    4   30 0.466 151.4 352.0 -23.0 -14.0
19871127.000    4897AB    Axo   17    2   10 0.498 116.9 339.0 -12.0 -27.0
19871128.000    4891 B    Bxo    8    5   10 0.907 247.3  55.0 -20.0  63.0
19871128.000    4895 B    Axo   17    3   10 0.453  -0.0 352.0  28.0   0.0
19871128.000    4896 B    Dso   74    6  180 0.978 235.9  67.0 -33.0  75.0
19871128.000    4897 A    Axo   18    3   10 0.391 180.0 352.0 -22.0   0.0
19871128.000    4898AB    Bxo   14    2   10 0.713 137.8 318.0 -31.0 -34.0
19871129.000    4891 B    Bxo    8    3   20 0.979 248.3  56.0 -21.0  77.0
19871129.000    4896 B    Bxo    2    2   60 1.000 237.0  67.0 -33.0  88.0
19871129.000    4897 A    Axo   17    1   10 0.475 207.7 353.0 -24.0  14.0
19871129.000    4898 B    Axo   17    4   10 0.513 142.1 319.0 -23.0 -20.0
19871129.000    4898AA    Axo   16    3   10 0.591 153.4 321.0 -31.0 -18.0
19871130.000    4898 A    Axo   17    5   10 0.438 163.1 318.0 -24.0  -8.0
19871130.000    4898AB    Axo   16    4   10 0.571 166.7 317.0 -33.0  -9.0
19871130.000    4899 A    Axo    7    2   10 0.919  59.7 262.0  28.0 -64.0
198712 1.000    4898 A    Axo   18    3   10 0.394 191.8 318.0 -22.0   5.0
198712 1.000    4898AA    Axo   16    1   10 0.559 187.5 318.0 -33.0   5.0
198712 1.000    4900 B    Bxo   18    4   10 0.401 350.9 317.0  24.0   4.0
198712 2.000    4898 B    Bxo   52    4   30 0.478 216.8 318.0 -22.0  18.0
198712 2.000    4899 A    Axo   13    1   10 0.733  46.0 262.0  31.0 -38.0
198712 2.000    4899BA    Bxo    0    1    0 0.852  57.0 246.0  28.0 -54.0
198712 2.000    4900 A    Bxo   17    1   10 0.484 328.9 316.0  25.0  16.0
198712 3.000    4898 B    Bxo   31    4   20 0.614 233.7 319.0 -21.0  32.0
198712 3.000    4899AA    Bxo    0    1    0 0.661  72.1 247.0  12.0 -40.0
198712 3.000    4899BA    Bxo    0    1    0 0.728  51.9 247.0  27.0 -40.0
198712 3.000    4900 A    Bxo   16    1   10 0.587 313.1 315.0  24.0  28.0
198712 3.000    4900AA    Bxo    0    1    0 0.191  46.2 279.0   8.0  -8.0
198712 4.000    4898 A    Axo   24    2   20 0.782 242.5 321.0 -21.0  48.0
198712 4.000    4898AA    Axo   12    1   10 0.773 227.9 315.0 -31.0  42.0
198712 4.000    4899 B    Bxo   17    2   10 0.492  24.0 260.0  27.0 -13.0
198712 4.000    4899AA    Bxo   17    1   10 0.461  63.8 248.0  12.0 -25.0
198712 4.000    4899BA    Bxo   16    1   10 0.596  40.9 247.0  27.0 -26.0
198712 4.000    4901 A    Bxo    0    1    0 0.716 121.9 232.0 -22.0 -41.0
198712 5.000    4898 A    Axo    8    1   10 0.909 244.5 323.0 -23.0  63.0
198712 5.000    4899 B    Bxo   17    3   10 0.452 358.0 261.0  27.0   1.0
198712 5.000    4901 B    Bxo   16    4   10 0.553 135.3 235.0 -23.0 -25.0
198712 6.000    4901 B    Cro   54    7   30 0.415 154.7 236.0 -22.0 -11.0
198712 7.000    4898 A    Axo    5    2   30 0.995 247.9 318.0 -22.0  84.0
198712 7.000    4901 B    Dso  129   11   70 0.378 189.8 238.0 -22.0   4.0
198712 8.000    4901 B    Dso  124   13   70 0.459 216.2 238.0 -22.0  17.0
198712 8.000    4902 B    Bxo   33    3   20 0.556 322.7 243.0  26.0  22.0
198712 8.000    4905CB    Bxo    7    2   10 0.922  83.4 154.0   6.0 -67.0
198712 9.000    4901 B    Dso  160   16  100 0.597 233.7 238.0 -21.0  31.0
198712 9.000    4902 B    Bxo   14    3   10 0.677 312.6 241.0  27.0  34.0
198712 9.000    4903 B    Cso   18    3   20 0.884 231.0 263.0 -34.0  56.0
198712 9.000    4905AA    Bxo   17    1   10 0.482  22.8 195.0  26.0 -12.0
198712 9.000    4905CA    Bxo   12    1   10 0.780  82.0 156.0   6.0 -51.0
19871210.000    4901 B    Dso  134   10  100 0.738 241.5 238.0 -21.0  44.0
19871210.000    4903 B    Cso   36    3   60 0.953 234.3 263.0 -34.0  69.0
19871210.000    4904 B    Bxo   16    4   10 0.558 235.2 223.0 -19.0  29.0
19871211.000    4901 B    Cso   78    8   80 0.871 248.4 240.0 -19.0  59.0
19871211.000    4903 B    Cso   14    2   60 0.992 237.8 263.0 -32.0  82.0
19871211.000    4904 B    Bxo   13    3   10 0.719 243.7 224.0 -19.0  43.0
19871211.000    4905BA    Bxo    0    1    0 0.658  27.8 159.0  35.0 -22.0
19871212.000    4901 B    Bxo   18    6   30 0.951 249.2 239.0 -20.0  71.0
19871212.000    4904 A    Bxo   11    1   10 0.833 245.1 222.0 -21.0  54.0
19871212.000    4905 A    Bxo    0    1    0 0.736 308.9 208.0  27.0  40.0
19871213.000    4901 B    Bxo    9    4   30 0.988 248.9 236.0 -21.0  81.0
19871213.000    4904 A    Bxo    5    1   10 0.960 248.4 228.0 -21.0  73.0
19871213.000    4905 B    Bxo   22    3   20 0.821 303.0 205.0  26.0  50.0
19871213.000    4906 A    Hao    7    1   60 0.998 124.0  69.0 -34.0 -86.0
19871214.000    4905 B    Bxo   12    2   20 0.947 300.1 210.0  28.0  68.0
19871214.000    4906 B    Cho   94    2  220 0.977 122.6  66.0 -32.0 -76.0
19871214.000    4907 B    Hso   28    3   20 0.703 125.7 103.0 -25.0 -39.0
19871215.000    4906 B    Eso  173    5  240 0.932 126.3  63.0 -34.0 -65.0
19871215.000    4907 B    Bxo   16    3   10 0.542 143.9 107.0 -27.0 -21.0
19871215.000    4908 A    Axo    7    1   10 0.927 117.7  62.0 -26.0 -66.0
19871216.000    4906 B    Eso  227    6  220 0.856 128.5  62.0 -33.0 -53.0
19871216.000    4907 B    Bxo   17    5   10 0.459 151.5 101.0 -25.0 -14.0
19871216.000    4908 A    Axo   11    2   10 0.829 118.4  62.0 -24.0 -53.0
19871217.000    4906 B    Cso  313   13  250 0.780 132.8  59.0 -33.0 -43.0
19871217.000    4907 B    Bxo   72    7   40 0.417 177.8 101.0 -26.0  -1.0
19871217.000    4908 B    Axo   15    2   10 0.646 125.2  67.0 -23.0 -35.0
19871218.000    4906 B    Cso  284    9  190 0.664 140.3  59.0 -32.0 -30.0
19871218.000    4907 B    Bxo   35    7   20 0.462 206.0 102.0 -26.0  13.0
19871218.000    4909 B    Bxo    9    2   20 0.973  68.0  14.0  21.0 -75.0
19871219.000    4906 B    Cso  262    7  160 0.570 156.1  60.0 -33.0 -16.0
19871219.000    4907 A    Axo   15    1   10 0.615 229.4 107.0 -25.0  31.0
19871219.000    4909 B    Cso   34    3   40 0.902  66.9  14.0  20.0 -62.0
19871219.000    4910AB    Axo   31    1   20 0.624 244.3 112.0 -17.0  36.0
19871220.000    4906 B    Cso  207    3  120 0.506 185.0  66.0 -32.0   3.0
19871220.000    4909 A    Axo   37    3   30 0.780  61.0  16.0  21.0 -47.0
19871220.000    4910 A    Axo   10    1   10 0.853 247.5 120.0 -20.0  57.0
19871220.000    4910AB    Bxo   27    2   20 0.729 248.1 108.0 -17.0  45.0
19871221.000    4906 A    Hso  198    1  120 0.561 202.7  64.0 -33.0  15.0
19871221.000    4907 B    Axo   11    2   10 0.823 239.3 101.0 -26.0  52.0
19871221.000    4908 A    Axo    0    1    0 0.403 211.2  62.0 -22.0  13.0
19871221.000    4909 A    Axo   14    2   10 0.672  51.8  14.0  23.0 -35.0
19871221.000    4910 A    Axo    6    1   10 0.949 248.5 120.0 -21.0  71.0
19871222.000    4906 A    Hso  153    1  100 0.642 218.3  64.0 -32.0  28.0
19871222.000    4910 A    Axo    3    1   20 0.997 252.1 122.0 -18.0  86.0
19871223.000    4906 A    Hao  133    1  100 0.743 227.2  63.0 -32.0  40.0
19871223.000    4911 B    Bxo   29    4   20 0.670 208.6  47.0 -38.0  24.0
19871224.000    4906 A    Hso   96    1   90 0.843 231.6  62.0 -33.0  52.0
19871224.000    4911 A    Axo   13    2   10 0.743 219.2  46.0 -37.0  36.0
19871225.000    4906 A    Hso   74    1  100 0.928 234.1  62.0 -34.0  65.0
19871225.000    4911 A    Axo   11    1   10 0.831 223.1  44.0 -39.0  47.0
19871226.000    4906 A    Hso   37    1   90 0.978 235.7  60.0 -34.0  77.0
19871226.000    4912 B    Cso   39    1  100 0.980 123.2 265.0 -33.0 -78.0
19871226.000    4913 B    Bxo   18    4   10 0.328 194.4 348.0 -21.0   5.0
19871227.000    4906 A    Hso    9    1  120 0.999 237.1  59.0 -33.0  89.0
19871227.000    4912 B    Eho  240    9  370 0.946 124.1 261.0 -33.0 -69.0
19871227.000    4913 B    Bxo   18    2   10 0.378 231.8 348.0 -16.0  18.0
19871227.000    4913AA    Bxo    0    1    0 0.557 188.7 336.0 -36.0   6.0
19871227.000    4913BA    Axo   18    2   10 0.331  24.0 322.0  15.0  -8.0
19871228.000    4912 B    Eko  439   18  460 0.879 127.7 260.0 -34.0 -57.0
19871229.000    4912 B    Eki  650   26  530 0.790 132.1 259.0 -34.0 -45.0
19871230.000    4912 B    Fki  679   21  470 0.690 139.2 258.0 -34.0 -33.0
19871230.000    4915 B    Bxo   60    6   40 0.658 217.7 320.0 -34.0  29.0
19871231.000    4912 B    Chi  703   22  440 0.601 152.2 258.0 -35.0 -20.0
19871231.000    4915 B    Cao   51    5   40 0.761 224.9 319.0 -35.0  41.0
