1985 1 1.000    4611 A    Hax   16    1   10 0.582 255.5 352.0 -11.0  35.0
1985 1 6.000    4614BA    Axx    0    1    0 0.330 303.9 267.0   7.0  16.0
1985 1 7.000    4614CA    Axx    0    1    0 0.331 304.2 254.0   7.0  16.0
1985 1 8.000    4614DA    Axx   19    2   10 0.294   6.6 223.0  13.0  -2.0
1985 1 9.000    4614 A    Axx    6    1   10 0.937  82.1 143.0   6.0 -69.0
1985 1 9.000    4614GB    Axx    6    2   10 0.944  94.9 141.0  -6.0 -71.0
1985 110.000    4614 A    Axx   10    1   10 0.839  78.9 143.0   7.0 -56.0
1985 110.000    4614FA    Axx   19    1   10 0.191 153.7 194.0 -14.0  -5.0
1985 113.000    4616 A    Bxo   35    6   20 0.440  99.0 133.0  -8.0 -26.0
1985 114.000    4616 B    Dsi  116    6   60 0.225  96.8 133.0  -6.0 -13.0
1985 115.000    4616 B    Dai  259   17  130 0.040 180.0 133.0  -7.0   0.0
1985 116.000    4616 B    Dai  231   16  120 0.260 260.8 135.0  -7.0  15.0
1985 117.000    4616 BD   Dai  262   22  150 0.484 264.4 135.0  -7.0  29.0
1985 118.000    4616 BD   Dai  357   30  240 0.667 265.1 135.0  -7.0  42.0
1985 119.000    4616 B    Dao  254   18  220 0.816 265.0 135.0  -7.0  55.0
1985 120.000    4616 B    Cso  109   10  150 0.931 264.5 136.0  -7.0  69.0
1985 120.000    4617 B    Cao  138   14   70 0.133 230.5  73.0 -10.0   6.0
1985 120.000    4618 A    Axx    0    1    0 0.753  80.1  19.0   4.0 -48.0
1985 121.000    4616 B    Cso   11    5   40 0.989 264.7 136.0  -6.0  82.0
1985 121.000    4617 BGD  Eki  697   26  370 0.332 254.7  73.0 -10.0  19.0
1985 121.000    4618 B    Dao   48    6   30 0.590  75.9  19.0   4.0 -35.0
1985 121.000    4619 B    Bxo   21    4   20 0.845  93.8 356.0  -6.0 -58.0
1985 122.000    4617 BGD  Eki  898   27  530 0.530 259.7  73.0 -10.0  32.0
1985 122.000    4618 B    Cro   55    7   30 0.383  63.0  21.0   5.0 -20.0
1985 122.000    4619 A    Axx   14    3   10 0.704  94.6 356.0  -7.0 -45.0
1985 123.000    4617 BGD  Eko  638   23  450 0.705 261.3  72.0 -10.0  45.0
1985 123.000    4618 B    Cso   58    4   30 0.208  30.0  21.0   5.0  -6.0
1985 123.000    4619 A    Hax   33    2   20 0.528  94.5 355.0  -7.0 -32.0
1985 124.000    4617 BG   Eai  396   17  380 0.853 261.6  73.0 -10.0  59.0
1985 124.000    4618 B    Dso   58    2   30 0.252 321.9  23.0   6.0   9.0
1985 125.000    4617 BG   Eki   96    6  160 0.953 262.3  74.0  -9.0  73.0
1985 125.000    4618 B    Bxo   36    5   20 0.427 299.6  23.0   7.0  22.0
1985 126.000    4617 B    Dao   64    6  310 0.995 259.5  73.0 -11.0  85.0
1985 126.000    4618 A    Axx   31    2   20 0.613 287.4  24.0   6.0  36.0
1985 127.000    4619AA    Hax    0    1    0 0.324 265.2 354.0  -7.0  19.0
1985 128.000    4619AA    Hax   16    1   10 0.572 271.4 357.0  -4.0  35.0
1985 131.000    4624AA    Axx    0    1    0 0.353 117.1 263.0 -15.0 -19.0
1985 2 1.000    4620 A    Axx   19    5   10 0.161 148.4 264.0 -14.0  -5.0
1985 2 1.000    4621 A    Axx   18    3   10 0.432  11.0 264.0  19.0  -5.0
1985 2 1.000    4624AB    Axx   58    2   30 0.185 146.9 263.0 -15.0  -6.0
1985 2 1.000    4624BA    Axx   19    1   10 0.244 156.1 263.0 -19.0  -6.0
1985 2 2.000    4620 B    Bxo   19    3   10 0.181 220.9 263.0 -14.0   7.0
1985 2 2.000    4621 B    Cro   54    9   30 0.435 340.0 265.0  18.0   9.0
1985 2 2.000    4622 B    Bxo   29    6   20 0.681 257.5 299.0 -13.0  43.0
1985 2 3.000    4620 A    Bxo   18    2   10 0.381 245.3 264.0 -15.0  21.0
1985 2 3.000    4621 B    Dso  186    9  110 0.528 317.2 265.0  17.0  22.0
1985 2 3.000    4622 B    Bxo   22    3   20 0.834 257.3 300.0 -14.0  57.0
1985 2 4.000    4620 B    Cro   49    4   30 0.566 252.6 263.0 -15.0  34.0
1985 2 4.000    4621 B    Dao  132    6   90 0.676 303.8 265.0  17.0  36.0
1985 2 5.000    4620 A    Axx   27    3   20 0.721 252.5 262.0 -17.0  46.0
1985 2 5.000    4621 B    Dso   70    5   60 0.812 294.9 266.0  16.0  50.0
1985 2 6.000    4620 A    Axx   10    2   10 0.852 255.2 262.0 -16.0  59.0
1985 2 6.000    4621 B    Cro   24    2   30 0.915 290.7 266.0  16.0  63.0
1985 2 6.000    4623 A    Axx    9    2   10 0.887  94.6 140.0  -7.0 -63.0
1985 2 7.000    4621 A    Axx    8    1   20 0.977 289.0 265.0  17.0  75.0
1985 2 7.000    4623 A    Axx   13    2   10 0.739  93.6 142.0  -7.0 -48.0
1985 2 8.000    4621 A    Axx    0    1   20 1.000 287.0 266.0  17.0  89.0
1985 2 9.000    4624 B    Bxo   18    2   10 0.314  15.8 159.0  11.0  -5.0
1985 2 9.000    4625 A    Axx    6    1   10 0.940  88.7  94.0  -1.0 -70.0
1985 2 9.000    4626 A    Hrx    6    1   30 0.994 101.4  79.0 -12.0 -85.0
1985 210.000    4624 B    Cro   37    6   20 0.332 329.0 160.0  10.0  10.0
1985 210.000    4625 A    Axx   11    2   10 0.805  82.5  97.0   2.0 -53.0
1985 210.000    4625AA    Axx    0    1    0 0.887  72.7  90.0  12.0 -60.0
1985 210.000    4626 A    Hax   25    2   40 0.947  98.3  78.0 -10.0 -72.0
1985 211.000    4623AA    Axx    0    1    0 0.108  53.6 132.0  -3.0  -5.0
1985 211.000    4624 A    Hrx   34    3   20 0.500 303.6 162.0  10.0  25.0
1985 211.000    4626 A    Hax   40    3   40 0.860 100.0  77.0 -12.0 -60.0
1985 212.000    4624 B    Bxo   14    2   10 0.666 294.9 162.0  11.0  38.0
1985 212.000    4626 A    Hsx   41    2   30 0.715 100.2  78.0 -12.0 -46.0
1985 213.000    4626 B    Cso   50    5   30 0.542  99.8  78.0 -11.0 -33.0
1985 214.000    4626 B    Cao   56    4   30 0.343 100.4  78.0 -10.0 -20.0
1985 215.000    4624 A    Bxo    9    2   30 0.988 280.2 165.0   9.0  80.0
1985 215.000    4626 B    Cro   39    4   20 0.132 114.7  78.0 -10.0  -7.0
1985 215.000    4626AA    Axx    0    2    0 0.239 112.7  72.0 -12.0 -13.0
1985 216.000    4626 B    Cro   59    6   30 0.112 230.1  76.0 -11.0   5.0
1985 217.000    4626 A    Axx   37    3   20 0.345 257.0  78.0 -11.0  20.0
1985 218.000    4626 A    Axx    0    1    0 0.570 260.8  80.0 -11.0  35.0
1985 219.000    4626BA    Axx   19    1   10 0.125 213.1  36.0 -13.0   4.0
1985 220.000    4628 B    Cro   79    6   40 0.093 248.3  24.0  -9.0   5.0
1985 220.000    4629 B    Cao   22    4  100 0.994  85.1 296.0   4.0 -83.0
1985 221.000    4628 B    Cro   56    6   30 0.324 262.9  25.0  -9.0  19.0
1985 221.000    4629 B    Dko  152   10  240 0.948  85.5 295.0   2.0 -71.0
1985 222.000    4628 B    Cso   33    3   20 0.541 264.4  25.0  -9.0  33.0
1985 222.000    4629 B    Dso  197   10  190 0.855  82.1 294.0   3.0 -58.0
1985 223.000    4628 A    Axx   12    1   10 0.760 264.2  29.0  -9.0  50.0
1985 223.000    4629 B    Dso  169   12  120 0.708  78.5 295.0   3.0 -44.0
1985 224.000    4628 A    Axx    8    1   10 0.893 263.5  30.0  -9.0  64.0
1985 224.000    4629 B    Cso  223   14  130 0.510  71.6 297.0   3.0 -29.0
1985 225.000    4629 B    Cso  151    4   80 0.325  58.0 297.0   3.0 -16.0
1985 226.000    4629 B    Cso   98    7   50 0.180  11.1 298.0   3.0  -2.0
1985 227.000    4629 B    Cso   96    5   50 0.259 312.6 298.0   3.0  11.0
1985 228.000    4629 A    Hsx   69    2   40 0.488 291.8 300.0   4.0  27.0
1985 3 1.000    4629 A    Hsx   59    1   40 0.662 284.5 300.0   4.0  40.0
1985 3 2.000    4629 A    Hsx   35    1   30 0.808 279.1 300.0   3.0  53.0
1985 3 3.000    4629 A    Hsx   15    1   20 0.926 277.3 301.0   4.0  67.0
1985 3 4.000    4629 A    Hsx    1    1   10 0.996 274.7 305.0   4.0  84.0
1985 3 9.000    4630 B    Bxo   22    4   20 0.829  87.5  99.0  -2.0 -56.0
1985 3 9.000    4631 A    Axx    7    2   10 0.933 103.3  85.0 -15.0 -70.0
1985 310.000    4630 B    Bxo   14    4   10 0.696  85.4  98.0  -2.0 -44.0
1985 310.000    4635B     Bxo   13    2   20 0.941  74.5  74.0  12.0 -68.0
1985 311.000    4630 B    Bxo   17    2   10 0.505  81.6  98.0  -2.0 -30.0
1985 311.000    4635AA    Bxo   11    1   10 0.803  65.2  79.0  15.0 -49.0
1985 312.000    4631 A    Axx   16    2   10 0.527 110.8  84.0 -17.0 -31.0
1985 312.000    4632 B    Bxo   15    5   10 0.641 291.7 152.0   8.0  37.0
1985 313.000    4631 A    Axx    0    1    0 0.300 107.4  85.0 -12.0 -17.0
1985 313.000    4632 B    Cro   61    6   50 0.786 284.8 152.0   7.0  50.0
1985 314.000    4632 A    Axx   18    3   20 0.888 282.9 150.0   8.0  61.0
1985 315.000    4632 B    Bxo    0    2    0 0.963 280.4 149.0   8.0  73.0
1985 317.000    4633 B    Bxo   25    5   20 0.771  99.7 358.0 -12.0 -51.0
1985 318.000    4633 B    Cao   64    7   40 0.599 100.6 359.0 -12.0 -37.0
1985 319.000    4633 B    Cro   72    9   40 0.425 103.3 358.0 -12.0 -25.0
1985 319.000    4634 B    Bxo   28    4   20 0.714  97.1 337.0 -10.0 -46.0
1985 319.000    4635 B    Bxo   19    2   20 0.869 281.1  82.0   6.0  59.0
1985 320.000    4633 B    Cro   58    7   30 0.222 113.8 358.0 -12.0 -12.0
1985 320.000    4634 A    Axx   16    2   10 0.542  99.4 337.0 -11.0 -33.0
1985 320.000    4635 A    Bxo    6    1   10 0.952 279.7  81.0   7.0  71.0
1985 321.000    4633 A    Axx   19    3   10 0.088 180.0 357.0 -12.0   0.0
1985 321.000    4634 A    Axx   18    1   10 0.345 103.0 337.0 -11.0 -20.0
1985 321.000    4634AA    Axx    0    1    0 0.587 122.0 324.0 -24.0 -33.0
1985 322.000    4633      Axx   19    2   10 0.201 248.7 354.0 -11.0  11.0
1985 322.000    4634BA    Axx   15    1   10 0.602  77.3 307.0   2.0 -36.0
1985 322.000    4636 A    Bxo    8    1   10 0.901  69.6 282.0  15.0 -61.0
1985 323.000    4634 B    Axx   39    5   20 0.128 195.3 332.0 -14.0   2.0
1985 323.000    4636 A    Bxo   12    1   10 0.798  66.6 281.0  14.0 -49.0
1985 323.000    4637 A    Hkx   73    3  230 0.987  82.8 250.0   6.0 -80.0
1985 324.000    4637 B    Eho  193    5  300 0.947  80.2 247.0   7.0 -70.0
1985 324.000    4638 A    Axx   16    1   10 0.533 290.8 347.0   5.0  30.0
1985 325.000    4634 A    Axx   16    2   10 0.562 255.1 338.0 -14.0  34.0
1985 325.000    4637 B    Eko  274   10  270 0.861  77.7 246.0   7.0 -58.0
1985 325.000    4638 A    Axx   29    4   20 0.686 283.3 346.0   4.0  42.0
1985 325.000    4639 B    Bxo   28    5   20 0.703  93.1 259.0  -7.0 -45.0
1985 326.000    4634 A    Axx   13    1   10 0.738 259.9 339.0 -12.0  48.0
1985 326.000    4636 A    Bxo    0    1    0 0.348  23.0 283.0  12.0  -8.0
1985 326.000    4637 B    Dko  375    8  270 0.719  73.4 247.0   7.0 -44.0
1985 326.000    4638 A    Axx   10    2   10 0.855 277.7 349.0   3.0  58.0
1985 326.000    4639 B    Bxo   34    5   20 0.512  92.3 260.0  -7.0 -31.0
1985 327.000    4636 A    Bxo   18    2   10 0.340 333.1 287.0  11.0   9.0
1985 327.000    4637 B    Cko  537   12  320 0.544  65.9 248.0   7.0 -30.0
1985 328.000    4637 B    Cko  482   11  260 0.371  51.4 247.0   7.0 -17.0
1985 329.000    4636 B    Bxo   15    2   10 0.606 298.0 284.0  11.0  33.0
1985 329.000    4637 B    Dao  390   10  200 0.221   9.0 249.0   6.0  -2.0
1985 330.000    4636 B    Axx   12    2   10 0.766 290.3 285.0  11.0  47.0
1985 330.000    4637 B    Cso  267    9  140 0.299 316.2 250.0   6.0  12.0
1985 330.000    4639AA    Axx    0    1    0 0.243 259.2 252.0  -9.0  14.0
1985 331.000    4636 B    Bxo    9    3   10 0.885 286.1 285.0  11.0  60.0
1985 331.000    4637 A    Hsx  268    9  150 0.448 295.1 249.0   5.0  24.0
1985 331.000    4639 A    Bxo   16    1   10 0.598 265.4 262.0  -8.0  37.0
1985 4 1.000    4636 A    Axx    0    1    0 0.955 283.7 283.0  11.0  71.0
1985 4 1.000    4637 B    Dso  184    5  120 0.642 287.4 250.0   6.0  38.0
1985 4 1.000    4640 B    Bxo    9    1   10 0.876 116.2 151.0 -26.0 -61.0
1985 4 1.000    4641 A    Bxo   18    2   10 0.423 274.4 237.0  -4.0  25.0
1985 4 2.000    4637 B    Dao  131    3  110 0.802 282.4 250.0   6.0  52.0
1985 4 2.000    4640 A    Axx   25    2   20 0.760 117.6 150.0 -25.0 -48.0
1985 4 2.000    4641 B    Axx   15    1   10 0.618 274.9 236.0  -2.0  38.0
1985 4 3.000    4637 A    Hsx   78    2  100 0.921 279.3 251.0   6.0  66.0
1985 4 3.000    4642 B    Dso   40    2   30 0.742 114.0 138.0 -22.0 -47.0
1985 4 4.000    4637 B    Cro   20    2   70 0.990 277.0 253.0   6.0  81.0
1985 4 4.000    4640      Axx   17    3   10 0.472 134.0 150.0 -25.0 -22.0
1985 4 4.000    4642 B    Cro   48    3   30 0.588 117.5 138.0 -21.0 -34.0
1985 4 5.000    4642 B    Cro   73    6   40 0.404 127.2 139.0 -20.0 -20.0
1985 4 5.000    4643 B    Bxo    0    2    0 0.928 104.8  90.0 -16.0 -69.0
1985 4 6.000    4642 B    Cro   57    5   30 0.266 154.5 139.0 -20.0  -7.0
1985 4 6.000    4643 B    Bxo   23    6   20 0.816 104.0  91.0 -15.0 -55.0
1985 4 7.000    4642 B    Bxo   76    6   40 0.282 203.8 139.0 -21.0   7.0
1985 4 7.000    4643 B    Bxo   30    3   20 0.661 107.3  91.0 -16.0 -41.0
1985 4 8.000    4640 A    Axx    0    1    0 0.566 227.1 147.0 -28.0  28.0
1985 4 8.000    4642 B    Bxo   36    3   20 0.424 228.5 139.0 -22.0  20.0
1985 4 8.000    4642AB    Bxo   19    3   10 0.206 227.3 128.0 -14.0   9.0
1985 4 9.000    4644 A    Axx   19    2   10 0.087 306.4 110.0  -3.0   4.0
1985 410.000    4644 B    Bxo   19    3   10 0.310 275.2 111.0  -4.0  18.0
1985 414.000    4643DA    Bxo    9    1   10 0.887  76.8 339.0   9.0 -61.0
1985 415.000    4643AA    Axx    0    1    0 0.691 290.7  68.0  10.0  41.0
1985 415.000    4643BA    Axx    0    1    0 0.513 283.3  57.0   2.0  30.0
1985 419.000    4646 B    Bxo    7    3   10 0.917  96.5 267.0  -8.0 -67.0
1985 420.000    4646      Bxo   23    4   20 0.816  96.2 266.0  -8.0 -55.0
1985 421.000    4646 B    Bxo   45    4   30 0.654  94.9 267.0  -7.0 -41.0
1985 421.000    4647 B    Cro   12    3   30 0.980  84.9 230.0   4.0 -78.0
1985 422.000    4647 B    Dri   44   12   50 0.896  82.0 231.0   5.0 -63.0
1985 423.000    4643CB    Bxo   10    2   20 0.963 274.5 355.0   3.0  74.0
1985 423.000    4647 B    Dki  506   28  410 0.787  79.8 230.0   5.0 -51.0
1985 424.000    4647 BD   Eki 1320   32  840 0.619  75.7 231.0   5.0 -37.0
1985 425.000    4646 A    Axx   19    2   10 0.236 250.6 268.0  -9.0  13.0
1985 425.000    4647 BGD  Eki 1273   31  700 0.415  69.8 232.0   4.0 -23.0
1985 426.000    4634 A    Bxo   13    1   10 0.743 257.9 290.0 -12.0  48.0
1985 426.000    4637AB    Cro  357    5  250 0.700  75.2 199.0   7.0 -43.0
1985 426.000    4638 A    Axx   10    2   10 0.852 276.3 300.0   3.0  58.0
1985 426.000    4639 B    Bxo   34    5   20 0.514  96.1 211.0  -7.0 -31.0
1985 426.000    4646AB    Cso   99    7   50 0.136  14.9 240.0   3.0  -2.0
1985 426.000    4646BA    Cso    0    1    0 0.315  25.6 234.0  12.0  -8.0
1985 426.000    4647 BGD  Eki 1601   33  820 0.215  46.6 233.0   4.0  -9.0
1985 426.000    4647AB    Dko  393    9  280 0.712  75.5 198.0   7.0 -44.0
1985 426.000    4648 B    Bxo    7    2   10 0.928 272.9 310.0   1.0  68.0
1985 427.000    4637AB    Cko  451   12  270 0.549  68.2 197.0   8.0 -31.0
1985 427.000    4646AB    Cso   97    5   50 0.230 303.9 239.0   3.0  11.0
1985 427.000    4646BA    Cso   19    2   10 0.306 329.9 237.0  11.0   9.0
1985 427.000    4647 G    Eki 1480   30  750 0.162 334.6 232.0   4.0   4.0
1985 427.000    4647AB    Dko  627   12  370 0.531  69.3 198.0   7.0 -30.0
1985 427.000    4648 A    Axx    4    1   20 0.995 270.5 312.0   0.0  84.0
1985 428.000    4647 BGD  Eki 1257   32  670 0.346 297.2 233.0   5.0  18.0
1985 429.000    4647 BGD  Eki  939   24  550 0.520 286.8 232.0   5.0  30.0
1985 430.000    4647 BGD  Eki  694   25  490 0.706 281.3 233.0   5.0  44.0
1985 5 1.000    4647 B    Dkc  556   19  550 0.863 278.2 234.0   5.0  59.0
1985 5 2.000    4647 B    Dai  160    9  240 0.943 276.7 232.0   5.0  70.0
1985 5 3.000    4647 B    Dao   27    4  170 0.997 275.3 234.0   5.0  85.0
1985 5 3.000    4650 A    Axx    0    1    0 0.976  85.0  72.0   4.0 -77.0
1985 5 3.000    4651 B    Bxo   30    2   20 0.647  69.6 111.0  10.0 -38.0
1985 5 4.000    4649 B    Cro   26    2   20 0.742  78.5  89.0   6.0 -47.0
1985 5 4.000    4650 B    Cro   16    2   20 0.909  85.0  71.0   3.0 -65.0
1985 5 4.000    4651 A    Bxo   17    1   10 0.476  60.9 111.0  10.0 -25.0
1985 5 5.000    4649 A    Axx   16    1   10 0.578  74.3  89.0   6.0 -34.0
1985 5 5.000    4650 B    Bxo   24    4   20 0.783  82.0  72.0   4.0 -51.0
1985 5 6.000    4649 B    Bxo   18    2   10 0.348  62.2  91.0   6.0 -18.0
1985 5 6.000    4650 B    Bxo   15    3   10 0.639  79.4  70.0   4.0 -39.0
1985 5 7.000    4649 A    Axx   19    2   10 0.193  21.0  92.0   7.0  -4.0
1985 5 7.000    4650 B    Bxo   35    3   20 0.454  74.3  70.0   4.0 -26.0
1985 5 8.000    4649 B    Dro   78   10   40 0.212 312.7  92.0   5.0   9.0
1985 5 8.000    4650 A    Axx   19    2   10 0.257  60.8  70.0   4.0 -13.0
1985 5 8.000    4652 B    Eko  109    5  300 0.983 102.6   3.0 -13.0 -80.0
1985 5 9.000    4649 B    Dso  162   13   90 0.433 291.0  94.0   6.0  24.0
1985 5 9.000    4650 A    Bxo   39    4   20 0.130 344.4  72.0   4.0   2.0
1985 5 9.000    4652 B    Dki  283    8  410 0.938 101.6   0.0 -12.0 -70.0
1985 5 9.000    4653 A    Axx    0    1    0 0.972  82.0 354.0   7.0 -76.0
1985 510.000    4649 B    Dao   94    6   60 0.616 283.8  93.0   6.0  37.0
1985 510.000    4650 B    Bxo   19    2   10 0.300 293.8  72.0   4.0  16.0
1985 510.000    4650AB    Bxo   15    2   10 0.606  82.6  19.0   2.0 -37.0
1985 510.000    4652 B    Dki  511   13  460 0.831 103.6   0.0 -13.0 -56.0
1985 510.000    4653 B    Bxo   17    3   20 0.903  81.9 352.0   6.0 -64.0
1985 511.000    4649 B    Axx   48    4   40 0.795 279.9  95.0   6.0  52.0
1985 511.000    4652 B    Dki  725   22  510 0.703 105.6 359.0 -13.0 -44.0
1985 511.000    4653 B    Bxo   23    4   20 0.806  80.3 350.0   6.0 -53.0
1985 512.000    4649 A    Axx    7    1   10 0.930 277.6  98.0   6.0  68.0
1985 512.000    4652 B    Dki 1024   25  600 0.520 110.5   0.0 -13.0 -30.0
1985 512.000    4653 B    Bxo   14    3   10 0.683  76.6 348.0   7.0 -42.0
1985 513.000    4649 A    Axx    3    1   10 0.989 276.5  98.0   6.0  81.0
1985 513.000    4652 BD   Dki 1035   24  550 0.337 122.3   0.0 -13.0 -17.0
1985 514.000    4652 B    Dki  922   27  470 0.193 159.3   0.0 -13.0  -4.0
1985 514.000    4653 A    Axx   18    2   10 0.334  60.3 347.0   7.0 -17.0
1985 514.000    4654 A    Axx    0    1    0 0.793  81.7 312.0   5.0 -52.0
1985 515.000    4652 B    Dki  796   19  410 0.237 225.8   0.0 -12.0  10.0
1985 515.000    4653 A    Axx   19    2   10 0.173  17.4 347.0   7.0  -3.0
1985 515.000    4654 A    Axx   15    1   10 0.639  79.1 311.0   5.0 -39.0
1985 516.000    4652 B    Cko  688   18  380 0.424 243.8   0.0 -13.0  23.0
1985 516.000    4653 A    Axx   19    1   10 0.243 301.7 349.0   5.0  12.0
1985 516.000    4655 A    Hsx   14    1   30 0.970  96.6 261.0  -7.0 -76.0
1985 517.000    4652 B    Cko  447    9  280 0.601 253.0   0.0 -12.0  36.0
1985 517.000    4655 A    Hsx   61    2   70 0.898  96.7 260.0  -7.0 -64.0
1985 518.000    4652 A    Hkx  350    3  270 0.761 256.0   0.0 -12.0  49.0
1985 518.000    4654AA    Axx   19    1   10 0.166 289.3 320.0   1.0   9.0
1985 518.000    4655 A    Hsx  102    1   80 0.767  97.3 261.0  -7.0 -50.0
1985 518.000    4656 B    Cao   40    7  100 0.980  81.4 233.0   8.0 -78.0
1985 519.000    4652 A    Hhx  104    1  120 0.900 256.5   1.0 -13.0  64.0
1985 519.000    4655 A    Hax  112    2   70 0.594 102.4 261.0  -9.0 -36.0
1985 519.000    4656 B    Cao   35    8   40 0.896  80.0 234.0   8.0 -63.0
1985 520.000    4652 A    Hax   68    1  140 0.970 257.1   0.0 -13.0  76.0
1985 520.000    4653 A    Axx    0    1    0 0.963 278.9 358.0   8.0  74.0
1985 520.000    4655 A    Hax  144    1   80 0.432 104.6 259.0  -8.0 -25.0
1985 520.000    4656 B    Dao  152    8  120 0.774  79.3 234.0   7.0 -50.0
1985 521.000    4655 B    Dao  195    2  100 0.218 119.8 260.0  -8.0 -11.0
1985 521.000    4656 B    Dai  209   17  130 0.591  73.8 236.0   8.0 -35.0
1985 522.000    4654AA    Axx    0    1    0 0.900 273.1 322.0   2.0  64.0
1985 522.000    4655 B    Cso  178    3   90 0.111 189.0 259.0  -8.0   1.0
1985 522.000    4656 BG   Cao  183   20  100 0.401  68.1 236.0   7.0 -22.0
1985 523.000    4655 A    Hsx  115    1   60 0.280 246.3 260.0  -8.0  15.0
1985 523.000    4656 B    Cao  117   11   60 0.215  46.2 236.0   7.0  -9.0
1985 524.000    4655 A    Hsx  120    1   70 0.509 256.7 261.0  -8.0  30.0
1985 524.000    4655AA    Axx   19    1   10 0.290 304.3 245.0   8.0  14.0
1985 524.000    4656 B    Cao  118   11   60 0.156 326.3 236.0   6.0   5.0
1985 525.000    4655 A    Hsx   85    1   60 0.699 259.9 262.0  -8.0  44.0
1985 525.000    4655AB    Bxo   17    3   10 0.439 286.6 243.0   6.0  25.0
1985 525.000    4656 B    Bxo   37    5   20 0.324 296.4 235.0   7.0  17.0
1985 525.000    4658AA    Axx    0    1    0 0.674  51.0 183.0  24.0 -35.0
1985 526.000    4655 A    Hsx   44    2   40 0.830 262.4 261.0  -7.0  56.0
1985 526.000    4655AA    Bxo    0    2    0 0.606 286.6 241.0   9.0  36.0
1985 526.000    4656 A    Axx   16    3   10 0.530 285.3 236.0   7.0  31.0
1985 526.000    4658AA    Axx    0    1    0 0.558  35.2 184.0  26.0 -21.0
1985 527.000    4655 A    Hsx   13    1   20 0.946 263.0 263.0  -7.0  71.0
1985 527.000    4656 A    Axx    0    2    0 0.703 281.1 236.0   7.0  44.0
1985 528.000    4655 A    Hsx    4    1   20 0.994 263.1 262.0  -7.0  84.0
1985 528.000    4656 A    Axx    0    2    0 0.909 278.2 243.0   7.0  65.0
1985 529.000    4658 B    Axx   18    3   10 0.335 284.5 184.0   4.0  19.0
1985 530.000    4658 B    Bxo   16    2   10 0.535 278.7 184.0   4.0  32.0
1985 531.000    4658 A    Bxo    0    1    0 0.697 276.4 183.0   4.0  44.0
1985 6 2.000    4659AA    Axx   19    1   10 0.182  59.0 103.0   5.0  -9.0
1985 6 4.000    4659 A    Axx    0    1    0 0.951  94.2  14.0  -4.0 -72.0
1985 6 4.000    4660 B    Cho   24    2   90 0.991 104.1   4.0 -14.0 -82.0
1985 6 5.000    4659 B    Axx   10    3   10 0.848  93.5  15.0  -3.0 -58.0
1985 6 5.000    4660 B    Dho   90    7  150 0.953 102.6   1.0 -12.0 -72.0
1985 6 5.000    4661 B    Cro   25    4   20 0.777 243.9 121.0 -20.0  48.0
1985 6 6.000    4660 B    Cao  180   11  190 0.880 102.6 358.0 -11.0 -61.0
1985 6 6.000    4661 B    Bxo   17    3   20 0.898 247.6 121.0 -20.0  62.0
1985 6 6.000    4662 A    Hhx  226    1  220 0.858 106.4   1.0 -14.0 -58.0
1985 6 7.000    4659 A    Axx    0    1    0 0.548  97.6  13.0  -4.0 -33.0
1985 6 7.000    4659BA    Axx    0    1    0 0.413  45.6  28.0  17.0 -18.0
1985 6 7.000    4660 B    Cao  144   13  110 0.753 103.5 358.0 -10.0 -48.0
1985 6 7.000    4662 B    Cho  269    1  200 0.740 109.3   0.0 -14.0 -46.0
1985 6 7.000    4663 B    Dao   34    3   90 0.982  88.0 327.0   2.0 -79.0
1985 6 8.000    4660 B    Cso   97   16   60 0.579 108.0 359.0 -10.0 -34.0
1985 6 8.000    4662 A    Hhx  332    1  200 0.557 116.3   2.0 -14.0 -31.0
1985 6 8.000    4663 B    Cao  125    4  160 0.921  90.1 326.0   0.0 -67.0
1985 6 9.000    4659 B    Axx   19    2   10 0.151 166.8  18.0  -8.0  -2.0
1985 6 9.000    4660 B    Cao  109   11   60 0.404 119.4 359.0 -11.0 -21.0
1985 6 9.000    4662 A    Hhx  331    1  180 0.390 129.7   2.0 -14.0 -18.0
1985 6 9.000    4663 B    Cao  183    9  160 0.819  89.1 325.0   1.0 -55.0
1985 610.000    4659 B    Cro   39    5   20 0.167 185.9   7.0  -9.0   1.0
1985 610.000    4660 B    Cso  175   11   90 0.210 150.7   0.0 -10.0  -6.0
1985 610.000    4662 A    Hhx  365    1  190 0.271 158.0   0.0 -14.0  -6.0
1985 610.000    4663 B    Cao  214   25  140 0.643  89.1 326.0   1.0 -40.0
1985 611.000    4659 BG   Cro   57    6   30 0.302 232.1   7.0 -10.0  14.0
1985 611.000    4660 B    Bxo   58    7   30 0.214 198.7 357.0 -11.0   4.0
1985 611.000    4662 B    Cho  359    5  190 0.324 207.6   2.0 -16.0   9.0
1985 611.000    4663 B    Cao  267   11  150 0.454  89.2 326.0   1.0 -27.0
1985 611.000    4663AA    Axx   15    1   10 0.612  76.1 316.0   9.0 -37.0
1985 611.000    4664 B    Cro   39    4   30 0.755  90.6 304.0   0.0 -49.0
1985 611.000    4665 B    Cro  134   18   70 0.279 232.9   6.0  -9.0  13.0
1985 612.000    4660 B    Bxo   37    4   20 0.326 231.2 355.0 -11.0  15.0
1985 612.000    4662 A    Hhx  326    3  180 0.418 232.5   0.0 -14.0  20.0
1985 612.000    4663 B    Cho  270   13  140 0.261  96.9 325.0  -1.0 -15.0
1985 612.000    4663AA    Axx   17    2   10 0.441  71.0 315.0   9.0 -25.0
1985 612.000    4664 B    Bxo   49    6   30 0.574  89.4 305.0   1.0 -35.0
1985 612.000    4665 B    Cao  142   12   80 0.450 247.9   5.0  -9.0  25.0
1985 613.000    4660 A    Axx   17    2   10 0.513 248.5 356.0 -10.0  29.0
1985 613.000    4662 A    Hsx  312    2  190 0.569 245.2 359.0 -13.0  32.0
1985 613.000    4663 B    Cso  219    3  110 0.024 226.8 328.0   0.0   1.0
1985 613.000    4664 A    Axx   37    2   20 0.326  92.7 308.0   0.0 -19.0
1985 613.000    4665 B    Cro   91   10   60 0.644 254.8   6.0  -9.0  39.0
1985 614.000    4660 A    Axx    0    1    0 0.728 258.0 359.0  -8.0  46.0
1985 614.000    4662 A    Hax  210    1  160 0.754 250.3   0.0 -14.0  47.0
1985 614.000    4663 B    Cao  174    5   90 0.242 269.9 327.0   1.0  14.0
1985 614.000    4664 A    Axx    0    1    0 0.078 117.2 309.0  -1.0  -4.0
1985 614.000    4665 B    Cro   22    5   20 0.826 258.3   8.0  -9.0  55.0
1985 615.000    4662 A    Hax  124    1  130 0.879 252.2   0.0 -15.0  60.0
1985 615.000    4663 B    Cso  178    5  100 0.455 265.5 327.0  -1.0  27.0
1985 615.000    4665 A    Axx    6    2   10 0.943 259.0  10.0 -10.0  70.0
1985 616.000    4662 A    Hhx   77    1  140 0.961 254.0   0.0 -15.0  73.0
1985 616.000    4663 A    Hhx  148    1  100 0.671 265.6 329.0  -2.0  42.0
1985 616.000    4666 B    Bxo   52    6   30 0.473 114.2 261.0 -10.0 -26.0
1985 617.000    4662 A    Hhx    6    1   40 0.997 256.8 359.0 -13.0  85.0
1985 617.000    4663 A    Hhx   78    1   70 0.830 266.6 330.0  -2.0  56.0
1985 617.000    4666 B    Bxo   38    4   20 0.297 131.7 261.0 -10.0 -13.0
1985 617.000    4667 B    Bxo   35    4   20 0.472  71.2 247.0  10.0 -27.0
1985 618.000    4663 A    Hsx   42    1   60 0.934 266.2 329.0  -3.0  69.0
1985 618.000    4664 A    Axx   13    2   10 0.745 265.9 308.0  -2.0  48.0
1985 618.000    4666 B    Bxo   19    5   10 0.201 175.1 259.0 -10.0  -1.0
1985 619.000    4663 A    Axx    8    1   30 0.990 268.8 329.0  -1.0  82.0
1985 619.000    4666 B    Bxo   19    2   10 0.276 228.1 259.0  -9.0  12.0
1985 620.000    4667 B    Bxo   19    2   10 0.283 309.0 247.0  12.0  13.0
1985 621.000    4667 A    Axx   17    3   10 0.465 292.6 247.0  12.0  26.0
1985 622.000    4667 B    Bxo   14    2   10 0.663 282.9 249.0  10.0  41.0
1985 623.000    4667 A    Axx    0    1    0 0.820 279.5 249.0   9.0  55.0
1985 624.000    4667      Axx    6    1   10 0.945 279.8 252.0  10.0  71.0
1985 624.000    4668 B    Cro   34    4   20 0.494 123.9 156.0 -14.0 -25.0
1985 625.000    4668 B    Bxo   56    5   30 0.327 149.0 158.0 -14.0 -10.0
1985 626.000    4668 B    Bxo   38    4   20 0.291 193.4 159.0 -14.0   4.0
1985 627.000    4668 B    Bxo   18    3   10 0.390 223.3 157.0 -14.0  16.0
1985 627.000    4669 B    Bxo   18    2   10 0.392 120.4 121.0  -9.0 -20.0
1985 628.000    4669 B    Bxo   19    2   10 0.280 154.8 121.0 -12.0  -7.0
1985 629.000    4670 A    Hsx    6    1   70 0.999  98.1  28.0  -8.0 -87.0
1985 630.000    4670 A    Hsx   53    1   90 0.954  99.3  30.0  -8.0 -72.0
1985 7 1.000    4670 B    Cho  177    2  200 0.896  99.3  25.0  -7.0 -63.0
1985 7 2.000    4669 B    Cho   13    2   10 0.722 255.8 120.0  -8.0  45.0
1985 7 2.000    4670 B    Cao  147    3  110 0.743 102.3  28.0  -7.0 -47.0
1985 7 2.000    4671 B    Cao   30    2   70 0.976 106.1 359.0 -15.0 -76.0
1985 7 2.000    4671AA    Hkx    5    1   20 0.991 105.6 354.0 -15.0 -81.0
1985 7 3.000    4670 B    Cho  190    6  120 0.607 106.0  26.0  -7.0 -36.0
1985 7 3.000    4671 B    Dao   68    5   80 0.905 107.1 359.0 -14.0 -63.0
1985 7 4.000    4670 B    Cho  218    8  120 0.411 115.2  27.0  -7.0 -22.0
1985 7 4.000    4670BA    Axx   19    3   10 0.310  93.8  31.0   2.0 -18.0
1985 7 4.000    4671 B    Dsi  158   11  130 0.794 110.5 359.0 -14.0 -50.0
1985 7 5.000    4670 A    Hhx  214    4  110 0.232 148.6  28.0  -8.0  -7.0
1985 7 5.000    4670AA    Axx   19    2   10 0.113 293.4  41.0   6.0   6.0
1985 7 5.000    4671 B    Dso  184    8  120 0.639 116.8 359.0 -14.0 -36.0
1985 7 5.000    4672 A    Axx   29    5   20 0.684 121.1 357.0 -18.0 -38.0
1985 7 6.000    4670 B    Cho  214    2  110 0.225 207.4  28.0  -8.0   6.0
1985 7 6.000    4671 B    Dsi  227   12  130 0.481 128.1 359.0 -14.0 -23.0
1985 7 6.000    4672 B    Dri  151   14   90 0.541 132.0 357.0 -18.0 -25.0
1985 7 7.000    4670 A    Hhx  145    1   80 0.414 238.7  30.0  -9.0  21.0
1985 7 7.000    4671 B    Dso  206   10  110 0.346 150.9 359.0 -14.0 -10.0
1985 7 7.000    4672 B    Cko  346   19  190 0.410 153.7 358.0 -18.0 -11.0
1985 7 7.000    4674      Dki   19    1   10 0.235 201.5  14.0  -9.0   5.0
1985 7 7.000    4675 B    Axx   15    3   10 0.655  86.6 328.0   5.0 -41.0
1985 7 7.000    4676 B    Bxo   15    2   10 0.642  83.5 329.0   7.0 -40.0
1985 7 8.000    4670 A    Hsx  128    1   80 0.596 247.6  30.0 -10.0  34.0
1985 7 8.000    4671 B    Dso  190    7  100 0.307 186.3 358.0 -14.0   2.0
1985 7 8.000    4672 BGD  Dki 1083   26  580 0.358 188.0 359.0 -17.0   3.0
1985 7 8.000    4674 B    Dro   76    9   40 0.303 232.4  10.0  -7.0  14.0
1985 7 8.000    4675AB    Bxo   15    2   10 0.661  97.3 315.0  -2.0 -41.0
1985 7 8.000    4675BA    Bxo   14    1   10 0.674  97.1 314.0  -2.0 -42.0
1985 7 9.000    4670 A    Hsx   76    1   60 0.772 255.0  31.0  -9.0  49.0
1985 7 9.000    4671 BGD  Dkc  831   30  460 0.427 221.4 359.0 -15.0  17.0
1985 7 9.000    4672 BGD  Dki  862   27  480 0.439 219.8 359.0 -16.0  17.0
1985 7 9.000    4674 B    Dai  170   17  100 0.519 247.7  11.0  -8.0  29.0
1985 710.000    4670 A    Hsx   46    1   50 0.883 258.8  30.0  -8.0  61.0
1985 710.000    4671 BGD  Dkc  816   32  500 0.577 236.8 359.0 -15.0  30.0
1985 710.000    4674 B    Dao  290   17  200 0.686 255.4  11.0  -7.0  42.0
1985 710.000    4674AB    Axx   15    1   10 0.654 273.1  10.0   5.0  41.0
1985 710.000    4675      Axx  159    9   80 0.017 272.1 330.0   4.0   1.0
1985 710.000    4676 B    Dao   99    7   50 0.017 272.1 330.0   4.0   1.0
1985 711.000    4670 A    Hsx   24    1   50 0.970 259.7  31.0  -9.0  75.0
1985 711.000    4671 BGD  Dkc  713   32  520 0.727 244.9 359.0 -15.0  43.0
1985 711.000    4674 B    Dko  324   19  290 0.829 258.7  11.0  -7.0  55.0
1985 711.000    4676 B    Dao  194   11  100 0.242 274.4 330.0   5.0  14.0
1985 712.000    4671 BGD  Dkc  672   26  670 0.865 248.8   0.0 -16.0  57.0
1985 712.000    4674 B    Dko  117    9  180 0.945 260.0  13.0  -8.0  70.0
1985 712.000    4676 B    Dao  229   11  130 0.468 270.7 331.0   4.0  28.0
1985 713.000    4671 BD   Dki  258   14  420 0.952 251.7   0.0 -16.0  70.0
1985 713.000    4674 A    Axx   32    3  100 0.987 262.2  10.0  -7.0  80.0
1985 713.000    4676 B    Cso  136    7   90 0.655 271.2 331.0   4.0  41.0
1985 714.000    4671 A    Hkx   10    2  110 0.999 254.7   2.0 -15.0  86.0
1985 714.000    4675CB    Bxo    7    2   10 0.930  96.0 208.0  -4.0 -68.0
1985 714.000    4676 B    Cao   48    3   40 0.797 271.7 329.0   4.0  53.0
1985 715.000    4676 A    Hax   14    1   20 0.933 271.5 332.0   3.0  69.0
1985 716.000    4676 A    Hax    2    1   10 0.992 272.5 333.0   3.0  83.0
1985 717.000    4677 B    Hsx   44    2   90 0.969 105.7 163.0 -14.0 -74.0
1985 718.000    4677 A    Hax   53    2   60 0.894 108.3 162.0 -14.0 -61.0
1985 719.000    4677 B    Csc   63    3   50 0.769 112.7 163.0 -14.0 -47.0
1985 720.000    4677 A    Cso   78    3   50 0.625 119.7 163.0 -14.0 -34.0
1985 721.000    4677 A    Cso   53    2   30 0.461 134.0 164.0 -14.0 -20.0
1985 722.000    4677 A    Hrx   37    2   20 0.338 156.4 162.0 -13.0  -8.0
1985 723.000    4677 A    Axx   19    3   10 0.312 199.1 163.0 -12.0   6.0
1985 723.000    4678 A    Axx    0    2    0 0.869 108.1  99.0 -13.0 -58.0
1985 724.000    4677 A    Axx   17    2   10 0.442 225.8 163.0 -13.0  19.0
1985 724.000    4678 B    Bxo   13    2   10 0.732 111.8 100.0 -12.0 -44.0
1985 725.000    4678 A    Axx   16    1   10 0.566 120.3 101.0 -12.0 -30.0
1985 726.000    4678 A    Axx   18    1   10 0.400 137.7 102.0 -12.0 -16.0
1985 726.000    4679 B    Bxo   19    5   10 0.060 180.0 118.0   2.0   0.0
1985 727.000    4679 B    Bxo   19    4   10 0.249 256.5 118.0   2.0  14.0
1985 727.000    4680 A    Hkx    6    2  110 1.000  83.1  15.0   7.0 -89.0
1985 728.000    4680 B    Dao   11    3   20 0.954  85.4  18.0   6.0 -73.0
1985 729.000    4677AA    Axx    0    1    0 0.832 257.7 133.0  -7.0  55.0
1985 729.000    4678AA    Axx    0    1    0 0.632 203.6  95.0 -30.0  17.0
1985 729.000    4680 B    Eao   66    4   80 0.911  86.0  12.0   6.0 -66.0
1985 729.000    4681 A    Axx   19    1   20 0.867 106.2  20.0 -11.0 -58.0
1985 729.000    4682 A    Hkx   41    3  100 0.978 105.7   2.0 -14.0 -76.0
1985 729.000    4683 A    Cho    0    2    0 0.832 257.7 133.0  -7.0  55.0
1985 730.000    4678BB    Axx   19    2   10 0.247 163.8  61.0  -8.0  -4.0
1985 730.000    4680 B    Dao  152    4  120 0.774  85.6  14.0   7.0 -51.0
1985 730.000    4681 A    Axx   13    1   10 0.741 110.5  20.0 -11.0 -45.0
1985 730.000    4682 B    Cao   90    3  110 0.912 109.3   2.0 -15.0 -63.0
1985 730.000    4683 B    Cko   39    3   60 0.946 260.6 135.0  -7.0  70.0
1985 731.000    4680 BG   Fso  142   13   90 0.613  86.1  13.0   7.0 -38.0
1985 731.000    4681 A    Axx   16    1   10 0.575 118.5  20.0 -11.0 -31.0
1985 731.000    4682 A    Hax  147    2  120 0.790 111.4   2.0 -13.0 -49.0
1985 731.000    4683 B    Cko    1    2   10 0.997 262.5 136.0  -7.0  85.0
1985 8 1.000    4680 B    Dro  128   11   70 0.389  85.9  15.0   7.0 -23.0
1985 8 1.000    4680AB    Bxo   51    5   30 0.512  86.2   7.0   7.0 -31.0
1985 8 1.000    4682 B    Cho  197    4  130 0.649 118.0   2.0 -13.0 -36.0
1985 8 2.000    4680 B    Cso  158   15   80 0.156  89.2  16.0   6.0  -9.0
1985 8 2.000    4681 A    Bxo    0    1    0 0.335 165.3  20.0 -13.0  -5.0
1985 8 2.000    4682 B    Cho  172    6  100 0.504 134.1   3.0 -15.0 -22.0
1985 8 3.000    4680 B    Cro   59    6   30 0.122 278.4  19.0   7.0   7.0
1985 8 3.000    4682 B    Cho  184    5  100 0.380 153.7   2.0 -14.0 -10.0
1985 8 4.000    4680 B    Bxo   37    4   20 0.373 273.6  21.0   7.0  22.0
1985 8 4.000    4681 A    Bxo    0    1    0 0.452 227.7  19.0 -12.0  20.0
1985 8 4.000    4682 B    Cso  168    6   90 0.347 188.4   2.0 -14.0   3.0
1985 8 5.000    4680 B    Bxo   16    3   10 0.571 271.7  20.0   6.0  35.0
1985 8 5.000    4680AB    Bxo   18    3   10 0.340 270.6   5.0   6.0  20.0
1985 8 5.000    4682 B    Cao  161    6   90 0.436 215.0   0.0 -15.0  15.0
1985 8 6.000    4680 B    Bxo   13    2   10 0.728 272.4  19.0   6.0  47.0
1985 8 6.000    4682 B    Cso  113    4   70 0.584 233.3   1.0 -15.0  29.0
1985 8 7.000    4680 B    Bxo    9    2   10 0.888 273.5  22.0   6.0  63.0
1985 8 7.000    4682 B    Cso   94    5   70 0.739 243.1   2.0 -15.0  43.0
1985 8 7.000    4682BA    Axx   19    2   10 0.077 222.6 322.0   3.0   3.0
1985 8 8.000    4680 B    Bxo    7    2   10 0.920 269.5  13.0   2.0  67.0
1985 8 8.000    4682 B    Cao   39    4   40 0.869 248.7   3.0 -15.0  57.0
1985 8 9.000    4682 A    Hax   23    2   40 0.954 252.1   2.0 -15.0  70.0
1985 8 9.000    4687 B    Bxo    9    2   10 0.886  94.5 230.0  -1.0 -62.0
1985 8 9.000    4688 A    Axx    6    1   10 0.947  80.5 220.0  11.0 -72.0
1985 810.000    4682 A    Axx    5    1   30 0.996 254.2   2.0 -15.0  83.0
1985 810.000    4687 B    Bxo   39    5   30 0.749  97.1 231.0  -1.0 -48.0
1985 811.000    4687 A    Axx   32    3   20 0.570 101.2 232.0  -1.0 -34.0
1985 812.000    4687 A    Axx   18    1   10 0.349 102.0 233.0   2.0 -20.0
1985 812.000    4688 A    Axx    0    1    0 0.482  83.2 224.0   9.0 -29.0
1985 818.000    4689 B    Bxo   19    2   10 0.306 180.0 173.0 -11.0   0.0
1985 818.000    4690 A    Axx    0    1    0 0.490 203.5 185.0 -20.0  12.0
1985 819.000    4689 A    Axx   18    2   10 0.385 218.0 174.0 -11.0  14.0
1985 820.000    4690 B    Bxo   14    2   10 0.707 235.9 185.0 -18.0  38.0
1985 821.000    4690 A    Axx   21    3   20 0.844 244.8 187.0 -17.0  53.0
1985 826.000    4689CB    Axx   17    3   10 0.515 104.0  38.0  -1.0 -30.0
1985 826.000    4692 A    Axx    0    1    0 0.852  84.9   9.0   8.0 -59.0
1985 827.000    4689BB    Axx   15    2   10 0.629 247.8  90.0  -8.0  36.0
1985 828.000    4691 A    Axx   12    1   10 0.796  89.1 348.0   5.0 -53.0
1985 829.000    4691 A    Axx    0    1    0 0.628  92.5 349.0   4.0 -39.0
1985 830.000    4691 A    Axx    0    1    0 0.405  91.4 351.0   6.0 -24.0
1985 831.000    4692 A    Axx    0    1    0 0.104 268.5   8.0   7.0   6.0
1985 9 1.000    4691 B    Axx   19    3   10 0.065 233.6 351.0   5.0   3.0
1985 9 1.000    4692 A    Axx   18    1   10 0.339 270.6   8.0   7.0  20.0
1985 9 2.000    4691 A    Axx    0    1    0 0.293 263.5 352.0   5.0  17.0
1985 9 8.000    4693AA    Axx   19    1   10 0.052 265.4 259.0   7.0   3.0
1985 912.000    4693 A    Axx   19    1   10 0.253  35.7 194.0  19.0  -9.0
1985 914.000    4694 B    Bxo    8    4   20 0.977 101.9 101.0 -10.0 -76.0
1985 915.000    4694 B    Cso   27    3   30 0.892 105.1 103.0 -10.0 -61.0
1985 916.000    4693BA    Axx    0    1    0 0.466  20.1 139.0  33.0 -11.0
1985 916.000    4694 B    Cso   75    2   60 0.775 109.2 102.0 -10.0 -48.0
1985 917.000    4693BB    Axx   17    2   10 0.438 354.3 140.0  33.0   3.0
1985 917.000    4694 B    Hsx   79    3   50 0.603 117.2 104.0 -10.0 -33.0
1985 918.000    4694 A    Hsx   73    1   40 0.409 138.6 108.0 -11.0 -16.0
1985 919.000    4694 B    Cro   75    5   40 0.313 173.7 109.0 -11.0  -2.0
1985 920.000    4694 B    Cro   55    5   30 0.361 211.3 109.0 -11.0  11.0
1985 921.000    4694 B    Cro  119    2   70 0.520 232.7 109.0 -12.0  25.0
1985 922.000    4694 A    Axx   14    1   10 0.684 244.1 110.0 -12.0  39.0
1985 930.000    4695 B    Axx   17    3   10 0.449 140.9 309.0 -14.0 -17.0
198510 1.000    4695 B    Axx   37    2   20 0.356 171.8 309.0 -14.0  -3.0
19851012.000    4697AA    Axx    0    1    0 0.304 137.2 155.0  -7.0 -12.0
19851014.000    4697BB    Axx   19    3   10 0.282 205.2 148.0  -9.0   7.0
19851014.000    4697CA    Axx    0    1    0 0.307 183.2 142.0 -12.0   1.0
19851015.000    4697 B    Cro   55    5   30 0.372 174.8 126.0 -16.0  -2.0
19851016.000    4697 B    Cro   36    5   20 0.418 208.5 126.0 -16.0  12.0
19851016.000    4697DA    Axx    0    1    0 0.265 207.1 121.0  -8.0   7.0
19851016.000    4698 A    Hax    8    1   70 0.998  85.3  27.0   5.0 -87.0
19851017.000    4697 A    Axx   16    2   10 0.573 229.2 128.0 -17.0  27.0
19851017.000    4698 B    Cko   79    9  150 0.964  86.3  26.0   5.0 -75.0
19851018.000    4698 B    Cko  311   18  340 0.889  87.2  25.0   5.0 -63.0
19851018.000    4699 A    Cao    0    2    0 0.897  88.3  24.0   4.0 -64.0
19851019.000    4698 B    Cko  273   13  200 0.730  89.6  28.0   4.0 -47.0
19851019.000    4699 B    Bxo    0    2    0 0.905  88.1  10.0   4.0 -65.0
19851020.000    4698 BG   Cko  459   10  280 0.571  89.0  27.0   5.0 -35.0
19851020.000    4699 B    Cao   64    5   50 0.764  88.0  12.0   5.0 -50.0
19851021.000    4697EB    Axx   18    2   10 0.336 146.1  38.0 -11.0 -11.0
19851021.000    4697FA    Axx    0    1    0 0.360 115.7  30.0  -4.0 -19.0
19851021.000    4698 B    Cko  519   14  280 0.373  89.7  27.0   5.0 -22.0
19851021.000    4699 B    Dao  131    8   80 0.572  88.8  14.0   5.0 -35.0
19851022.000    4698 B    Cko  476   12  240 0.123  99.5  28.0   4.0  -7.0
19851022.000    4699 B    Dai  186   24  100 0.357  89.6  14.0   5.0 -21.0
19851023.000    4698 B    Cko  517   12  260 0.104 269.2  28.0   5.0   6.0
19851023.000    4699 BG   Csi  516   41  260 0.122  82.4  15.0   6.0  -7.0
19851024.000    4698 B    Eko  429    9  230 0.358 268.1  30.0   4.0  21.0
19851024.000    4699 B    Eki  612   40  310 0.156 270.3  18.0   5.0   9.0
19851025.000    4698 B    Cso  328    7  200 0.572 271.7  31.0   5.0  35.0
19851025.000    4699 B    Esi  519   37  280 0.373 273.8  18.0   6.0  22.0
19851026.000    4698 B    Cso  174    3  130 0.741 271.0  31.0   4.0  48.0
19851026.000    4699 B    Eso  340   25  210 0.586 273.6  19.0   6.0  36.0
19851027.000    4698 B    Cko  105    2  120 0.897 272.1  33.0   4.0  64.0
19851027.000    4699 B    Eso  155    9  120 0.763 275.2  19.0   7.0  50.0
19851028.000    4698 B    Cao   39    3   80 0.969 273.0  32.0   4.0  76.0
19851028.000    4699 A    Hkx   70    4   80 0.897 274.4  20.0   6.0  64.0
19851029.000    4699 A    Hkx   33    1   80 0.977 273.1  21.0   4.0  78.0
198511 1.000    4700 A    Hkx    0    1    0 0.727  71.9 217.0  16.0 -46.0
198511 6.000    4700 B    Cao   54    6   30 0.414 299.0 220.0  15.0  22.0
198511 7.000    4700 B    Dao  113   12   70 0.589 289.0 219.0  14.0  35.0
198511 8.000    4700 B    Dao   91   12   70 0.760 285.5 220.0  14.0  49.0
198511 9.000    4700 B    Cao   79    8   90 0.898 282.8 222.0  13.0  64.0
198511 9.000    4701 B    Cso    3    3   60 1.000  99.1  70.0  -9.0 -88.0
19851110.000    4700 B    Hsx   13    2   30 0.973 282.6 222.0  13.0  77.0
19851110.000    4701 B    Dao   26    5   50 0.965 101.3  71.0 -10.0 -74.0
19851111.000    4700 A    Hsx    5    1   30 0.995 282.8 217.0  13.0  85.0
19851111.000    4701 B    Cao   56    5   60 0.884 103.1  71.0 -10.0 -61.0
19851112.000    4701 B    Cao  119    7   90 0.750 106.2  71.0 -10.0 -47.0
19851113.000    4701 B    Cao  178    9  110 0.583 113.5  72.0 -11.0 -33.0
19851113.000    4702 A    Axx    5    1   20 0.990  87.4  23.0   3.0 -82.0
19851114.000    4701 B    Bxo  110    9   60 0.388 124.3  73.0 -10.0 -19.0
19851114.000    4702 A    Axx    8    1   10 0.905  86.9  27.0   4.0 -65.0
19851114.000    4703 A    Axx   20    4   20 0.865 100.9  33.0  -8.0 -59.0
19851115.000    4701 B    Cro  115    9   60 0.268 144.9  70.0 -10.0  -9.0
19851115.000    4702 B    Bxo   12    2   10 0.798  88.3  26.0   3.0 -53.0
19851115.000    4703 B    Cro   93   10   70 0.746 104.6  32.0  -9.0 -47.0
19851116.000    4701 B    Cro   58    8   30 0.218 203.2  71.0  -9.0   5.0
19851116.000    4702 A    Axx   15    2   10 0.615  88.4  28.0   3.0 -38.0
19851116.000    4703 B    Dko  428   11  260 0.567 108.1  33.0  -8.0 -33.0
19851117.000    4701 A    Axx   18    3   10 0.391 239.9  73.0  -9.0  20.0
19851117.000    4703 B    Eai  387   14  210 0.383 117.8  33.0  -8.0 -20.0
19851117.000    4704 B    Axx   12    3   10 0.768  94.7   3.0  -2.0 -50.0
19851118.000    4701 A    Axx   16    2   10 0.588 249.4  73.0 -10.0  34.0
19851118.000    4702 A    Axx   19    2   10 0.029 143.2  38.0   1.0  -1.0
19851118.000    4703 B    Dao  293    9  150 0.207 150.0  33.0  -8.0  -6.0
19851118.000    4704 B    Dai   49    3   30 0.574  91.6   4.0   1.0 -35.0
19851119.000    4702 A    Axx    0    1    0 0.185 303.2  35.0   8.0   9.0
19851119.000    4703 B    Cro  252   10  130 0.238 215.3  34.0  -9.0   8.0
19851119.000    4704 A    Arx   37    4   20 0.358  90.2   5.0   2.0 -21.0
19851120.000    4703 B    Cso  181    7  100 0.416 242.8  35.0  -9.0  22.0
19851120.000    4704 A    Bxo   19    2   10 0.089 102.3   8.0   1.0  -5.0
19851121.000    4703 A    Axx  158    7  100 0.609 252.4  36.0  -9.0  36.0
19851121.000    4704 A    Axx   19    2   10 0.174 270.3  10.0   2.0  10.0
19851122.000    4703 A    Axx   86    4   70 0.788 257.1  38.0  -9.0  51.0
19851122.000    4704 A    Axx   18    1   10 0.391 268.2  10.0   1.0  23.0
19851123.000    4703 A    Hrx   15    2   20 0.925 259.5  40.0  -9.0  67.0
19851124.000    4703 A    Axx    3    1   10 0.986 260.6  40.0  -9.0  80.0
198512 3.000    4705 A    Axx   19    2   10 0.226 162.5 198.0 -12.0  -4.0
198512 4.000    4705 B    Axx   19    2   10 0.260 220.9 198.0 -11.0  10.0
198512 6.000    4706 B    Cro   34    3   20 0.521 313.2 186.0  21.0  24.0
198512 7.000    4706 B    Cro   59    7   40 0.667 299.3 187.0  19.0  38.0
198512 7.000    4707 A    Axx    0    1    0 0.441  71.5 124.0   8.0 -25.0
198512 8.000    4706 B    Bxo   46    3   40 0.816 294.9 188.0  20.0  52.0
198512 8.000    4707 A    Axx   19    1   10 0.236  53.0 125.0   8.0 -11.0
198512 9.000    4706 A    Bxo    6    1   10 0.942 291.4 192.0  20.0  69.0
19851210.000    4708 B    Bxo    5    3   20 0.990  85.9  27.0   4.0 -82.0
19851211.000    4708 B    Cro   21    4   30 0.934  85.5  27.0   4.0 -69.0
19851212.000    4708 B    Dso   57    5   50 0.820  85.9  28.0   3.0 -55.0
19851213.000    4708 B    Cao  103   12   70 0.672  83.1  28.0   4.0 -42.0
19851214.000    4708 B    Cso   87    5   50 0.489  82.2  28.0   3.0 -29.0
19851215.000    4708 B    Cro   76    7   40 0.273  71.2  29.0   4.0 -15.0
19851215.000    4709 B    Cro   46    5   30 0.640 104.4   5.0 -10.0 -39.0
19851216.000    4708 B    Dao  139   19   70 0.105  30.0  27.0   4.0  -3.0
19851216.000    4709 B    Dao   71    8   40 0.440 108.3   5.0  -9.0 -25.0
19851217.000    4708 B    Dso  157   23   80 0.189 293.4  27.0   3.0  10.0
19851217.000    4709 B    Dso  136   13   70 0.222 121.7   6.0  -8.0 -11.0
19851218.000    4708 B    Dro  146   14   80 0.397 281.0  27.0   3.0  23.0
19851218.000    4709 B    Eai  178   15   90 0.125 204.4   7.0  -8.0   3.0
19851219.000    4708 B    Dro   80    8   50 0.592 277.2  27.0   3.0  36.0
19851219.000    4709 B    Eri  152   13   80 0.302 244.4   7.0  -9.0  16.0
19851220.000    4708 A    Axx   24    3   20 0.789 272.6  30.0   1.0  52.0
19851220.000    4709 B    Dso  101   10   60 0.529 253.7   9.0 -10.0  31.0
19851221.000    4708 A    Axx    0    1    0 0.929 275.0  32.0   4.0  68.0
19851221.000    4709 B    Cso   41    6   30 0.724 257.9  10.0 -10.0  46.0
19851222.000    4709 B    Bxo   29    4   30 0.867 259.6  11.0 -10.0  60.0
