1986 114.000    4710 B    Dso  111    7   80 0.720 257.8  54.0 -12.0  46.0
1986 115.000    4710 B    Csi  110   12  110 0.863 258.8  55.0 -12.0  60.0
1986 116.000    4710 B    Cso   39    8   70 0.958 259.9  56.0 -11.0  74.0
1986 117.000    4710 B    Cso   16    7   60 0.991 258.5  52.0 -12.0  83.0
1986 123.000    4710BA    Axx    7    1   10 0.931  53.6 189.0  31.0 -61.0
1986 124.000    4710BA    Axx    0    1    0 0.817  49.8 192.0  28.0 -45.0
1986 127.000    4710AA    Cso   19    2   10 0.165 249.6 206.0  -9.0   9.0
1986 131.000    4711 A    Hhx   30    1  130 0.993  97.4  61.0  -8.0 -84.0
1986 2 1.000    4710CB    Bxo   18    2   10 0.427  56.2 110.0   8.0 -21.0
1986 2 1.000    4711 BG   Cho  152    3  240 0.948  95.3  59.0  -7.0 -72.0
1986 2 2.000    4711 B    Dki  440   11  410 0.844  95.6  60.0  -8.0 -58.0
1986 2 3.000    4711 BD   Dkc  838   25  590 0.703  93.6  60.0  -7.0 -45.0
1986 2 3.000    4712 B    Cso   77    8   50 0.627 269.8 144.0  -5.0  39.0
1986 2 4.000    4711 BD   Dkc 1202   27  700 0.512  95.0  61.0  -8.0 -31.0
1986 2 4.000    4712 B    Dai   98    8   80 0.786 269.9 144.0  -4.0  52.0
1986 2 4.000    4713 B    Dso   29    4   60 0.970  90.5  16.0  -2.0 -76.0
1986 2 5.000    4711 B    Dkc 1346   31  700 0.274  93.1  63.0  -7.0 -16.0
1986 2 5.000    4712 B    Dso   86    7  110 0.919 268.4 146.0  -4.0  67.0
1986 2 5.000    4713 B    Cki  116    5  120 0.873  89.9  18.0  -3.0 -61.0
1986 2 6.000    4711 BG   Dkc 1095   27  550 0.087  96.6  61.0  -7.0  -5.0
1986 2 6.000    4712 A    Axx    4    3   20 0.994 266.7 150.0  -4.0  84.0
1986 2 6.000    4713 B    Dao  183   11  140 0.755  87.0  17.0  -2.0 -49.0
1986 2 7.000    4711 BGD  Ekc  908   28  460 0.157 260.0  61.0  -8.0   9.0
1986 2 7.000    4713 B    Cso  226   10  140 0.590  84.5  16.0  -2.0 -36.0
1986 2 8.000    4711 BG   Dki  534   27  290 0.388 267.6  62.0  -7.0  23.0
1986 2 8.000    4713 B    Cso  279   14  150 0.365  78.6  18.0  -2.0 -21.0
1986 2 9.000    4711 BG   Dso  227   27  140 0.584 265.5  62.0  -8.0  36.0
1986 2 9.000    4713 B    Dki  293   23  150 0.204  43.1  18.0   2.0  -8.0
1986 210.000    4711 B    Dao  114   12   90 0.772 265.1  64.0  -8.0  51.0
1986 210.000    4713 B    Eko  533   27  270 0.156 308.8  20.0  -1.0   7.0
1986 211.000    4711 B    Cao   17    3   20 0.894 264.4  64.0  -8.0  64.0
1986 211.000    4713 BD   Dki  784   20  430 0.410 287.7  23.0   1.0  23.0
1986 212.000    4711 A    Axx   13    1   30 0.975 262.3  65.0  -9.0  78.0
1986 212.000    4713 BD   Dki 1045   28  670 0.625 280.1  25.0   1.0  38.0
1986 213.000    4713 B    Dko  815   15  680 0.800 273.9  26.0  -1.0  53.0
1986 214.000    4713 BD   Fko  478   13  610 0.920 270.7  27.0  -2.0  67.0
1986 215.000    4713 BD   Eko   77    6  280 0.990 271.0  29.0   0.0  82.0
1986 221.000    4714 A    Axx    5    1   10 0.961  90.0 154.0  -2.0 -74.0
1986 222.000    4714 A    Axx   10    1   10 0.866  88.2 155.0  -2.0 -60.0
1986 223.000    4714 A    Axx   14    1   10 0.711  84.3 157.0  -1.0 -45.0
1986 224.000    4714 A    Axx   17    1   10 0.523  80.1 158.0  -1.0 -31.0
1986 225.000    4714 A    Axx   19    1   10 0.304  73.8 158.0  -2.0 -17.0
1986 227.000    4714 A    Axx   19    1   10 0.180 299.7 158.0  -2.0   9.0
1986 227.000    4716 B    Axx   19    4   10 0.136  22.7 146.0   0.0  -3.0
1986 228.000    4714 B    Axx   74    9   40 0.372 285.6 157.0  -1.0  21.0
1986 228.000    4716 B    Cso   58    5   30 0.248 309.6 147.0   2.0  11.0
1986 3 1.000    4716 B    Cso   35    2   20 0.448 289.4 148.0   2.0  25.0
1986 3 2.000    4716 B    Hkx   15    2   10 0.643 274.0 149.0  -3.0  40.0
1986 3 2.000    4717 B    Dkc  191    3  350 0.962  87.9  35.0   0.0 -74.0
1986 3 3.000    4717 B    Dkc  315   11  320 0.870  84.7  36.0   1.0 -60.0
1986 3 3.000    4718 B    Dso   58    3   30 0.206 329.5 102.0   3.0   6.0
1986 3 4.000    4717 B    Dkc  500   12  370 0.736  83.3  36.0   0.0 -47.0
1986 3 4.000    4718 B    Cso   18    3   10 0.382 296.5 103.0   3.0  20.0
1986 3 5.000    4717 B    Dki  590   21  370 0.603  76.9  34.0   2.0 -36.0
1986 3 5.000    4717AA    Cao    0    1    0 0.813  97.1  15.0 -10.0 -55.0
1986 3 5.000    4718 A    Cso   16    1   10 0.598 286.8 105.0   4.0  35.0
1986 3 6.000    4717 BG   Eki  731   21  400 0.404  68.0  35.0   2.0 -22.0
1986 3 6.000    4717AA    Cao   15    1   10 0.651  96.9  16.0 -10.0 -41.0
1986 3 7.000    4717 BG   Eki  646   15  330 0.201  37.3  37.0   2.0  -7.0
1986 3 8.000    4717 B    Dai  632   17  320 0.150 315.9  36.0  -1.0   6.0
1986 3 9.000    4717 BG   Cao  337   15  180 0.347 290.1  36.0   0.0  19.0
1986 310.000    4717 B    Cho  235   11  140 0.541 281.4  36.0   0.0  32.0
1986 311.000    4717 B    Cai  140    6  100 0.711 275.8  36.0  -1.0  45.0
1986 312.000    4717 B    Cao   75    3   70 0.841 274.6  35.0   0.0  57.0
1986 313.000    4717 B    Cao   33    3   50 0.941 272.6  35.0   0.0  70.0
1986 321.000    4719 B    Bxo   37    4   20 0.376 257.9 241.0 -11.0  22.0
1986 322.000    4719 B    Bxo   33    5   20 0.558 258.8 240.0 -12.0  34.0
1986 323.000    4719 A    Axx   12    2   10 0.782 260.1 245.0 -12.0  52.0
1986 324.000    4719 B    Bxo    8    2   10 0.900 259.9 245.0 -12.0  65.0
1986 324.000    4720 A    Axx    5    1   10 0.968  85.1 105.0   3.0 -75.0
1986 325.000    4719 A    Axx    4    1   10 0.978 259.1 245.0 -12.0  79.0
1986 325.000    4719BA    Axx   17    1   10 0.473 127.6 142.0 -23.0 -24.0
1986 325.000    4720 B    Bxo   18    4   20 0.880  82.9 105.0   3.0 -61.0
1986 326.000    4720 A    Axx   13    1   10 0.754  80.0 105.0   3.0 -48.0
1986 327.000    4720 B    Axx   16    2   10 0.583  68.0 107.0   7.0 -33.0
1986 329.000    4720 A    Axx   19    2   10 0.287  46.2 102.0   5.0 -12.0
1986 330.000    4720 A    Axx   19    1   10 0.210 330.3 106.0   4.0   6.0
1986 331.000    4720 A    Axx   18    2   10 0.391 293.8 108.0   3.0  21.0
1986 4 2.000    4721 B    Axx   38    3   20 0.232  75.9  48.0  -3.0 -13.0
1986 4 3.000    4721 A    Axx   19    1   10 0.076  -0.0  48.0  -2.0   0.0
1986 4 4.000    4721 A    Axx   19    1   10 0.236 287.7  47.0  -2.0  13.0
1986 4 8.000    4722 A    Axx   19    1   10 0.087 127.2 338.0  -9.0  -4.0
1986 4 9.000    4722 A    Axx   19    1   10 0.126 253.1 335.0  -8.0   7.0
1986 411.000    4723 A    Axx   12    1   10 0.784  98.2 250.0 -10.0 -52.0
1986 412.000    4723 A    Axx   30    4   20 0.654  98.7 248.0 -10.0 -41.0
1986 413.000    4723 A    Axx   35    6   20 0.473 102.8 248.0 -11.0 -28.0
1986 414.000    4723 A    Axx   38    4   20 0.278 114.5 247.0 -12.0 -15.0
1986 415.000    4723 A    Axx   39    3   20 0.098 169.9 248.0 -11.0  -1.0
1986 415.000    4724 A    Hsx    5    1   10 0.963  96.8 174.0  -8.0 -75.0
1986 415.000    4725 A    Hkx   24    2   60 0.978  88.8 171.0   0.0 -78.0
1986 416.000    4723 B    Axx   19    2   10 0.229 234.2 247.0 -13.0  11.0
1986 416.000    4724 A    Axx    9    1   10 0.887  97.3 173.0  -9.0 -63.0
1986 416.000    4725 A    Hax   58    2   70 0.907  87.5 171.0   0.0 -65.0
1986 417.000    4723 A    Axx   17    1   10 0.503 257.2 253.0 -11.0  30.0
1986 417.000    4724 A    Axx   13    1   10 0.752  94.7 174.0  -7.0 -49.0
1986 417.000    4725 A    Hax  146    2  120 0.791  84.6 171.0   1.0 -52.0
1986 418.000    4725 B    Cso  154    3  100 0.635  82.0 171.0   1.0 -39.0
1986 419.000    4725 A    Hsx  161    2   90 0.438  74.6 171.0   2.0 -25.0
1986 420.000    4725 A    Hsx  136    2   70 0.232  63.5 171.0   1.0 -12.0
1986 421.000    4720AA    Axx   19    1   10 0.132  67.2 163.0  -2.0  -7.0
1986 421.000    4725 A    Hsx   99    3   50 0.104  -0.0 170.0   1.0   0.0
1986 421.000    4725AA    Axx   19    1   10 0.132  67.2 163.0  -2.0  -7.0
1986 422.000    4720AA    Axx   19    2   10 0.116 295.5 163.0  -2.0   6.0
1986 422.000    4724 A    Axx   19    1   10 0.271 250.1 172.0 -10.0  15.0
1986 422.000    4725 B    Cso   97    4   50 0.240 290.2 170.0   0.0  13.0
1986 422.000    4725AA    Axx   19    2   10 0.116 295.5 163.0  -2.0   6.0
1986 422.000    4726 A    Axx   14    2   10 0.703  80.7 113.0   3.0 -44.0
1986 423.000    4725 A    Hax   88    5   50 0.463 281.4 171.0   1.0  27.0
1986 423.000    4726 B    Cro   34    4   20 0.496  77.5 115.0   2.0 -29.0
1986 424.000    4720AB    Axx  135    4   80 0.534 277.5 162.0   0.0  32.0
1986 424.000    4725 A    Axx   29    4   20 0.670 273.7 172.0  -1.0  42.0
1986 424.000    4725AB    Axx  135    4   80 0.534 277.5 162.0   0.0  32.0
1986 424.000    4726 B    Dai  306   28  160 0.290  63.1 115.0   3.0 -15.0
1986 424.000    4727 B    Bxo   26    5   20 0.756  77.9  82.0   6.0 -48.0
1986 425.000    4720A     Axx   28    1   20 0.697 274.8 161.0   0.0  44.0
1986 425.000    4725 A    Axx    0    2    0 0.829 271.9 173.0  -1.0  56.0
1986 425.000    4725A     Axx   28    1   20 0.697 274.8 161.0   0.0  44.0
1986 425.000    4726 B    Dki  733   32  370 0.133   7.5 116.0   3.0  -1.0
1986 425.000    4727 B    Bxo   96    9   60 0.595  73.4  82.0   6.0 -35.0
1986 426.000    4726 B    Dko  717   24  370 0.244 301.8 116.0   3.0  12.0
1986 426.000    4727 B    Bxo   73    7   40 0.398  63.6  83.0   6.0 -21.0
1986 427.000    4726 B    Dki  664   26  370 0.439 286.1 116.0   3.0  25.0
1986 427.000    4727 A    Axx   19    2   10 0.214  40.4  83.0   5.0  -8.0
1986 428.000    4726 B    Dki  662   23  430 0.638 280.0 117.0   3.0  39.0
1986 428.000    4727 B    Bxo   19    2   10 0.188 319.8  85.0   4.0   7.0
1986 429.000    4726 B    Dko  364   15  300 0.794 278.3 116.0   4.0  52.0
1986 429.000    4727 A    Axx   18    2   10 0.370 304.2  82.0   8.0  18.0
1986 430.000    4726 BG   Dko  215    9  270 0.917 276.2 117.0   4.0  66.0
1986 430.000    4727 B    Dri   33    4   20 0.529 290.3  81.0   7.0  30.0
1986 5 1.000    4726 B    Dao   36    6  110 0.986 274.8 118.0   4.0  80.0
1986 5 1.000    4727 B    Bxo   41    4   30 0.725 285.0  83.0   8.0  45.0
1986 5 2.000    4727 B    Dro   53    5   50 0.847 280.8  82.0   7.0  57.0
1986 5 3.000    4727 B    Bxo   33    6   50 0.944 278.8  81.0   7.0  70.0
1986 5 3.000    4728 A    Axx   25    2   20 0.765 281.1  60.0   6.0  49.0
1986 5 4.000    4728 B    Bxo    8    3   10 0.905 279.5  62.0   7.0  64.0
1986 5 5.000    4728 A    Axx    4    4   10 0.977 279.0  62.0   8.0  77.0
1986 5 6.000    4728AA    Axx    0    1    0 0.869  51.0 280.0  31.0 -52.0
1986 5 9.000    4728BA    Axx   17    1   10 0.507  66.2 264.0   9.0 -28.0
1986 516.000    4729 B    Cao   11    2   20 0.957  85.1 127.0   4.0 -73.0
1986 517.000    4729 B    Cro   30    3   30 0.860  84.0 127.0   4.0 -59.0
1986 518.000    4729 B    Cso   54    5   40 0.736  82.6 126.0   4.0 -47.0
1986 518.000    4730 A    Axx    6    2   10 0.953  84.1 101.0   5.0 -72.0
1986 519.000    4729 B    Cso   65    5   40 0.567  79.9 126.0   4.0 -34.0
1986 519.000    4730 B    Bxo   10    2   10 0.860  84.1 101.0   4.0 -59.0
1986 520.000    4729 B    Cao   56    5   30 0.356  73.5 127.0   4.0 -20.0
1986 520.000    4730 A    Axx   13    2   10 0.737  81.4 100.0   5.0 -47.0
1986 520.000    4731 B    Dao   40    4   70 0.958  82.1  74.0   7.0 -73.0
1986 521.000    4729 A    Hrx   39    2   20 0.145  46.0 127.0   4.0  -6.0
1986 521.000    4731 B    Cso   55    7   60 0.886  82.3  71.0   6.0 -62.0
1986 522.000    4729 A    Hrx   19    1   10 0.185 302.3 129.0   4.0   9.0
1986 522.000    4729AA    Axo   19    2   10 0.172  11.6 118.0   8.0  -2.0
1986 522.000    4731 B    Cro   68   12   50 0.728  78.8  74.0   7.0 -46.0
1986 523.000    4729 A    Hrx    0    1    0 0.386 284.2 129.0   4.0  22.0
1986 523.000    4729AB    Cso   19    2   10 0.251 311.2 118.0   8.0  11.0
1986 523.000    4731 B    Cso   67    8   40 0.531  74.2  76.0   7.0 -31.0
1986 524.000    4729 A    Hrx   16    1   10 0.593 278.7 130.0   4.0  36.0
1986 524.000    4731 B    Bxo   56   11   30 0.354  65.8  75.0   7.0 -19.0
1986 525.000    4729AA    Cso   15    1   10 0.627 282.9 119.0   7.0  38.0
1986 525.000    4731 B    Dro   78   17   40 0.168  30.9  76.0   7.0  -5.0
1986 526.000    4731 B    Dai  117   14   60 0.211 312.5  76.0   7.0   9.0
1986 527.000    4731 B    Dai  146   18   80 0.403 292.9  76.0   8.0  22.0
1986 527.000    4732 A    Axx   19    1   10 0.087  89.1  49.0  -1.0  -5.0
1986 528.000    4731 A    Axx   47    5   30 0.615 284.3  78.0   8.0  37.0
1986 528.000    4732 A    Axx   19    1   10 0.122 269.6  48.0  -1.0   7.0
1986 529.000    4731 A    Axx   37    3   30 0.784 280.9  79.0   8.0  51.0
1986 529.000    4732 A    Axx   18    1   10 0.407 271.9  52.0   0.0  24.0
1986 530.000    4731 A    Axx    7    2   10 0.923 279.0  81.0   8.0  67.0
1986 530.000    4732 A    Hsx   31    2   20 0.616 270.9  52.0   0.0  38.0
1986 531.000    4731 A    Axx    3    1   10 0.988 278.2  82.0   8.0  81.0
1986 531.000    4732 A    Axx   12    2   10 0.799 269.2  54.0  -1.0  53.0
1986 6 1.000    4732 B    Bxo   17    3   20 0.899 268.0  52.0  -2.0  64.0
1986 6 2.000    4732 A    Axo    4    1   10 0.974 268.0  52.0  -2.0  77.0
1986 621.000    4732AA    Axo    0    1    0 0.341 180.0  83.0 -18.0   0.0
1986 622.000    4732AA    Axo   17    1   10 0.513 220.7  91.0 -21.0  21.0
1986 7 4.000    4734 B    Bxo   18    2   10 0.406 351.2 275.0  27.0   4.0
1986 7 5.000    4734 B    Cro   35    4   20 0.463 330.1 273.0  27.0  15.0
1986 7 6.000    4734 B    Dro   97    9   60 0.582 314.0 273.0  27.0  28.0
1986 7 6.000    4735 A    Axo    1    1   10 0.999  89.2 158.0   1.0 -87.0
1986 7 7.000    4734 B    Cso   96    9   70 0.724 304.6 273.0  27.0  42.0
1986 7 7.000    4735 B    Cao   30    4   50 0.951  91.2 159.0   0.0 -72.0
1986 7 8.000    4734 B    Bxo   43    3   40 0.840 298.7 273.0  26.0  55.0
1986 7 8.000    4735 B    Dao  113    7  110 0.858  92.3 159.0   0.0 -59.0
1986 7 9.000    4734 B    Bxo   53    2   70 0.925 296.6 272.0  26.0  67.0
1986 7 9.000    4735 B    Dso  138    7  100 0.721  93.7 159.0   0.0 -46.0
1986 710.000    4735 B    Dso  169    7  100 0.533  96.4 160.0   0.0 -32.0
1986 710.000    4736 B    Bxo   17    3   10 0.515 277.0 223.0   7.0  31.0
1986 711.000    4735 B    Dso  132    9   70 0.332 101.7 159.0   0.0 -19.0
1986 711.000    4736 B    Dao  113    6   80 0.705 274.4 223.0   6.0  45.0
1986 712.000    4735 B    Cso  159    9   80 0.103 122.4 160.0   1.0  -5.0
1986 712.000    4736 B    Dho   96    9   90 0.846 275.6 223.0   7.0  58.0
1986 713.000    4735 B    Cso  197    9  100 0.150 247.9 160.0   1.0   8.0
1986 713.000    4736 B    Dho   50    7   80 0.949 276.0 224.0   7.0  72.0
1986 713.000    4737 A    Axo   28    2   20 0.706 270.0 197.0   3.0  45.0
1986 714.000    4735 B    Cso   91    5   50 0.397 259.8 162.0   0.0  23.0
1986 714.000    4736 A    Aro    9    2   60 0.997 276.7 225.0   7.0  86.0
1986 715.000    4735 B    Cso   64    4   40 0.593 262.2 162.0  -1.0  36.0
1986 716.000    4735 A    Hro   25    1   20 0.769 264.9 162.0  -1.0  50.0
1986 716.000    4737AA    Axo    0    1    0 0.152 113.8 104.0   1.0  -8.0
1986 716.000    4738 B    Dso   18    3   40 0.973  84.9  35.0   6.0 -77.0
1986 717.000    4735 A    Axo    8    1   10 0.901 265.5 163.0  -2.0  64.0
1986 717.000    4738 B    Cao   27    3   30 0.889  85.6  36.0   6.0 -63.0
1986 718.000    4735 A    Axo    4    1   10 0.975 266.9 163.0  -2.0  77.0
1986 718.000    4738 B    Cso   25    3   20 0.774  84.8  35.0   7.0 -51.0
1986 718.000    4739 B    Bxo   16    2   10 0.582 107.2  52.0  -6.0 -34.0
1986 719.000    4738 B    Cro   32    2   20 0.586  84.8  37.0   7.0 -36.0
1986 719.000    4739 B    Axo   18    2   10 0.379 116.0  53.0  -5.0 -20.0
1986 720.000    4738 A    Hro   37    1   20 0.358  83.3  38.0   7.0 -21.0
1986 721.000    4738 A    Axo   19    1   10 0.164  71.1  37.0   8.0  -9.0
1986 721.000    4740 B    Bxo   20    5   20 0.854  84.9 347.0   7.0 -59.0
1986 722.000    4738 B    Bxo   19    3   10 0.086 306.2  37.0   8.0   4.0
1986 722.000    4740 B    Bxo   28    3   20 0.692  85.2 349.0   7.0 -44.0
1986 723.000    4738 B    Bxo   38    5   20 0.262 281.5  35.0   8.0  15.0
1986 723.000    4740 B    Bxo   17    3   10 0.514  83.1 349.0   8.0 -31.0
1986 724.000    4740 A    Bxo   19    1   10 0.265  75.1 351.0   9.0 -15.0
1986 728.000    4741 A    Axo   30    1   90 0.985  79.8 233.0  11.0 -81.0
1986 729.000    4741 B    Cho   77    3  110 0.936  82.5 230.0   9.0 -70.0
1986 730.000    4741 B    Dki  182    7  170 0.844  84.2 229.0   8.0 -58.0
1986 731.000    4741 B    Dso  274    8  190 0.691  83.1 230.0   9.0 -44.0
1986 8 1.000    4741 A    Hso  274    7  160 0.513  82.3 230.0   9.0 -31.0
1986 8 2.000    4741 B    Cso  268    6  140 0.278  78.2 231.0   9.0 -16.0
1986 8 3.000    4741 B    Cso  259    2  130 0.062  33.6 232.0   9.0  -2.0
1986 8 4.000    4741 B    Cso  274    6  140 0.196 285.6 232.0   9.0  11.0
1986 8 5.000    4741 A    Hso  237    5  130 0.406 278.3 232.0   9.0  24.0
1986 8 6.000    4741 A    Cso  189    4  120 0.612 276.7 233.0   9.0  38.0
1986 8 7.000    4741 A    Hso  149    2  120 0.784 275.2 233.0   8.0  52.0
1986 8 8.000    4741 A    Hao   83    1  100 0.909 277.0 234.0   9.0  66.0
1986 8 9.000    4741 A    Hso   29    1   80 0.982 277.0 235.0   8.0  80.0
1986 817.000    4742 A    Axo    0    1    0 0.185 122.5  40.0   1.0  -9.0
1986 818.000    4742 A    Axo   19    1   10 0.114 207.2  39.0   1.0   3.0
1986 821.000    4743 B    Bxo   15    3   10 0.620 117.7 322.0 -11.0 -34.0
1986 822.000    4743 B    Cao   35    8   20 0.441 130.2 323.0 -10.0 -20.0
1986 823.000    4743 B    Cro   37    6   20 0.331 158.8 323.0 -11.0  -7.0
1986 824.000    4743 A    Axo   18    3   10 0.331 201.2 324.0 -11.0   7.0
1986 824.000    4743AA    Axo    0    1    0 0.821 139.0 277.0 -33.0 -40.0
1986 824.000    4744 A    Hso   23    1   60 0.980  86.3 238.0   5.0 -79.0
1986 825.000    4744 A    Hso   74    1   90 0.911  87.7 237.0   5.0 -66.0
1986 826.000    4744 A    Hso  113    1   90 0.774  89.3 239.0   5.0 -51.0
1986 827.000    4744 A    Hso  107    1   70 0.640  90.7 237.0   5.0 -40.0
1986 828.000    4744 A    Hso  142    1   80 0.453  93.0 237.0   5.0 -27.0
1986 829.000    4744 A    Hso  155    1   80 0.227  98.8 238.0   5.0 -13.0
1986 830.000    4744 A    Hso  159    1   80 0.021 180.0 237.0   6.0   0.0
1986 831.000    4744 A    Hso  155    1   80 0.247 257.8 238.0   4.0  14.0
1986 9 1.000    4744 A    Hso  124    1   70 0.453 266.8 238.0   5.0  27.0
1986 9 2.000    4744 A    Hso  107    1   70 0.640 269.1 238.0   5.0  40.0
1986 9 3.000    4744 A    Hso   60    1   50 0.796 270.8 237.0   5.0  53.0
1986 9 4.000    4744 A    Hso   57    1   70 0.911 272.2 237.0   5.0  66.0
1986 9 4.000    4744AA    Hso   18    1   10 0.368 103.0 150.0   2.0 -21.0
1986 9 5.000    4744 A    Hso   14    1   40 0.983 273.8 238.0   5.0  80.0
1986 9 7.000    4745 B    Cro   40    4   30 0.735  58.2  87.0  28.0 -45.0
1986 9 8.000    4745 B    Cro   80    9   50 0.597  51.6  86.0  28.0 -32.0
1986 9 9.000    4745 B    Cro   53    4   30 0.452  37.2  87.0  28.0 -18.0
1986 910.000    4745 A    Axo   18    1   10 0.340   5.3  90.0  27.0  -2.0
1986 911.000    4745 A    Axo   18    1   10 0.394 334.7  90.0  28.0  11.0
1986 915.000    4744BA    Hso    0    1    0 0.998 271.6 113.0   2.0  87.0
1986 930.000    4746 A    Hso   23    1   70 0.986  85.0 107.0   6.0 -81.0
198610 1.000    4746 A    Hso   53    1   70 0.924  85.2 107.0   7.0 -68.0
198610 2.000    4746 A    Hso   23    1   20 0.805  87.4 108.0   6.0 -54.0
198610 3.000    4746 A    Hso  106    4   70 0.652  85.3 107.0   8.0 -41.0
198610 3.000    4747 A    Axo   21    2   20 0.844  53.6  93.0  34.0 -55.0
198610 4.000    4746 A    Hso   89    3   50 0.451  85.1 108.0   8.0 -27.0
198610 4.000    4747 B    Bxo   41    3   30 0.720  47.8  95.0  34.0 -40.0
198610 5.000    4746 A    Hso   57    3   30 0.258  83.1 107.0   8.0 -15.0
198610 5.000    4747 B    Bxo   46    4   30 0.622  38.2  94.0  35.0 -28.0
198610 6.000    4746 A    Axo   19    2   10 0.033  31.3 108.0   8.0  -1.0
198610 6.000    4747 B    Bxo   17    2   10 0.508  23.3  95.0  34.0 -14.0
198610 7.000    4746 A    Axo   19    1   10 0.241 273.6 110.0   7.0  14.0
198610 7.000    4747 B    Bxo   35    6   20 0.466   3.6  94.0  34.0  -2.0
198610 7.000    4748 B    Bxo    0    1    0 0.249 130.0  85.0  -3.0 -11.0
198610 8.000    4746 B    Axo   18    2   10 0.420 273.2 107.0   7.0  25.0
198610 8.000    4747 B    Cro   85    9   50 0.512 340.6  94.0  35.0  12.0
198610 8.000    4748 A    Axo   19    1   10 0.185 196.4  85.0  -4.0   3.0
198610 9.000    4747 B    Cso   97   10   60 0.582 324.6  93.0  34.0  24.0
19861010.000    4746 A    Axo   12    1   10 0.762 276.6 106.0   9.0  50.0
19861010.000    4747 B    Cso  270    7  190 0.703 315.4  93.0  35.0  37.0
19861010.000    4748 B    Dro  197    6  110 0.442 252.7  81.0  -2.0  25.0
19861010.000    4749 B    Bxo   36    5   20 0.424 246.8  79.0  -4.0  23.0
19861011.000    4747 B    Cso   59    4   50 0.804 309.7  92.0  35.0  49.0
19861011.000    4748 B    Bxo   15    4   10 0.655 258.3  83.0  -3.0  40.0
19861011.000    4749 A    Axo   16    2   10 0.593 254.8  78.0  -4.0  35.0
19861012.000    4747 B    Cso   51    3   60 0.903 306.1  93.0  35.0  63.0
19861012.000    4748 A    Axo   11    2   10 0.818 260.8  84.0  -4.0  54.0
19861012.000    4749 A    Axo   12    2   10 0.778 258.6  80.0  -5.0  50.0
19861013.000    4747 A    Hso   30    1   60 0.967 304.7  92.0  35.0  76.0
19861013.000    4748 B    Bxo   17    3   30 0.959 265.1  89.0  -3.0  73.0
19861013.000    4749 B    Bxo    7    3   10 0.918 263.0  82.0  -4.0  66.0
19861014.000    4747 A    Hao   10    1   60 0.996 304.7  91.0  35.0  88.0
19861014.000    4748 B    Bxo   12    3  100 0.998 266.6  89.0  -3.0  86.0
19861014.000    4749 A    Axo    7    2   20 0.980 264.7  81.0  -4.0  78.0
19861018.000    4750 B    Dki  100    5  220 0.974  69.7 233.0  21.0 -78.0
19861019.000    4750 B    Fhi  323   11  410 0.919  67.3 230.0  23.0 -67.0
19861020.000    4750 B    Eki  724   20  630 0.818  65.6 230.0  23.0 -54.0
19861021.000    4750 BG   Eki  713   24  490 0.686  61.7 230.0  23.0 -41.0
19861021.000    4751 A    Hso   12    1   40 0.987 118.5 194.0 -27.0 -77.0
19861022.000    4750 B    Eki  650   26  380 0.516  54.7 231.0  22.0 -27.0
19861022.000    4751 B    Cso   63    2  100 0.947 120.8 192.0 -27.0 -66.0
19861022.000    4752 A    Hso    0    1    0 0.969 104.8 184.0 -13.0 -74.0
19861023.000    4750 B    Eki  720   24  390 0.382  35.7 231.0  23.0 -14.0
19861023.000    4751 B    Cso  138    4  140 0.870 125.1 192.0 -27.0 -53.0
19861023.000    4752 B    Bxo   16    3   20 0.912 110.1 182.0 -16.0 -63.0
19861024.000    4750 B    Cai  418   33  220 0.311   5.9 229.0  23.0  -2.0
19861024.000    4751 B    Dsi  153    8  120 0.768 131.8 191.0 -27.0 -40.0
19861024.000    4752 G    Bxi   49    6   40 0.787 114.8 183.0 -16.0 -48.0
19861025.000    4750 B    Eki  351   26  190 0.380 330.0 230.0  24.0  12.0
19861025.000    4751 B    Dai  180    6  120 0.659 142.1 191.0 -27.0 -27.0
19861025.000    4752 BG   Dai  106    8   70 0.649 121.8 183.0 -16.0 -35.0
19861025.000    4753 A    Axo    0    1    0 0.995 112.7 136.0 -22.0 -82.0
19861026.000    4750 B    Fai  221   19  130 0.523 310.0 231.0  24.0  26.0
19861026.000    4751 B    Cso  131    5   80 0.573 156.3 190.0 -27.0 -15.0
19861026.000    4752 B    Cao   70    5   40 0.481 133.9 184.0 -15.0 -21.0
19861026.000    4753 A    Axo    6    2   10 0.950 116.1 137.0 -23.0 -68.0
19861027.000    4750 B    Fho  255   16  170 0.660 301.6 230.0  24.0  38.0
19861027.000    4751 B    Cso  136    3   80 0.526 180.0 192.0 -27.0   0.0
19861027.000    4752 A    Hso   37    1   20 0.347 166.0 187.0 -15.0  -5.0
19861027.000    4753 A    Axo    9    2   10 0.871 117.3 136.0 -21.0 -56.0
19861028.000    4750 B    Cso  157   15  130 0.796 296.8 230.0  24.0  51.0
19861028.000    4751 B    Cso  133    5   80 0.555 199.5 191.0 -27.0  12.0
19861028.000    4752 A    Axo   37    1   20 0.361 201.9 187.0 -15.0   8.0
19861028.000    4753 B    Bxo   12    4   10 0.773 123.6 135.0 -22.0 -44.0
19861028.000    4754 A    Hho   72    1  190 0.982  90.9 100.0   0.0 -79.0
19861029.000    4750 B    Dki  215    6  250 0.902 294.5 229.0  24.0  64.0
19861029.000    4751 B    Cso  121    5   80 0.649 215.1 190.0 -28.0  25.0
19861029.000    4752 A    Axo   17    1   10 0.489 227.8 187.0 -15.0  22.0
19861029.000    4753 B    Bxo   16    2   10 0.599 134.9 138.0 -21.0 -27.0
19861029.000    4754 A    Hho  176    1  210 0.908  93.2 100.0  -1.0 -65.0
19861030.000    4750 A    Hko  149    3  280 0.964 293.7 227.0  24.0  75.0
19861030.000    4751 A    Hso   66    2   50 0.747 227.3 190.0 -27.0  38.0
19861030.000    4752 B    Bxo   31    5   20 0.628 239.4 186.0 -15.0  34.0
19861030.000    4753 A    Axo   52    2   30 0.476 153.8 139.0 -21.0 -13.0
19861030.000    4754 A    Hho  343    2  280 0.789  93.5 100.0   0.0 -52.0
19861031.000    4750 A    Hao   20    2  220 0.999 293.9 228.0  24.0  89.0
19861031.000    4751 A    Hso   39    2   40 0.873 235.7 193.0 -27.0  54.0
19861031.000    4752 B    Bxo   24    4   20 0.784 245.6 187.0 -16.0  48.0
19861031.000    4753 B    Axo   17    3   10 0.460 176.0 137.0 -23.0  -2.0
19861031.000    4754 A    Hho  382    2  240 0.605  95.7 102.0   0.0 -37.0
19861031.000    4755 B    Cro   36    7   30 0.788  90.8  87.0   2.0 -52.0
198611 1.000    4751 A    Hso   25    1   40 0.949 239.7 193.0 -27.0  67.0
198611 1.000    4754 A    Hho  437    2  240 0.412  99.4 102.0   0.0 -24.0
198611 1.000    4755 B    Dao  204    9  130 0.617  93.8  88.0   1.0 -38.0
198611 2.000    4751 A    Hao    2    1   10 0.992 243.1 193.0 -26.0  80.0
198611 2.000    4753 B    Bxo   16    2   10 0.546 219.8 135.0 -21.0  22.0
198611 2.000    4754 A    Hho  469    2  240 0.203 110.3 102.0   0.0 -11.0
198611 2.000    4755 B    Dso  312   10  170 0.394  97.1  90.0   1.0 -23.0
198611 3.000    4754 A    Hho  438    3  220 0.087 216.8 103.0   0.0   3.0
198611 3.000    4755 B    Cso  236   13  120 0.177 101.1  90.0   2.0 -10.0
198611 4.000    4753 A    Axo   12    1   10 0.764 235.2 129.0 -23.0  43.0
198611 4.000    4754 B    Cho  286    3  150 0.300 257.4 103.0   0.0  17.0
198611 4.000    4755 B    Cso  119   11   60 0.062 237.6  89.0   2.0   3.0
198611 5.000    4753 A    Axo    9    1   10 0.873 240.9 129.0 -23.0  56.0
198611 5.000    4754 B    Cso  172    4  100 0.505 261.5 103.0  -1.0  30.0
198611 5.000    4755 B    Bxi  134   15   70 0.279 260.5  89.0   1.0  16.0
198611 6.000    4754 A    Hso  131    3   90 0.685 264.6 103.0  -1.0  43.0
198611 6.000    4755 B    Cso  157   14   90 0.485 267.5  89.0   2.0  29.0
198611 7.000    4754 A    Hso   41    1   40 0.858 266.7 106.0  -1.0  59.0
198611 7.000    4755 B    Cao  148   11  100 0.669 269.0  89.0   2.0  42.0
198611 8.000    4754 A    Hso   24    1   40 0.952 266.8 106.0  -2.0  72.0
198611 8.000    4755 B    Cso   98    6   90 0.838 270.1  91.0   2.0  57.0
198611 9.000    4754 A    Hso    0    1   10 0.999 268.9 108.0  -1.0  88.0
198611 9.000    4755 A    Hso   19    2   30 0.945 269.9  91.0   1.0  71.0
19861110.000    4755 A    Hro    4    1   20 0.992 270.6  90.0   1.0  83.0
19861111.000    4755AA    Hro   13    1   10 0.756 309.4  37.0  31.0  43.0
19861115.000    4757 B    Dso   10    2   30 0.984  67.1 221.0  23.0 -80.0
19861116.000    4757 B    Dso   50    2   70 0.932  66.3 220.0  23.0 -68.0
19861117.000    4757 B    Cro   43    2   40 0.839  64.0 220.0  23.0 -55.0
19861118.000    4757 A    Hro   55    2   40 0.719  58.2 220.0  24.0 -42.0
19861119.000    4757 A    Axo   32    2   20 0.573  51.1 220.0  23.0 -29.0
19861120.000    4757 A    Axo   35    2   20 0.452  33.9 219.0  24.0 -16.0
19861121.000    4748 A    Dao    0    1    0 0.470 330.4 237.0  26.0  15.0
19861121.000    4757 A    Axo   18    2   10 0.379   7.3 219.0  24.0  -3.0
19861121.000    4758 A    Hro   17    1   10 0.470 330.4 237.0  26.0  15.0
19861122.000    4748 A    Dao   16    2   10 0.582 313.0 237.0  25.0  28.0
19861122.000    4757 A    Hro   18    1   10 0.410 337.2 219.0  24.0  10.0
19861122.000    4758 A    Axo   16    2   10 0.590 314.4 237.0  26.0  28.0
19861123.000    4758 A    Axo   13    2   10 0.738 303.1 239.0  25.0  43.0
19861124.000    4758 B    Bxo   21    2   20 0.847 302.5 237.0  28.0  54.0
19861124.000    4759 B    Bxo    7    3   10 0.931 240.1 248.0 -27.0  65.0
19861125.000    4759 A    Axo    3    2   10 0.987 242.4 248.0 -27.0  79.0
19861210.000    4760 B    Bxo   25    3   20 0.775  55.1 287.0  26.0 -45.0
19861211.000    4760 B    Bxo   45    7   30 0.643  46.0 288.0  26.0 -31.0
19861211.000    4761 A    Axo    4    1   10 0.972 118.7 244.0 -28.0 -75.0
19861212.000    4760 B    Cso   33    4   20 0.548  32.0 286.0  27.0 -19.0
19861212.000    4761 A    Hro   16    1   20 0.907 120.8 243.0 -28.0 -62.0
19861213.000    4760 A    Hro   17    2   10 0.498  14.3 284.0  28.0  -8.0
19861213.000    4761 A    Axo   11    1   10 0.822 125.4 242.0 -29.0 -50.0
19861214.000    4760 A    Axo   17    3   10 0.488 352.8 283.0  28.0   4.0
19861214.000    4761 A    Axo   14    2   10 0.708 131.9 242.0 -29.0 -37.0
19861215.000    4760 A    Axo   16    1   10 0.557 330.7 284.0  28.0  18.0
19861215.000    4761 A    Axo   16    1   10 0.588 140.6 241.0 -28.0 -25.0
19861218.000    4761 A    Axo   16    1   10 0.530 201.4 239.0 -31.0  13.0
19861222.000    4762 B    Bxo   30    4   20 0.660 128.7 139.0 -26.0 -35.0
19861223.000    4762 BG   Cso   84    7   50 0.538 139.3 138.0 -26.0 -23.0
19861224.000    4762 B    Cro   54    6   30 0.433 158.9 137.0 -26.0 -10.0
19861225.000    4762 B    Bxo   18    3   10 0.418 184.3 136.0 -27.0   2.0
19861226.000    4762 A    Bxo   17    2   10 0.469 207.4 135.0 -27.0  14.0
19861226.000    4762AA    Bxo   19    1   10 0.043  53.7 119.0  -1.0  -2.0
