1997 1 5.000    8009 B    Bxo   19    3   10 0.091 287.8  13.0  -2.0   5.0
1997 1 6.000    8009 B    Bxo   38    5   20 0.309 271.8  13.0  -3.0  18.0
1997 1 7.000    8009 B    Bxo   16    5   10 0.529 268.6  14.0  -4.0  32.0
1997 1 8.000    8009 A    Axx    0    2    0 0.693 266.9  13.0  -5.0  44.0
1997 110.000    8010 B    Bxo   19    2   20 0.877 318.1 350.0  38.0  48.0
1997 111.000    8010 B    Bxo   20    3   30 0.942 313.0 350.0  38.0  61.0
1997 112.000    8010 B    Bxo    7    2   20 0.983 305.8 350.0  34.0  74.0
1997 116.000    8011 B    Dro   55    4   30 0.390  94.1 199.0  -6.0 -23.0
1997 117.000    8011 B    Bxo   39    6   20 0.173  91.2 199.0  -5.0 -10.0
1997 118.000    8011 A    Axx    0    2    0 0.072 255.2 200.0  -6.0   4.0
1997 119.000    8011 A    Axx    0    1    0 0.291 266.0 200.0  -6.0  17.0
1997 119.000    8012 B    Bxo    0    2    0 0.556  17.8 172.0  27.0 -11.0
1997 119.000    8013 A    Axx    0    1    0 0.909 123.0 119.0 -32.0 -64.0
1997 125.000    8014 B    Bxo   21    2   20 0.844 101.9  46.0 -13.0 -58.0
1997 126.000    8014 A    Axx    0    1    0 0.705 101.3  45.0 -12.0 -45.0
1997 127.000    8014 B    Bxo    0    2    0 0.579 106.2  42.0 -14.0 -35.0
1997 128.000    8014 A    Axx    0    1    0 0.433 115.3  40.0 -16.0 -24.0
1997 129.000    8014 A    Axx    0    1    0 0.220 136.6  42.0 -15.0  -9.0
1997 130.000    8015 B    Bxo   32    6   20 0.579  69.0   5.0   7.0 -33.0
1997 131.000    8015 B    Cso   55    5   30 0.373  66.2   4.0   3.0 -20.0
1997 2 1.000    8015 B    Bxo   19    3   10 0.227  32.3   4.0   5.0  -7.0
1997 2 2.000    8015 B    Bxo   38    4   20 0.224 321.7   7.0   4.0   8.0
1997 2 3.000    8015 B    Cso   54    7   30 0.417 296.6   8.0   5.0  22.0
1997 2 3.000    8016 B    Cro   53    9   30 0.437 126.9 324.0 -21.0 -22.0
1997 2 4.000    8015 B    Dao  189   14  120 0.611 286.7   9.0   5.0  36.0
1997 2 4.000    8016 B    Dai  114   11   60 0.294 150.2 324.0 -21.0  -9.0
1997 2 5.000    8015 B    Dao  175   14  140 0.779 281.7  10.0   5.0  50.0
1997 2 5.000    8016 B    Cso   57   10   30 0.261 194.4 324.0 -21.0   4.0
1997 2 6.000    8015 B    Dao  101    8  120 0.906 278.6  10.0   5.0  64.0
1997 2 6.000    8016 A    Hrx   55    5   30 0.377 230.5 324.0 -20.0  18.0
1997 2 7.000    8015 B    Dso   38    3  100 0.981 277.5  11.0   6.0  78.0
1997 2 7.000    8016 A    Axx    0    1    0 0.557 243.4 325.0 -20.0  32.0
1997 2 7.000    8017 A    Axx    0    1    0 0.940 311.0 353.0  35.0  60.0
1997 2 8.000    8015 B    Dro    0    3   20 1.000 274.0  10.0   4.0  90.0
1997 2 8.000    8016 A    Axx    0    1    0 0.713 249.7 325.0 -19.0  45.0
1997 2 8.000    8017 B    Bxo    3    4   10 0.981 305.6 352.0  33.0  72.0
1997 2 9.000    8016 A    Axx    0    1    0 0.846 250.5 325.0 -20.0  58.0
1997 210.000    8016 A    Axx    0    1    0 0.939 252.2 325.0 -19.0  71.0
1997 219.000    8018 B    Bxo   18    3   20 0.884 285.3 195.0  10.0  60.0
1997 220.000    8018 A    Axx    4    1   10 0.974 276.8 198.0   5.0  76.0
1997 225.000    8019 A    Axx    9    1   10 0.886  56.9   1.0  25.0 -55.0
1997 226.000    8019 B    Bxo   12    2   10 0.778  47.9   3.0  26.0 -40.0
1997 3 7.000    8020 A    Hsx   62    1  120 0.966  81.8 210.0   6.0 -74.0
1997 3 8.000    8020 B    Cao   89    2  100 0.895  78.4 210.0   7.0 -62.0
1997 3 9.000    8020 A    Hsx  142    4  110 0.762  75.8 211.0   6.0 -48.0
1997 3 9.000    8021 A    Axx   14    2   10 0.713 125.6 217.0 -30.0 -42.0
1997 310.000    8020 B    Cao   98    4   60 0.567  68.3 213.0   6.0 -32.0
1997 310.000    8021 B    Bxo   16    2   10 0.583 131.4 215.0 -29.0 -30.0
1997 311.000    8020 B    Cao   89    7   50 0.454  58.7 209.0   7.0 -23.0
1997 312.000    8020 B    Cso   57    5   30 0.280  29.5 211.0   7.0  -8.0
1997 313.000    8020 B    Bxo   57   11   30 0.259 340.5 211.0   7.0   5.0
1997 314.000    8020 B    Cro   36    8   20 0.411 308.3 212.0   8.0  19.0
1997 315.000    8020 A    Axx   16    7   10 0.565 295.5 211.0   8.0  31.0
1997 315.000    8021 B    Bxo   15    4   10 0.605 230.0 212.0 -29.0  32.0
1997 315.000    8022 B    Bxo   56    2   30 0.358 274.7 201.0  -5.0  21.0
1997 316.000    8020 A    Axx   13    4   10 0.721 286.9 192.0   7.0  44.0
1997 316.000    8021 B    Bxo   13    5   10 0.747 234.3 192.0 -31.0  45.0
1997 316.000    8022 B    Bxo   16    3   10 0.559 273.4 189.0  -4.0  34.0
1997 317.000    8021 A    Axx    0    1    0 0.831 234.7 207.0 -33.0  54.0
1997 317.000    8022 B    Bxo   41    4   30 0.730 271.2 200.0  -4.0  47.0
1997 318.000    8022 B    Bxo   29    5   30 0.873 269.4 201.0  -4.0  61.0
1997 319.000    8022 B    Bxo    0    2    0 0.954 265.9 200.0  -6.0  73.0
1997 319.000    8023 A    Axx    0    2    0 0.374 260.7 149.0 -10.0  22.0
1997 321.000    8024 B    Bxo    0    2    0 0.077 296.2 104.0  -5.0   4.0
1997 321.000    8025 A    Axx    0    1    0 0.882 302.0 155.0  24.0  55.0
1997 328.000    8026 B    Bxo   24    3   40 0.950 114.2 294.0 -25.0 -73.0
1997 329.000    8026 B    Cro   82    8   80 0.858 114.1 295.0 -24.0 -59.0
1997 330.000    8026 B    Dao  135   16  100 0.736 116.8 295.0 -24.0 -46.0
1997 331.000    8026 B    Eso  227   19  140 0.584 124.7 296.0 -25.0 -32.0
1997 4 1.000    8026 B    Dao  161   12   90 0.438 134.5 294.0 -24.0 -20.0
1997 4 2.000    8026 B    Cao  131   13   70 0.338 160.9 294.0 -25.0  -7.0
1997 4 3.000    8026 BG   Eai  133   29   70 0.305 186.0 290.0 -24.0   2.0
1997 4 3.000    8027 B    Cao   24    3   50 0.968 119.4 211.0 -30.0 -77.0
1997 4 4.000    8026 BG   Eao  166   22   90 0.376 219.3 290.0 -23.0  15.0
1997 4 4.000    8027 B    Cao   61    4   70 0.899 117.0 211.0 -27.0 -64.0
1997 4 5.000    8026 BG   Dao  139   12   80 0.490 232.6 287.0 -23.0  25.0
1997 4 5.000    8027 B    Cao   95    4   80 0.800 121.8 211.0 -29.0 -51.0
1997 4 6.000    8026 B    Cso   43    6   30 0.681 242.5 289.0 -23.0  41.0
1997 4 6.000    8027 B    Cso  103   10   70 0.670 125.8 210.0 -28.0 -38.0
1997 4 7.000    8026 A    Axx   12    1   10 0.796 245.7 287.0 -23.0  52.0
1997 4 7.000    8027 B    Cao   85    7   50 0.524 136.7 211.0 -28.0 -24.0
1997 4 8.000    8027 B    Cro   54    6   30 0.418 154.0 210.0 -28.0 -12.0
1997 4 9.000    8027 B    Cao   37    4   20 0.375 180.0 209.0 -28.0   0.0
1997 4 9.000    8028 A    Axx   12    3   10 0.762 265.9 259.0  -7.0  50.0
1997 410.000    8027 B    Bxo   18    4   10 0.427 207.7 209.0 -28.0  13.0
1997 410.000    8029 B    Cro   32    6   20 0.576 328.9 215.0  24.0  19.0
1997 411.000    8027 A    Axx    0    2    0 0.557 226.0 210.0 -28.0  27.0
1997 411.000    8029 B    Dao  185   13  130 0.702 313.3 217.0  24.0  34.0
1997 411.000    8030 A    Axx    0    2    0 0.576 298.6 214.0  11.0  31.0
1997 412.000    8027 B    Bxo   14    3   10 0.684 234.4 208.0 -28.0  39.0
1997 412.000    8029 B    Dao  156    8  130 0.799 306.0 214.0  24.0  45.0
1997 413.000    8029 B    Cao   51    5   60 0.904 300.0 215.0  24.0  59.0
1997 413.000    8031 B    Bxo   29    5   20 0.675 230.5 193.0 -30.0  37.0
1997 414.000    8029 B    Bxo   12    5   30 0.978 296.1 217.0  24.0  74.0
1997 414.000    8031 B    Dso   72    9   60 0.798 236.2 193.0 -30.0  50.0
1997 415.000    8029 A    Axx    0    1    0 0.999 294.4 215.0  24.0  85.0
1997 415.000    8031 B    Dao   88   12  100 0.897 240.3 193.0 -29.0  63.0
1997 415.000    8032 B    Cro   17    2   10 0.439 134.2 110.0 -23.0 -20.0
1997 416.000    8031 B    Eao   77    6  170 0.974 240.4 195.0 -30.0  78.0
1997 416.000    8032 BG   Cro   76   13   40 0.302 161.3 111.0 -22.0  -6.0
1997 417.000    8031 B    Dao   20    2  110 0.996 240.3 190.0 -30.0  87.0
1997 417.000    8032 B    Dso  132   11   70 0.315 204.2 111.0 -22.0   8.0
1997 418.000    8032 B    Bxo   53    7   30 0.453 226.8 111.0 -23.0  21.0
1997 418.000    8033 B    Bxo   15    2   10 0.604  22.0  75.0  29.0 -15.0
1997 419.000    8032 B    Bxo   15    3   10 0.606 238.1 111.0 -23.0  34.0
1997 420.000    8034 A    Axx   17    2   10 0.507 329.5  80.0  21.0  16.0
1997 423.000    8035 B    Bxo    7    2   10 0.919  69.2 320.0  17.0 -64.0
1997 424.000    8035 B    Bxo    0    3    0 0.821  64.2 320.0  18.0 -51.0
1997 425.000    8035 B    Bxo    0    3    0 0.660  55.8 323.0  18.0 -35.0
1997 426.000    8035 B    Bxo    0    2    0 0.530  44.6 322.0  18.0 -23.0
1997 427.000    8035 B    Bxo   18    4   10 0.415  23.4 322.0  18.0 -10.0
1997 427.000    8036 B    Cro   31    8   20 0.612 246.0   8.0 -18.0  36.0
1997 428.000    8036 B    Cro   38    7   30 0.766 248.7   7.0 -19.0  49.0
1997 429.000    8036 B    Cro   25    7   30 0.906 251.0   8.0 -19.0  65.0
1997 430.000    8036 A    Axx    0    2    0 0.988 254.4  14.0 -16.0  82.0
1997 5 4.000    8037 B    Bxo   16    3   10 0.593 229.3 269.0 -26.0  30.0
1997 5 5.000    8037 A    Axx    0    1    0 0.725 238.4 269.0 -25.0  43.0
1997 5 6.000    8038 A    Hsx   68    1  120 0.958  69.0 142.0  19.0 -71.0
1997 5 7.000    8038 A    Hax   85    1   90 0.879  65.0 142.0  20.0 -58.0
1997 5 8.000    8038 A    Hsx   90    1   70 0.765  60.2 142.0  20.0 -45.0
1997 5 9.000    8038 A    Hsx  129    1   80 0.586  46.3 146.0  21.0 -27.0
1997 5 9.000    8039 B    Bxo   15    2   10 0.653 311.6 205.0  23.0  32.0
1997 510.000    8038 B    Cso  154    4   90 0.516  38.2 140.0  21.0 -20.0
1997 511.000    8038 A    Hsx  145    2   80 0.422  15.6 139.0  21.0  -7.0
1997 511.000    8039 A    Axx   10    1   10 0.838 300.1 198.0  23.0  52.0
1997 512.000    8038 A    Hsx  145    2   80 0.416 346.4 139.0  21.0   6.0
1997 512.000    8039 B    Bxo    7    4   10 0.929 296.2 198.0  23.0  65.0
1997 513.000    8038 A    Hsx  103    2   60 0.503 322.8 139.0  21.0  19.0
1997 514.000    8038 B    Cso  110    5   70 0.615 308.1 137.0  20.0  31.0
1997 515.000    8038 B    Cso   92    7   70 0.751 299.7 137.0  20.0  44.0
1997 516.000    8038 B    Cao   48    5   50 0.876 294.5 138.0  20.0  58.0
1997 517.000    8038 B    Cro   18    5   30 0.952 292.9 137.0  21.0  70.0
1997 517.000    8040 A    Axx   11    2   10 0.834  81.3  11.0   6.0 -56.0
1997 518.000    8038 A    Axx    0    1    0 0.994 294.4 136.0  24.0  82.0
1997 518.000    8040 B    Bxo   15    3   10 0.660  82.9  13.0   3.0 -41.0
1997 518.000    8041 B    Bxo    0    2    0 0.419  75.6  30.0   4.0 -24.0
1997 518.000    8042 A    Axx    0    1    0 0.790  55.6   8.0  25.0 -46.0
1997 519.000    8040 B    Cso  104   11   60 0.486  73.7  13.0   6.0 -28.0
1997 519.000    8041 A    Axx    0    1    0 0.209  48.0  32.0   6.0  -9.0
1997 520.000    8040 B    Dso  212   14  110 0.254  61.8  14.0   5.0 -13.0
1997 520.000    8043 B    Bxo   26    6   20 0.751 310.9  67.0  28.0  40.0
1997 520.000    8044 A    Hax   12    1   30 0.979 125.4 310.0 -35.0 -77.0
1997 521.000    8040 B    Dao  178   15   90 0.119  -0.0  14.0   5.0   0.0
1997 521.000    8043 B    Cro   30   10   30 0.857 304.6  67.0  28.0  53.0
1997 521.000    8044 A    Hsx   22    2   30 0.928 128.4 310.0 -36.0 -64.0
1997 522.000    8040 B    Dai  270   26  140 0.261 300.8  14.0   6.0  13.0
1997 522.000    8043 B    Cao   59    9   90 0.944 300.5  68.0  28.0  67.0
1997 522.000    8044 A    Hsx   20    1   20 0.857 129.4 308.0 -34.0 -53.0
1997 522.000    8045 B    Bxo   19    3   10 0.065  -0.0   1.0   2.0   0.0
1997 523.000    8040 B    Dao  267   17  150 0.451 284.4  14.0   5.0  26.0
1997 523.000    8043 B    Cso   17    3   60 0.990 297.6  68.0  27.0  80.0
1997 523.000    8044 A    Hsx   24    1   20 0.781 135.4 306.0 -35.0 -42.0
1997 523.000    8045 B    Bxo   38    5   20 0.233 285.5   1.0   2.0  13.0
1997 524.000    8040 B    Eso  208   14  140 0.666 282.2  16.0   7.0  41.0
1997 524.000    8044 A    Hsx   29    1   20 0.675 145.3 307.0 -35.0 -28.0
1997 524.000    8045 B    Bxo   17    2   10 0.475 279.1   3.0   3.0  28.0
1997 524.000    8046 A    Axx    0    1    0 0.932 117.4 268.0 -26.0 -67.0
1997 525.000    8040 B    Cso  128    7  110 0.813 278.4  15.0   6.0  54.0
1997 525.000    8044 A    Hsx   31    1   20 0.604 156.6 304.0 -35.0 -17.0
1997 525.000    8045 B    Bxo   14    2   10 0.683 272.9   4.0   1.0  43.0
1997 525.000    8046 A    Axx   10    2   10 0.840 119.2 267.0 -25.0 -54.0
1997 526.000    8040 B    Cso   67    2  100 0.942 278.9  18.0   8.0  70.0
1997 526.000    8044 A    Axx   16    3   10 0.544 173.9 304.0 -34.0  -4.0
1997 526.000    8045 B    Bxo   11    2   10 0.830 274.5   4.0   3.0  56.0
1997 526.000    8046 A    Axx   13    3   10 0.731 126.9 267.0 -27.0 -41.0
1997 527.000    8040 A    Hsx    6    1   50 0.998 278.1  21.0   8.0  86.0
1997 527.000    8045 B    Cro   20    3   30 0.940 273.6   5.0   3.0  70.0
1997 527.000    8046 B    Bxo   31    4   20 0.606 136.3 267.0 -27.0 -28.0
1997 528.000    8045 B    Cro    3    4   20 0.996 272.1   7.0   2.0  85.0
1997 528.000    8046 B    Bxo   17    5   10 0.476 152.8 268.0 -26.0 -14.0
1997 528.000    8047 B    Bxo    6    4   10 0.944  61.9 214.0  26.0 -68.0
1997 529.000    8046 A    Axx   17    1   10 0.440 182.0 270.0 -27.0   1.0
1997 529.000    8047 B    Bxo   20    4   20 0.861  58.8 214.0  26.0 -55.0
1997 530.000    8046 A    Axx    0    1    0 0.493 210.1 272.0 -26.0  16.0
1997 530.000    8047 B    Cro   64    6   50 0.768  54.4 212.0  26.0 -44.0
1997 531.000    8047 B    Cro   45    3   30 0.652  44.8 211.0  27.0 -31.0
1997 531.000    8048 A    Axx    0    1    0 0.859 122.7 187.0 -28.0 -55.0
1997 531.000    8049 A    Axx    0    1    0 0.503 148.5 225.0 -26.0 -17.0
1997 6 1.000    8047 B    Cro   33    3   20 0.545  32.1 210.0  27.0 -19.0
1997 6 1.000    8048 B    Bxo   39    6   30 0.747 129.8 188.0 -29.0 -41.0
1997 6 2.000    8047 B    Cro   35    3   20 0.462  15.7 208.0  26.0  -8.0
1997 6 2.000    8048 B    Cro   77   10   50 0.631 139.4 188.0 -29.0 -28.0
1997 6 3.000    8047 A    Axx    0    2    0 0.447 351.9 206.0  26.0   4.0
1997 6 3.000    8048 B    Dso  205   13  120 0.518 153.8 187.0 -28.0 -15.0
1997 6 4.000    8048 B    Dso  264   10  150 0.469 174.3 186.0 -28.0  -3.0
1997 6 5.000    8048 B    Dso  189    6  110 0.509 203.0 188.0 -28.0  13.0
1997 6 6.000    8048 B    Dao  195    5  120 0.582 218.5 186.0 -27.0  24.0
1997 6 7.000    8048 B    Dao  154    5  110 0.711 228.4 186.0 -28.0  37.0
1997 6 8.000    8048 B    Dso  101    7   90 0.825 235.1 186.0 -28.0  50.0
1997 6 9.000    8048 B    Cso   22    4   30 0.929 239.5 188.0 -28.0  65.0
1997 6 9.000    8050 A    Axx    0    1    0 0.865  58.6  67.0  27.0 -56.0
1997 6 9.000    8051 A    Axx    0    1    0 0.380 337.4 132.0  21.0   9.0
1997 610.000    8048 B    Cro    5    2   20 0.989 241.6 190.0 -28.0  80.0
1997 610.000    8050 A    Axx    0    1    0 0.755  53.6  67.0  27.0 -43.0
1997 611.000    8050 A    Axx   15    1   10 0.638  43.8  66.0  28.0 -30.0
1997 612.000    8050 A    Axx   17    1   10 0.525  29.4  65.0  28.0 -17.0
1997 613.000    8050 B    Bxo   35    3   20 0.473   5.6  66.0  29.0  -3.0
1997 613.000    8052 B    Cro   29    3   20 0.676  65.5  29.0  17.0 -40.0
1997 614.000    8050 A    Axx    0    1    0 0.493 342.1  66.0  29.0  10.0
1997 614.000    8052 B    Bxo   51    6   30 0.515  57.5  29.0  17.0 -27.0
1997 615.000    8050 B    Bxo   16    3   10 0.572 325.0  65.0  29.0  22.0
1997 615.000    8052 B    Cro   55    8   30 0.370  38.4  29.0  18.0 -14.0
1997 616.000    8050 A    Axx    0    1    0 0.670 312.5  63.0  28.0  34.0
1997 616.000    8052 B    Cro   57    8   30 0.290   6.6  27.0  18.0  -2.0
1997 617.000    8050 A    Axx    0    1    0 0.790 307.9  62.0  30.0  46.0
1997 617.000    8052 B    Dri  131   17   70 0.339 327.6  27.0  18.0  11.0
1997 618.000    8050 A    Axx    0    1    0 0.889 299.8  63.0  27.0  60.0
1997 618.000    8052 B    Bxo   52   10   30 0.489 308.2  27.0  19.0  24.0
1997 619.000    8052 B    Bxo   29    5   20 0.664 295.7  29.0  18.0  39.0
1997 619.000    8053 B    Cro   30    4   20 0.661 136.0 319.0 -27.0 -31.0
1997 620.000    8053 B    Bxo   33    6   20 0.534 150.5 320.0 -26.0 -17.0
1997 621.000    8053 A    Axx   17    2   10 0.491 169.1 317.0 -27.0  -6.0
1997 621.000    8054 A    Axx    0    1    0 0.951 276.8  35.0   7.0  72.0
1997 622.000    8053 A    Axx    0    1    0 0.496 192.6 317.0 -27.0   7.0
1997 623.000    8055 B    Bxo   19    5   10 0.261  31.0 289.0  15.0  -8.0
1997 624.000    8055 B    Bxo   19    4   10 0.244 335.5 290.0  15.0   6.0
1997 625.000    8055 B    Bxo   18    4   10 0.411 302.7 292.0  15.0  21.0
1997 626.000    8055 B    Bxo    0    2    0 0.585 292.6 292.0  15.0  34.0
1997 626.000    8056 B    Cro   73   12   40 0.389 310.6 276.0  17.0  18.0
1997 627.000    8056 B    Dao   65   13   40 0.581 296.2 277.0  17.0  33.0
1997 628.000    8056 B    Dro   39    9   30 0.747 290.5 278.0  17.0  47.0
1997 629.000    8056 B    Bxo    9    4   10 0.879 287.9 279.0  17.0  61.0
1997 629.000    8057 A    Axx    0    2    0 0.492  21.4 206.0  30.0 -12.0
1997 630.000    8056 A    Axx    0    2    0 0.941 289.2 275.0  19.0  70.0
1997 630.000    8057 A    Axx    0    2    0 0.473 354.6 208.0  31.0   3.0
1997 7 3.000    8058 B    Bxo   13    2   10 0.751 118.9 121.0 -19.0 -44.0
1997 7 4.000    8058 A    Axx    0    2    0 0.626 132.2 122.0 -22.0 -30.0
1997 7 5.000    8059 A    Axx    0    2    0 0.552 176.9 137.0 -30.0  -2.0
1997 7 6.000    8059 A    Axx    0    1    0 0.589 200.8 140.0 -30.0  14.0
1997 7 7.000    8059 A    Axx    0    1    0 0.667 209.8 136.0 -32.0  23.0
1997 7 8.000    8059 B    Bxo   26    4   20 0.753 222.0 134.0 -31.0  36.0
1997 7 8.000    8060 B    Bxo   18    2   10 0.325  85.5  79.0   5.0 -19.0
1997 7 9.000    8059 B    Bxo   10    3   10 0.857 230.0 135.0 -31.0  50.0
1997 7 9.000    8060 B    Bxo    0    2    0 0.106  78.8  79.0   5.0  -6.0
1997 710.000    8059 B    Axx   14    4   20 0.932 231.1 133.0 -34.0  61.0
1997 710.000    8060 B    Bxo   59    8   30 0.156 270.7  81.0   4.0   9.0
1997 711.000    8060 B    Bxo   18    7   10 0.374 273.3  81.0   5.0  22.0
1997 715.000    8061 A    Axx   18    1   10 0.431 184.3   8.0 -21.0   2.0
1997 718.000    8062 A    Axx    0    1    0 0.914  66.9 260.0  23.0 -66.0
1997 719.000    8062 A    Axx    0    1    0 0.802  64.8 261.0  23.0 -52.0
1997 721.000    8063 B    Bxo   16    2   10 0.533 200.7 299.0 -25.0  12.0
1997 723.000    8064 A    Axx    5    1   10 0.962  68.6 186.0  22.0 -75.0
1997 724.000    8062 B    Dro   55    7   30 0.397 339.4 256.0  27.0   9.0
1997 724.000    8064 B    Cro   28    4   30 0.878  65.5 186.0  24.0 -61.0
1997 725.000    8062 B    Dro   51    4   30 0.502 318.4 256.0  27.0  22.0
1997 725.000    8064 B    Cro   52    4   40 0.750  63.8 187.0  23.0 -47.0
1997 725.000    8065 B    Bxo   28    6   20 0.690 289.1 277.0  17.0  43.0
1997 726.000    8062 B    Bxo   29    6   20 0.666 307.0 258.0  28.0  37.0
1997 726.000    8064 B    Bxo   16    5   10 0.587  59.3 188.0  22.0 -33.0
1997 726.000    8065 BG   Dso  167   11  150 0.829 288.1 277.0  18.0  56.0
1997 726.000    8066 B    Bxo   12    3   20 0.952  68.6 148.0  22.0 -73.0
1997 727.000    8062 A    Axx   11    3   10 0.810 300.8 260.0  28.0  52.0
1997 727.000    8064 B    Bxo   18    3   10 0.429  47.6 188.0  22.0 -20.0
1997 727.000    8065 B    Dao   98    9  140 0.935 286.1 278.0  17.0  70.0
1997 727.000    8066 B    Bxo   20    3   20 0.861  66.5 149.0  23.0 -59.0
1997 728.000    8062 A    Axx    8    2   10 0.909 298.3 260.0  28.0  65.0
1997 728.000    8064 A    Axx   19    2   10 0.290  12.9 191.0  22.0  -4.0
1997 728.000    8065 B    Dao   47    6  150 0.987 285.4 277.0  16.0  82.0
1997 728.000    8066 B    Bxo   13    3   10 0.741  62.4 149.0  24.0 -46.0
1997 729.000    8064 B    Bxo   18    5   10 0.330 343.2 187.0  24.0   6.0
1997 729.000    8066 A    Axx    0    1    0 0.631  54.8 146.0  26.0 -35.0
1997 730.000    8064 B    Bxo    0    3    0 0.448 312.6 189.0  23.0  21.0
1997 730.000    8066 A    Axx    0    1    0 0.498  42.1 146.0  27.0 -22.0
1997 731.000    8066 A    Axx    0    2    0 0.345  24.5 146.0  24.0  -9.0
1997 8 3.000    8067 A    Axx    8    1   10 0.903  86.2  51.0   6.0 -65.0
1997 8 4.000    8067 A    Axx    0    1    0 0.785  88.4  50.0   5.0 -52.0
1997 8 4.000    8068 B    Bxo   44    6   30 0.680 132.0  69.0 -22.0 -33.0
1997 8 5.000    8068 A    Hsx   33    2   20 0.548 148.5  71.0 -22.0 -18.0
1997 8 6.000    8068 B    Cso   35    2   20 0.467 167.9  70.0 -21.0  -6.0
1997 8 6.000    8069 B    Bxo   15    6   10 0.601 297.1 111.0  21.0  35.0
1997 8 6.000    8070 A    Axx    0    1    0 0.851 118.1  23.0 -20.0 -53.0
1997 8 7.000    8068 A    Hsx   17    1   10 0.480 197.7  72.0 -21.0   9.0
1997 8 7.000    8069 B    Dao  132   11  100 0.751 292.6 111.0  21.0  48.0
1997 8 7.000    8070 B    Bxo   13    3   10 0.719 124.2  24.0 -19.0 -39.0
1997 8 8.000    8068 A    Hrx   16    2   10 0.560 218.9  72.0 -20.0  22.0
1997 8 8.000    8069 B    Dao   95   14  100 0.880 290.5 112.0  21.0  62.0
1997 8 8.000    8070 B    Dso   48    9   30 0.578 136.3  25.0 -19.0 -25.0
1997 8 9.000    8068 A    Axx    0    1    0 0.700 234.4  72.0 -19.0  37.0
1997 8 9.000    8069 B    Dso   65    8  110 0.955 292.1 109.0  23.0  74.0
1997 8 9.000    8070 B    Dao  105   12   60 0.477 157.9  24.0 -20.0 -11.0
1997 8 9.000    8071 B    Cro   57    4   60 0.880  69.5 333.0  21.0 -62.0
1997 810.000    8069 B    Cso    6    5   30 0.994 290.5 108.0  21.0  86.0
1997 810.000    8070 B    Cso   89   12   50 0.446 182.1  23.0 -20.0   1.0
1997 810.000    8071 B    Bxo   12    3   10 0.772  61.4 333.0  26.0 -49.0
1997 810.000    8072 A    Axx    0    1    0 0.423  52.3   1.0  21.0 -21.0
1997 811.000    8070 B    Cso   51    7   30 0.505 208.8  24.0 -20.0  15.0
1997 811.000    8071 B    Bxo   15    4   10 0.647  56.8 332.0  26.0 -37.0
1997 812.000    8070 B    Bxo   15    5   10 0.639 227.4  25.0 -20.0  30.0
1997 812.000    8071 B    Cso   53    6   30 0.448  43.8 335.0  25.0 -20.0
1997 812.000    8073 A    Hsx   52    1   90 0.956  77.3 281.0  14.0 -74.0
1997 812.000    8074 A    Hsx   50    1   90 0.960  64.8 280.0  26.0 -75.0
1997 813.000    8070 B    Bxo   13    7   10 0.756 236.3  24.0 -20.0  42.0
1997 813.000    8071 B    Cao   56    8   30 0.351  18.2 335.0  26.0  -7.0
1997 813.000    8073 A    Hsx   69    1   70 0.869  76.5 281.0  15.0 -61.0
1997 813.000    8074 A    Hsx   27    1   30 0.890  64.1 279.0  26.0 -63.0
1997 814.000    8070 B    Cao   49   10   50 0.868 242.4  24.0 -20.0  55.0
1997 814.000    8071 B    Cao   56    6   30 0.350 341.7 336.0  26.0   7.0
1997 814.000    8073 A    Hsx   79    1   60 0.751  77.2 280.0  14.0 -49.0
1997 814.000    8074 B    Cso   48    4   40 0.800  62.3 277.0  26.0 -52.0
1997 815.000    8070 B    Dso   25    4   40 0.949 247.4  23.0 -19.0  68.0
1997 815.000    8071 A    Hrx   17    2   10 0.477 315.1 337.0  26.0  22.0
1997 815.000    8073 A    Hsx   96    1   60 0.589  75.4 279.0  14.0 -36.0
1997 815.000    8074 A    Hsx   45    2   30 0.661  56.1 277.0  27.0 -38.0
1997 816.000    8070 A    Axx    1    1   10 0.996 249.1  24.0 -20.0  82.0
1997 816.000    8071 B    Bxo   15    2   10 0.634 303.5 338.0  26.0  36.0
1997 816.000    8073 A    Hsx  127    1   70 0.407  68.0 279.0  15.0 -23.0
1997 816.000    8074 B    Cso   50    5   30 0.540  48.5 275.0  27.0 -27.0
1997 816.000    8075 A    Axx    0    1    0 0.751  56.9 256.0  29.0 -46.0
1997 817.000    8073 A    Hsx  137    1   70 0.197  43.0 281.0  15.0  -8.0
1997 817.000    8074 A    Hrx   36    1   20 0.387  26.1 278.0  27.0 -11.0
1997 817.000    8075 A    Axx   16    1   10 0.598  48.9 258.0  29.0 -31.0
1997 818.000    8073 A    Hsx  118    1   60 0.158 334.7 280.0  15.0   4.0
1997 818.000    8074 A    Axx    0    2    0 0.346 354.8 278.0  27.0   2.0
1997 819.000    8073 A    Hsx  114    1   60 0.312 294.5 280.0  14.0  17.0
1997 820.000    8073 A    Hsx  102    1   60 0.519 285.7 280.0  14.0  31.0
1997 821.000    8073 A    Hsx   72    1   50 0.692 283.0 280.0  14.0  44.0
1997 822.000    8073 A    Hsx   61    1   60 0.860 281.0 283.0  13.0  60.0
1997 823.000    8073 A    Hsx   48    1   70 0.939 282.4 281.0  14.0  71.0
1997 824.000    8073 A    Axx    4    1   20 0.994 282.4 282.0  13.0  85.0
1997 826.000    8076 B    Cro   72    9   80 0.891  61.0 107.0  29.0 -63.0
1997 826.000    8077 B    Bxo    8    3   10 0.906 119.5 111.0 -23.0 -59.0
1997 827.000    8076 B    Dai  192    9  160 0.798  57.5 106.0  30.0 -51.0
1997 827.000    8077 A    Axx    0    1    0 0.797 124.6 112.0 -22.0 -45.0
1997 828.000    8076 B    Cso  150   11  100 0.658  53.2 107.0  29.0 -37.0
1997 828.000    8078 A    Axx   17    2   10 0.458  66.4 118.0  17.0 -26.0
1997 829.000    8076 BG   Dsi  341   25  200 0.522  43.0 107.0  29.0 -24.0
1997 829.000    8078 A    Axx   19    3   10 0.254  52.0 119.0  16.0 -12.0
1997 829.000    8079 A    Axx   19    3   10 0.217  50.5 121.0  15.0 -10.0
1997 830.000    8076 BG   Esi  514   32  280 0.395  25.2 107.0  28.0 -11.0
1997 830.000    8078 A    Axx    0    2    0 0.253  18.8 113.0  21.0  -5.0
1997 830.000    8079 A    Axx    0    3    0 0.145 339.6 121.0  15.0   3.0
1997 831.000    8076 BG   Esi  373   29  200 0.356 357.5 105.0  28.0   1.0
1997 831.000    8078 B    Bxo   19    5   10 0.237 339.8 109.0  20.0   5.0
1997 831.000    8080 B    Bxo   16    5   10 0.531 292.7 135.0  18.0  31.0
1997 9 1.000    8076 B    Esi  377   32  210 0.438 328.9 106.0  29.0  15.0
1997 9 1.000    8078 B    Bxo   18    4   10 0.403 307.6 111.0  21.0  20.0
1997 9 1.000    8080 A    Axx    0    3    0 0.685 288.7 134.0  18.0  43.0
1997 9 1.000    8081 A    Hrx   12    1   20 0.946  56.5  19.0  34.0 -72.0
1997 9 2.000    8076 BG   Fsi  349   28  210 0.554 311.6 106.0  28.0  28.0
1997 9 2.000    8078 A    Axx   16    8   10 0.570 296.8 111.0  21.0  33.0
1997 9 2.000    8080 A    Axx    0    1    0 0.824 286.9 134.0  18.0  56.0
1997 9 2.000    8081 A    Hsx   18    2   20 0.883  55.2  17.0  34.0 -61.0
1997 9 2.000    8082 A    Axx    0    1    0 0.932  69.2   8.0  22.0 -70.0
1997 9 3.000    8076 B    Fsi  298   20  210 0.704 303.0 107.0  28.0  42.0
1997 9 3.000    8078 A    Axx   13    3   10 0.725 292.2 111.0  21.0  46.0
1997 9 3.000    8081 A    Hrx   23    3   20 0.801  52.5  15.0  34.0 -50.0
1997 9 3.000    8082 A    Axx    0    1    0 0.844  69.7   7.0  21.0 -58.0
1997 9 4.000    8076 B    Esi  179   17  160 0.827 299.1 107.0  28.0  55.0
1997 9 4.000    8081 A    Axx   29    4   20 0.686  46.6  15.0  34.0 -37.0
1997 9 4.000    8083 B    Cro   62    4   70 0.896 126.2 357.0 -28.0 -55.0
1997 9 5.000    8076 B    Eso   94    6  110 0.902 296.5 103.0  27.0  65.0
1997 9 5.000    8081 A    Axx   16    2   10 0.577  39.5  12.0  33.0 -26.0
1997 9 5.000    8082 A    Axx    0    1    0 0.611  63.1   2.0  22.0 -36.0
1997 9 5.000    8083 B    Dso  243    7  200 0.793 132.5 357.0 -27.0 -41.0
1997 9 6.000    8076 A    Hsx   14    1   50 0.989 295.3 109.0  26.0  84.0
1997 9 6.000    8081 B    Bxo   17    4   10 0.503  29.2   8.0  33.0 -17.0
1997 9 6.000    8082 B    Bxo   54   11   30 0.428  54.8   3.0  21.0 -22.0
1997 9 6.000    8083 B    Dko  433   11  300 0.691 142.7 357.0 -27.0 -28.0
1997 9 6.000    8084 B    Bxo    9    2   10 0.893  69.0 321.0  22.0 -64.0
1997 9 7.000    8076 A    Axx    0    1    0 0.999 294.9 103.0  25.0  91.0
1997 9 7.000    8081 A    Axx   18    1   10 0.398  13.2   6.0  30.0  -6.0
1997 9 7.000    8082 B    Cso   95   10   50 0.280  31.4   3.0  21.0  -9.0
1997 9 7.000    8083 B    Dao  477   11  300 0.605 157.6 357.0 -27.0 -15.0
1997 9 7.000    8084 A    Hrx   12    1   10 0.780  67.5 321.0  22.0 -51.0
1997 9 7.000    8085 A    Hsx   14    1   40 0.983 116.2 297.0 -24.0 -75.0
1997 9 8.000    8081 A    Axx    0    1    0 0.490 337.6  12.0  34.0  13.0
1997 9 8.000    8082 B    Dso   77   10   40 0.247 344.7   3.0  21.0   4.0
1997 9 8.000    8083 B    Dai  586   14  360 0.580 173.9 355.0 -28.0  -4.0
1997 9 8.000    8084 A    Hrx   15    3   10 0.607  64.6 323.0  21.0 -36.0
1997 9 8.000    8085 B    Eao  156    6  230 0.940 120.0 295.0 -25.0 -64.0
1997 9 9.000    8082 B    Cro   37    7   20 0.365 311.7   3.0  21.0  17.0
1997 9 9.000    8083 B    Dai  725   19  450 0.592 193.5 355.0 -28.0   9.0
1997 9 9.000    8084 B    Cao  122   15   70 0.479  58.6 320.0  21.0 -26.0
1997 9 9.000    8085 B    Fki  448   16  460 0.873 124.0 293.0 -25.0 -53.0
1997 910.000    8082 B    Bxo   16    4   10 0.544 297.9   4.0  21.0  31.0
1997 910.000    8083 B    Dko  813   15  540 0.658 210.2 355.0 -28.0  22.0
1997 910.000    8084 B    Dai  320   19  170 0.332  39.0 320.0  22.0 -13.0
1997 910.000    8085 BG   Fki  826   23  650 0.772 131.0 293.0 -25.0 -40.0
1997 911.000    8083 B    Dko  934   19  710 0.753 222.3 354.0 -28.0  35.0
1997 911.000    8084 B    Dsi  522   22  270 0.255 356.4 320.0  22.0   1.0
1997 911.000    8085 BG   Fki  901   24  610 0.673 142.7 292.0 -26.0 -27.0
1997 912.000    8083 B    Dko  632   11  600 0.850 230.5 354.0 -28.0  48.0
1997 912.000    8084 B    Eai  452   20  240 0.332 321.0 319.0  22.0  13.0
1997 912.000    8085 BG   Fki  967   25  600 0.592 156.9 291.0 -26.0 -15.0
1997 912.000    8086 B    Bxo    5    2   10 0.963  63.9 230.0  27.0 -76.0
1997 913.000    8083 B    Eko  270   12  340 0.917 236.4 352.0 -27.0  59.0
1997 913.000    8084 BGD  Eao  419   22  240 0.486 303.3 319.0  22.0  26.0
1997 913.000    8085 B    Fki  785   33  470 0.549 176.7 291.0 -26.0  -2.0
1997 914.000    8083 B    Dao  114    7  290 0.980 239.5 353.0 -28.0  73.0
1997 914.000    8084 BG   Eao  350   16  230 0.648 295.7 319.0  22.0  39.0
1997 914.000    8085 B    Fki  621   18  380 0.576 198.9 292.0 -26.0  12.0
1997 914.000    8086 B    Cso   50    4   40 0.781  61.0 230.0  27.0 -50.0
1997 915.000    8083 A    Hsx    2    1   60 1.000 242.6 352.0 -27.0  85.0
1997 915.000    8084 BG   Eso  324   12  270 0.800 292.2 320.0  22.0  53.0
1997 915.000    8085 B    Fki  572   16  380 0.658 215.3 292.0 -26.0  25.0
1997 915.000    8086 B    Cso  119    5   80 0.663  55.1 229.0  28.0 -38.0
1997 916.000    8084 BG   Dao  216   10  240 0.893 289.9 317.0  21.0  64.0
1997 916.000    8085 B    Fko  433    8  330 0.753 225.9 290.0 -26.0  37.0
1997 916.000    8086 B    Dai  337   13  200 0.536  49.0 226.0  27.0 -27.0
1997 917.000    8084 B    Eao  136    6  270 0.967 290.9 317.0  22.0  77.0
1997 917.000    8085 A    Hkx  314    4  340 0.886 236.9 295.0 -25.0  55.0
1997 917.000    8086 B    Dso  327   22  180 0.418  30.7 226.0  28.0 -14.0
1997 918.000    8084 B    Dro   12    6   80 0.997 291.6 315.0  22.0  88.0
1997 918.000    8085 A    Hax  112    2  250 0.974 242.2 299.0 -25.0  72.0
1997 918.000    8086 B    Eso  300   14  160 0.340  -0.0 227.0  27.0   0.0
1997 919.000    8085 A    Hhx    4    1   80 1.000 244.6 299.0 -25.0  85.0
1997 919.000    8086 B    Cso  220    9  120 0.396 334.8 225.0  28.0  11.0
1997 920.000    8086 B    Cso  154    8   90 0.515 313.0 226.0  27.0  25.0
1997 921.000    8086 B    Cso   89    5   60 0.669 306.4 226.0  29.0  38.0
1997 922.000    8086 B    Cso   57    6   50 0.816 297.0 228.0  26.0  54.0
1997 922.000    8087 A    Hsx   14    1   30 0.971 114.8 102.0 -22.0 -72.0
1997 922.000    8088 B    Bxo    9    2   10 0.883 127.0 121.0 -28.0 -53.0
1997 923.000    8086 B    Cao   31    3   40 0.921 294.2 229.0  25.0  68.0
1997 923.000    8087 A    Hsx   44    1   50 0.894 117.7 103.0 -21.0 -58.0
1997 923.000    8088 B    Cso  177   13  140 0.774 135.4 123.0 -28.0 -38.0
1997 924.000    8086 A    Axx    0    1    0 0.984 294.2 230.0  25.0  82.0
1997 924.000    8087 A    Hax   74    2   60 0.782 124.0 104.0 -21.0 -44.0
1997 924.000    8088 B    Dao  342   15  230 0.668 147.5 124.0 -28.0 -24.0
1997 925.000    8087 A    Hsx   58    2   40 0.678 133.5 103.0 -22.0 -32.0
1997 925.000    8088 BG   Eai  419   25  260 0.591 165.0 125.0 -28.0 -10.0
1997 926.000    8087 B    Bxo   47    5   30 0.607 143.7  99.0 -23.0 -23.0
1997 926.000    8088 BG   Eai  475   25  290 0.574 184.6 125.0 -28.0   3.0
1997 927.000    8087 A    Axx   16    2   10 0.581 158.0  94.0 -26.0 -14.0
1997 927.000    8088 B    Eso  388   18  250 0.630 202.5 124.0 -29.0  16.0
1997 928.000    8087 A    Axx    0    1    0 0.535 169.8  89.0 -25.0  -6.0
1997 928.000    8088 B    Dao  333   12  240 0.719 217.4 125.0 -29.0  30.0
1997 929.000    8088 B    Dao  311   13  260 0.801 225.7 123.0 -29.0  41.0
1997 930.000    8088 B    Dao  185    5  210 0.897 233.0 124.0 -29.0  55.0
1997 930.000    8089 A    Axx   14    2   10 0.703 291.8 113.0  20.0  44.0
199710 1.000    8088 B    Cao  113    4  200 0.959 237.1 123.0 -29.0  67.0
199710 1.000    8090 A    Hsx   31    1   60 0.964 120.4 347.0 -27.0 -69.0
199710 2.000    8088 A    Hax    5    1   80 0.999 240.5 126.0 -29.0  84.0
199710 2.000    8090 A    Hsx   54    1   60 0.890 124.9 347.0 -27.0 -55.0
199710 2.000    8091 B    Bxo   13    6   20 0.945  69.0 330.0  22.0 -72.0
199710 3.000    8090 A    Hsx   49    1   40 0.788 132.1 348.0 -27.0 -41.0
199710 3.000    8091 B    Cro   39    5   40 0.867  64.9 329.0  25.0 -60.0
199710 4.000    8090 A    Hsx   43    1   30 0.683 142.2 348.0 -27.0 -28.0
199710 4.000    8091 B    Cso   79    6   60 0.749  62.2 329.0  25.0 -47.0
199710 5.000    8090 A    Hsx   48    1   30 0.594 157.2 348.0 -27.0 -15.0
199710 5.000    8091 B    Cso   64    5   40 0.597  59.6 329.0  23.0 -34.0
199710 6.000    8090 A    Hrx   16    1   10 0.567 175.3 347.0 -28.0  -3.0
199710 6.000    8091 B    Cso   53    5   30 0.441  48.4 329.0  23.0 -21.0
199710 7.000    8090 A    Hrx   16    1   10 0.583 195.2 347.0 -28.0  10.0
199710 7.000    8091 B    Bxo   18    3   10 0.324  20.1 330.0  24.0  -7.0
199710 8.000    8090 A    Axx    0    1    0 0.661 212.9 347.0 -28.0  24.0
199710 8.000    8091 A    Axx    0    1    0 0.337 334.9 332.0  24.0   9.0
199710 8.000    8092 B    Bxo   10    3   10 0.842  65.5 266.0  24.0 -57.0
199710 9.000    8092 B    Bxo   14    7   10 0.684  61.2 269.0  24.0 -41.0
19971010.000    8092 B    Bxo   16    4   10 0.541  51.8 269.0  25.0 -28.0
19971010.000    8093 B    Bxo   13    3   10 0.721  50.5 256.0  32.0 -41.0
19971011.000    8092 A    Axx    0    2    0 0.372  33.5 271.0  24.0 -13.0
19971011.000    8093 B    Cro   48    5   30 0.581  42.1 257.0  31.0 -27.0
19971011.000    8094 B    Bxo   17    7   10 0.479 308.7 308.0  23.0  24.0
19971012.000    8093 B    Cro   70    6   40 0.473  26.0 257.0  31.0 -14.0
19971012.000    8094 B    Bxo   15    5   10 0.627 296.4 308.0  21.0  37.0
19971013.000    8092 A    Axx    0    1    0 0.381 341.0 265.0  27.0   8.0
19971013.000    8093 B    Dso  108    9   60 0.424   2.0 256.0  31.0  -1.0
19971013.000    8094 B    Bxo   25    8   20 0.772 291.1 307.0  20.0  50.0
19971013.000    8095 B    Bxo   13    2   10 0.737  49.6 215.0  33.0 -42.0
19971014.000    8093 B    Dao  159   12   90 0.462 337.3 256.0  31.0  12.0
19971014.000    8094 B    Bxo   18    4   20 0.888 289.5 307.0  20.0  63.0
19971014.000    8095 A    Axx    0    2    0 0.646  43.4 212.0  33.0 -32.0
19971015.000    8093 B    Dao  150   10   90 0.547 322.3 254.0  31.0  23.0
19971015.000    8094 A    Axx    0    1    0 0.956 290.2 305.0  21.0  74.0
19971015.000    8096 B    Bxo   19    3   20 0.879  77.2 169.0  14.0 -62.0
19971016.000    8093 B    Cao  103    9   70 0.675 309.4 255.0  30.0  37.0
19971016.000    8096 B    Cso   68    6   50 0.732  74.8 171.0  15.0 -47.0
19971016.000    8097 A    Hsx   29    2   60 0.970  72.8 141.0  18.0 -77.0
19971017.000    8093 B    Cso   96    8   80 0.798 303.7 255.0  30.0  50.0
19971017.000    8096 B    Bxo   49    5   30 0.566  73.4 171.0  14.0 -34.0
19971017.000    8097 B    Cso   44    2   60 0.929  75.0 136.0  16.0 -69.0
19971018.000    8093 B    Cso   63    9   70 0.893 302.0 254.0  31.0  62.0
19971018.000    8096 B    Bxo   74   10   40 0.375  68.7 171.0  13.0 -21.0
19971018.000    8097 B    Cso   87    3   80 0.837  73.3 135.0  17.0 -57.0
19971019.000    8093 B    Bxo   21    5   40 0.963 300.7 253.0  31.0  75.0
19971019.000    8096 B    Cso   58    7   30 0.189  45.8 170.0  13.0  -8.0
19971019.000    8097 B    Cso   86    3   60 0.690  71.0 135.0  17.0 -43.0
19971020.000    8093 B    Bxo    1    2   30 1.000 297.0 255.0  27.0  91.0
19971020.000    8096 B    Cso   59    4   30 0.142 339.0 167.0  13.0   3.0
19971020.000    8097 A    Hsx   52    1   30 0.469  63.4 138.0  17.0 -26.0
19971021.000    8096 A    Hsx   38    4   20 0.302 297.1 167.0  13.0  16.0
19971021.000    8097 A    Hsx   76    1   40 0.286  49.0 138.0  16.0 -13.0
19971022.000    8096 B    Bxo   17    3   10 0.495 287.2 167.0  13.0  29.0
19971022.000    8097 B    Cro   78    4   40 0.188 354.9 139.0  16.0   1.0
19971023.000    8097 B    Bxo   19    3   10 0.301 309.4 139.0  16.0  14.0
19971025.000    8098 A    Axx    0    1    0 0.516 185.2 101.0 -26.0   3.0
19971026.000    8099 B    Cro   17    3   20 0.898  70.1  21.0  20.0 -64.0
19971027.000    8099 B    Cso   36    4   30 0.795  69.7  20.0  19.0 -52.0
19971028.000    8098 B    Bxo   12    3   10 0.769 234.7 102.0 -23.0  43.0
19971028.000    8099 B    Cso   77    6   50 0.627  65.2  22.0  19.0 -37.0
19971028.000    8100 B    Cso   53    5   80 0.942 114.2 352.0 -21.0 -67.0
19971029.000    8098 A    Axx    0    1    0 0.883 240.9 103.0 -23.0  57.0
19971029.000    8099 B    Cso  107   10   60 0.449  55.4  23.0  19.0 -23.0
19971029.000    8100 B    Cao  132    9  130 0.860 116.5 351.0 -20.0 -55.0
19971030.000    8099 B    Bxo   18    6   10 0.323  33.7  21.0  20.0 -11.0
19971030.000    8100 B    Dao  256   15  200 0.767 122.3 348.0 -21.0 -44.0
19971031.000    8099 BG   Cro   57    9   30 0.274 349.7  22.0  20.0   3.0
19971031.000    8100 B    Dao  348   22  220 0.611 129.3 349.0 -19.0 -30.0
199711 1.000    8099 BG   Cro   55    8   30 0.368 310.9  23.0  18.0  17.0
199711 1.000    8100 B    Eki  457   16  260 0.475 149.2 351.0 -20.0 -15.0
199711 1.000    8101 A    Axx    0    1    0 0.954 248.6  76.0 -19.0  70.0
199711 2.000    8099 B    Bxo   15    3   10 0.601 294.8  28.0  18.0  35.0
199711 2.000    8100 BG   Eai  386   27  210 0.394 177.6 352.0 -19.0  -1.0
199711 2.000    8101 B    Bxo    1    2   10 0.996 251.5  76.0 -18.0  83.0
199711 3.000    8099 A    Axx    0    1    0 0.785 289.8  31.0  18.0  51.0
199711 3.000    8100 BG   Eki  521   36  290 0.437 206.7 352.0 -19.0  12.0
199711 3.000    8102 B    Cao   88    7   50 0.474  22.3 328.0  30.0 -12.0
199711 4.000    8099 A    Axx    0    1    0 0.906 288.0  31.0  18.0  65.0
199711 4.000    8100 BGD  Fkc 1071   34  660 0.584 226.9 353.0 -20.0  27.0
199711 4.000    8102 A    Axx    0    1    0 0.440   3.9 324.0  30.0  -2.0
199711 5.000    8100 BGD  Fkc 1399   37 1000 0.714 235.3 352.0 -21.0  39.0
199711 5.000    8103 B    Bxo   55   11   30 0.374  22.5 304.0  24.0  -9.0
199711 6.000    8100 BGD  Fkc  975   19  900 0.840 243.3 353.0 -20.0  53.0
199711 6.000    8103 B    Dro   75   12   40 0.333 351.7 303.0  23.0   3.0
199711 7.000    8100 BG   Fkc  505   21  760 0.943 248.4 355.0 -19.0  68.0
199711 7.000    8103 B    Cao  145   19   80 0.418 319.5 304.0  22.0  17.0
199711 8.000    8100 BG   Eki  242   17  630 0.981 249.9 351.0 -19.0  77.0
199711 8.000    8103 BG   Cso   79   11   50 0.601 302.9 307.0  22.0  33.0
199711 8.000    8104 A    Axx    5    2   10 0.955  59.6 202.0  30.0 -72.0
199711 9.000    8100 B    Eki   19    9  480 1.000 250.0 350.0 -20.0  90.0
199711 9.000    8103 B    Cso   84    9   60 0.708 299.6 302.0  23.0  42.0
199711 9.000    8104 A    Axx   32    1   30 0.846  58.8 205.0  28.0 -55.0
199711 9.000    8105 B    Bxo   14    2   10 0.684 154.6 239.0 -35.0 -21.0
19971110.000    8103 B    Bxo   19    7   20 0.872 291.1 307.0  20.0  60.0
19971110.000    8104 A    Axx   13    1   10 0.732  50.9 206.0  30.0 -41.0
19971110.000    8105 B    Bxo   16    3   10 0.573 158.3 233.0 -29.0 -14.0
19971111.000    8103 B    Dao   75    7  110 0.940 289.1 304.0  19.0  70.0
19971111.000    8104 A    Axx   15    1   10 0.603  42.9 206.0  29.0 -28.0
19971112.000    8103 B    Dao   35    4  120 0.989 289.8 303.0  20.0  82.0
19971112.000    8106 B    Cso   52    4   40 0.752 305.3 265.0  28.0  44.0
19971113.000    8103 B    Cao    3    3   60 1.000 290.1 301.0  20.0  93.0
19971113.000    8106 B    Cao   41    3   40 0.856 301.2 264.0  28.0  56.0
19971114.000    8106 B    Cso   37    5   60 0.951 298.6 266.0  28.0  71.0
19971114.000    8107 B    Dro   47    4   30 0.610 220.7 221.0 -25.0  26.0
19971114.000    8108 A    Hax   38    2   90 0.977  69.1 117.0  21.0 -78.0
19971115.000    8106 A    Hrx    4    1   20 0.993 297.9 265.0  28.0  84.0
19971115.000    8107 B    Cao   54    8   40 0.733 233.2 221.0 -24.0  40.0
19971115.000    8108 B    Eao  222    9  290 0.923  70.5 114.0  19.0 -67.0
19971116.000    8107 B    Cso   54    3   50 0.839 239.0 220.0 -24.0  52.0
19971116.000    8108 BG   Eao  410   12  400 0.858  68.2 110.0  20.0 -58.0
19971117.000    8107 A    Hrx   12    1   20 0.953 241.7 225.0 -26.0  69.0
19971117.000    8108 BG   Eai  510   26  360 0.706  62.3 114.0  21.0 -42.0
19971117.000    8109 A    Hrx    7    1   10 0.928 110.5  90.0 -18.0 -66.0
19971118.000    8107 A    Axx    0    2    0 0.994 245.5 225.0 -24.0  82.0
19971118.000    8108 BGD  Eko  697   36  420 0.557  54.4 114.0  21.0 -29.0
19971118.000    8109 B    Cro   35    6   30 0.811 114.3  92.0 -18.0 -51.0
19971119.000    8108 BG   Eki  644   34  350 0.390  42.0 114.0  19.0 -16.0
19971119.000    8109 B    Cso   43    6   30 0.682 121.3  92.0 -19.0 -38.0
19971119.000    8110 A    Axx    0    1    0 0.841  59.0  76.0  27.0 -54.0
19971120.000    8108 BGD  Eao  496   25  260 0.295   9.7 113.0  19.0  -3.0
19971120.000    8109 B    Dso   50    6   30 0.536 131.8  91.0 -19.0 -25.0
19971120.000    8110 A    Axx    0    1    0 0.711  51.4  77.0  28.0 -39.0
19971121.000    8108 BG   Eko  488   31  260 0.344 328.4 114.0  19.0  11.0
19971121.000    8109 B    Cso   91    6   50 0.401 153.2  92.0 -19.0 -11.0
19971122.000    8108 BGD  Eai  585   28  330 0.462 310.0 112.0  19.0  22.0
19971122.000    8109 B    Cro   56    4   30 0.356 180.0  90.0 -19.0   0.0
19971123.000    8108 BGD  Eai  558   26  370 0.656 297.5 115.0  19.0  38.0
19971123.000    8109 B    Bxo   17    4   10 0.458 219.6  95.0 -19.0  18.0
19971123.000    8111 B    Cso   15    2   30 0.964  66.6   3.0  23.0 -74.0
19971124.000    8108 BG   Eai  331   18  280 0.807 292.5 116.0  19.0  52.0
19971124.000    8109 B    Cro   48    6   30 0.580 235.1  94.0 -18.0  30.0
19971124.000    8111 B    Cro   36    5   40 0.891  63.7   3.0  24.0 -61.0
19971124.000    8112 A    Axx    0    1    0 0.875 110.5   5.0 -17.0 -59.0
19971125.000    8108 B    Eao  187   12  240 0.920 291.1 117.0  20.0  66.0
19971125.000    8109 B    Cro   25    3   20 0.768 244.9  98.0 -18.0  47.0
19971125.000    8111 B    Dso   74    5   60 0.783  60.1   3.0  24.0 -48.0
19971125.000    8112 A    Axx    0    1    0 0.765 118.0   5.0 -20.0 -46.0
19971126.000    8108 B    Dso   52    4  140 0.982 289.1 116.0  19.0  79.0
19971126.000    8109 A    Axx    9    1   10 0.889 245.4  97.0 -21.0  60.0
19971126.000    8111 A    Axx   15    1   10 0.646  54.8   2.0  23.0 -35.0
19971126.000    8112 A    Axx    0    1    0 0.601 119.4   4.0 -16.0 -33.0
19971126.000    8113 A    Hax   11    1  100 0.998  71.0 307.0  19.0 -87.0
19971127.000    8108 B    Bxo    1    2   20 1.000 288.0 116.0  18.0  92.0
19971127.000    8111 A    Axx   17    1   10 0.476  41.7   4.0  22.0 -20.0
19971127.000    8113 B    Eko  144   10  330 0.976  69.8 307.0  20.0 -77.0
19971128.000    8109 A    Axx    0    1    0 0.993 247.7  93.0 -22.0  82.0
19971128.000    8111 A    Axx   18    1   10 0.369  15.2   5.0  22.0  -6.0
19971128.000    8113 B    Eko  581   12  610 0.879  67.8 311.0  20.0 -60.0
19971129.000    8111 A    Axx    0    1    0 0.356 344.1   4.0  21.0   6.0
19971129.000    8113 BGD  Eko  863   19  680 0.773  64.6 310.0  20.0 -48.0
19971130.000    8111 A    Axx   17    1   10 0.471 320.1   4.0  22.0  19.0
19971130.000    8113 BG   Eho 1086   27  710 0.644  59.1 309.0  20.0 -36.0
199712 1.000    8113 BGD  Fsc 1636   46  940 0.492  42.4 310.0  22.0 -21.0
199712 2.000    8112 A    Axx   13    3   10 0.730 241.4 348.0 -20.0  43.0
199712 2.000    8113 BG   Fhi 1018   50  550 0.378  22.7 309.0  21.0  -9.0
199712 3.000    8113 BG   Eki 1147   44  610 0.340 348.9 309.0  20.0   4.0
199712 4.000    8113 BG   Eki 1079   32  600 0.437 323.9 308.0  21.0  16.0
199712 4.000    8114 B    Bxo   17    2   10 0.509 173.2 288.0 -30.0  -4.0
199712 5.000    8113 B    Ehi  693   26  420 0.564 309.0 307.0  21.0  28.0
199712 5.000    8114 A    Axx    0    1    0 0.518 193.5 287.0 -30.0   8.0
199712 6.000    8113 B    Eho  461   13  330 0.715 298.5 307.0  20.0  42.0
199712 6.000    8114 A    Axx    0    1    0 0.590 211.8 286.0 -30.0  21.0
199712 6.000    8115 B    Bxo   32    3   20 0.596 332.4 284.0  32.0  19.0
199712 6.000    8116 A    Axx    0    1    0 0.719  54.1 225.0  25.0 -40.0
199712 7.000    8113 B    Cao  299    7  280 0.845 295.1 307.0  21.0  55.0
199712 7.000    8115 B    Bxo   13    3   10 0.719 319.3 286.0  33.0  34.0
199712 7.000    8116 B    Cro   48    4   30 0.599  42.9 225.0  26.0 -27.0
199712 8.000    8113 B    Cao  121    5  190 0.947 291.2 309.0  20.0  70.0
199712 8.000    8114 A    Axx    0    1    0 0.831 235.7 290.0 -28.0  51.0
199712 8.000    8115 B    Bxo   11    3   10 0.814 312.2 285.0  33.0  46.0
199712 8.000    8116 B    Cso  141    8   80 0.471  25.6 226.0  25.0 -13.0
199712 8.000    8117 B    Bxo   14    3   10 0.679  54.7 202.0  23.0 -37.0
199712 9.000    8113 A    Hax   10    1  110 0.999 289.0 313.0  19.0  87.0
199712 9.000    8115 B    Bxo   16    3   20 0.906 308.3 285.0  34.0  59.0
199712 9.000    8116 B    Cso   90    4   50 0.430 353.7 229.0  25.0   3.0
199712 9.000    8117 B    Bxo   34    3   20 0.524  43.7 203.0  22.0 -23.0
199712 9.000    8118 B    Bxo   25    5   20 0.775 142.3 189.0 -38.0 -37.0
199712 9.000    8119 B    Bxo   33    6   20 0.534  -0.0 226.0  32.0   0.0
199712 9.000    8120 B    Bxo   45    5   30 0.648 124.9 191.0 -22.0 -35.0
19971210.000    8115 B    Bxo   10    2   20 0.967 304.4 285.0  33.0  72.0
19971210.000    8116 B    Cso  122    5   70 0.489 331.3 228.0  25.0  15.0
19971210.000    8117 B    Bxo   18    3   10 0.414  22.9 203.0  22.0 -10.0
19971210.000    8118 B    Cao   99    7   70 0.705 152.2 188.0 -39.0 -25.0
19971210.000    8119 B    Cro   82    8   50 0.569 340.4 226.0  32.0  13.0
19971210.000    8120 B    Cro   86    9   50 0.506 136.7 191.0 -22.0 -22.0
19971211.000    8116 B    Cso   63    3   40 0.614 316.6 228.0  26.0  28.0
19971211.000    8118 A    Hsx  108    1   70 0.634 168.9 191.0 -39.0  -9.0
19971211.000    8119 B    Dao  166    8  110 0.656 327.3 225.0  33.0  25.0
19971211.000    8120 B    Cao   73    7   40 0.400 156.3 190.0 -22.0 -10.0
19971211.000    8121 B    Bxo   20    3   20 0.857 299.9 255.0  25.0  55.0
19971212.000    8116 A    Hsx   26    1   20 0.739 307.1 227.0  26.0  41.0
19971212.000    8118 A    Hsx   62    1   40 0.622 183.8 189.0 -39.0   3.0
19971212.000    8119 B    Dso  132   15  100 0.749 315.8 224.0  32.0  38.0
19971212.000    8120 A    Axx    0    1    0 0.361 195.7 192.0 -21.0   6.0
19971212.000    8121 B    Bxo   13    3   20 0.942 296.9 254.0  25.0  68.0
19971212.000    8122 B    Dro   84   18   50 0.533 350.3 192.0  31.0   6.0
19971213.000    8116 A    Axx    0    1    0 0.845 301.8 226.0  26.0  53.0
19971213.000    8118 A    Hsx   77    1   50 0.634 197.5 187.0 -38.0  14.0
19971213.000    8119 B    Dao   86    8   80 0.840 311.1 222.0  33.0  49.0
19971213.000    8122 B    Dso  193   14  120 0.589 333.3 191.0  31.0  18.0
19971214.000    8116 A    Axx    0    1    0 0.942 295.9 228.0  24.0  68.0
19971214.000    8118 A    Hsx   69    1   50 0.721 208.8 187.0 -40.0  27.0
19971214.000    8119 B    Cao   68    6   90 0.925 304.3 223.0  31.0  63.0
19971214.000    8120 A    Axx    0    1    0 0.585 235.8 191.0 -20.0  31.0
19971214.000    8122 B    Dao  172   11  120 0.696 317.3 193.0  30.0  33.0
19971215.000    8116 A    Axx    0    1    0 0.993 295.3 229.0  25.0  82.0
19971215.000    8118 A    Hsx   47    1   40 0.801 216.4 186.0 -41.0  39.0
19971215.000    8119 B    Cao   17    2   70 0.992 301.4 228.0  31.0  81.0
19971215.000    8122 B    Dao  126    9  110 0.817 307.3 195.0  29.0  48.0
19971215.000    8123 B    Bxo    9    3   10 0.892  68.0  86.0  19.0 -61.0
19971216.000    8118 A    Hsx   29    1   30 0.871 224.7 186.0 -39.0  52.0
19971216.000    8119 A    Axx    0    1   10 1.000 302.0 222.0  32.0  88.0
19971216.000    8122 B    Eao  100    7  120 0.908 305.2 194.0  31.0  60.0
19971216.000    8123 B    Dso   78    7   60 0.756  64.8  88.0  18.0 -46.0
19971217.000    8118 A    Hsx   14    1   20 0.937 227.3 184.0 -40.0  64.0
19971217.000    8122 B    Eso   35    2   70 0.967 301.6 192.0  30.0  72.0
19971217.000    8123 B    Dso  239   10  150 0.601  57.0  88.0  18.0 -32.0
19971218.000    8118 A    Axx    7    1   20 0.984 230.6 185.0 -39.0  78.0
19971218.000    8122 A    Hsx    6    1   50 0.998 302.2 192.0  32.0  85.0
19971218.000    8123 B    Dso  230   10  130 0.464  44.5  87.0  18.0 -20.0
19971219.000    8123 B    Dso  186   14  100 0.365  15.7  88.0  19.0  -6.0
19971220.000    8123 B    Cso  130    6   70 0.362 338.5  89.0  18.0   8.0
19971221.000    8123 B    Dso  123    6   70 0.468 316.0  88.0  18.0  20.0
19971221.000    8124 A    Hsx   16    1   40 0.979 112.1 350.0 -22.0 -78.0
19971222.000    8123 B    Cso   60    3   40 0.652 300.9  91.0  18.0  36.0
19971222.000    8124 B    Eao  116    7  150 0.921 113.1 349.0 -22.0 -66.0
19971223.000    8123 A    Hsx   23    1   20 0.810 294.1  92.0  18.0  51.0
19971223.000    8124 BG   Eac  267   20  240 0.830 115.3 347.0 -22.0 -54.0
19971224.000    8123 A    Axx    0    1    0 0.914 290.8  92.0  18.0  64.0
19971224.000    8124 BGD  Ekc  854   27  590 0.690 120.2 348.0 -22.0 -40.0
19971224.000    8125 B    Bxo   14    3   10 0.713  60.4 347.0  19.0 -41.0
19971224.000    8126 A    Hhx   33    1  100 0.986  69.3 309.0  20.0 -79.0
19971225.000    8123 A    Axx    0    1    0 0.980 288.9  92.0  18.0  77.0
19971225.000    8124 BGD  Ekc  605   23  360 0.542 129.0 348.0 -22.0 -27.0
19971225.000    8125 B    Bxo    0    2    0 0.571  51.1 347.0  19.0 -28.0
19971225.000    8126 A    Hhx  116    1  160 0.931  66.4 309.0  21.0 -66.0
19971226.000    8124 BG   Eai  567   24  310 0.404 146.3 348.0 -22.0 -14.0
19971226.000    8125 A    Axx    0    1    0 0.447  35.6 346.0  19.0 -16.0
19971226.000    8126 A    Hkx  170    1  160 0.846  63.2 308.0  21.0 -54.0
19971227.000    8124 BG   Esi  490   17  260 0.334 177.2 348.0 -22.0  -1.0
19971227.000    8126 B    Cho  277    2  200 0.721  58.8 308.0  20.0 -41.0
19971227.000    8127 A    Axx    0    1    0 0.818 251.0  43.0 -17.0  54.0
19971228.000    8124 BG   Esc  427   20  230 0.370 211.6 347.0 -21.0  12.0
19971228.000    8126 A    Hsx  290    3  180 0.591  47.9 307.0  21.0 -28.0
19971228.000    8128 B    Bxo    9    3   10 0.868 304.6  29.0  28.0  54.0
19971229.000    8124 BG   Eai  332   15  190 0.486 231.9 345.0 -20.0  24.0
19971229.000    8126 B    Cho  366    8  210 0.489  31.5 305.0  22.0 -16.0
19971229.000    8128 B    Bxo    6    2   10 0.952 300.6  29.0  28.0  68.0
19971230.000    8124 BGD  Eso  306   12  200 0.642 241.8 345.0 -20.0  37.0
19971230.000    8126 B    Dko  425    7  230 0.382  12.5 303.0  19.0  -5.0
19971230.000    8128 B    Bxo    0    2   10 1.000 297.1  35.0  27.0  87.0
19971230.000    8129 B    Bxo   13    3   10 0.724  45.8 272.0  28.0 -36.0
19971230.000    8130 B    Bxo   31    5   20 0.625 135.6 278.0 -29.0 -30.0
19971231.000    8124 BGD  Dao  176    8  160 0.835 245.5 350.0 -22.0  55.0
19971231.000    8126 BG   Hkx  395    7  220 0.437 338.2 305.0  21.0  10.0
19971231.000    8130 B    Dao   86   11   50 0.502 151.3 279.0 -29.0 -16.0
