1994 1 1.000    7640 BG   Fki  444   15  840 0.964 279.2 207.0   8.0  74.0
1994 1 1.000    7641 A    Hso   51    1   70 0.930 276.7 201.0   5.0  68.0
1994 1 1.000    7644 B    Dao  380    9  410 0.886 284.2 194.0  11.0  61.0
1994 1 1.000    7645 BG   Fki  834   26  660 0.775  73.0  84.0  11.0 -49.0
1994 1 1.000    7646 B    Dai  550   19  420 0.755  99.1  84.0  -9.0 -49.0
1994 1 1.000    7647 B    Dao   44    5   30 0.673 110.4  92.0 -16.0 -41.0
1994 1 2.000    7640 B    Cko   33    1  400 0.999 280.2 207.0  10.0  87.0
1994 1 2.000    7641 A    Hao   13    1   50 0.991 276.5 202.0   6.0  82.0
1994 1 2.000    7644 B    Dso   31    3   70 0.975 283.1 196.0  12.0  76.0
1994 1 2.000    7645 B    Eki 1052   30  680 0.633  64.7  84.0  13.0 -36.0
1994 1 2.000    7646 B    Dko  711   22  430 0.561  99.4  86.0  -8.0 -34.0
1994 1 2.000    7647 B    Cso  140    6   80 0.480 113.5  93.0 -14.0 -27.0
1994 1 3.000    7645 BG   Fki 1055   32  600 0.476  56.7  82.0  12.0 -24.0
1994 1 3.000    7645AA    Cao   15    1   10 0.622  56.9  73.0  17.0 -33.0
1994 1 3.000    7646 B    Dkc 1010   21  540 0.352 106.6  86.0  -9.0 -20.0
1994 1 3.000    7647 B    Dso  229    9  120 0.297 132.9  93.0 -15.0 -13.0
1994 1 4.000    7645 BG   Fki 1185   42  630 0.339  33.3  82.0  13.0 -11.0
1994 1 4.000    7645AA    Axo    0    1    0 0.388 130.7  75.0 -18.0 -18.0
1994 1 4.000    7646 B    Dki 1306   30  660 0.144 123.0  86.0  -8.0  -7.0
1994 1 4.000    7647 B    Dao  196    8  100 0.182 185.3  94.0 -14.0   1.0
1994 1 4.000    7648 B    Dao   10    2   20 0.964  82.8  19.0   6.0 -74.0
1994 1 4.000    7649 A    Hao   19    1   10 0.170 149.9  88.0 -12.0  -5.0
1994 1 5.000    7645 BG   Fai 1014   44  530 0.289 353.2  82.0  13.0   2.0
1994 1 5.000    7646 B    Eki 1289   27  650 0.129 233.6  86.0  -8.0   6.0
1994 1 5.000    7647 B    Eso  171    8   90 0.307 229.6  94.0 -15.0  14.0
1994 1 5.000    7648 B    Dso   91    8  100 0.888  81.3  18.0   6.0 -62.0
1994 1 5.000    7649 B    Dao   58    3   30 0.236 220.1  89.0 -14.0   9.0
1994 1 6.000    7645 BG   Fso  517   44  280 0.381 318.6  82.0  13.0  15.0
1994 1 6.000    7646 BD   Eki 1150   42  610 0.332 256.5  86.0  -8.0  19.0
1994 1 6.000    7647 B    Cso  138    5   80 0.502 244.1  95.0 -16.0  28.0
1994 1 6.000    7648 B    Eac  373   15  290 0.765  78.9  18.0   6.0 -49.0
1994 1 6.000    7650 A    Axo    9    2   10 0.887  82.4   5.0   5.0 -62.0
1994 1 6.000    7650AA    Axo    5    1   10 0.959  82.6 354.0   6.0 -73.0
1994 1 7.000    7645 B    Eai  356   19  210 0.531 300.1  82.0  12.0  28.0
1994 1 7.000    7645AA    Axo    0    3    0 0.481 236.3  79.0 -19.0  25.0
1994 1 7.000    7646 B    Dki  999   30  590 0.531 261.1  86.0  -8.0  32.0
1994 1 7.000    7647 B    Eso   28    2   20 0.692 252.3  97.0 -15.0  43.0
1994 1 7.000    7648 B    Dai  989   23  620 0.602  76.4  18.0   5.0 -36.0
1994 1 7.000    7649 A    Dao   15    1   10 0.604 250.1  90.0 -15.0  36.0
1994 1 7.000    7650 B    Cso   26    4   20 0.739  81.0   7.0   4.0 -47.0
1994 1 7.000    7650AA    Axo    0    1    0 0.864  80.7 355.0   6.0 -59.0
1994 1 8.000    7645 B    Fai  139   10  100 0.719 292.4  84.0  13.0  43.0
1994 1 8.000    7645AA    Axo   15    1   10 0.639 246.4  79.0 -18.0  38.0
1994 1 8.000    7646 B    Dai  501   21  360 0.718 262.7  87.0  -8.0  46.0
1994 1 8.000    7647 B    Eso   45    4   40 0.821 254.5  96.0 -15.0  55.0
1994 1 8.000    7648 B    Eki  794   29  440 0.430  64.5  18.0   7.0 -23.0
1994 1 8.000    7649 A    Dao   13    1   10 0.758 254.9  90.0 -14.0  49.0
1994 1 8.000    7650 B    Dso   65    9   40 0.575  75.5   7.0   5.0 -34.0
1994 1 9.000    7645 B    Eao   39    5   40 0.867 287.5  85.0  13.0  58.0
1994 1 9.000    7645AA    Axo   12    1   10 0.785 250.2  78.0 -18.0  51.0
1994 1 9.000    7646 B    Eao  251   11  250 0.864 262.0  87.0  -9.0  60.0
1994 1 9.000    7647 B    Bxo   15    3   20 0.919 254.3  94.0 -16.0  67.0
1994 1 9.000    7648 B    Eai  641   25  330 0.234  41.8  18.0   6.0  -9.0
1994 1 9.000    7650 B    Dao  111   11   60 0.374  65.7   7.0   5.0 -20.0
1994 110.000    7645 B    Cao   26    3   50 0.964 284.7  87.0  13.0  73.0
1994 110.000    7645AA    Axo    0    1    0 0.907 249.9  79.0 -20.0  65.0
1994 110.000    7645BA    Axo    0    3    0 0.452 297.0  38.0   8.0  24.0
1994 110.000    7646 B    Dao   79    3  150 0.964 262.8  89.0  -8.0  75.0
1994 110.000    7648 B    Dao  587   23  300 0.206 340.4  18.0   7.0   4.0
1994 110.000    7650 B    Dao  195   18  100 0.200  37.3   7.0   5.0  -7.0
1994 110.000    7650AA    Axo    0    3    0 0.389  66.5 353.0   5.0 -21.0
1994 111.000    7646 A    Dao    9    1   60 0.997 261.3  87.0  -9.0  86.0
1994 111.000    7648 B    Dao 1748   16  940 0.368 298.3  20.0   6.0  19.0
1994 111.000    7650 B    Csi  351   26  180 0.212 319.2   9.0   5.0   8.0
1994 112.000    7648 B    Eao  365   13  220 0.558 289.5  20.0   7.0  32.0
1994 112.000    7650 B    Dai  255   22  140 0.405 292.9  10.0   5.0  22.0
1994 113.000    7648 B    Eso  189    9  140 0.735 283.8  21.0   7.0  46.0
1994 113.000    7650 B    Eai  302   23  190 0.604 284.4  11.0   5.0  36.0
1994 113.000    7651 B    Cro   19    4   10 0.209 262.3 347.0  -6.0  12.0
1994 114.000    7648 B    Cao  122    7  130 0.883 280.4  23.0   7.0  61.0
1994 114.000    7650 BD   Eai  239   18  190 0.776 280.3  12.0   5.0  50.0
1994 114.000    7651 B    Cso   71    6   40 0.453 268.0 349.0  -5.0  27.0
1994 115.000    7648 A    Hao   61    5  110 0.960 278.7  21.0   7.0  73.0
1994 115.000    7650 B    Eao  137   11  150 0.888 278.1  10.0   5.0  62.0
1994 115.000    7651 A    Hro   45    2   30 0.654 266.3 349.0  -6.0  41.0
1994 116.000    7648 B    Hao   13    5   90 0.997 276.4  20.0   6.0  85.0
1994 116.000    7650 A    Hso   12    4   30 0.976 276.2  12.0   5.0  77.0
1994 116.000    7651 A    Axo   23    1   20 0.816 264.8 350.0  -7.0  55.0
1994 116.000    7652 A    Hho   36    1   90 0.980  84.9 217.0   4.0 -78.0
1994 116.000    7653 B    Bxo    4    2   10 0.969 266.1  11.0  -5.0  76.0
1994 117.000    7650 B    Hso    1    5   10 0.998 276.3   8.0   6.0  86.0
1994 117.000    7651 B    Axo    7    2   10 0.931 265.5 351.0  -6.0  69.0
1994 117.000    7652 A    Hko  143    1  160 0.894  84.2 219.0   3.0 -63.0
1994 117.000    7653 A    Bxo    0    1    0 0.999 266.2  10.0  -4.0  88.0
1994 117.000    7654 BG   Cki  155    7  340 0.973  81.6 206.0   7.0 -76.0
1994 117.000    7655 A    Axc   19    1   10 0.309 262.4 300.0  -7.0  18.0
1994 118.000    7652 A    Hso  173    2  140 0.785  80.9 218.0   4.0 -51.0
1994 118.000    7654 BG   Dki  421   11  520 0.914  79.0 204.0   8.0 -65.0
1994 119.000    7652 A    Hso  175    1  110 0.603  76.5 220.0   4.0 -36.0
1994 119.000    7654 B    Dkc  655   11  530 0.786  74.3 206.0   9.0 -50.0
1994 119.000    7655AA    Axc    0    1    0 0.298 192.5 260.0 -22.0   4.0
1994 120.000    7652 B    Cso  215    2  120 0.443  72.4 217.0   3.0 -25.0
1994 120.000    7654 BD   Dkc  846   16  570 0.669  72.0 202.0   8.0 -40.0
1994 121.000    7652 B    Cso  272    2  140 0.236  47.4 219.0   4.0 -10.0
1994 121.000    7654 B    Eki  929   32  530 0.480  60.3 204.0   9.0 -25.0
1994 122.000    7652 A    Hso  236    1  120 0.171 342.2 219.0   4.0   3.0
1994 122.000    7654 BD   Ekc 1008   42  530 0.308  42.0 204.0   8.0 -12.0
1994 122.000    7657 B    Dri   91   10   50 0.399 314.0 233.0  11.0  17.0
1994 123.000    7652 A    Hso  170    1   90 0.318 300.2 219.0   4.0  16.0
1994 123.000    7654 BGD  Dkc 1181   32  610 0.250 356.0 204.0   9.0   1.0
1994 123.000    7657 B    Dao  131   12   80 0.567 300.4 233.0  12.0  30.0
1994 123.000    7658 B    Dro   35    5   20 0.457  50.1 182.0  12.0 -21.0
1994 123.000    7659 B    Cao   12    2   10 0.796 102.2 150.0 -13.0 -53.0
1994 124.000    7652 A    Hso  188    1  110 0.512 289.4 219.0   5.0  29.0
1994 124.000    7654 BGD  Dki 1041   23  560 0.367 316.0 205.0  10.0  15.0
1994 124.000    7657 B    Dao   82    9   60 0.726 293.8 233.0  13.0  43.0
1994 124.000    7658 B    Cro   56    7   30 0.330  24.4 182.0  12.0  -8.0
1994 124.000    7659 B    Cro   14    4   10 0.672 104.8 148.0 -14.0 -42.0
1994 124.000    7660 A    Bxo    0    1    0 0.968  96.9 114.0  -8.0 -76.0
1994 125.000    7652 A    Hso  141    1  100 0.707 281.4 221.0   4.0  44.0
1994 125.000    7654 BGD  Dkc  979   22  580 0.536 296.6 206.0   9.0  29.0
1994 125.000    7657 B    Bxo   42    5   40 0.849 286.7 233.0  11.0  56.0
1994 125.000    7658 B    Dao  169   10   90 0.330 345.1 182.0  13.0   5.0
1994 125.000    7659 B    Bxo   16    3   10 0.533 103.7 145.0 -12.0 -32.0
1994 125.000    7661 B    Bxo   41    5   30 0.719  73.2 133.0   8.0 -44.0
1994 126.000    7652 A    Hso  109    1  100 0.836 278.6 219.0   4.0  56.0
1994 126.000    7654 BG   Cko  872   18  620 0.711 288.6 206.0   9.0  43.0
1994 126.000    7654AA    Hac    0    2    0 0.550 286.2 195.0   4.0  32.0
1994 126.000    7657 A    Axo   16    2   30 0.959 283.3 235.0  11.0  72.0
1994 126.000    7658 B    Eao  362   13  200 0.425 314.7 181.0  12.0  18.0
1994 126.000    7659 A    Axo   18    3   10 0.329 113.7 145.0 -13.0 -18.0
1994 126.000    7660 A    Bxo    0    1    0 0.751  97.0 114.0  -9.0 -49.0
1994 126.000    7661 B    Csi   83    8   50 0.556  66.4 132.0   8.0 -31.0
1994 127.000    7652 A    Hao   73    1  110 0.943 276.3 220.0   4.0  70.0
1994 127.000    7654 BD   Dki  710   14  680 0.853 283.1 207.0   8.0  57.0
1994 127.000    7658 B    Dao  257   14  160 0.594 299.2 182.0  12.0  32.0
1994 127.000    7659 A    Axo   19    3   10 0.150 136.9 144.0 -12.0  -6.0
1994 127.000    7661 BD   Dko  221    6  120 0.385  52.7 132.0   8.0 -18.0
1994 128.000    7652 A    Hso    3    2   40 0.999 274.3 224.0   4.0  87.0
1994 128.000    7654 BD   Dkc  300    6  490 0.952 280.4 208.0   8.0  71.0
1994 128.000    7658 B    Dao  171    9  130 0.752 290.2 183.0  11.0  46.0
1994 128.000    7661 B    Dao  135    6   70 0.249  16.1 133.0   8.0  -4.0
1994 128.000    7662 A    Axo   21    2   20 0.836 105.3  80.0 -16.0 -57.0
1994 129.000    7654 A    Hac   66    3  320 0.995 279.7 207.0   9.0  83.0
1994 129.000    7658 B    Eao   83    7   90 0.885 286.9 184.0  12.0  60.0
1994 129.000    7661 B    Dao   95    6   50 0.285 327.1 133.0   8.0   9.0
1994 129.000    7662 B    Dso   58    4   40 0.684 105.7  81.0 -15.0 -43.0
1994 130.000    7658 B    Bxo   22    4   40 0.961 285.4 183.0  13.0  72.0
1994 130.000    7660 B    Bxo   19    3   10 0.063 213.2 113.0  -9.0   2.0
1994 130.000    7661 A    Hro   17    4   10 0.447 304.2 133.0   9.0  22.0
1994 130.000    7662 B    Bxo   34    6   20 0.506 113.7  82.0 -17.0 -29.0
1994 130.000    7663 B    Bxo   17    1   10 0.522  55.2  85.0  12.0 -26.0
1994 130.000    7664 A    Axo   15    1   20 0.924  95.1  43.0  -7.0 -68.0
1994 130.000    7665 A    Hso   13    1   60 0.994  85.3  28.0   4.0 -83.0
1994 131.000    7658 B    Cao    2    2   20 0.998 283.5 183.0  13.0  85.0
1994 131.000    7660AB    Bxo   19    4   10 0.156 173.8  97.0 -15.0  -1.0
1994 131.000    7661 A    Axo   30    3   20 0.636 290.4 135.0   8.0  37.0
1994 131.000    7662 B    Bxo   76   10   40 0.310 120.9  82.0 -15.0 -16.0
1994 131.000    7663 A    Bxo   18    2   10 0.369  33.5  86.0  12.0 -12.0
1994 131.000    7664 A    Axo   11    1   10 0.834  95.6  41.0  -8.0 -57.0
1994 131.000    7665 A    Hso   38    2   60 0.948  84.8  27.0   3.0 -71.0
1994 2 1.000    7659 B    Bxo    8    2   10 0.894 258.5 148.0 -13.0  64.0
1994 2 1.000    7660AA    Bxo    0    1    0 0.311 227.8  98.0 -18.0  14.0
1994 2 1.000    7661 A    Axo    0    1    0 0.782 288.0 133.0  10.0  49.0
1994 2 1.000    7662 B    Bxo  176   13   90 0.192 170.0  82.0 -17.0  -2.0
1994 2 1.000    7663 A    Bxo    0    1    0 0.328  -0.0  84.0  13.0   0.0
1994 2 1.000    7664 B    Bxo   13    2   10 0.727  95.2  37.0  -8.0 -47.0
1994 2 1.000    7665 A    Hso   80    1   80 0.866  80.6  25.0   5.0 -59.0
1994 2 2.000    7659 B    Bxo   12    3   30 0.978 257.0 150.0 -14.0  79.0
1994 2 2.000    7662 B    Bxo   77    8   40 0.263 223.9  82.0 -17.0  11.0
1994 2 2.000    7663 B    Bxo   18    4   10 0.398 317.1  87.0  11.0  16.0
1994 2 2.000    7665 A    Hso  108    1   80 0.735  77.3  25.0   5.0 -46.0
1994 2 3.000    7662 B    Bxo   35    3   20 0.444 246.2  83.0 -16.0  25.0
1994 2 3.000    7663 B    Cro   32    5   20 0.573 301.4  88.0  12.0  30.0
1994 2 3.000    7665 B    Cao  116    3   70 0.553  73.0  26.0   4.0 -32.0
1994 2 3.000    7666 A    Axo   11    1   20 0.957  69.0 348.0  18.0 -70.0
1994 2 4.000    7662 A    Axo   15    2   10 0.660 252.9  86.0 -16.0  41.0
1994 2 4.000    7663 B    Dao   55    7   40 0.715 293.7  87.0  12.0  42.0
1994 2 4.000    7665 A    Hso  111    5   60 0.368  61.9  26.0   4.0 -19.0
1994 2 4.000    7666 B    Cso   74    5   80 0.884  65.8 347.0  18.0 -58.0
1994 2 5.000    7662 A    Axo   13    1   10 0.744 252.8  80.0 -17.0  48.0
1994 2 5.000    7663 A    Axo   30    5   30 0.860 286.8  89.0  11.0  57.0
1994 2 5.000    7664 B    Bxo   59    5   30 0.096 212.5  35.0 -11.0   3.0
1994 2 5.000    7665 B    Cso  117    2   60 0.200  25.8  27.0   4.0  -5.0
1994 2 5.000    7666 B    Dao  157    9  120 0.754  59.3 349.0  18.0 -43.0
1994 2 6.000    7663 B    Axo    6    2   10 0.939 284.2  87.0  11.0  68.0
1994 2 6.000    7664 B    Bxo   57    8   30 0.272 248.3  34.0 -12.0  15.0
1994 2 6.000    7665 B    Cao   97    2   50 0.238 319.1  28.0   4.0   9.0
1994 2 6.000    7666 B    Dao  188   10  120 0.619  47.8 350.0  19.0 -29.0
1994 2 6.000    7667 A    Hao   13    3   10 0.727  93.6 332.0  -7.0 -47.0
1994 2 7.000    7664 B    Cai   88   15   50 0.470 258.8  33.0 -11.0  28.0
1994 2 7.000    7665 A    Hao   91    2   50 0.412 295.0  27.0   4.0  22.0
1994 2 7.000    7666 B    Cao  207    8  120 0.504  35.7 347.0  18.0 -18.0
1994 2 7.000    7667 B    Bxo   16    3   10 0.570  94.7 330.0  -8.0 -35.0
1994 2 8.000    7664 B    Dao  190   20  130 0.679 259.4  35.0 -12.0  43.0
1994 2 8.000    7665 A    Hso   31    2   20 0.608 285.4  28.0   4.0  36.0
1994 2 8.000    7666 A    Hso  163    4   90 0.423  11.3 347.0  18.0  -5.0
1994 2 8.000    7667 B    Bxo   37    5   20 0.356  95.3 331.0  -8.0 -21.0
1994 2 8.000    7668 B    Bxo   12    3   20 0.947  79.2 282.0   8.0 -70.0
1994 2 9.000    7664 B    Dao  143   12  130 0.833 258.8  36.0 -13.0  57.0
1994 2 9.000    7665 A    Axo   25    2   20 0.775 279.3  29.0   3.0  50.0
1994 2 9.000    7666 B    Cao  161    6   90 0.441 340.3 348.0  18.0   9.0
1994 2 9.000    7667 B    Bxo   59    7   30 0.070  95.8 335.0  -7.0  -4.0
1994 2 9.000    7668 B    Dao   64    6   60 0.845  76.2 283.0   8.0 -56.0
1994 210.000    7664 B    Cso  131    8  170 0.922 259.8  34.0 -12.0  68.0
1994 210.000    7665 A    Axo    9    1   10 0.888 276.9  28.0   3.0  62.0
1994 210.000    7666 B    Cso  184    4  110 0.543 319.0 348.0  18.0  22.0
1994 210.000    7668 B    Dso  343   10  240 0.699  71.3 284.0   8.0 -42.0
1994 211.000    7664 A    Hso   34    2   90 0.981 259.0  33.0 -12.0  80.0
1994 211.000    7666 A    Hso  132    3   90 0.679 304.1 349.0  17.0  36.0
1994 211.000    7668 B    Eso  525   11  310 0.530  61.0 285.0   9.0 -28.0
1994 212.000    7666 B    Cso   91    2   80 0.821 297.5 350.0  18.0  50.0
1994 212.000    7668 B    Eao  443   13  240 0.382  41.9 285.0  10.0 -15.0
1994 212.000    7669 A    Axo    3    1   10 0.981  82.5 222.0   6.0 -78.0
1994 213.000    7666 A    Hao   63    1   80 0.918 291.9 349.0  17.0  63.0
1994 213.000    7668 B    Dao  326   10  170 0.277  10.8 283.0   9.0  -3.0
1994 213.000    7669 A    Hro   16    1   20 0.907  80.1 222.0   6.0 -64.0
1994 213.000    7670 A    Axo    2    1   10 0.991  80.9 205.0   8.0 -81.0
1994 214.000    7666 A    Hao   15    1   40 0.980 287.9 349.0  16.0  76.0
1994 214.000    7668 B    Dso  607   11  320 0.317 323.4 284.0   8.0  11.0
1994 214.000    7669 A    Hro   84    1   70 0.796  75.8 222.0   7.0 -51.0
1994 214.000    7670 A    Axo   72    1  100 0.931  77.5 206.0   9.0 -67.0
1994 214.000    7671 A    Axo   15    1   60 0.991  78.9 192.0  10.0 -81.0
1994 215.000    7668 B    Bxo   88   11   50 0.468 304.4 283.0   9.0  23.0
1994 215.000    7669 A    Axo   15    1   10 0.652  74.0 221.0   5.0 -39.0
1994 215.000    7670 B    Bxo   11    3   10 0.828  75.4 206.0   8.0 -54.0
1994 215.000    7671 B    Cho  180    2  320 0.960  77.4 188.0  10.0 -72.0
1994 216.000    7668 B    Bxo   30    6   20 0.640 291.4 284.0   8.0  37.0
1994 216.000    7669 A    Axo   17    2   10 0.485  64.1 221.0   6.0 -26.0
1994 216.000    7670 B    Bxo   40    6   30 0.731  69.3 203.0  10.0 -44.0
1994 216.000    7671 B    Dho  447    5  450 0.868  74.3 189.0  10.0 -58.0
1994 217.000    7668 B    Bxo   25    5   20 0.768 286.5 282.0   8.0  48.0
1994 217.000    7669 B    Bxo   18    2   10 0.339  41.1 221.0   8.0 -13.0
1994 217.000    7670AA    Axo   15    3   10 0.638  61.6 199.0  12.0 -35.0
1994 217.000    7670 B    Cao   66    8   40 0.564  60.7 204.0  10.0 -30.0
1994 217.000    7671 B    Cko  562    4  420 0.742  69.8 189.0  10.0 -45.0
1994 218.000    7668 A    Axo    9    2   10 0.882 284.1 281.0   9.0  60.0
1994 218.000    7669 A    Axo   19    2   10 0.261   7.6 219.0   8.0  -2.0
1994 218.000    7670 B    Bxo   36    5   20 0.418  46.7 203.0  10.0 -18.0
1994 218.000    7671 B    Cho  674    5  420 0.596  60.8 189.0  11.0 -32.0
1994 218.000    7673 B    Dso   40    3   30 0.735 287.7 266.0   8.0  45.0
1994 219.000    7668 A    Axo    9    2   20 0.973 282.1 282.0  10.0  75.0
1994 219.000    7669 B    Aso   19    3   10 0.301 329.0 216.0   8.0   9.0
1994 219.000    7670 A    Axo   18    3   10 0.316  22.3 200.0  10.0  -7.0
1994 219.000    7671 B    Cho  678   16  380 0.452  48.0 187.0  11.0 -20.0
1994 219.000    7673 A    Hao   20    2   20 0.866 284.7 265.0   9.0  58.0
1994 220.000    7670 A    Axo    0    1    0 0.289 342.7 199.0   9.0   5.0
1994 220.000    7671 B    Cko  642   10  340 0.326  18.3 188.0  11.0  -6.0
1994 220.000    7673 A    Hao    5    1   10 0.958 280.6 266.0   8.0  72.0
1994 220.000    7674 B    Bxo   17    2   10 0.518 105.4 163.0 -14.0 -31.0
1994 221.000    7671 B    Cso  527   12  280 0.338 336.2 189.0  11.0   8.0
1994 221.000    7674 A    Axo    0    1    0 0.280 116.3 166.0 -14.0 -15.0
1994 222.000    7671 B    Dao  513    7  290 0.466 307.7 190.0  10.0  22.0
1994 222.000    7676 B    Axo    6    2   10 0.943  77.8  99.0   9.0 -69.0
1994 223.000    7671 B    Dao  446   10  290 0.639 295.1 191.0  10.0  36.0
1994 223.000    7674AB    Bxo   17    4   10 0.466 347.8 161.0  20.0   6.0
1994 223.000    7675 A    Hao   54    4   40 0.738  99.8 107.0 -12.0 -48.0
1994 223.000    7676 B    Bxo   41    8   40 0.858  75.0  98.0   9.0 -57.0
1994 224.000    7671 B    Cso  364    9  290 0.778 290.4 190.0  11.0  48.0
1994 224.000    7675 B    Cso  114    6   70 0.571 100.7 107.0 -12.0 -35.0
1994 224.000    7676 B    Bxo   13    1   10 0.747  72.6  96.0   8.0 -46.0
1994 225.000    7671 B    Cso  174    8  200 0.899 284.8 190.0  10.0  62.0
1994 225.000    7675 B    Cso   55    7   30 0.391 101.3 105.0 -11.0 -23.0
1994 225.000    7676 B    Bxo   16    2   10 0.591  65.8  95.0   8.0 -33.0
1994 225.000    7678 A    Hso   27    1   70 0.980 102.9  48.0 -14.0 -80.0
1994 226.000    7671 B    Dso   80    4  190 0.977 283.0 191.0  11.0  76.0
1994 226.000    7675 A    Hso   59    3   30 0.168 113.8 106.0 -11.0  -9.0
1994 226.000    7678 A    Hso   78    1  100 0.920 103.3  47.0 -15.0 -68.0
1994 226.000    7679 B    Axo   17    5   10 0.520  82.0  84.0  -2.0 -31.0
1994 227.000    7675 A    Axo   19    2   10 0.108 232.1 107.0 -11.0   5.0
1994 227.000    7678 A    Hso   46    2   40 0.813 102.1  47.0 -14.0 -55.0
1994 227.000    7679 B    Dso   75    6   40 0.339  59.5  85.0   3.0 -17.0
1994 227.000    7680 A    Axo    3    1   10 0.987 102.1  20.0 -13.0 -82.0
1994 227.000    7681 A    Axo    0    2    0 0.123 164.0 100.0 -14.0  -2.0
1994 228.000    7677 B    Bxo    7    2   10 0.934 284.7 156.0  11.0  67.0
1994 228.000    7678 B    Cso   74    2   50 0.666 103.0  47.0 -14.0 -42.0
1994 228.000    7679 B    Bxo   19    4   10 0.185  16.4  86.0   3.0  -3.0
1994 228.000    7680 B    Cao   68    6  100 0.940 100.2  18.0 -12.0 -71.0
1994 228.000    7681 A    Axo   19    3   10 0.227 243.0 101.0 -13.0  12.0
1994 3 1.000    7678AB    Cro   58    6   30 0.235 150.6  69.0 -19.0  -7.0
1994 3 1.000    7678 B    Cso  139    5   80 0.489 105.8  47.0 -14.0 -29.0
1994 3 1.000    7679 A    Hro   19    2   10 0.248 309.7  87.0   2.0  11.0
1994 3 1.000    7680 B    Dao  178   11  170 0.851  99.7  17.0 -12.0 -59.0
1994 3 2.000    7678 B    Cso  133    7   70 0.294 114.6  47.0 -14.0 -16.0
1994 3 2.000    7680 B    Dro  156   15  110 0.702  99.8  18.0 -12.0 -45.0
1994 3 2.000    7682 B    Cro   77    8   40 0.244 212.7  71.0 -19.0   8.0
1994 3 3.000    7678 A    Hso   59    3   30 0.122 163.9  47.0 -14.0  -2.0
1994 3 3.000    7680 B    Dao  135   19   80 0.527  99.2  17.0 -11.0 -32.0
1994 3 3.000    7682 B    Dsi  110   15   60 0.400 238.0  70.0 -19.0  21.0
1994 3 3.000    7683 B    Dso   59    6   40 0.675 249.7  91.0 -19.0  42.0
1994 3 4.000    7678 A    Hso   39    3   20 0.221 237.1  47.0 -14.0  11.0
1994 3 4.000    7680 B    Bxo   56   14   30 0.328 102.7  17.0 -11.0 -19.0
1994 3 4.000    7682 B    Eao  194   29  120 0.584 249.1  71.0 -18.0  35.0
1994 3 4.000    7683 B    Bxo   23    6   20 0.815 253.0  91.0 -18.0  55.0
1994 3 4.000    7684 B    Bxo   34    7   20 0.526  95.4   4.0  -9.0 -32.0
1994 3 5.000    7678 A    Axo   18    2   10 0.396 253.9  46.0 -13.0  23.0
1994 3 5.000    7680 B    Bxo   59    6   30 0.132 129.2  17.0 -12.0  -6.0
1994 3 5.000    7682 B    Dai  240   17  180 0.744 250.9  71.0 -19.0  48.0
1994 3 5.000    7683 A    Axo   14    3   20 0.932 254.5  93.0 -17.0  70.0
1994 3 5.000    7684 B    Bxo   57    3   30 0.307  96.8   5.0  -9.0 -18.0
1994 3 6.000    7678 B    Axo   33    5   20 0.541 260.9  43.0 -11.0  33.0
1994 3 6.000    7680 B    Bxo   39    5   20 0.162 252.2  19.0 -10.0   9.0
1994 3 6.000    7682 B    Cro  144   16  150 0.876 252.3  72.0 -19.0  62.0
1994 3 6.000    7684 A    Axo   19    3   10 0.035 150.6   9.0  -9.0  -1.0
1994 3 6.000    7685 B    Bxi   34    7   20 0.496  91.4 340.0  -7.0 -30.0
1994 3 7.000    7680 B    Bxo   18    3   10 0.359 258.2  18.0 -11.0  21.0
1994 3 7.000    7682 A    Axo   42    6   70 0.954 251.3  71.0 -20.0  74.0
1994 3 7.000    7684 B    Bxo   19    4   10 0.156 264.6   6.0  -8.0   9.0
1994 3 7.000    7685 B    Dao  173   15   90 0.274  93.8 341.0  -8.0 -16.0
1994 3 7.000    7686 B    Dso   44    5   30 0.666 290.7  36.0   8.0  39.0
1994 3 7.000    7687 B    Dao   66   11   40 0.548  43.0 334.0  17.0 -23.0
1994 3 8.000    7684 A    Axo   36    2   20 0.403 266.6   8.0  -8.0  24.0
1994 3 8.000    7685 B    Cao  219   20  110 0.037 111.1 342.0  -8.0  -2.0
1994 3 8.000    7686 B    Bxo   34    6   30 0.819 285.1  37.0   8.0  53.0
1994 3 8.000    7687 B    Bxo   89   10   50 0.456  21.3 334.0  18.0 -10.0
1994 3 9.000    7684 A    Axo    0    1    0 0.625 266.2   9.0  -8.0  39.0
1994 3 9.000    7685 B    Cao  137   14   70 0.190 265.3 341.0  -8.0  11.0
1994 3 9.000    7686 B    Bxo   14    3   20 0.937 281.4  38.0   8.0  68.0
1994 3 9.000    7687 B    Bxo   54   10   30 0.434 349.0 335.0  18.0   5.0
1994 3 9.000    7689AA    Axo    0    1    0 0.655  87.8 289.0  -4.0 -41.0
1994 310.000    7684 B    Bxo   26    4   20 0.749 264.4   6.0  -9.0  49.0
1994 310.000    7685 B    Dao  181   15  100 0.419 266.5 342.0  -8.0  25.0
1994 310.000    7686 B    Bxo    6    2   20 0.989 280.3  37.0   9.0  80.0
1994 310.000    7687 A    Axo   34    4   20 0.510 322.4 336.0  17.0  19.0
1994 311.000    7684 A    Axo   18    2   20 0.886 264.7   7.0  -8.0  63.0
1994 311.000    7685 B    Dao  110   11   70 0.611 266.2 342.0  -8.0  38.0
1994 311.000    7687 A    Axo    0    1    0 0.651 306.9 337.0  17.0  33.0
1994 311.000    7688 A    Axo    4    1   20 0.994  69.9 223.0  19.0 -81.0
1994 312.000    7684 B    Axo   16    2   30 0.962 263.7   6.0  -8.0  75.0
1994 312.000    7685 B    Cao   77    7   60 0.761 265.6 341.0  -8.0  50.0
1994 312.000    7687 A    Axo    0    1    0 0.778 300.2 336.0  18.0  45.0
1994 312.000    7688 B    Bxo   19    4   30 0.944  68.0 224.0  18.0 -67.0
1994 312.000    7689 A    Axo    0    1    0 0.512 260.6 322.0 -11.0  31.0
1994 313.000    7685 B    Cso   69    7   80 0.902 264.5 343.0  -8.0  65.0
1994 313.000    7687 A    Axo    8    1   10 0.894 294.3 337.0  18.0  59.0
1994 313.000    7688 B    Cao  113   12  110 0.857  63.9 224.0  18.0 -54.0
1994 313.000    7689 B    Bxo   13    4   10 0.726 260.2 325.0 -12.0  47.0
1994 313.000    7690 B    Bxo   40    5   30 0.738 257.6 326.0 -14.0  48.0
1994 314.000    7685 A    Axo   19    3   40 0.971 263.5 342.0  -8.0  77.0
1994 314.000    7688 B    Dao  149   10  110 0.735  55.8 225.0  19.0 -40.0
1994 314.000    7689 A    Axo   21    3   20 0.851 261.5 324.0 -11.0  59.0
1994 314.000    7690 A    Axo   19    4   20 0.876 257.9 327.0 -14.0  62.0
1994 315.000    7688 B    Cao  206   12  130 0.606  45.1 224.0  19.0 -27.0
1994 315.000    7690 B    Axo   11    3   20 0.960 256.4 326.0 -15.0  75.0
1994 315.000    7691 A    Axo    0    2    0 0.364  48.8 235.0   7.0 -16.0
1994 316.000    7688 B    Cso  173    9  100 0.500  29.3 223.0  19.0 -15.0
1994 316.000    7691 A    Axo   19    2   10 0.244  -0.0 238.0   7.0   0.0
1994 316.000    7691AA    Axo   19    2   10 0.213  34.9 231.0   3.0  -7.0
1994 316.000    7692 A    Hso   12    1   40 0.987  71.4 160.0  17.0 -78.0
1994 317.000    7688 B    Cao  179   10  100 0.440   2.1 224.0  19.0  -1.0
1994 317.000    7692 A    Hso   64    1   90 0.933  67.5 160.0  18.0 -65.0
1994 318.000    7688 B    Cao  122    9   70 0.485 334.0 225.0  19.0  13.0
1994 318.000    7692 A    Hso   65    1   60 0.840  63.2 160.0  18.0 -52.0
1994 318.000    7693AA    Hao    0    1    0 0.469  55.3 189.0   9.0 -23.0
1994 319.000    7688 A    Axo   30    3   20 0.635 311.8 229.0  19.0  30.0
1994 319.000    7688AA    Axo   18    3   10 0.365 349.3 203.0  14.0   4.0
1994 319.000    7692 A    Hso   68    1   50 0.724  55.2 160.0  19.0 -39.0
1994 320.000    7688 A    Axo   26    3   20 0.753 302.9 227.0  19.0  42.0
1994 320.000    7692 A    Hso   97    1   60 0.585  45.4 159.0  18.0 -26.0
1994 321.000    7692 A    Hso   70    1   40 0.471  27.0 159.0  18.0 -13.0
1994 322.000    7692 B    Cso   90    2   50 0.422 357.7 160.0  18.0   1.0
1994 322.000    7693 B    Cro   45    4   30 0.645 292.9 196.0   9.0  37.0
1994 323.000    7692 B    Cso   53    3   30 0.463 334.7 158.0  18.0  12.0
1994 323.000    7693 B    Dao   86   12   70 0.788 285.8 196.0   8.0  50.0
1994 324.000    7692 B    Cso   48    4   30 0.584 314.4 159.0  18.0  26.0
1994 324.000    7693 B    Dro   51    8   60 0.903 282.3 196.0   8.0  63.0
1994 324.000    7696AA    Hso   13    1   10 0.749  96.0  84.0  -9.0 -49.0
1994 325.000    7692 A    Hso   27    1   20 0.727 302.8 159.0  18.0  40.0
1994 325.000    7693 A    Hao   13    3   40 0.985 279.4 198.0   8.0  79.0
1994 325.000    7694 A    Hso   12    3   10 0.797  70.6  69.0  11.0 -50.0
1994 325.000    7695 B    Bxo   15    3   20 0.921 105.6  51.0 -17.0 -68.0
1994 325.000    7696 B    Bxo    0    2    0 0.451 117.0  94.0 -18.0 -25.0
1994 326.000    7692 A    Axo   20    1   20 0.855 295.8 160.0  18.0  54.0
1994 326.000    7694 B    Bxo   30    4   20 0.637  65.3  70.0  10.0 -36.0
1994 326.000    7695 B    Bxo   25    4   20 0.774 105.2  55.0 -16.0 -51.0
1994 326.000    7696 B    Bxo   38    7   20 0.256 134.6  95.0 -17.0 -11.0
1994 326.000    7697 A    Hso    0    1    0 0.893  97.8  42.0 -10.0 -64.0
1994 327.000    7692 A    Axo   13    1   20 0.943 291.8 160.0  18.0  67.0
1994 327.000    7694 B    Bxo   35    4   20 0.463  52.9  71.0  10.0 -22.0
1994 327.000    7695 B    Cso   31    4   20 0.620 107.4  55.0 -16.0 -38.0
1994 327.000    7696 B    Bxo   19    3   10 0.179 185.3  94.0 -17.0   1.0
1994 328.000    7692 A    Axo    2    1   10 0.990 289.4 159.0  18.0  79.0
1994 328.000    7694 A    Bxo   18    1   10 0.339  26.9  71.0  11.0  -9.0
1994 328.000    7695 B    Cro   53    9   30 0.446 115.1  55.0 -17.0 -25.0
1994 329.000    7695 B    Dao   96   11   50 0.259 129.6  55.0 -16.0 -12.0
1994 329.000    7696 A    Axo    0    1    0 0.523 252.0  98.0 -15.0  31.0
1994 329.000    7697 A    Hso    0    1    0 0.404  92.3  43.0  -7.0 -24.0
1994 330.000    7695 B    Cso  118   13   60 0.167 191.6  56.0 -16.0   2.0
1994 330.000    7697AA    Hso    0    1    0 0.299 116.5  38.0 -14.0 -16.0
1994 330.000    7698 A    Hso    0    2    0 0.405 117.8  32.0 -17.0 -22.0
1994 331.000    7695 B    Bxo   38    6   20 0.287 234.2  54.0 -16.0  14.0
1994 331.000    7696 B    Cxo   22    3   20 0.825 255.0  96.0 -16.0  56.0
1994 331.000    7697 B    Hso    0    1    0 0.097 190.1  41.0 -12.0   1.0
1994 331.000    7698 B    Bxo   38    6   20 0.224 137.8  31.0 -16.0  -9.0
1994 4 1.000    7695 A    Bxo    0    1    0 0.481 250.4  55.0 -15.0  28.0
1994 4 1.000    7696 B    Dso   56    7   70 0.915 254.2  94.0 -17.0  67.0
1994 4 1.000    7697 A    Hso    0    1    0 0.251 250.9  41.0 -11.0  14.0
1994 4 1.000    7698 B    Bxo   97   12   50 0.201 204.5  32.0 -17.0   5.0
1994 4 2.000    7696 A    Hso   21    2   50 0.977 255.0  93.0 -16.0  79.0
1994 4 2.000    7697 A    Hso    0    1    0 0.438 260.3  40.0 -10.0  26.0
1994 4 2.000    7698 A    Axo   18    4   10 0.343 239.9  32.0 -16.0  18.0
1994 4 3.000    7698 A    Axo   17    2   10 0.493 252.7  30.0 -14.0  29.0
1994 4 6.000    7699 A    Axo    0    1    0 0.037 151.8 320.0  -8.0  -1.0
1994 4 9.000    7700 A    Axo    6    1   20 0.985  80.8 203.0   8.0 -79.0
1994 410.000    7700 A    Hxo   15    1   20 0.922  78.8 202.0   8.0 -66.0
1994 411.000    7700 A    Hso   34    4   30 0.820  73.5 202.0  10.0 -53.0
1994 412.000    7699AA    Axo    0    1    0 0.605 247.6 278.0 -18.0  36.0
1994 412.000    7700 B    Bxo   44    5   30 0.676  70.0 202.0   9.0 -40.0
1994 413.000    7700 B    Bxo   52    7   30 0.489  62.5 203.0   8.0 -26.0
1994 414.000    7699BA    Axo    0    1    0 0.339 222.1 230.0 -20.0  14.0
1994 414.000    7700 B    Bxo   75   11   40 0.345  43.8 202.0   9.0 -14.0
1994 415.000    7700 B    Cso   38    7   20 0.233  -0.0 202.0   8.0   0.0
1994 415.000    7701 A    Hao   11    1   50 0.994  84.3 119.0   5.0 -83.0
1994 416.000    7700 B    Bxo   19    6   10 0.308 313.6 202.0   7.0  13.0
1994 416.000    7701 B    Eso   73    2  140 0.965  81.2 115.0   7.0 -74.0
1994 417.000    7700 B    Bxo    0    3    0 0.501 296.1 203.0   8.0  27.0
1994 417.000    7701 B    Dao  130    3  140 0.884  79.2 115.0   7.0 -61.0
1994 418.000    7700 B    Bxo    0    3    0 0.709 282.4 207.0   5.0  44.0
1994 418.000    7701 B    Cso  152    4  120 0.773  75.2 114.0   8.0 -49.0
1994 418.000    7702 A    Axo    0    1    0 0.816  99.8 108.0 -11.0 -55.0
1994 419.000    7700 B    Bxo    0    2    0 0.844 276.9 207.0   3.0  57.0
1994 419.000    7701 B    Cso  190    5  120 0.606  69.6 115.0   8.0 -35.0
1994 419.000    7702 B    Bxo   15    1   10 0.657 102.4 109.0 -12.0 -41.0
1994 420.000    7701 B    Cso  185    2  100 0.369  56.3 118.0   7.0 -18.0
1994 420.000    7702 B    Cso   17    3   10 0.448 106.8 110.0 -12.0 -26.0
1994 420.000    7703 A    Axo    0    1    0 0.648  69.7  98.0   9.0 -38.0
1994 420.000    7704 A    Axo    2    3   20 0.997  81.6  51.0   8.0 -85.0
1994 421.000    7701 B    Cso  252    4  130 0.232  26.6 117.0   7.0  -6.0
1994 421.000    7702 A    Hro   19    3   10 0.224 123.5 112.0 -12.0 -11.0
1994 421.000    7703 A    Axo   17    2   10 0.465  59.8  99.0   9.0 -24.0
1994 421.000    7704 A    Hso   23    2   40 0.956  80.0  51.0   8.0 -72.0
1994 421.000    7708AB    Axo   36    6   20 0.417  43.0 106.0  13.0 -17.0
1994 422.000    7701 A    Hso  193    2  100 0.247 326.1 118.0   7.0   8.0
1994 422.000    7702 A    Axo   39    4   20 0.125 187.9 111.0 -12.0   1.0
1994 422.000    7704 A    Hro   38    3   40 0.878  77.0  50.0   9.0 -60.0
1994 422.000    7705 B    Dao   37    7   20 0.365  62.7  91.0   5.0 -19.0
1994 423.000    7701 A    Hso  146    1   80 0.408 299.2 118.0   7.0  21.0
1994 423.000    7702 B    Bxo   19    3   10 0.269 241.6 111.0 -12.0  14.0
1994 423.000    7704 B    Cso   53    5   40 0.739  74.6  51.0   8.0 -46.0
1994 423.000    7705 B    Dai  136   14   70 0.223  33.0  90.0   6.0  -7.0
1994 424.000    7701 A    Hso  142    1   90 0.613 287.8 120.0   7.0  36.0
1994 424.000    7702 B    Bxo   36    4   20 0.424 249.1 108.0 -13.0  24.0
1994 424.000    7704 A    Hso   32    4   20 0.591  69.6  50.0   8.0 -34.0
1994 424.000    7705 B    Dao  235   18  120 0.183 325.4  90.0   4.0   6.0
1994 424.000    7706 A    Hso   23    3   20 0.807 279.7 137.0   5.0  53.0
1994 424.000    7707 A    Axo    0    1    0 0.195  53.5  75.0   2.0  -9.0
1994 424.000    7707AA    Bxo   17    1   10 0.448 135.3  64.0 -23.0 -20.0
1994 425.000    7701 A    Hso  114    1   90 0.771 284.3 119.0   8.0  49.0
1994 425.000    7702 B    Bxo   32    3   20 0.568 253.7 104.0 -13.0  34.0
1994 425.000    7704 A    Hro   55    3   30 0.392  59.9  50.0   7.0 -20.0
1994 425.000    7705 B    Cso  299   14  160 0.356 294.1  89.0   4.0  19.0
1994 425.000    7706 A    Axo    6    2   10 0.939 279.2 139.0   7.0  69.0
1994 426.000    7701 A    Hso   52    1   60 0.898 280.1 120.0   7.0  63.0
1994 426.000    7702 A    Bxo    0    1    0 0.777 258.2 108.0 -12.0  51.0
1994 426.000    7704 A    Axo   19    2   10 0.233  31.3  50.0   7.0  -7.0
1994 426.000    7705 B    Cso  114    3   70 0.574 283.6  91.0   4.0  34.0
1994 426.000    7706 A    Axo    2    2   10 0.992 276.7 139.0   6.0  82.0
1994 426.000    7707 B    Axo   18    2   10 0.338 285.8  76.0   1.0  19.0
1994 426.000    7708 A    Bxo   12    1   10 0.784 285.2 107.0   9.0  50.0
1994 427.000    7701 A    Hso   36    1   80 0.973 278.3 120.0   7.0  76.0
1994 427.000    7704 A    Axo    0    1    0 0.254 336.0  50.0   9.0   6.0
1994 427.000    7705 A    Hso   81    2   60 0.738 278.2  91.0   3.0  47.0
1994 427.000    7707 B    Dro   33    3   20 0.547 275.0  77.0  -1.0  33.0
1994 427.000    7708 B    Dro   25    3   30 0.908 282.0 108.0   9.0  64.0
1994 428.000    7704 B    Bxo   17    3   10 0.480 307.5  54.0  13.0  23.0
1994 428.000    7705 A    Hso   53    1   60 0.895 276.7  94.0   4.0  63.0
1994 428.000    7707 A    Axo   13    2   10 0.733 274.0  78.0   0.0  47.0
1994 428.000    7708 A    Axo    3    1   10 0.982 281.1 109.0  10.0  78.0
1994 428.000    7709 A    Axo    0    1    0 0.510 281.3  61.0   2.0  30.0
1994 429.000    7704 B    Bxo   15    2   10 0.632 298.3  52.0  14.0  35.0
1994 429.000    7705 A    Hso   25    1   50 0.968 275.3  92.0   4.0  75.0
1994 429.000    7707 A    Axo   20    2   20 0.858 272.5  76.0   0.0  59.0
1994 430.000    7705 A    Hso    3    1   30 0.998 273.3  90.0   3.0  86.0
1994 430.000    7707 B    Cro   24    4   40 0.951 270.3  76.0  -1.0  72.0
1994 430.000    7711 A    Axo   37    4   20 0.327 112.1 346.0 -11.0 -18.0
1994 5 1.000    7707 B    Bxo    0    3   20 1.000 269.1  80.0  -1.0  89.0
1994 5 1.000    7710 B    Bxo   25    2   20 0.769 255.1  41.0 -14.0  50.0
1994 5 1.000    7711 B    Bxo   19    2   10 0.140 150.6 347.0 -11.0  -4.0
1994 5 1.000    7712 B    Bxo   17    3   10 0.482 107.7 323.0 -12.0 -28.0
1994 5 2.000    7710 A    Axo    9    2   10 0.883 254.0  40.0 -16.0  62.0
1994 5 2.000    7711 B    Dso   19    3   10 0.211 233.9 348.0 -11.0  10.0
1994 5 2.000    7712 B    Bxo   19    3   10 0.262 122.9 325.0 -12.0 -13.0
1994 5 2.000    7713 B    Bxo   13    3   10 0.734  76.7 292.0   7.0 -46.0
1994 5 2.000    7714 A    Axo    0    1    0 0.800 103.3 285.0 -13.0 -53.0
1994 5 2.000    7715 B    Cso   54    7   30 0.422 298.5   0.0   8.0  22.0
1994 5 3.000    7711AA    Axo    0    1    0 0.158 309.6 332.0   2.0   7.0
1994 5 3.000    7712 B    Cro   19    4   10 0.125 180.0 325.0 -11.0   0.0
1994 5 3.000    7712AB    Cro    0    2    0 0.133 114.8 318.0  -7.0  -7.0
1994 5 3.000    7713 B    Cro   66   12   40 0.555  71.3 293.0   7.0 -32.0
1994 5 3.000    7714 B    Bxo   15    3   10 0.655 108.6 285.0 -15.0 -40.0
1994 5 3.000    7715 B    Cro   31    4   20 0.613 288.3   1.0   8.0  36.0
1994 5 4.000    7712AA    Axo    0    3    0 0.134 244.5 318.0  -7.0   7.0
1994 5 4.000    7713 B    Cso   37    7   20 0.371  60.6 292.0   7.0 -19.0
1994 5 4.000    7714 A    Bxo    0    1    0 0.492 112.2 283.0 -14.0 -28.0
1994 5 4.000    7715 A    Hso   24    2   20 0.790 283.1   2.0   8.0  51.0
1994 5 5.000    7713 A    Axo    0    2    0 0.188  27.5 293.0   6.0  -5.0
1994 5 5.000    7714 B    Bxo   19    3   10 0.310 126.0 283.0 -14.0 -15.0
1994 5 5.000    7715 B    Hso   18    4   20 0.884 282.2 359.0   9.0  61.0
1994 5 6.000    7714 B    Bxo   39    5   20 0.183 174.7 284.0 -14.0  -1.0
1994 5 7.000    7714 A    Axo   38    4   20 0.286 229.6 285.0 -14.0  13.0
1994 5 7.000    7718 A    Axo   16    2   10 0.576  69.1 239.0   9.0 -33.0
1994 5 7.000    7719 B    Bxo   28    8   20 0.707  97.9 227.0  -8.0 -45.0
1994 5 8.000    7718 A    Axo    0    1    0 0.406  56.1 239.0  10.0 -20.0
1994 5 8.000    7719 B    Cao   68   13   40 0.516  98.1 228.0  -7.0 -31.0
1994 5 8.000    7720 A    Bxo    0    1    0 0.865  97.3 199.0  -8.0 -60.0
1994 5 9.000    7714 A    Axo    0    1    0 0.630 251.6 283.0 -14.0  38.0
1994 5 9.000    7714AB    Axo    0    3    0 0.265 219.2 255.0 -15.0  10.0
1994 5 9.000    7719 B    Dao   57   10   30 0.298 103.4 228.0  -7.0 -17.0
1994 5 9.000    7720 A    Axo   14    2   10 0.709 101.0 200.0 -10.0 -45.0
1994 510.000    7719 B    Cso   39    8   20 0.086 126.5 228.0  -6.0  -4.0
1994 510.000    7720 A    Axo    0    1    0 0.538 103.9 200.0 -10.0 -32.0
1994 511.000    7719 B    Bxo   39    5   20 0.218 250.8 231.0  -7.0  12.0
1994 511.000    7721 B    Axo   12    2   30 0.977 101.6 141.0 -12.0 -78.0
1994 512.000    7719 A    Bxo   18    3   10 0.411 259.2 230.0  -7.0  24.0
1994 512.000    7721 A    Bxo   18    2   20 0.883 102.1 144.0 -12.0 -62.0
1994 512.000    7722 B    Dho   16    3  130 0.998  82.8 120.0   7.0 -86.0
1994 513.000    7721 A    Axo   13    1   10 0.759 103.5 143.0 -12.0 -49.0
1994 513.000    7722 B    Dko  190    4  300 0.948  81.7 121.0   7.0 -71.0
1994 513.000    7723 B    Dao   47    7   30 0.603  69.4 157.0  10.0 -35.0
1994 514.000    7720AB    Bxo    0    2    0 0.091 229.6 183.0  -6.0   4.0
1994 514.000    7720BA    Bxo    0    1    0 0.153 128.0 172.0  -8.0  -7.0
1994 514.000    7722 B    Dao  363    4  350 0.854  80.2 121.0   7.0 -58.0
1994 514.000    7723 B    Dao   72    7   40 0.427  59.7 157.0  10.0 -22.0
1994 514.000    7726 A    Axo    5    2   10 0.954  80.8 107.0   8.0 -72.0
1994 515.000    7721 A    Axo    0    2    0 0.397 112.3 144.0 -11.0 -22.0
1994 515.000    7722 B    Dki  429    7  310 0.720  76.4 121.0   8.0 -45.0
1994 515.000    7723 B    Dso   58    5   30 0.256  32.4 158.0  10.0  -8.0
1994 515.000    7725 A    Axo    0    2    0 0.340  64.6 148.0   6.0 -18.0
1994 515.000    7726 A    Axo    0    1    0 0.857  77.9 108.0   9.0 -58.0
1994 516.000    7721 A    Axo    0    1    0 0.216 140.9 145.0 -12.0  -8.0
1994 516.000    7722 B    Dho  568    7  340 0.549  73.4 121.0   7.0 -32.0
1994 516.000    7723 B    Cro   58    4   30 0.253 336.1 159.0  11.0   6.0
1994 516.000    7726 A    Axo    0    2    0 0.725  73.8 108.0  10.0 -45.0
1994 517.000    7720 A    Axo    0    1    0 0.874 262.1 201.0  -8.0  61.0
1994 517.000    7722 B    Dko  729    9  390 0.353  60.0 122.0   8.0 -18.0
1994 517.000    7723 A    Hso   18    2   10 0.392 305.4 159.0  11.0  19.0
1994 517.000    7725 A    Axo    0    1    0 0.115 342.3 142.0   4.0   2.0
1994 517.000    7726 B    Cso   33    4   20 0.553  66.1 109.0  11.0 -31.0
1994 518.000    7720 A    Axo    0    2    0 0.950 261.2 198.0  -9.0  72.0
1994 518.000    7722 B    Dko  706   10  360 0.196  26.1 121.0   8.0  -5.0
1994 518.000    7723 A    Axo   16    1   10 0.584 294.1 159.0  12.0  33.0
1994 518.000    7726 B    Bxo   56    7   30 0.347  56.4 109.0   9.0 -17.0
1994 518.000    7726BA    Bxo    0    1    0 0.925  79.4  59.0   9.0 -67.0
1994 518.000    7727 B    Dao   16    3   30 0.964  81.1  52.0   8.0 -74.0
1994 519.000    7722 B    Dko  760   17  390 0.222 321.6 121.0   8.0   8.0
1994 519.000    7726 B    Bxo   19    3   10 0.210  24.2 108.0   9.0  -5.0
1994 519.000    7727 B    Cao   88    7   90 0.872  79.6  53.0   8.0 -60.0
1994 520.000    7722 A    Hki  639   12  350 0.408 294.6 122.0   8.0  22.0
1994 520.000    7723 A    Axo    0    1    0 0.884 284.7 161.0  12.0  61.0
1994 520.000    7726 A    Bxo   19    4   10 0.291 320.0 111.0  11.0  11.0
1994 520.000    7727 B    Dso  122   12   90 0.731  77.2  54.0   8.0 -46.0
1994 521.000    7722 A    Hki  530    6  330 0.595 287.8 122.0   9.0  35.0
1994 521.000    7727 B    Dso   98    9   60 0.568  71.3  54.0   9.0 -33.0
1994 522.000    7722 B    Cko  446    7  340 0.755 283.5 121.0   9.0  48.0
1994 522.000    7727 B    Dso   92    9   50 0.377  63.8  53.0   8.0 -20.0
1994 522.000    7727AA    Axo    0    1    0 0.634  63.6  37.0  15.0 -36.0
1994 523.000    7722 B    Cko  304    7  320 0.879 280.0 121.0   8.0  61.0
1994 523.000    7727 B    Cri   39    4   20 0.210  29.4  54.0   9.0  -6.0
1994 524.000    7722 A    Hho  150    3  280 0.963 278.7 121.0   8.0  74.0
1994 524.000    7726AA    Bxo    0    1    0 0.454 317.0  66.0  18.0  19.0
1994 524.000    7727 B    Cro   39    4   20 0.218 326.4  54.0   9.0   7.0
1994 525.000    7722 A    Hho   32    1  250 0.998 278.1 120.0   8.0  86.0
1994 525.000    7727 A    Axo    0    1    0 0.369 292.9  54.0   7.0  20.0
1994 526.000    7728 A    Axo   10    2   10 0.849  97.5 322.0  -7.0 -58.0
1994 527.000    7728 A    Axo    0    1    0 0.710  98.8 322.0  -7.0 -45.0
1994 6 7.000    7729 B    Bxo   86    4   70 0.787 249.3 272.0 -16.0  50.0
1994 6 8.000    7729 B    Dao   86    6  100 0.901 252.0 271.0 -16.0  63.0
1994 6 8.000    7730 A    Hso   36    2  120 0.988 100.2 127.0 -10.0 -81.0
1994 6 8.000    7731 A    Hso    2    1   60 1.000  82.0 119.0   8.0 -89.0
1994 6 9.000    7729 B    Dro   59    5  120 0.969 253.4 270.0 -16.0  75.0
1994 6 9.000    7730 A    Hsi   95    7  130 0.930 101.0 127.0 -10.0 -68.0
1994 6 9.000    7731 B    Cso   73    2  120 0.952  80.7 123.0   9.0 -72.0
1994 6 9.000    7732 B    Bxo   36    5   20 0.390 245.1 216.0  -9.0  21.0
1994 610.000    7730 B    Dao  149    6  130 0.818 103.9 128.0 -11.0 -54.0
1994 610.000    7731 B    Cao  112    3  110 0.859  81.0 123.0   8.0 -59.0
1994 610.000    7732 B    Cro   48    8   30 0.590 253.8 217.0  -9.0  35.0
1994 610.000    7733 B    Dro   19    5   10 0.232  75.1 169.0   4.0 -13.0
1994 611.000    7730 B    Cao  189   10  130 0.687 106.9 127.0 -11.0 -42.0
1994 611.000    7731 B    Cao  162    3  120 0.736  79.8 122.0   8.0 -47.0
1994 611.000    7732 B    Cro   52    7   40 0.752 257.4 217.0  -9.0  48.0
1994 611.000    7733 B    Cro   99    9   50 0.060 343.1 170.0   4.0   1.0
1994 611.000    7734 A    Bxo    0    2    0 0.409  64.0 147.0  11.0 -22.0
1994 612.000    7730 B    Dao  137    9   80 0.512 111.3 126.0 -10.0 -29.0
1994 612.000    7731 B    Dao  149    3   90 0.554  76.7 122.0   8.0 -33.0
1994 612.000    7732 B    Bxo   28    5   30 0.879 259.3 216.0  -9.0  61.0
1994 612.000    7733 B    Bxo   58    8   30 0.252 286.9 169.0   5.0  14.0
1994 612.000    7734 B    Cro   38    5   20 0.260  35.9 146.0  13.0  -9.0
1994 613.000    7730 B    Dao  189   12  100 0.318 126.6 127.0 -10.0 -15.0
1994 613.000    7731 B    Dao  149    3   80 0.361  69.9 122.0   8.0 -20.0
1994 613.000    7731BA    Axo   18    1   10 0.394  57.8 122.0  13.0 -20.0
1994 613.000    7732 B    Bxo    5    2   10 0.963 260.4 216.0  -9.0  74.0
1994 613.000    7733 B    Bxo   35    6   20 0.458 279.1 169.0   5.0  27.0
1994 613.000    7734 A    Axo   39    4   20 0.217 331.9 148.0  12.0   6.0
1994 613.000    7735 A    Axo    5    1   20 0.991 103.2  60.0 -13.0 -82.0
1994 614.000    7730 BG   Cao   98   10   50 0.176 174.4 128.0  -9.0  -1.0
1994 614.000    7731 B    Dso  157    5   80 0.183  41.1 122.0   9.0  -7.0
1994 614.000    7733 B    Bxo    0    2    0 0.658 276.4 170.0   5.0  41.0
1994 614.000    7734 A    Hso   36    2   20 0.413 297.5 151.0  12.0  22.0
1994 614.000    7735 B    Dso   52    5   80 0.944 103.1  59.0 -12.0 -70.0
1994 615.000    7730 B    Cso   96    8   50 0.271 229.3 128.0  -9.0  12.0
1994 615.000    7731 B    Cso  138   11   70 0.161 327.7 121.0   9.0   5.0
1994 615.000    7733 B    Bxo   23    5   20 0.809 275.3 170.0   5.0  54.0
1994 615.000    7734 B    Dro   15    3   10 0.606 288.4 152.0  12.0  36.0
1994 615.000    7735 B    Csi   73    8   70 0.851 106.1  59.0 -13.0 -57.0
1994 616.000    7730 B    Cso   88    7   50 0.468 247.8 129.0  -9.0  26.0
1994 616.000    7731 B    Cso  633    4  340 0.364 291.8 123.0   9.0  20.0
1994 616.000    7733 A    Bxo    0    1    0 0.927 273.8 171.0   4.0  68.0
1994 616.000    7734 B    Dai  134   15  100 0.741 285.1 150.0  12.0  47.0
1994 616.000    7735 B    Cso   53    9   40 0.738 107.6  57.0 -12.0 -46.0
1994 616.000    7740 A    Bxo    0    1    0 0.993 101.2  20.0 -11.0 -83.0
1994 617.000    7730 B    Cao   44    5   30 0.662 253.1 129.0 -10.0  40.0
1994 617.000    7731 B    Cso   83    4   50 0.552 282.4 122.0   8.0  33.0
1994 617.000    7734 B    Dao  187   11  190 0.869 283.0 149.0  12.0  60.0
1994 617.000    7735 B    Cro   49    8   30 0.572 115.4  57.0 -13.0 -32.0
1994 617.000    7740 A    Bxo    0    1    0 0.944 102.2  19.0 -11.0 -70.0
1994 618.000    7730 A    Axo   11    1   10 0.811 255.2 129.0 -11.0  53.0
1994 618.000    7731 A    Hao   54    1   40 0.734 279.5 123.0   8.0  47.0
1994 618.000    7734 B    Dao  143    4  260 0.961 282.0 150.0  12.0  74.0
1994 618.000    7735 B    Cso   55    7   30 0.378 135.0  60.0 -14.0 -16.0
1994 618.000    7737 A    Axo    4    1   10 0.977 102.6 359.0 -12.0 -77.0
1994 619.000    7731 A    Hro   20    1   20 0.858 279.5 122.0   9.0  59.0
1994 619.000    7734 A    Hso   20    1   80 0.992 281.9 146.0  12.0  83.0
1994 619.000    7735 B    Bxo   38    6   20 0.275 169.3  60.0 -14.0  -3.0
1994 619.000    7737 A    Hro   15    2   20 0.920 103.8 357.0 -12.0 -66.0
1994 620.000    7731 A    Axo    5    1   10 0.961 277.8 124.0   8.0  74.0
1994 620.000    7731CB    Bxo   18    2   10 0.414 243.5  72.0  -9.0  22.0
1994 620.000    7735 B    Bxo   19    3   10 0.283 212.8  59.0 -12.0   9.0
1994 620.000    7736 B    Bxo   18    2   10 0.428 120.8  28.0 -11.0 -22.0
1994 620.000    7737 A    Axo   12    2   10 0.773 107.1   1.0 -12.0 -49.0
1994 621.000    7737 B    Bxo   15    3   10 0.646 111.2 358.0 -12.0 -38.0
1994 621.000    7739 B    Bxo   17    2   10 0.490 107.9   8.0  -7.0 -28.0
1994 622.000    7736 B    Bxo    0    4    0 0.309 180.0  23.0 -16.0   0.0
1994 622.000    7737 B    Bxo    0    2    0 0.498 116.4 356.0 -11.0 -27.0
1994 622.000    7739 B    Bxo    0    2    0 0.373 120.5   4.0  -9.0 -19.0
1994 623.000    7736 B    Bxo   55   10   30 0.391 213.4  23.0 -17.0  13.0
1994 624.000    7736 B    Dao   50    8   30 0.531 232.1  23.0 -17.0  26.0
1994 624.000    7737 B    Cro   19    5   10 0.248 187.9 359.0 -12.0   2.0
1994 624.000    7739AA    Bxo    0    1    0 0.292 196.8   2.0 -14.0   5.0
1994 625.000    7736 B    Cro   57    6   40 0.699 241.0  23.0 -18.0  40.0
1994 625.000    7737 B    Bxo   37    6   20 0.353 225.8 358.0 -12.0  15.0
1994 625.000    7740 B    Bxo   31    3   20 0.615 245.3  18.0 -13.0  35.0
1994 626.000    7736 A    Axo   11    2   10 0.815 248.3  22.0 -16.0  52.0
1994 626.000    7737 B    Bxo   33    5   20 0.534 242.7 359.0 -12.0  29.0
1994 626.000    7740 A    Axo   12    2   10 0.775 252.3  19.0 -12.0  49.0
1994 626.000    7741 B    Bxo   19    3   10 0.108 284.5 336.0   4.0   6.0
1994 627.000    7736 B    Axo    6    2   10 0.940 249.8  25.0 -18.0  68.0
1994 627.000    7737 B    Bxo   14    3   10 0.682 250.8 358.0 -11.0  41.0
1994 627.000    7740 B    Bxo   17    4   20 0.895 254.1  19.0 -13.0  62.0
1994 627.000    7741 B    Bxo   19    3   10 0.309 275.0 335.0   4.0  18.0
1994 628.000    7741 A    Axo    0    1    0 0.515 275.2 335.0   5.0  31.0
1994 628.000    7742 A    Hso   28    2   50 0.959  99.2 231.0  -8.0 -73.0
1994 629.000    7742 B    Cao   75    4   80 0.881 100.6 229.0  -8.0 -61.0
1994 629.000    7743 A    Axo    5    1   10 0.964 100.1 216.0  -9.0 -74.0
1994 630.000    7741AA    Axo    0    1    0 0.244 356.1 278.0  17.0   1.0
1994 630.000    7742 B    Dao  234   11  180 0.758 104.5 229.0  -9.0 -48.0
1994 630.000    7743 A    Hro   18    1   20 0.884 102.9 216.0 -10.0 -61.0
1994 7 1.000    7741BA    Axo   19    1   10 0.227 261.4 277.0   1.0  13.0
1994 7 1.000    7742 B    Dki  353   17  220 0.596 107.8 229.0  -8.0 -35.0
1994 7 1.000    7743 A    Axo   13    2   10 0.758 110.0 217.0 -13.0 -47.0
1994 7 2.000    7742 B    Dac  401   24  220 0.410 120.3 230.0  -9.0 -21.0
1994 7 2.000    7743 A    Axo   16    2   10 0.579 112.2 218.0 -10.0 -33.0
1994 7 2.000    7744 A    Axo    0    1    0 0.367 241.8 270.0  -7.0  19.0
1994 7 3.000    7742 B    Dac  367   23  190 0.252 147.0 230.0  -9.0  -8.0
1994 7 3.000    7743 A    Axo    0    1    0 0.402 127.3 219.0 -11.0 -19.0
1994 7 3.000    7745 B    Bxo   18    3   10 0.353  72.9 218.0   9.0 -20.0
1994 7 3.000    7746 A    Hso   29    1   90 0.986  79.4 157.0  11.0 -81.0
1994 7 4.000    7742 B    Dac  272   18  140 0.230 201.9 229.0  -9.0   5.0
1994 7 4.000    7743 A    Axo    0    1    0 0.260 152.5 217.0 -10.0  -7.0
1994 7 4.000    7745 A    Axo    0    2    0 0.156  50.6 217.0   9.0  -7.0
1994 7 4.000    7746 A    Hso   79    1  110 0.932  79.5 155.0  11.0 -69.0
1994 7 5.000    7742 B    Dai  203   21  110 0.381 232.9 229.0 -10.0  18.0
1994 7 5.000    7745 B    Bxo   19    3   10 0.145 303.4 218.0   8.0   7.0
1994 7 5.000    7746 A    Hso  200    3  170 0.809  80.1 157.0  10.0 -54.0
1994 7 6.000    7742 B    Dao  162    8  100 0.582 247.3 231.0 -10.0  33.0
1994 7 6.000    7746 B    Cso  285   10  190 0.658  78.9 157.0  10.0 -41.0
1994 7 7.000    7742 B    Dao  134    6  100 0.741 253.0 231.0 -10.0  46.0
1994 7 7.000    7746 B    Cao  333   10  190 0.477  75.7 157.0  10.0 -28.0
1994 7 7.000    7747 A    Axo   14    3   10 0.702 118.9 145.0 -17.0 -40.0
1994 7 8.000    7742 A    Hao   49    3   50 0.868 257.4 230.0  -9.0  59.0
1994 7 8.000    7743BA    Axo   18    2   10 0.314 248.5 188.0  -3.0  17.0
1994 7 8.000    7746 B    Csi  305   19  160 0.299  64.6 155.0  11.0 -16.0
1994 7 8.000    7747 B    Dxi   50    9   30 0.540 125.7 144.0 -15.0 -27.0
1994 7 8.000    7749 B    Bxo   38    6   20 0.279 142.1 161.0  -9.0 -10.0
1994 7 9.000    7742 B    Bxo   29    4   50 0.956 259.3 230.0  -9.0  72.0
1994 7 9.000    7746 B    Cao  257   13  130 0.129  15.4 156.0  11.0  -2.0
1994 7 9.000    7747 B    Csi  183   15  100 0.397 144.0 144.0 -15.0 -14.0
1994 7 9.000    7749 B    Cro  116   12   60 0.233 197.2 162.0  -9.0   4.0
1994 710.000    7746 B    Cao  254   16  130 0.210 305.9 155.0  11.0  10.0
1994 710.000    7747 B    Cso   94   15   50 0.325 180.0 145.0 -15.0   0.0
1994 710.000    7749 B    Cso   92   11   50 0.381 237.7 164.0  -8.0  19.0
1994 711.000    7746 B    Dao  235   12  130 0.423 289.9 156.0  12.0  24.0
1994 711.000    7747 B    Cso   72    8   40 0.410 217.6 147.0 -15.0  15.0
1994 711.000    7749 B    Dao   98   12   60 0.574 249.9 165.0  -8.0  33.0
1994 711.000    7750 B    Bxo   30    3   20 0.643 239.0 167.0 -16.0  35.0
1994 711.000    7751 A    Axo   26    5   30 0.896 105.5  70.0 -12.0 -62.0
1994 712.000    7746 B    Dao  216   18  140 0.632 282.3 157.0  11.0  39.0
1994 712.000    7747 A    Hso   47    3   30 0.609 236.7 150.0 -16.0  32.0
1994 712.000    7749 B    Dao  103    7   80 0.762 254.5 166.0  -9.0  48.0
1994 712.000    7750 B    Dao  108    5   90 0.797 245.0 167.0 -17.0  49.0
1994 712.000    7751 B    Bxo   37    7   30 0.781 109.0  69.0 -12.0 -49.0
1994 712.000    7753 A    Axo   10    2   20 0.963 103.7  45.0 -12.0 -73.0
1994 713.000    7746 B    Dao  478    8  380 0.776 280.7 156.0  11.0  51.0
1994 713.000    7747 A    Hso   40    1   30 0.739 245.2 149.0 -15.0  44.0
1994 713.000    7747AA    Axo   15    1   10 0.609 243.9 139.0 -12.0  34.0
1994 713.000    7749 A    Axo   43    3   50 0.899 259.0 168.0  -8.0  63.0
1994 713.000    7750 B    Dso   68    5   80 0.903 250.0 167.0 -16.0  62.0
1994 713.000    7751 B    Bxo   32    6   20 0.597 116.7  72.0 -12.0 -33.0
1994 713.000    7753 B    Cso   19    2   20 0.873 106.3  46.0 -12.0 -59.0
1994 713.000    7754 A    Axo   17    1   10 0.445  76.1  79.0  10.0 -26.0
1994 713.000    7755 A    Bxo   19    1   10 0.142 282.6 113.0   6.0   8.0
1994 714.000    7746 B    Cao   70    6   80 0.896 281.2 156.0  12.0  64.0
1994 714.000    7747 A    Axo   18    1   20 0.881 249.2 151.0 -16.0  59.0
1994 714.000    7749 A    Axo    9    1   20 0.974 260.7 168.0  -8.0  76.0
1994 714.000    7750 A    Axo   16    3   40 0.978 252.6 168.0 -16.0  76.0
1994 714.000    7751 B    Cro   35    7   20 0.447 128.3  71.0 -12.0 -21.0
1994 714.000    7753 B    Bxo   26    3   20 0.750 110.2  46.0 -12.0 -46.0
1994 714.000    7754 A    Axo   19    1   10 0.250  62.0  79.0  11.0 -13.0
1994 714.000    7755 A    Bxo   18    1   10 0.377 280.5 114.0   8.0  22.0
1994 715.000    7746 A    Hso   18    2   40 0.972 280.3 156.0  11.0  77.0
1994 715.000    7747 B    Bxo   11    3   20 0.960 254.0 151.0 -14.0  72.0
1994 715.000    7749 A    Axo    0    1   10 0.999 261.8 166.0  -8.0  87.0
1994 715.000    7751 A    Axo   18    2   10 0.332 162.2  73.0 -14.0  -6.0
1994 715.000    7753 B    Cro   32    5   20 0.598 117.0  46.0 -12.0 -33.0
1994 715.000    7754 B    Bxo   19    3   10 0.115 351.4  80.0  11.0   1.0
1994 715.000    7755 A    Axo   16    2   10 0.586 275.8 115.0   7.0  36.0
1994 716.000    7751 B    Cro   38    3   20 0.308 202.7  72.0 -12.0   7.0
1994 716.000    7753 B    Cro   54    6   30 0.435 133.2  46.0 -13.0 -19.0
1994 716.000    7754 B    Dro   38    6   20 0.264 295.7  79.0  11.0  14.0
1994 716.000    7756 B    Bxo   37    4   50 0.926 106.0 359.0 -13.0 -66.0
1994 717.000    7751 B    Cro   35    4   20 0.437 229.9  72.0 -12.0  20.0
1994 717.000    7753 B    Bxo   38    5   20 0.304 160.3  46.0 -12.0  -6.0
1994 717.000    7754 B    Bxo   35    6   20 0.476 284.6  80.0  11.0  28.0
1994 717.000    7756 B    Bxo   45    8   40 0.824 109.3 359.0 -13.0 -53.0
1994 717.000    7757 B    Cso   34    2  100 0.985  77.6 331.0  13.0 -81.0
1994 718.000    7751 A    Axo   15    1   10 0.624 244.0  74.0 -12.0  35.0
1994 718.000    7753 A    Axo    0    2    0 0.333 210.6  49.0 -12.0  10.0
1994 718.000    7754 B    Bxo   15    5   10 0.658 282.8  80.0  12.0  41.0
1994 718.000    7756 B    Dso   59   12   40 0.672 113.7   0.0 -12.0 -39.0
1994 718.000    7757 B    Dso  117    4  160 0.930  77.9 330.0  13.0 -69.0
1994 719.000    7751 A    Axo    0    1    0 0.783 250.5  75.0 -12.0  49.0
1994 719.000    7753 A    Axo    0    1    0 0.476 233.5  49.0 -12.0  23.0
1994 719.000    7754 B    Bxo   11    3   10 0.808 282.6  80.0  13.0  54.0
1994 719.000    7756 B    Bxo   51    8   30 0.500 124.3   1.0 -12.0 -25.0
1994 719.000    7757 B    Dso  184    4  160 0.818  77.5 331.0  13.0 -55.0
1994 719.000    7758 A    Hso    0    2    0 0.964 103.9 313.0 -12.0 -73.0
1994 720.000    7756 B    Bxo   18    4   10 0.354 144.9   1.0 -12.0 -12.0
1994 720.000    7757 B    Cso  247    7  170 0.684  76.2 330.0  13.0 -43.0
1994 720.000    7758 A    Axo   19    3   20 0.875 106.6 314.0 -12.0 -59.0
1994 721.000    7756 B    Bxo   38    4   20 0.293 180.0 359.0 -12.0   0.0
1994 721.000    7757 B    Cso  298    3  170 0.481  72.0 331.0  13.0 -28.0
1994 721.000    7758 B    Axo   13    2   10 0.745 112.4 314.0 -13.0 -45.0
1994 722.000    7756 A    Axo   18    2   10 0.356 214.8 358.0 -12.0  12.0
1994 722.000    7757 B    Cso  326    6  170 0.282  64.1 331.0  12.0 -15.0
1994 722.000    7758 A    Axo   15    1   10 0.608 119.2 313.0 -13.0 -33.0
1994 723.000    7757 B    Cso  297    7  150 0.124  16.0 331.0  12.0  -2.0
1994 723.000    7758 B    Bxo    0    2    0 0.485 134.4 312.0 -15.0 -21.0
1994 724.000    7757 B    Csi  290    8  150 0.244 304.0 332.0  13.0  12.0
1994 725.000    7757 B    Cao  286   10  160 0.447 286.3 332.0  12.0  26.0
1994 726.000    7757 B    Cso  217    4  140 0.630 282.4 332.0  12.0  39.0
1994 727.000    7757 A    Hso  145    2  120 0.796 280.9 333.0  12.0  53.0
1994 727.000    7758 A    Axo    0    1    0 0.641 240.3 315.0 -14.0  35.0
1994 728.000    7757 A    Hso  124    2  150 0.909 279.6 333.0  11.0  66.0
1994 728.000    7758 A    Axo    0    1    0 0.792 247.5 316.0 -14.0  49.0
1994 729.000    7757 A    Hso   33    1   90 0.982 280.1 333.0  11.0  80.0
1994 729.000    7759 B    Bxo   14    4   10 0.680  90.2 210.0   4.0 -43.0
1994 730.000    7759 A    Axo    0    2    0 0.484  92.1 211.0   4.0 -29.0
1994 730.000    7760AA    Axo    0    1    0 0.226 166.7 237.0  -7.0  -3.0
1994 731.000    7759 A    Axo    0    1    0 0.279  99.3 211.0   3.0 -16.0
1994 731.000    7760 B    Bxo   14    4   10 0.713 255.7 271.0  -6.0  44.0
1994 8 1.000    7760 B    Bxo   21    4   20 0.849 259.2 271.0  -6.0  57.0
1994 8 2.000    7759 A    Axo    0    1    0 0.180 253.9 211.0   3.0  10.0
1994 8 2.000    7760 A    Axo    0    1    0 0.951 260.6 272.0  -7.0  71.0
1994 8 2.000    7761 A    Axo    0    1    0 0.202 159.9 197.0  -5.0  -4.0
1994 8 3.000    7761 A    Axo    0    1    0 0.246 219.4 196.0  -5.0   9.0
1994 8 3.000    7762 B    Dao   17    2   40 0.976  85.2 109.0   6.0 -78.0
1994 8 4.000    7762 B    Dso  132    9  160 0.911  86.2 108.0   6.0 -66.0
1994 8 5.000    7762 B    Dso  123   11  100 0.785  87.2 109.0   6.0 -52.0
1994 8 6.000    7762 B    Cao  155   17  100 0.626  88.2 109.0   6.0 -39.0
1994 8 7.000    7762 B    Cao  182   19  100 0.405  89.4 110.0   6.0 -24.0
1994 8 8.000    7762 B    Cso  236    8  120 0.174  97.2 111.0   5.0 -10.0
1994 8 9.000    7762 B    Cso  219    8  110 0.074 250.9 112.0   5.0   4.0
1994 810.000    7762 B    Dso  170    8   90 0.325 266.6 114.0   5.0  19.0
1994 810.000    7763BA    Axo    0    1    0 0.618 113.5  60.0  -9.0 -35.0
1994 811.000    7762 B    Dso  188   12  110 0.515 266.9 113.0   4.0  31.0
1994 811.000    7763 A    Axo    0    1    0 0.373 207.0  92.0 -13.0  10.0
1994 811.000    7763AA    Axo    0    1    0 0.431 157.3  72.0 -17.0 -10.0
1994 812.000    7762 A    Hso  139    4  100 0.718 269.2 114.0   4.0  46.0
1994 812.000    7763 A    Axo   17    2   10 0.504 232.2  92.0 -12.0  24.0
1994 812.000    7764 A    Hao   27    1   50 0.960  97.2 355.0  -5.0 -73.0
1994 812.000    7765 A    Axo   14    2   10 0.670 116.1  30.0 -12.0 -38.0
1994 813.000    7762 A    Hso  100    4  100 0.864 270.8 115.0   4.0  60.0
1994 813.000    7764 A    Hso   48    1   50 0.876 100.6 355.0  -6.0 -60.0
1994 813.000    7765 BG   Dai   88   18   50 0.459 130.0  34.0 -11.0 -21.0
1994 814.000    7762 A    Hso   44    1   80 0.960 272.2 116.0   4.0  74.0
1994 814.000    7764 A    Hso   92    1   70 0.750 104.1 355.0  -6.0 -47.0
1994 814.000    7765 BG   Dac  302   29  160 0.324 151.6  33.0 -10.0  -9.0
1994 815.000    7762 A    Hso    6    2   70 0.999 275.7 117.0   6.0  88.0
1994 815.000    7764 A    Hso   81    1   50 0.573 108.7 356.0  -5.0 -33.0
1994 815.000    7765 BG   Dai  535   27  280 0.295 193.5  33.0 -10.0   4.0
1994 815.000    7766 B    Cro   24    2   20 0.793  82.5 336.0  10.0 -53.0
1994 816.000    7764 A    Hso   73    1   40 0.388 123.5 356.0  -6.0 -19.0
1994 816.000    7765 BG   Eac  431   25  240 0.437 223.7  33.0 -12.0  18.0
1994 816.000    7766 B    Cao   31    5   20 0.625  82.4 336.0  10.0 -39.0
1994 817.000    7764 B    Bxo   96    2   50 0.252 151.2 355.0  -6.0  -7.0
1994 817.000    7765 B    Eao  289   16  180 0.595 241.0  34.0 -11.0  32.0
1994 817.000    7766 B    Bxo   36    4   20 0.420  83.3 337.0   9.0 -25.0
1994 817.000    7767 B    Bxo   22    2   20 0.822 111.0 310.0 -13.0 -52.0
1994 818.000    7764 A    Hso   77    1   40 0.245 205.1 355.0  -6.0   6.0
1994 818.000    7765 B    Eao  225   13  170 0.750 247.3  34.0 -12.0  45.0
1994 818.000    7766 A    Axo   19    4   10 0.193  78.1 338.0   9.0 -11.0
1994 818.000    7767 A    Axo   15    2   10 0.660 117.0 312.0 -12.0 -37.0
1994 818.000    7768 A    Axo   12    3   10 0.784 112.6 301.0 -13.0 -48.0
1994 819.000    7764 A    Hso   36    1   20 0.416 238.9 357.0  -6.0  21.0
1994 819.000    7765 B    Eao  133   10  140 0.880 252.4  35.0 -12.0  59.0
1994 819.000    7767 B    Dso   50    5   30 0.539 127.5 310.0 -13.0 -26.0
1994 819.000    7768 B    Bxo   31    5   20 0.632 120.4 302.0 -13.0 -34.0
1994 820.000    7764 B    Cao   16    1   10 0.592 249.9 357.0  -6.0  34.0
1994 820.000    7765 B    Cao   58    9  100 0.957 255.2  34.0 -12.0  71.0
1994 820.000    7767 B    Cao   73   11   40 0.381 147.7 311.0 -12.0 -12.0
1994 820.000    7768 B    Bxo   17    4   10 0.482 133.6 302.0 -13.0 -21.0
1994 821.000    7764 A    Axo   25    3   20 0.762 256.0 357.0  -6.0  48.0
1994 821.000    7765 A    Axo    7    4   50 0.997 256.3  33.0 -13.0  84.0
1994 821.000    7766AA    Axo    0    1    0 0.256 251.1 323.0   2.0  14.0
1994 821.000    7767 B    Dao  131   10   70 0.342 182.9 310.0 -13.0   1.0
1994 821.000    7768 B    Bxo   18    3   10 0.360 160.8 302.0 -13.0  -7.0
1994 822.000    7764 A    Axo   27    2   30 0.893 259.6 358.0  -6.0  62.0
1994 822.000    7767 A    Hso   53    4   30 0.443 217.1 312.0 -14.0  16.0
1994 822.000    7768 B    Bxo   18    3   10 0.388 203.1 305.0 -14.0   9.0
1994 823.000    7767 B    Cso   32    3   20 0.594 234.8 313.0 -14.0  30.0
1994 824.000    7767 A    Axo    0    1    0 0.749 244.2 314.0 -14.0  44.0
1994 824.000    7769 A    Axo    0    1    0 0.638 277.2 310.0  10.0  40.0
1994 824.000    7770 B    Dso   66    5   50 0.743 106.1 224.0  -7.0 -46.0
1994 825.000    7767 A    Axo    0    1    0 0.864 248.0 313.0 -15.0  56.0
1994 825.000    7768 B    Bxo   12    3   10 0.799 246.5 306.0 -14.0  49.0
1994 825.000    7769 A    Axo    0    1    0 0.793 277.2 310.0  10.0  53.0
1994 825.000    7770 B    Dao   97    5   60 0.578 114.7 225.0  -8.0 -32.0
1994 826.000    7767 A    Axo    0    1    0 0.950 251.6 312.0 -15.0  69.0
1994 826.000    7770 B    Cro   73    5   40 0.398 129.8 225.0  -8.0 -18.0
1994 827.000    7770 B    Bxo   38    8   20 0.274 161.7 225.0  -8.0  -5.0
1994 827.000    7770AA    Axo   18    3   10 0.338 120.3 213.0  -3.0 -17.0
1994 828.000    7770 B    Bxo   19    4   10 0.294 207.9 225.0  -8.0   8.0
1994 829.000    7770 A    Axo    0    1    0 0.445 232.6 225.0  -9.0  21.0
1994 829.000    7771 A    Hso   15    1   50 0.988  84.0 122.0   7.0 -82.0
1994 830.000    7770 A    Axo    0    1    0 0.609 245.0 224.0  -9.0  34.0
1994 830.000    7771 A    Hso   44    1   60 0.930  85.3 121.0   7.0 -69.0
1994 830.000    7772 B    Hso   17    3   10 0.517 160.0 179.0 -22.0 -11.0
1994 831.000    7771 A    Hso  101    2   90 0.824  86.4 121.0   7.0 -56.0
1994 831.000    7772 B    Bxo   17    2   10 0.511 190.8 183.0 -23.0   6.0
1994 831.000    7772AA    Axo    0    1    0 0.313 183.1 178.0 -11.0   1.0
1994 831.000    7773 B    Fac   78    6  210 0.982  99.6  99.0  -8.0 -78.0
1994 9 1.000    7771 A    Hso  134    1   90 0.666  89.1 122.0   6.0 -42.0
1994 9 1.000    7772 B    Bxo   49    6   30 0.566 208.4 181.0 -23.0  17.0
1994 9 1.000    7773 B    Ehi  359   22  470 0.924 101.8  98.0  -8.0 -66.0
1994 9 2.000    7771 A    Hso  122    1   70 0.482  90.7 122.0   6.0 -29.0
1994 9 2.000    7772 B    Cro   14    2   10 0.689 227.1 184.0 -22.0  33.0
1994 9 2.000    7773 B    Fhi  515   26  460 0.829 104.8  97.0  -8.0 -54.0
1994 9 2.000    7774 A    Cao    0    1    0 0.915  82.2  84.0  10.0 -67.0
1994 9 3.000    7771 A    Hso  134    1   70 0.275  93.5 122.0   6.0 -16.0
1994 9 3.000    7772 A    Axo   11    1   10 0.827 235.8 186.0 -23.0  48.0
1994 9 3.000    7773 B    Ehi  698   26  480 0.686 108.3  97.0  -7.0 -41.0
1994 9 3.000    7774 A    Axo   24    3   20 0.792  81.7  85.0  11.0 -53.0
1994 9 3.000    7775 A    Axo    4    1   10 0.977  77.2  59.0  14.0 -79.0
1994 9 4.000    7771 A    Hso  159    2   80 0.056 112.4 121.0   6.0  -3.0
1994 9 4.000    7772 A    Axo    8    2   10 0.916 239.8 184.0 -24.0  60.0
1994 9 4.000    7773 BG   Eho  854   30  500 0.520 116.4  96.0  -7.0 -28.0
1994 9 4.000    7774 B    Dro   31    5   20 0.625  81.4  85.0  11.0 -39.0
1994 9 4.000    7775 A    Axo    7    1   10 0.920  75.6  56.0  16.0 -68.0
1994 9 4.000    7776 B    Cko  103    2  230 0.974  97.9  48.0  -6.0 -76.0
1994 9 5.000    7771 A    Hso  137    1   70 0.174 263.4 121.0   6.0  10.0
1994 9 5.000    7773 BG   Ehi  879   26  470 0.353 137.3  97.0  -8.0 -14.0
1994 9 5.000    7774 B    Dso   53    7   30 0.436  82.0  85.0  10.0 -26.0
1994 9 5.000    7775 A    Axo    0    1    0 0.813  75.5  56.0  16.0 -55.0
1994 9 5.000    7776 B    Cho  198    2  240 0.911 102.2  47.0  -8.0 -64.0
1994 9 6.000    7771 A    Hso  109    1   60 0.405 268.4 122.0   6.0  24.0
1994 9 6.000    7773 B    Eko  844   26  440 0.280 176.5  97.0  -9.0  -1.0
1994 9 6.000    7774 B    Dro   58    8   30 0.195  75.0  87.0  10.0 -11.0
1994 9 6.000    7776 B    Cso  270    3  220 0.789 106.1  48.0  -8.0 -50.0
1994 9 6.000    7777 A    Axo   17    3   10 0.447 216.8 114.0 -14.0  16.0
1994 9 7.000    7771 A    Hso   96    1   60 0.599 270.3 122.0   6.0  37.0
1994 9 7.000    7773 B    Eki  754   22  400 0.332 218.3  97.0  -8.0  12.0
1994 9 7.000    7774 B    Dso   79   14   40 0.071 313.1  88.0  10.0   3.0
1994 9 7.000    7776 B    Cho  398    6  260 0.642 111.8  48.0  -8.0 -37.0
1994 9 8.000    7771 A    Hso   88    1   70 0.773 271.8 123.0   6.0  51.0
1994 9 8.000    7773 B    Eko  506   15  290 0.488 239.0  97.0  -8.0  25.0
1994 9 8.000    7774 B    Cao  153   13   80 0.280 284.5  88.0  11.0  16.0
1994 9 8.000    7776 A    Hho  478    8  270 0.462 123.2  49.0  -8.0 -23.0
1994 9 8.000    7777 A    Axo    0    1    0 0.741 246.5 116.0 -12.0  44.0
1994 9 9.000    7771 A    Hao   62    1   70 0.895 273.1 122.0   6.0  64.0
1994 9 9.000    7773 B    Cao  385    8  260 0.671 247.9  97.0  -9.0  39.0
1994 9 9.000    7774 B    Csi  105   10   60 0.483 279.7  87.0  11.0  29.0
1994 9 9.000    7774AB    Axo   18    5   10 0.372 270.7  80.0   7.0  22.0
1994 9 9.000    7776 BG   Cso  435    8  230 0.322 144.1  47.0  -8.0 -11.0
1994 910.000    7771 A    Hso   26    1   60 0.976 274.6 123.0   6.0  78.0
1994 910.000    7773 B    Cao  196    6  180 0.838 255.5 100.0  -8.0  55.0
1994 910.000    7774 A    Axo   42    3   30 0.714 278.3  91.0  11.0  46.0
1994 910.000    7776 A    Hso  481    5  250 0.268 191.2  48.0  -8.0   3.0
1994 911.000    7773 B    Cao   91    5  120 0.924 258.2  98.0  -8.0  66.0
1994 911.000    7774 A    Axo   10    1   10 0.860 278.5  92.0  11.0  60.0
1994 911.000    7776 B    Cho  350    2  190 0.387 228.4  49.0  -8.0  17.0
1994 912.000    7773 B    Cao   16    3  120 0.998 262.4 104.0  -7.0  85.0
1994 912.000    7774 A    Axo    5    1   10 0.961 279.4  94.0  11.0  75.0
1994 912.000    7775 A    Axo    0    1    0 0.527 279.2  51.0  11.0  32.0
1994 912.000    7776 A    Hso  313    2  190 0.566 244.4  50.0  -8.0  31.0
1994 912.000    7778 B    Axo   13    2   10 0.751 255.4  66.0  -6.0  47.0
1994 913.000    7774 A    Axo    0    1    0 0.998 280.7  94.0  11.0  88.0
1994 913.000    7775 A    Axo    0    1    0 0.689 278.4  50.0  11.0  44.0
1994 913.000    7776 A    Hao  261    1  190 0.725 251.7  50.0  -8.0  44.0
1994 913.000    7778 B    Axo    9    2   10 0.877 259.1  66.0  -6.0  60.0
1994 913.000    7780CB    Axo   14    2   10 0.691 117.4 327.0 -13.0 -39.0
1994 914.000    7776 A    Hho  156    2  160 0.873 256.6  51.0  -8.0  59.0
1994 914.000    7780AA    Dao    0    2    0 0.526 169.5 346.0 -24.0  -6.0
1994 915.000    7776 A    Hso   60    1  120 0.967 259.7  53.0  -8.0  74.0
1994 915.000    7780BA    Axo    0    1    0 0.317 150.9 330.0  -9.0  -9.0
1994 915.000    7780DA    Axo    0    1    0 0.399 129.9 321.0  -8.0 -18.0
1994 916.000    7776 A    Hso   13    1  120 0.998 263.5  52.0  -6.0  86.0
1994 917.000    7779 A    Axo   17    1   10 0.518  66.8 283.0  18.0 -30.0
1994 917.000    7780 A    Bxo    0    1    0 0.694 253.6 355.0  -6.0  42.0
1994 918.000    7779 B    Bxo   56    9   30 0.331  57.7 283.0  17.0 -17.0
1994 919.000    7779 B    Bxo   39    6   20 0.185  21.2 282.0  17.0  -4.0
1994 919.000    7780 B    Dao   35    4   50 0.934 260.8 354.0  -6.0  68.0
1994 920.000    7779 B    Bxo   19    4   10 0.253 313.7 284.0  17.0  11.0
1994 920.000    7780 B    Dao    7    5   30 0.992 265.0 355.0  -4.0  82.0
1994 923.000    7781 B    Bxo   37    5   20 0.350 136.8 220.0  -8.0 -14.0
1994 924.000    7781 B    Bxo   57    7   30 0.258 180.0 220.0  -8.0   0.0
1994 925.000    7781 B    Cso   75   10   40 0.337 225.4 221.0  -7.0  14.0
1994 926.000    7781 B    Cao   85   13   50 0.518 244.1 222.0  -7.0  28.0
1994 926.000    7782 A    Cso   17    2   10 0.518 254.5 224.0  -2.0  30.0
1994 927.000    7781 B    Dao  102    6   70 0.684 252.1 222.0  -7.0  41.0
1994 927.000    7782 B    Bxo   29    6   20 0.669 266.9 223.0   3.0  42.0
1994 927.000    7783 A    Hso   18    1   60 0.988  98.2 101.0  -7.0 -80.0
1994 928.000    7781 B    Dro   44    3   40 0.832 258.1 223.0  -6.0  55.0
1994 928.000    7782 A    Axo   21    2   20 0.838 269.2 225.0   3.0  57.0
1994 928.000    7783 A    Hso   38    1   50 0.924 101.6 102.0  -8.0 -66.0
1994 929.000    7781 B    Cso   35    3   50 0.935 259.9 222.0  -7.0  68.0
1994 929.000    7782 A    Axo    6    1   10 0.950 270.9 226.0   3.0  72.0
1994 929.000    7783 A    Hso   82    1   70 0.806 103.8 102.0  -7.0 -52.0
1994 930.000    7781 B    Cso    9    3   30 0.988 261.8 221.0  -7.0  80.0
1994 930.000    7783 A    Hso  120    1   80 0.659 108.7 102.0  -7.0 -39.0
199410 1.000    7783 A    Hso   86    1   50 0.497 119.1 102.0  -8.0 -26.0
199410 1.000    7784 A    Hso   38    1   90 0.977  95.6  51.0  -4.0 -77.0
199410 2.000    7783 A    Hso  133    1   70 0.311 138.4 103.0  -7.0 -12.0
199410 2.000    7784 A    Hso  110    2  130 0.906  98.7  51.0  -5.0 -64.0
199410 3.000    7783 A    Hso  117    1   60 0.218 184.6 103.0  -6.0   1.0
199410 3.000    7784 A    Hso   97    1   80 0.792 102.8  51.0  -6.0 -51.0
199410 4.000    7783 A    Hso   94    1   50 0.332 226.2 102.0  -7.0  14.0
199410 4.000    7784 A    Hso  154    1  100 0.638 106.0  50.0  -5.0 -38.0
199410 5.000    7783 A    Hso   86    1   50 0.502 244.0 102.0  -7.0  27.0
199410 5.000    7784 A    Hso  194    2  110 0.469 111.2  49.0  -4.0 -26.0
199410 5.000    7785 A    Hro   38    1   20 0.311 142.6  64.0  -8.0 -11.0
199410 6.000    7783 A    Hao   58    1   40 0.682 252.6 103.0  -7.0  41.0
199410 6.000    7784 B    Cao  171    5   90 0.296 135.7  50.0  -6.0 -12.0
199410 6.000    7785 B    Dro   38    6   20 0.267 187.4  64.0  -9.0   2.0
199410 6.000    7786 B    Cro   28    4   30 0.883 250.4 121.0 -14.0  59.0
199410 6.000    7787 B    Bxo    5    2   10 0.962  81.4 347.0  10.0 -75.0
199410 7.000    7783 A    Hso   34    1   30 0.814 256.7 102.0  -7.0  53.0
199410 7.000    7784 B    Cao  214    8  110 0.231 184.3  50.0  -7.0   1.0
199410 7.000    7785 B    Dro   93    7   50 0.354 222.5  63.0  -9.0  14.0
199410 7.000    7786 A    Axo   11    3   20 0.958 253.3 120.0 -14.0  71.0
199410 7.000    7787 B    Dro   47    8   50 0.878  80.9 347.0  11.0 -62.0
199410 7.000    7788AA    Axo    0    2    0 0.989  94.0 328.0  -3.0 -81.0
199410 8.000    7783 A    Hso   36    1   50 0.929 258.8 103.0  -8.0  67.0
199410 8.000    7784 B    Cso  169    5   90 0.330 226.7  50.0  -7.0  14.0
199410 8.000    7785 B    Dao   68    9   40 0.521 239.0  63.0 -10.0  27.0
199410 8.000    7787 B    Dao   94   13   70 0.739  80.8 348.0  11.0 -48.0
199410 8.000    7788AA    Axo   15    1   20 0.921  92.6 329.0   0.0 -67.0
199410 9.000    7783 A    Axo    7    1   20 0.985 261.7 101.0  -7.0  79.0
199410 9.000    7784 B    Cso  154    3   90 0.513 245.2  50.0  -7.0  28.0
199410 9.000    7785 B    Bxo   57    9   40 0.694 248.6  63.0 -10.0  41.0
199410 9.000    7787 B    Cao  180   12  110 0.571  83.1 347.0   9.0 -35.0
19941010.000    7784 A    Hso  115    1   80 0.694 253.3  51.0  -7.0  42.0
19941010.000    7784AA    Hso    0    1    0 0.281 132.6 357.0  -5.0 -12.0
19941010.000    7785 B    Cai   67   13   60 0.828 254.8  63.0  -9.0  54.0
19941010.000    7787 B    Dao  149   16   80 0.359  80.8 348.0   9.0 -21.0
19941010.000    7789 B    Cso   66    2  130 0.967  82.3 293.0   9.0 -76.0
19941011.000    7784 A    Hso   88    2   80 0.833 257.4  51.0  -7.0  55.0
19941011.000    7785 B    Dao   72    8  100 0.931 256.8  63.0 -10.0  67.0
19941011.000    7787 B    Dao  217    9  110 0.147  69.1 348.0   9.0  -8.0
19941011.000    7788 B    Axo   18    2   10 0.387 104.6 334.0   0.0 -22.0
19941011.000    7789 B    Eso  146    7  170 0.902  84.0 291.0   8.0 -65.0
19941012.000    7784 A    Hso   35    2   50 0.935 259.1  51.0  -8.0  68.0
19941012.000    7785 B    Cao   11    4   40 0.989 257.9  63.0 -11.0  80.0
19941012.000    7787 A    Hso  119    4   60 0.116 297.2 349.0   9.0   6.0
19941012.000    7789 B    Eso  228   10  180 0.773  83.3 292.0   9.0 -51.0
19941012.000    7790 A    Hao   19    1   70 0.990  78.7 260.0  12.0 -83.0
19941013.000    7784 A    Hso    6    1   20 0.988 260.9  50.0  -8.0  80.0
19941013.000    7787 A    Hao   93    3   50 0.341 277.2 350.0   8.0  20.0
19941013.000    7788 A    Axo    0    1    0 0.109 198.7 332.0   0.0   2.0
19941013.000    7789 B    Eao  221    8  140 0.613  82.9 292.0   9.0 -38.0
19941013.000    7790 B    Eko  173    7  300 0.957  79.2 256.0  12.0 -74.0
19941014.000    7787 B    Bxo   50    3   30 0.542 275.7 349.0   8.0  33.0
19941014.000    7788 A    Axo    0    1    0 0.283 257.1 332.0   2.0  16.0
19941014.000    7789 B    Eso  289    9  160 0.424  78.9 291.0  10.0 -25.0
19941014.000    7790 B    Eko  490   16  530 0.886  78.4 253.0  13.0 -63.0
19941015.000    7787 A    Axo   41    2   30 0.728 275.6 350.0   8.0  47.0
19941015.000    7788 A    Bxo   51   10   30 0.525 258.6 334.0  -1.0  31.0
19941015.000    7789 B    Cso  273    7  140 0.214  74.1 291.0   9.0 -12.0
19941015.000    7790 B    Eai  606   29  460 0.752  79.1 254.0  12.0 -49.0
19941016.000    7787 A    Axo   10    2   10 0.862 277.1 350.0   9.0  60.0
19941016.000    7788 B    Bxo   27    6   20 0.724 263.2 336.0  -1.0  46.0
19941016.000    7789 B    Cso  219    5  110 0.067 329.2 292.0   9.0   2.0
19941016.000    7790 BG   Eki  705   45  430 0.572  80.7 255.0  10.0 -35.0
19941017.000    7788 A    Axo   18    1   20 0.886 264.8 339.0  -2.0  62.0
19941017.000    7789 B    Cso  250    4  130 0.267 287.4 292.0  10.0  15.0
19941017.000    7790 B    Eki  480   36  260 0.381  74.7 255.0  11.0 -22.0
19941018.000    7788 A    Axo    4    1   10 0.971 266.6 340.0  -2.0  76.0
19941018.000    7789 A    Hso  182    1  110 0.559 279.7 298.0  10.0  34.0
19941018.000    7790 B    Eai  474   36  240 0.153  51.2 257.0  11.0  -7.0
19941019.000    7789 A    Hao  111    4   80 0.717 278.7 296.0  10.0  46.0
19941019.000    7790 B    Dai  415   25  210 0.141 313.5 256.0  11.0   6.0
19941019.000    7791 B    Cao   32    4   20 0.573 241.9 281.0 -11.0  31.0
19941019.000    7792 B    Dao   22    4   50 0.973  97.5 174.0  -6.0 -76.0
19941020.000    7789 A    Hso  101    1  110 0.887 277.4 300.0   9.0  63.0
19941020.000    7790 B    Csi  357   31  190 0.336 287.9 256.0  11.0  19.0
19941020.000    7791 B    Cso  107    5   80 0.743 248.6 282.0 -12.0  45.0
19941020.000    7792 B    Cko  236   16  280 0.907 100.3 173.0  -7.0 -64.0
19941021.000    7789 A    Hso   45    1   80 0.958 278.9 298.0  10.0  74.0
19941021.000    7790 B    Chi  318   15  190 0.547 282.1 257.0  11.0  33.0
19941021.000    7791 A    Hao   50    2   60 0.908 253.0 287.0 -13.0  63.0
19941021.000    7792 B    Cso  249   14  210 0.804 104.0 172.0  -8.0 -52.0
19941022.000    7790 B    Cso  264   16  190 0.717 278.9 257.0  10.0  46.0
19941022.000    7791 B    Cso   34    5   70 0.969 255.2 285.0 -13.0  74.0
19941022.000    7792 B    Cao  244   10  160 0.645 108.9 173.0  -8.0 -38.0
19941023.000    7790 B    Fso  232   11  230 0.863 279.8 258.0  11.0  60.0
19941023.000    7791AA    Axo    0    1    0 0.325  92.5 179.0   4.0 -19.0
19941023.000    7792 B    Cao  193   13  110 0.472 117.6 173.0  -8.0 -25.0
19941024.000    7790 B    Cso   76    5  120 0.948 278.9 257.0  10.0  72.0
19941024.000    7792 B    Cao  133   10   70 0.304 137.3 173.0  -8.0 -12.0
19941025.000    7790 B    Cso   16    3   60 0.991 280.5 254.0  11.0  83.0
19941025.000    7792 B    Cso   97   14   50 0.226 188.8 173.0  -8.0   2.0
19941026.000    7792 B    Cso   55    5   30 0.360 229.1 174.0  -9.0  16.0
19941026.000    7794 B    Eao   62    3  130 0.971  74.7  81.0  16.0 -77.0
19941026.000    7796 B    Bxo   15    5   20 0.919  98.6  92.0  -6.0 -66.0
19941027.000    7792 B    Cso   51    6   30 0.510 245.6 173.0  -8.0  28.0
19941027.000    7794 B    Eao  189   12  230 0.911  75.7  79.0  15.0 -66.0
19941027.000    7795 B    Bxo   26    4   20 0.750 117.7 101.0 -17.0 -44.0
19941027.000    7796 B    Bxo   23    5   20 0.811 102.2  92.0  -7.0 -53.0
19941027.000    7797 A    Hso   20    1   50 0.978 100.3  68.0  -9.0 -77.0
19941028.000    7792 A    Axo   28    4   20 0.692 253.3 174.0  -8.0  42.0
19941028.000    7794 B    Esi  343   20  300 0.820  73.7  77.0  16.0 -55.0
19941028.000    7795 B    Bxo   32    5   20 0.590 125.4 102.0 -16.0 -30.0
19941028.000    7796 B    Bxo   30    5   20 0.648 104.9  93.0  -6.0 -39.0
19941028.000    7797 A    Hso   49    2   60 0.909 103.2  68.0 -10.0 -64.0
19941029.000    7792 B    Bxo   11    2   10 0.834 256.1 174.0  -9.0  55.0
19941029.000    7794 B    Esc  491   28  330 0.667  71.0  78.0  16.0 -41.0
19941029.000    7795 B    Bxo   17    3   10 0.437 142.7 103.0 -16.0 -16.0
19941029.000    7796 B    Bxo   35    5   20 0.476 113.8  93.0  -7.0 -26.0
19941029.000    7797 A    Hao   48    2   40 0.795 105.0  68.0  -9.0 -51.0
19941030.000    7794 B    Eai  557   37  320 0.492  67.0  77.0  15.0 -28.0
19941030.000    7796 B    Cao   57    8   30 0.297 131.3  92.0  -7.0 -13.0
19941030.000    7797 B    Cao   75    4   50 0.654 112.5  67.0 -11.0 -38.0
19941030.000    7798 A    Hso   23    1  100 0.993 102.7  23.0 -12.0 -82.0
19941031.000    7794 B    Esi  535   27  280 0.290  54.1  78.0  14.0 -14.0
19941031.000    7796 B    Bxo   39    6   20 0.216 189.2  94.0  -8.0   2.0
19941031.000    7797 A    Hao   87    6   50 0.475 122.9  68.0 -11.0 -24.0
19941031.000    7798 A    Hao   94    2  130 0.932 105.8  25.0 -13.0 -67.0
199411 1.000    7794 B    Esi  433   24  220 0.170  -0.0  79.0  14.0   0.0
199411 1.000    7795 B    Bxo   17    2   10 0.506 222.4 100.0 -18.0  21.0
199411 1.000    7796 B    Bxo   56    5   30 0.357 234.2  96.0  -8.0  17.0
199411 1.000    7797 B    Cso   75    6   40 0.344 143.8  67.0 -12.0 -12.0
199411 1.000    7798 A    Hso  147    2  130 0.823 109.0  26.0 -13.0 -53.0
199411 2.000    7794 B    Eso  367   22  190 0.256 307.5  78.0  13.0  12.0
199411 2.000    7796 A    Bxo    0    1    0 0.540 246.2  96.0  -9.0  30.0
199411 2.000    7797 B    Cso   76    5   40 0.280 187.0  68.0 -12.0   2.0
199411 2.000    7798 A    Hso  216    2  150 0.693 112.1  25.0 -12.0 -41.0
199411 2.000    7799 A    Axo    0    1    0 0.783 245.8 114.0 -16.0  48.0
199411 3.000    7794 B    Eso 1287   14  730 0.472 290.3  80.0  13.0  27.0
199411 3.000    7795 A    Bxo    0    1    0 0.866 244.1 109.0 -20.0  56.0
199411 3.000    7797 B    Cao   74    8   40 0.361 224.7  68.0 -11.0  15.0
199411 3.000    7798 B    Cao  252    3  150 0.539 121.9  25.0 -13.0 -28.0
199411 3.000    7799 B    Bxo   17    2   20 0.895 249.9 114.0 -16.0  61.0
199411 4.000    7794 B    Eao  121    8   80 0.650 285.5  79.0  13.0  40.0
199411 4.000    7797 B    Cro   34    2   20 0.518 239.0  66.0 -12.0  27.0
199411 4.000    7798 B    Cao  205    3  110 0.361 139.0  25.0 -12.0 -14.0
199411 4.000    7799 A    Bxo    0    1    0 0.984 252.9 117.0 -16.0  78.0
199411 5.000    7794 A    Axo   50    5   40 0.778 282.4  77.0  12.0  51.0
199411 5.000    7797 A    Axo   14    1   10 0.703 248.7  68.0 -12.0  42.0
199411 5.000    7798 A    Hso  230    3  120 0.272 180.0  26.0 -12.0   0.0
199411 6.000    7794 A    Axo   18    1   20 0.889 280.5  76.0  11.0  63.0
199411 6.000    7797 A    Axo   10    2   10 0.840 251.9  68.0 -13.0  55.0
199411 6.000    7798 A    Hao  167    2   90 0.360 217.5  26.0 -13.0  13.0
199411 6.000    7800 A    Hao   28    1   50 0.959  78.6 299.0  12.0 -74.0
199411 7.000    7794 A    Axo   11    2   20 0.959 280.4  74.0  11.0  74.0
199411 7.000    7797 A    Axo    7    1   10 0.937 254.7  68.0 -13.0  68.0
199411 7.000    7798 A    Hao  138    2   80 0.498 235.8  25.0 -13.0  25.0
199411 7.000    7800 A    Hso   38    1   40 0.874  78.3 299.0  12.0 -61.0
199411 8.000    7798 A    Hso  101    2   70 0.686 245.3  27.0 -14.0  40.0
199411 8.000    7800 A    Hso   39    1   30 0.758  75.8 298.0  13.0 -49.0
199411 9.000    7798 A    Hao   68    1   60 0.823 250.4  27.0 -14.0  53.0
199411 9.000    7800 A    Hso   82    1   50 0.570  73.7 300.0  12.0 -34.0
199411 9.000    7801 A    Axo    2    1   10 0.991  93.5 252.0  -3.0 -82.0
19941110.000    7798 A    Hso   22    1   30 0.926 252.4  26.0 -15.0  66.0
19941110.000    7800 A    Hso   55    1   30 0.390  63.7 299.0  13.0 -21.0
19941110.000    7801 B    Bxo   22    2   30 0.929  94.5 252.0  -3.0 -68.0
19941111.000    7798 A    Hso   16    1   60 0.990 257.4  28.0 -12.0  81.0
19941111.000    7800 A    Hro   39    2   20 0.194  44.9 299.0  11.0  -8.0
19941111.000    7801 A    Axo   22    2   20 0.834  98.1 251.0  -5.0 -56.0
19941111.000    7803 A    Axo   12    1   10 0.789 113.1 258.0 -16.0 -49.0
19941111.000    7804CA    Axo    0    1    0 0.681 102.3 265.0  -6.0 -42.0
19941112.000    7800 A    Hao   39    1   20 0.178 331.4 299.0  12.0   5.0
19941112.000    7801 A    Axo    0    1    0 0.691 100.5 251.0  -5.0 -43.0
19941112.000    7802 A    Axo    0    1    0 0.551 121.3 265.0 -14.0 -29.0
19941112.000    7804 B    Bxo    0    2    0 0.244  81.5 280.0   5.0 -14.0
19941112.000    7806 A    Axo    3    1   10 0.981  84.5 215.0   6.0 -79.0
19941113.000    7800 A    Axo   18    2   10 0.342 297.9 299.0  12.0  18.0
19941113.000    7801 A    Axo   17    1   10 0.521  98.7 250.0  -2.0 -31.0
19941113.000    7803 A    Axo    0    1    0 0.428 132.4 262.0 -14.0 -19.0
19941113.000    7804 A    Bxo   19    2   10 0.056 290.0 284.0   4.0   3.0
19941113.000    7804BA    Bxo   18    2   10 0.337  22.7 273.0  21.0  -8.0
19941113.000    7806 A    Axo    8    1   10 0.912  83.6 215.0   7.0 -66.0
19941114.000    7806 A    Axo    0    1    0 0.818  84.6 213.0   6.0 -55.0
19941115.000    7802 A    Axo    0    1    0 0.291 215.9 264.0 -11.0  10.0
19941115.000    7806 A    Axo    0    1    0 0.656  83.9 213.0   6.0 -41.0
19941116.000    7802 A    Axo    0    1    0 0.515 239.2 268.0 -13.0  27.0
19941116.000    7807 B    Bxo    0    3    0 0.475 241.0 266.0 -11.0  25.0
19941117.000    7806 B    Bxo   19    3   10 0.253  71.4 214.0   7.0 -14.0
19941117.000    7806AA    Bxo    0    1    0 0.832  77.2 172.0  12.0 -56.0
19941117.000    7807 A    Axo    0    1    0 0.673 249.1 268.0 -12.0  40.0
19941117.000    7809AB    Bxo   19    3   10 0.214 226.8 237.0  -6.0   9.0
19941118.000    7807 B    Bxo   34    5   30 0.822 254.9 269.0 -11.0  54.0
19941118.000    7809 B    Bxo   47    3   30 0.611 258.7 252.0  -5.0  37.0
19941119.000    7807 B    Cro   31    4   40 0.921 256.0 268.0 -12.0  66.0
19941119.000    7809 A    Axo   38    3   30 0.773 260.4 252.0  -6.0  50.0
19941120.000    7807 A    Axo    7    2   20 0.981 255.3 267.0 -14.0  78.0
19941120.000    7809 A    Axo    8    2   10 0.916 262.5 255.0  -6.0  66.0
19941121.000    7809 A    Axo    3    1   10 0.985 264.6 255.0  -5.0  80.0
19941121.000    7810 A    Axo    1    2   10 0.996  77.1  90.0  13.0 -85.0
19941122.000    7810 A    Hso   16    1   30 0.961  77.0  88.0  13.0 -74.0
19941123.000    7810 A    Hso   38    1   40 0.878  76.1  88.0  13.0 -61.0
19941124.000    7810 A    Hso   26    2   20 0.755  72.8  88.0  14.0 -48.0
19941125.000    7810 B    Bxo   31    2   20 0.603  66.7  88.0  15.0 -35.0
19941126.000    7810 A    Axo   17    3   10 0.452  60.7  85.0  14.0 -24.0
19941126.000    7811 B    Dao   75    8   40 0.320 158.5 102.0 -16.0  -7.0
19941126.000    7812 B    Axo   17    2   10 0.445 128.9  88.0 -15.0 -21.0
19941127.000    7810 A    Axo    0    1    0 0.245  33.5  88.0  13.0  -8.0
19941127.000    7811 BG   Eai  170   20   90 0.323 194.9 101.0 -17.0   5.0
19941128.000    7811 BG   Esi  180   23  100 0.428 223.7 101.0 -17.0  18.0
19941129.000    7811 B    Eso  130   11   80 0.580 238.1 101.0 -17.0  31.0
19941129.000    7812 A    Axo   17    2   10 0.438 225.4  89.0 -17.0  19.0
19941130.000    7811 B    Cso   54    6   40 0.730 245.5 101.0 -17.0  44.0
19941130.000    7812 A    Axo    0    2    0 0.597 241.2  90.0 -16.0  33.0
199412 1.000    7810AA    Axo    0    2    0 0.267  30.4  36.0  14.0  -8.0
199412 1.000    7811 B    Dai   68    5   70 0.872 250.0 103.0 -17.0  59.0
199412 2.000    7811 A    Hso   52    4  100 0.965 252.2 104.0 -17.0  74.0
199412 3.000    7811 A    Axo   10    2   40 0.992 251.8  99.0 -18.0  82.0
199412 4.000    7813 A    Axo    6    1   30 0.995  98.1 280.0  -8.0 -84.0
199412 5.000    7813 B    Dao   40    3   70 0.957  97.4 278.0  -7.0 -73.0
199412 6.000    7810BB    Axo   19    2   10 0.171 293.8 347.0   4.0   9.0
199412 6.000    7813 B    Dso   69    4   70 0.869  99.3 278.0  -8.0 -60.0
199412 7.000    7813 B    Dao   68    6   50 0.726 101.0 278.0  -8.0 -46.0
199412 8.000    7813 B    Dao  115    5   70 0.570 103.8 277.0  -8.0 -34.0
199412 8.000    7814 A    Hao   20    2   20 0.866 106.1 252.0 -14.0 -59.0
199412 9.000    7813 A    Hso   56    4   30 0.319 114.8 281.0  -8.0 -17.0
199412 9.000    7814 A    Hso   54    3   40 0.737 108.8 252.0 -14.0 -46.0
199412 9.000    7815 B    Bxo   14    3   20 0.935  99.5 229.0  -9.0 -69.0
19941210.000    7813 A    Hso   39    2   20 0.148 152.3 281.0  -8.0  -4.0
19941210.000    7814 B    Cso   50    5   30 0.552 115.2 254.0 -14.0 -31.0
19941210.000    7815 B    Dso  136   14  130 0.852 101.5 227.0 -10.0 -58.0
19941211.000    7813 B    Cso   39    3   20 0.201 223.2 280.0  -9.0   8.0
19941211.000    7814 B    Cao   73    7   40 0.405 125.0 252.0 -14.0 -20.0
19941211.000    7815 B    Eki  397   17  280 0.704 103.7 228.0 -10.0 -44.0
19941212.000    7813 A    Axo   18    1   10 0.423 252.4 283.0  -8.0  24.0
19941212.000    7814 B    Bxo   58    7   30 0.229 158.3 254.0 -13.0  -5.0
19941212.000    7814AA    Axo   19    2   10 0.258 111.1 245.0  -6.0 -14.0
19941212.000    7815 B    Eac  707   36  410 0.505 108.9 230.0 -10.0 -29.0
19941213.000    7813 A    Axo   15    1   10 0.623 258.2 283.0  -8.0  38.0
19941213.000    7814 B    Bxo   38    4   20 0.272 205.7 252.0 -15.0   7.0
19941213.000    7815 B    Ekc 1268   47  670 0.323 123.2 229.0 -11.0 -16.0
19941214.000    7814 B    Bxo   18    2   10 0.402 235.7 252.0 -14.0  20.0
19941214.000    7815 B    Eki 1420   44  720 0.165 161.8 229.0 -10.0  -3.0
19941214.000    7815AA    Axo    0    1    0 0.244 135.7 222.0 -11.0 -10.0
19941215.000    7814 A    Bxo    0    1    0 0.614 248.3 255.0 -14.0  36.0
19941215.000    7815 BGD  Ekc 1249   38  640 0.219 224.8 228.0 -10.0   9.0
19941216.000    7815 BGD  Ekc 1099   34  600 0.400 247.3 228.0 -10.0  22.0
19941217.000    7815 BG   Fki  862   26  540 0.602 253.4 229.0 -11.0  36.0
19941218.000    7815 BG   Fki  582   16  440 0.750 256.6 228.0 -11.0  48.0
19941218.000    7817 A    Hso   57    2  120 0.971  87.6 104.0   2.0 -76.0
19941218.000    7818 A    Axo    5    2   10 0.967 105.1 105.0 -15.0 -75.0
19941219.000    7815 B    Eao  325   13  350 0.885 257.3 228.0 -12.0  62.0
19941219.000    7817 B    Cso  157    4  180 0.899  88.1 102.0   1.0 -64.0
19941219.000    7818 A    Axo    9    1   10 0.888 106.1 104.0 -15.0 -62.0
19941219.000    7819 A    Axo    0    1    0 0.311 298.5 182.0   7.0  16.0
19941220.000    7815 B    Cao   67    4  140 0.970 258.1 229.0 -12.0  76.0
19941220.000    7817 B    Bxo  216    5  180 0.799  90.0 100.0  -1.0 -53.0
19941220.000    7818 B    Bxo   12    1   10 0.767 108.2 104.0 -15.0 -49.0
19941220.000    7819 A    Axo   16    1   10 0.560 285.2 186.0   7.0  33.0
19941221.000    7817 B    Eko  217    6  140 0.629  90.9 101.0  -2.0 -39.0
19941221.000    7818 A    Axo   15    2   10 0.605 114.4 105.0 -16.0 -35.0
19941222.000    7817 B    Eso  253   10  140 0.423  88.1 102.0  -1.0 -25.0
19941223.000    7817 B    Cao  294   16  150 0.194  79.4 103.0   0.0 -11.0
19941223.000    7818 A    Axo   19    2   10 0.270 146.0 105.0 -15.0  -9.0
19941223.000    7819 B    Axo   14    5   20 0.936 277.2 183.0   6.0  69.0
19941223.000    7820 A    Axo   30    4   20 0.653 281.7 154.0   6.0  40.0
19941224.000    7817 B    Cso  319   15  160 0.056 292.0 104.0  -1.0   3.0
19941224.000    7818 B    Bxo   19    4   10 0.253 199.4 106.0 -16.0   5.0
19941224.000    7820 A    Axo   23    3   20 0.817 281.4 155.0   8.0  54.0
19941225.000    7817 B    Eso  249   14  130 0.276 274.5 103.0  -1.0  16.0
19941225.000    7818 B    Bxo   18    3   10 0.393 232.7 106.0 -16.0  19.0
19941225.000    7821 B    Bxo   16    4   10 0.582 104.0  52.0 -10.0 -35.0
19941226.000    7817 B    Cso  211   10  120 0.473 276.7 102.0   1.0  28.0
19941226.000    7818 B    Bxo   16    2   10 0.576 245.3 107.0 -16.0  33.0
19941226.000    7821 A    Hro   18    4   10 0.393 110.0  52.0 -10.0 -22.0
19941227.000    7817 B    Cso  163    7  110 0.670 272.9 103.0   0.0  42.0
19941227.000    7818 A    Axo   27    3   20 0.731 251.8 107.0 -15.0  46.0
19941227.000    7821 B    Bxo   39    5   20 0.201 130.1  52.0 -10.0  -9.0
19941228.000    7817 B    Cao   69    4   70 0.867 272.7 108.0   1.0  60.0
19941228.000    7818 A    Axo   20    2   20 0.860 255.3 107.0 -14.0  59.0
19941228.000    7821 B    Bxo   39    5   20 0.154 214.0  53.0 -10.0   5.0
19941228.000    7822AB    Axo   19    2   10 0.293 119.9  33.0 -11.0 -15.0
19941229.000    7817 A    Hso   17    1   40 0.975 272.7 112.0   2.0  77.0
19941229.000    7818 A    Axo    5    2   10 0.955 256.2 108.0 -14.0  73.0
19941229.000    7821 B    Bxo   18    3   10 0.315 246.2  52.0 -10.0  17.0
19941230.000    7818 B    Axo    1    3   10 0.997 259.2 107.0 -11.0  86.0
19941230.000    7821 A    Axo   33    5   20 0.541 254.1  53.0 -11.0  32.0
19941230.000    7822AB    Bxo   19    3   10 0.294 233.2  35.0 -13.0  14.0
19941231.000    7821 A    Axo   14    2   10 0.685 258.6  51.0 -10.0  43.0
