1995 1 1.000    7822CB    Bxo   20    2   20 0.856  72.7 298.0  13.0 -57.0
1995 1 3.000    7822 A    Ax     6    1   10 0.949 256.4  41.0 -14.0  72.0
1995 1 4.000    7822 A    Ax     5    2   20 0.991 257.3  39.0 -13.0  83.0
1995 1 4.000    7823 A    Axo    3    2   10 0.980  99.5 237.0 -10.0 -79.0
1995 1 5.000    7822BB    Bxo    9    2   10 0.877 283.5   2.0  10.0  60.0
1995 1 5.000    7823 A    Axo    8    1   10 0.905 100.4 237.0 -11.0 -65.0
1995 1 5.000    7825 B    Bxo   24    3   20 0.788  88.4 250.0  -1.0 -52.0
1995 1 6.000    7823 A    Axo    0    1    0 0.788 101.0 237.0 -11.0 -52.0
1995 1 6.000    7825 B    Bxo   46    4   30 0.635  82.2 250.0   2.0 -39.0
1995 1 7.000    7823 A    Axo   15    2   10 0.609 104.7 239.0 -12.0 -37.0
1995 1 7.000    7825 B    Bxo   35    4   20 0.448  77.7 250.0   2.0 -26.0
1995 1 8.000    7823 A    Axo    0    1    0 0.381 104.0 241.0  -9.0 -22.0
1995 1 9.000    7823 A    Axo   19    2   10 0.200 121.2 240.0 -10.0 -10.0
1995 110.000    7823 B    Axo   39    5   20 0.085 234.9 241.0  -7.0   4.0
1995 111.000    7823 A    Axo   19    1   10 0.259 247.0 237.0 -10.0  14.0
1995 111.000    7826AB    Bxo   19    3   10 0.175 100.0 213.0  -6.0 -10.0
1995 112.000    7823 A    Axo   18    2   10 0.361 259.2 231.0  -8.0  21.0
1995 113.000    7823 B    Axo   16    2   10 0.543 267.8 230.0  -5.0  33.0
1995 113.000    7826 A    Bxo    0    1    0 0.514 307.1 222.0  14.0  25.0
1995 114.000    7827 B    Bxo   13    3   20 0.943  95.8 113.0  -7.0 -71.0
1995 115.000    7827 B    Dao   74    7   70 0.846  94.1 113.0  -6.0 -58.0
1995 116.000    7827 B    Dao  127    8   90 0.705  95.1 113.0  -7.0 -45.0
1995 117.000    7827 B    Dao  188   20  110 0.513  95.4 113.0  -7.0 -31.0
1995 118.000    7827 B    Dao  285   20  150 0.309  97.2 113.0  -7.0 -18.0
1995 118.000    7828 B    Bxo   19    2   10 0.155 206.0 135.0 -13.0   4.0
1995 118.000    7829 A    Hso    6    1   40 0.996 102.6  45.0 -13.0 -86.0
1995 119.000    7827 BGD  Eai  337   20  170 0.126 105.6 111.0  -7.0  -7.0
1995 119.000    7828 A    Axo   18    2   10 0.318 243.6 135.0 -13.0  17.0
1995 119.000    7829 B    Cso   80    5  140 0.958 102.1  44.0 -13.0 -74.0
1995 120.000    7827 B    Cao  378   19  190 0.099 240.3 110.0  -8.0   5.0
1995 120.000    7828 A    Axo   17    2   10 0.484 250.3 133.0 -14.0  28.0
1995 120.000    7829 B    Dso  133   15  150 0.895 100.8  41.0 -12.0 -64.0
1995 120.000    7830 B    Bxo   18    4   30 0.952  72.4  35.0  15.0 -70.0
1995 120.000    7831 A    Hso    0    1    0 0.138  49.3  99.0   0.0  -6.0
1995 121.000    7827 B    Cao  242   11  130 0.359 261.4 113.0  -8.0  21.0
1995 121.000    7829 B    Cai  245   20  190 0.764 101.3  42.0 -12.0 -50.0
1995 121.000    7830 B    Cro   75   13   70 0.844  71.0  37.0  13.0 -55.0
1995 121.000    7831 B    Cro   39    3   20 0.173 295.2 101.0  -1.0   9.0
1995 122.000    7827 B    Cso  132    6   80 0.558 261.8 113.0  -9.0  34.0
1995 122.000    7828 B    Axo   20    2   20 0.853 260.4 138.0 -11.0  59.0
1995 122.000    7829 B    Csi  161   13  100 0.590 103.0  43.0 -12.0 -36.0
1995 122.000    7830 BG   Dsi  158   17  110 0.692  64.9  39.0  13.0 -40.0
1995 122.000    7831 B    Bxo   18    2   10 0.404 284.8 102.0   1.0  23.0
1995 122.000    7831AB    Bxo    0    2    0 0.392 332.0  90.0  15.0  11.0
1995 123.000    7827 B    Cso   67    6   50 0.740 262.8 113.0  -9.0  48.0
1995 123.000    7828 B    Axo    5    2   10 0.957 258.0 139.0 -13.0  74.0
1995 123.000    7829 B    Cao  109   16   60 0.401 107.6  42.0 -12.0 -23.0
1995 123.000    7830 BG   Dai  223   28  130 0.514  53.2  40.0  13.0 -25.0
1995 123.000    7832 B    Bxo    9    2   10 0.880 105.3   3.0 -16.0 -62.0
1995 124.000    7827 B    Bxo   40    6   40 0.862 264.0 112.0  -8.0  60.0
1995 124.000    7829 B    Cao   97   10   50 0.214 127.8  42.0 -13.0 -10.0
1995 124.000    7830 B    Dao  298   25  160 0.362  34.2  40.0  12.0 -12.0
1995 124.000    7832 A    Axo   13    2   10 0.726 109.6   6.0 -18.0 -46.0
1995 125.000    7827 B    Cao   34    4   60 0.958 263.3 113.0  -8.0  74.0
1995 125.000    7829 B    Cro   99   11   50 0.128 180.0  39.0 -13.0   0.0
1995 125.000    7830 BG   Eai  457   28  240 0.303 356.8  40.0  12.0   1.0
1995 125.000    7832 A    Hro   16    1   10 0.553 114.4   7.0 -18.0 -32.0
1995 126.000    7827 A    Cao    0    1    0 0.998 262.3 113.0  -8.0  87.0
1995 126.000    7829 B    Cao   76   13   40 0.277 237.9  40.0 -14.0  14.0
1995 126.000    7830 BG   Esi  277   23  150 0.383 321.8  40.0  12.0  14.0
1995 126.000    7832 A    Axo    0    2    0 0.362 130.3   9.0 -19.0 -17.0
1995 127.000    7829 B    Bxo   70   11   40 0.467 250.8  40.0 -14.0  27.0
1995 127.000    7830 B    Cso  236   11  140 0.538 301.0  41.0  11.0  28.0
1995 127.000    7832 A    Axo   19    2   10 0.231 171.8  11.0 -19.0  -2.0
1995 128.000    7829 B    Bxo   31    4   20 0.616 258.0  38.0 -12.0  38.0
1995 128.000    7830 A    Hso  134    4  100 0.741 290.6  45.0  11.0  45.0
1995 128.000    7832 A    Axo    0    1    0 0.304 216.1  11.0 -20.0  11.0
1995 129.000    7829 B    Bxo   23    4   20 0.806 257.0  40.0 -14.0  54.0
1995 129.000    7830 A    Hso   86    2   90 0.876 286.0  45.0  11.0  59.0
1995 129.000    7832 A    Axo   17    2   10 0.458 236.7  10.0 -20.0  24.0
1995 129.000    7833 A    Hao   13    2   30 0.974 106.1 268.0 -17.0 -78.0
1995 130.000    7830 A    Hso   83    2  140 0.955 283.5  44.0  11.0  71.0
1995 130.000    7833 B    Bxo   35    4   40 0.895 107.1 269.0 -18.0 -64.0
1995 131.000    7830 A    Hso    4    1   70 1.000 281.3  47.0  11.0  87.0
1995 131.000    7832 B    Cso   50    4   40 0.771 249.0  10.0 -20.0  50.0
1995 131.000    7833 B    Bxo   48    6   40 0.799 108.0 267.0 -18.0 -53.0
1995 131.000    7834 B    Cso   45    3  110 0.978 102.0 241.0 -13.0 -79.0
1995 2 1.000    7832 B    Cso   69    8   80 0.902 251.8  12.0 -19.0  65.0
1995 2 1.000    7833 A    Axo   31    4   20 0.609 108.3 270.0 -16.0 -37.0
1995 2 1.000    7834 B    Dso  144   12  180 0.915 101.5 240.0 -13.0 -67.0
1995 2 2.000    7832 B    Bxo   27    6   60 0.973 251.9  12.0 -19.0  78.0
1995 2 2.000    7833 A    Axo   18    2   10 0.401 116.2 272.0 -16.0 -22.0
1995 2 2.000    7834 BG   Dsi  213   17  180 0.805 101.6 240.0 -13.0 -54.0
1995 2 2.000    7835 B    Bxo    5    2   10 0.967  97.7 218.0  -9.0 -76.0
1995 2 3.000    7832 B    Bxo    8    2   40 0.995 249.5   7.0 -21.0  86.0
1995 2 3.000    7833 B    Bxo   58    2   30 0.240 141.4 272.0 -17.0  -9.0
1995 2 3.000    7834 B    Cso  204   14  130 0.616 103.1 243.0 -13.0 -38.0
1995 2 3.000    7835 B    Bxo   17    3   20 0.895  95.8 217.0  -8.0 -64.0
1995 2 3.000    7836 B    Cao   38    5   20 0.291  93.4 264.0  -7.0 -17.0
1995 2 4.000    7833 B    Bxo   19    4   10 0.197 199.8 271.0 -17.0   4.0
1995 2 4.000    7834 BG   Dsi  198   13  110 0.431 107.0 242.0 -13.0 -25.0
1995 2 4.000    7835 A    Axo   25    3   20 0.773  93.9 216.0  -7.0 -51.0
1995 2 4.000    7836 BG   Bxo   59    9   30 0.075 112.9 263.0  -8.0  -4.0
1995 2 5.000    7833 A    Bxo    0    1    0 0.337 236.0 271.0 -17.0  17.0
1995 2 5.000    7834 BG   Dsi  233   14  120 0.229 125.9 243.0 -14.0 -11.0
1995 2 5.000    7835 B    Bxo   16    2   10 0.598  96.5 217.0  -9.0 -37.0
1995 2 5.000    7836 B    Bxo   39    6   20 0.191 261.0 265.0  -8.0  11.0
1995 2 6.000    7833 A    Axo    0    3    0 0.499 249.0 270.0 -16.0  29.0
1995 2 6.000    7834 BGD  Dac  238   25  120 0.119 196.6 243.0 -13.0   2.0
1995 2 6.000    7835 A    Bxo    0    1    0 0.436  90.4 215.0  -6.0 -26.0
1995 2 6.000    7836 A    Axo   18    3   10 0.404 267.3 265.0  -7.0  24.0
1995 2 6.000    7837 B    Bxo  118    5   60 0.151  13.3 239.0   2.0  -2.0
1995 2 7.000    7834 B    Cso  212   19  110 0.263 243.8 242.0 -13.0  14.0
1995 2 7.000    7836 B    Bxo   32    3   20 0.571 268.9 263.0  -6.0  35.0
1995 2 7.000    7837 B    Bxo   38    3   20 0.240 307.4 239.0   2.0  11.0
1995 2 8.000    7834 B    Dso  174   13  100 0.492 253.1 244.0 -14.0  29.0
1995 2 9.000    7834 B    Dso  101    6   70 0.691 259.5 246.0 -12.0  44.0
1995 2 9.000    7838 A    Bxo    2    1   20 0.999  81.6 116.0   8.0 -86.0
1995 210.000    7834 B    Bxo   31    3   30 0.851 258.8 247.0 -13.0  59.0
1995 210.000    7838 B    Cso   47    1   90 0.964  77.7 115.0  10.0 -73.0
1995 210.000    7840 A    Axo    4    2   20 0.994  91.3 104.0  -2.0 -84.0
1995 211.000    7835AA    Bxo    0    2    0 0.541 267.5 208.0  -7.0  33.0
1995 211.000    7838 B    Cso   84    3  100 0.906  75.6 112.0  10.0 -63.0
1995 211.000    7839 A    Axo   19    2   10 0.281 229.9 188.0 -17.0  13.0
1995 211.000    7840 A    Axo    7    2   10 0.926  90.5 107.0  -3.0 -68.0
1995 212.000    7834 A    Bxo    0    2    0 0.980 254.0 242.0 -17.0  80.0
1995 212.000    7838 B    Cso  121    2  100 0.794  71.9 112.0  10.0 -50.0
1995 212.000    7840 A    Axo   11    2   10 0.818  88.9 107.0  -3.0 -55.0
1995 213.000    7838 A    Hso  174    2  110 0.607  65.4 115.0   9.0 -34.0
1995 213.000    7840 A    Axo   15    2   10 0.643  86.5 109.0  -3.0 -40.0
1995 214.000    7838 B    Cso  197    3  110 0.440  50.0 116.0  10.0 -20.0
1995 214.000    7840 B    Bxo   17    2   10 0.441  82.8 110.0  -3.0 -26.0
1995 215.000    7838 A    Hso  841    2  440 0.292  20.7 117.0   9.0  -6.0
1995 215.000    7841 B    Bxo   38    3   20 0.231 311.4 133.0   2.0  10.0
1995 215.000    7842 A    Hso   12    1   30 0.977 102.9  44.0 -14.0 -79.0
1995 216.000    7838 B    Cso  152    3   80 0.303 343.6 114.0  10.0   5.0
1995 216.000    7840 A    Axo    0    2    0 0.054 341.2 110.0  -4.0   1.0
1995 216.000    7841 B    Bxo   18    3   10 0.417 290.5 132.0   2.0  23.0
1995 216.000    7842 B    Cso   44    2   60 0.928 101.3  40.0 -13.0 -69.0
1995 217.000    7838 A    Hso  126    1   70 0.431 308.4 116.0   9.0  20.0
1995 217.000    7841 B    Bxo   15    2   10 0.606 284.3 132.0   3.0  36.0
1995 217.000    7842 A    Hso   58    1   50 0.814 103.5  41.0 -15.0 -55.0
1995 217.000    7843 A    Axo   19    3   20 0.868 103.3  35.0 -15.0 -61.0
1995 218.000    7838 A    Hso   96    1   60 0.596 295.5 116.0   9.0  33.0
1995 218.000    7841 B    Bxo   13    3   10 0.752 278.9 131.0   2.0  48.0
1995 218.000    7842 A    Hso   75    4   50 0.654 103.3  42.0 -14.0 -41.0
1995 218.000    7843 B    Dai   77   11   60 0.761 102.4  33.0 -14.0 -50.0
1995 219.000    7838 A    Hso   79    1   60 0.750 288.6 116.0   9.0  46.0
1995 219.000    7841 A    Axo    8    2   10 0.896 276.9 133.0   3.0  63.0
1995 219.000    7842 A    Hso  105    2   60 0.475 106.5  42.0 -14.0 -28.0
1995 219.000    7843 B    Dao  126   14   80 0.615 103.8  32.0 -14.0 -38.0
1995 220.000    7838 A    Hso   47    1   50 0.882 284.2 117.0   9.0  60.0
1995 220.000    7842 A    Hso   57    2   30 0.273 121.2  43.0 -15.0 -14.0
1995 220.000    7842AA    Axo    0    1    0 0.291  87.4  40.0  -6.0 -17.0
1995 220.000    7843 B    Dai  201   20  110 0.401 108.9  34.0 -14.0 -23.0
1995 220.000    7844 BD   Dso   44    6   30 0.673  63.4  19.0  12.0 -38.0
1995 221.000    7838 A    Hso   34    1   60 0.958 280.6 116.0   8.0  72.0
1995 221.000    7842 A    Hao   59    2   30 0.103 180.0  44.0 -13.0   0.0
1995 221.000    7843 BD   Eai  352   25  180 0.199 121.7  34.0 -13.0 -10.0
1995 221.000    7844 B    Cso   52    7   30 0.488  51.9  21.0  11.0 -23.0
1995 222.000    7838 A    Hso    8    1   40 0.995 279.8 113.0   9.0  83.0
1995 222.000    7842 A    Hao   38    2   20 0.250 240.6  43.0 -14.0  13.0
1995 222.000    7843 B    Eai  277   25  140 0.138 209.4  34.0 -14.0   4.0
1995 222.000    7844 B    Cso   75    9   40 0.346  26.4  21.0  11.0  -9.0
1995 223.000    7842 A    Hso   36    3   20 0.430 252.3  42.0 -14.0  25.0
1995 223.000    7843 B    Cso  153   20   80 0.289 248.3  33.0 -13.0  16.0
1995 223.000    7844 B    Cso   56    6   30 0.338 345.4  22.0  12.0   5.0
1995 223.000    7845 A    Hso   15    2   40 0.980 102.9 297.0 -14.0 -80.0
1995 224.000    7842 A    Hao   46    2   30 0.627 258.1  43.0 -13.0  39.0
1995 224.000    7843 B    Cao   68   11   40 0.518 254.7  35.0 -14.0  31.0
1995 224.000    7844 B    Cao   71   12   40 0.442 316.8  22.0  12.0  18.0
1995 224.000    7845 A    Hso  104    2  120 0.900 101.0 299.0 -13.0 -65.0
1995 225.000    7842 A    Axo    0    1    0 0.782 259.1  43.0 -13.0  52.0
1995 225.000    7844 B    Cso   47    6   30 0.604 300.9  23.0  12.0  32.0
1995 225.000    7845 A    Hao   73    2   60 0.793 102.2 298.0 -14.0 -53.0
1995 225.000    7845AA    Axo    0    1    0 0.885 110.0 288.0 -21.0 -63.0
1995 226.000    7842 A    Axo    0    1    0 0.907 257.9  44.0 -14.0  66.0
1995 226.000    7844 B    Cro   65    6   50 0.758 291.3  24.0  11.0  46.0
1995 226.000    7845 A    Hso   93    3   60 0.626 101.8 299.0 -13.0 -39.0
1995 227.000    7844 A    Axo   19    3   20 0.879 286.7  24.0  11.0  59.0
1995 227.000    7845 B    Cao   88    3   50 0.457 104.5 298.0 -13.0 -27.0
1995 227.000    7846 B    Cao   59    5   70 0.906 104.3 259.0 -16.0 -66.0
1995 228.000    7845 B    Cao   77    6   40 0.243 115.3 298.0 -13.0 -13.0
1995 228.000    7846 B    Dai  220   19  170 0.762 104.9 261.0 -16.0 -50.0
1995 228.000    7847 A    Axo    7    1   10 0.921 100.0 243.0 -12.0 -68.0
1995 3 1.000    7845 B    Bxo   79    6   40 0.118 180.0 298.0 -14.0   0.0
1995 3 1.000    7846 B    Dao  372   22  240 0.631 106.5 259.0 -16.0 -39.0
1995 3 1.000    7847 A    Axo   22    2   20 0.822  99.6 242.0 -12.0 -56.0
1995 3 1.000    7848 B    Axo   36    7   20 0.396 106.1 275.0 -13.0 -23.0
1995 3 2.000    7845 B    Cro   77    6   40 0.249 241.0 298.0 -14.0  13.0
1995 3 2.000    7846 B    Dai  697   25  390 0.448 109.2 259.0 -15.0 -26.0
1995 3 2.000    7847 B    Cro  153    4  100 0.639 100.1 245.0 -12.0 -40.0
1995 3 2.000    7848 B    Cro   39    7   20 0.183 123.7 276.0 -13.0  -9.0
1995 3 3.000    7845 A    Axo   17    3   10 0.442 255.2 298.0 -13.0  26.0
1995 3 3.000    7846 B    Eao  673   16  350 0.272 120.7 258.0 -15.0 -14.0
1995 3 3.000    7847 B    Bxo   35    3   20 0.439 102.5 246.0 -12.0 -26.0
1995 3 3.000    7848 B    Bxo   59    9   30 0.136 209.9 276.0 -14.0   4.0
1995 3 4.000    7845 A    Axo   30    2   20 0.639 258.4 299.0 -13.0  40.0
1995 3 4.000    7846 B    Eko  652   13  330 0.152 180.0 259.0 -16.0   0.0
1995 3 4.000    7847 A    Axo   39    2   20 0.199 109.9 248.0 -11.0 -11.0
1995 3 4.000    7848 B    Dso  284   11  150 0.319 250.6 277.0 -13.0  18.0
1995 3 4.000    7849 B    Bxo   39    3   20 0.087 272.6 264.0  -7.0   5.0
1995 3 5.000    7846 B    Eao  483   16  250 0.253 232.2 258.0 -16.0  12.0
1995 3 5.000    7847 A    Axo   19    1   10 0.108 219.4 250.0 -12.0   4.0
1995 3 5.000    7848 B    Cao  186   11  110 0.532 255.2 278.0 -14.0  32.0
1995 3 5.000    7849 B    Bxo   75   10   40 0.323 269.6 265.0  -7.0  19.0
1995 3 5.000    7850 B    Bxo   15    2   10 0.636 116.1 208.0 -22.0 -38.0
1995 3 6.000    7846 B    Eao  410   17  230 0.452 248.7 258.0 -16.0  26.0
1995 3 6.000    7847 A    Axo   19    1   10 0.236 248.7 245.0 -12.0  13.0
1995 3 6.000    7848 B    Cso  139    7  100 0.715 257.5 278.0 -14.0  46.0
1995 3 6.000    7849 B    Bxo   50    8   30 0.541 268.3 265.0  -7.0  33.0
1995 3 6.000    7850 A    Axo   17    1   10 0.448 126.1 209.0 -22.0 -23.0
1995 3 7.000    7846 B    Eso  235   17  150 0.618 253.3 257.0 -16.0  38.0
1995 3 7.000    7848 B    Eao   59    2   60 0.868 258.0 280.0 -14.0  61.0
1995 3 7.000    7849 A    Axo   13    2   10 0.715 267.3 265.0  -7.0  46.0
1995 3 8.000    7846 B    Eso  198   12  160 0.783 255.3 258.0 -16.0  52.0
1995 3 8.000    7848 A    Hso   29    1   50 0.955 257.5 280.0 -14.0  74.0
1995 3 8.000    7849 B    Bxo   41    7   40 0.853 266.2 265.0  -7.0  59.0
1995 3 9.000    7846 B    Cao  105    6  120 0.899 256.8 258.0 -15.0  65.0
1995 3 9.000    7848 B    Cao    9    3   60 0.997 257.4 280.0 -13.0  87.0
1995 3 9.000    7849 A    Axo   11    1   20 0.958 265.9 267.0  -6.0  74.0
1995 310.000    7846 A    Hso   13    1   50 0.991 255.7 264.0 -15.0  84.0
1995 310.000    7849 A    Axo    0    1   10 0.999 264.3 268.0  -6.0  88.0
1995 312.000    7851 A    Axo    7    1   10 0.927 103.3  84.0 -15.0 -69.0
1995 313.000    7851 B    Axo   11    1   10 0.803 102.1  86.0 -14.0 -54.0
1995 313.000    7852 B    Bxo   35    5   20 0.481  91.5 111.0  -7.0 -29.0
1995 314.000    7851 A    Axo    0    1    0 0.666 103.0  85.0 -14.0 -42.0
1995 314.000    7852 B    Bxo   19    2   10 0.257  90.3 112.0  -7.0 -15.0
1995 314.000    7853 B    Bxo   16    2   10 0.597 264.5 164.0  -9.0  37.0
1995 315.000    7851 B    Bxo   17    2   10 0.478 108.4  86.0 -15.0 -28.0
1995 315.000    7853 A    Bxo   12    1   10 0.772 265.5 165.0  -8.0  51.0
1995 315.000    7854 B    Dao   26    3   90 0.989 104.2  31.0 -15.0 -83.0
1995 316.000    7851 B    Bxo   19    3   10 0.236 121.3  89.0 -14.0 -12.0
1995 316.000    7852 B    Bxo  471   10  240 0.192 259.4 112.0  -9.0  11.0
1995 316.000    7854 B    Eao  137    6  210 0.945 103.5  29.0 -15.0 -72.0
1995 317.000    7854 B    Dao  210    8  200 0.851 103.3  28.0 -15.0 -59.0
1995 318.000    7854 B    Dao  293   11  210 0.716 104.1  28.0 -15.0 -46.0
1995 318.000    7855 A    Axo   18    2   10 0.421 135.0  55.0 -24.0 -19.0
1995 319.000    7854 B    Eao  333   24  200 0.552 108.5  28.0 -16.0 -33.0
1995 319.000    7855 A    Axo    0    1    0 0.339 163.9  55.0 -26.0  -6.0
1995 319.000    7856 B    Dro   67    4   50 0.740  66.7  17.0  12.0 -44.0
1995 319.000    7857 A    Axo    5    2   10 0.959  73.1 350.0  14.0 -71.0
1995 320.000    7854 B    Eao  374   22  200 0.353 117.5  29.0 -16.0 -19.0
1995 320.000    7855 A    Axo    0    1    0 0.261 187.1  50.0 -22.0   2.0
1995 320.000    7856 B    Dso   80    3   50 0.591  58.5  17.0  12.0 -31.0
1995 320.000    7857 B    Cao   28    3   30 0.882  67.6 350.0  16.0 -58.0
1995 321.000    7854 B    Eai  373   25  190 0.178 152.0  30.0 -16.0  -5.0
1995 321.000    7856 B    Bxo   36    3   20 0.429  41.8  18.0  12.0 -17.0
1995 321.000    7857 B    Cao   64    5   50 0.763  63.6 350.0  15.0 -45.0
1995 322.000    7854 BG   Esi  293   23  150 0.211 213.5  28.0 -17.0   7.0
1995 322.000    7856 B    Bxo   18    4   10 0.328   9.0  18.0  12.0  -3.0
1995 322.000    7857 B    Dao  170   13  110 0.631  53.9 349.0  16.0 -32.0
1995 323.000    7854 B    Esi  295   28  160 0.382 244.3  29.0 -16.0  21.0
1995 323.000    7856 A    Axo    0    1    0 0.408 321.6  23.0  12.0  15.0
1995 323.000    7857 B    Dao  226   20  130 0.494  39.3 349.0  16.0 -19.0
1995 324.000    7854 B    Eac  267   25  160 0.550 253.0  28.0 -15.0  33.0
1995 324.000    7856 B    Axo   17    2   10 0.524 297.5  23.0   8.0  28.0
1995 324.000    7857 B    Dao  163   18   90 0.416  13.9 349.0  17.0  -6.0
1995 324.000    7858 A    Hso    7    3   20 0.980 106.0 275.0 -17.0 -80.0
1995 325.000    7854 B    Eai  205   23  150 0.729 255.8  29.0 -15.0  47.0
1995 325.000    7857 B    Dao  164   11   90 0.404 343.1 349.0  16.0   7.0
1995 325.000    7858 B    Cso   40    4   50 0.914 105.6 275.0 -17.0 -67.0
1995 326.000    7854 B    Csi  122   11  120 0.860 256.5  29.0 -15.0  60.0
1995 326.000    7856 A    Axo   12    3   10 0.770 291.7  16.0  12.0  47.0
1995 326.000    7857 B    Cao   86    8   50 0.502 319.1 349.0  16.0  20.0
1995 326.000    7858 B    Cao   59    5   50 0.805 104.9 275.0 -16.0 -54.0
1995 327.000    7854 B    Cso   76    6  130 0.955 255.3  30.0 -16.0  74.0
1995 327.000    7856 A    Axo    9    1   10 0.893 285.9  17.0  11.0  61.0
1995 327.000    7857 B    Bxo   60    5   40 0.651 304.3 350.0  16.0  34.0
1995 327.000    7857AB    Bxo   19    2   10 0.241  87.9 302.0  -6.0 -14.0
1995 327.000    7858 BG   Dso  150   17  100 0.658 106.7 275.0 -16.0 -41.0
1995 328.000    7854 A    Axo    4    1   30 0.997 255.4  29.0 -15.0  87.0
1995 328.000    7857 A    Axo   11    2   10 0.817 296.3 352.0  17.0  50.0
1995 328.000    7858 BG   Dai  349   22  200 0.484 111.2 274.0 -16.0 -28.0
1995 329.000    7858 BGD  Dki  344   16  180 0.291 120.9 274.0 -15.0 -15.0
1995 330.000    7858 BGD  Dsc  336   17  170 0.147 180.0 276.0 -15.0   0.0
1995 330.000    7858AA    Axo    0    1    0 0.074 110.2 272.0  -8.0  -4.0
1995 330.000    7860 B    Bxo   19    2   10 0.253  72.5 262.0  -2.0 -14.0
1995 330.000    7861 B    Bxo   19    2   10 0.106 318.7 280.0  -2.0   4.0
1995 331.000    7858 B    Cao  268   11  140 0.278 237.1 277.0 -15.0  14.0
1995 331.000    7860 B    Bxo   19    2   10 0.079  -0.0 263.0  -2.0   0.0
1995 331.000    7861 A    Bxo   19    1   10 0.228 294.2 275.0  -1.0  12.0
1995 331.000    7861AA    Axo   18    2   10 0.356  92.6 242.0  -7.0 -21.0
1995 4 1.000    7858 B    Cao  758   10  430 0.471 247.8 277.0 -16.0  27.0
1995 4 1.000    7860 B    Bxo   38    5   20 0.237 288.4 263.0  -2.0  13.0
1995 4 2.000    7858 B    Cao  135    7   90 0.658 254.5 277.0 -15.0  41.0
1995 4 2.000    7860 B    Bxo   17    2   10 0.473 277.7 264.0  -2.0  28.0
1995 4 3.000    7858 A    Hro   46    4   40 0.815 256.1 278.0 -15.0  55.0
1995 4 3.000    7860 B    Dro   45    5   30 0.659 275.7 264.0  -1.0  41.0
1995 4 4.000    7858 A    Axo    8    2   10 0.915 256.3 277.0 -15.0  67.0
1995 4 4.000    7860 B    Bxo   34    6   30 0.820 273.2 265.0  -1.0  55.0
1995 4 5.000    7860 A    Axo    6    2   10 0.940 272.3 267.0   0.0  70.0
1995 410.000    7860AB    Bxo    0    2    0 0.284 327.0 140.0   8.0   9.0
1995 411.000    7863 B    Bxo    6    2   20 0.987  93.1  37.0  -4.0 -81.0
1995 412.000    7863 B    Dao   86    8  110 0.919  91.9  37.0  -4.0 -67.0
1995 413.000    7863 BG   Cai  132   22  110 0.798  89.5  38.0  -3.0 -53.0
1995 413.000    7864 B    Bxo   11    2   10 0.828  70.1  38.0  13.0 -53.0
1995 414.000    7863 B    Esi  295   23  190 0.628  89.5  39.0  -4.0 -39.0
1995 414.000    7864 B    Bxo   29    6   20 0.683  67.4  38.0  11.0 -40.0
1995 415.000    7863 BGD  Eac  431   34  240 0.438  87.9  39.0  -4.0 -26.0
1995 415.000    7864 B    Cro   84    8   50 0.528  61.0  37.0  10.0 -28.0
1995 416.000    7863 G    Eac  625   35  320 0.211  79.2  40.0  -3.0 -12.0
1995 416.000    7864 B    Dao  206   12  110 0.344  40.1  39.0  10.0 -13.0
1995 417.000    7863 G    Eai  439   45  220 0.042 303.2  40.0  -4.0   2.0
1995 417.000    7864 B    Dao  154   17   80 0.265   3.7  37.0  10.0  -1.0
1995 418.000    7863 B    Eai  365   40  190 0.278 277.3  41.0  -3.0  16.0
1995 418.000    7864 B    Dao  149   15   80 0.353 317.5  39.0  10.0  14.0
1995 419.000    7863 B    Eai 3088   15 1800 0.514 270.8  43.0  -4.0  31.0
1995 419.000    7864 B    Dao  152    9   90 0.533 300.2  40.0  11.0  28.0
1995 420.000    7863 B    Dsi  322   31  220 0.680 268.1  42.0  -5.0  43.0
1995 420.000    7864 B    Cro  116   13   80 0.689 290.3  40.0  10.0  41.0
1995 420.000    7864BB    Axo   16    2   10 0.538 297.5  28.0  10.0  29.0
1995 421.000    7863 B    Cko  218   15  200 0.837 268.5  43.0  -4.0  57.0
1995 421.000    7864 A    Axo    0    1    0 0.863 284.6  44.0  10.0  58.0
1995 422.000    7863 A    Hko  175    8  280 0.950 267.4  44.0  -4.0  72.0
1995 423.000    7863 B    Bxo   18    4  100 0.996 266.4  44.0  -4.0  85.0
1995 423.000    7864AA    Axo    0    1    0 0.974 286.6  34.0  15.0  75.0
1995 430.000    7864CB    Bxo    0    2    0 0.700 290.3 269.0  11.0  42.0
1995 5 2.000    7865 A    Bxo    0    1    0 0.492 302.9 225.0  12.0  25.0
1995 5 5.000    7867 B    Bxo   13    2   10 0.733 258.3 208.0 -11.0  47.0
1995 5 6.000    7867 B    Bxo   10    4   10 0.865 259.3 207.0 -11.0  60.0
1995 5 7.000    7867AA    Axo    0    1    0 0.971  76.8  59.0  12.0 -75.0
1995 5 7.000    7869 A    Hso   14    1  100 0.997  92.8  48.0  -3.0 -86.0
1995 5 8.000    7869 A    Hso   82    2  120 0.939  92.0  51.0  -3.0 -70.0
1995 5 9.000    7869 B    Cao  170    3  160 0.847  91.6  50.0  -3.0 -58.0
1995 510.000    7869 B    Dso  198    4  140 0.706  91.2  50.0  -3.0 -45.0
1995 511.000    7869 B    Dao  188    5  110 0.514  91.0  50.0  -3.0 -31.0
1995 511.000    7870 A    Axo    0    1    0 0.817  73.1  28.0  12.0 -53.0
1995 512.000    7869 A    Hao  151    6   80 0.325  91.0  49.0  -3.0 -19.0
1995 512.000    7870 A    Axo    0    2    0 0.643  65.9  31.0  13.0 -37.0
1995 513.000    7869 B    Dao  139   14   70 0.105  93.0  49.0  -3.0  -6.0
1995 513.000    7870 B    Dao   35    8   20 0.441  60.7  32.0  10.0 -23.0
1995 514.000    7869 B    Bxo   99    9   50 0.139 266.9  50.0  -3.0   8.0
1995 514.000    7870 B    Dao  192   17  100 0.277  38.2  32.0  10.0 -10.0
1995 514.000    7871 A    Axo   14    2   10 0.691 112.1   0.0 -17.0 -42.0
1995 514.000    7872 A    Axo    3    1   10 0.984  77.3 323.0  12.0 -79.0
1995 515.000    7869 B    Bxo   36    4   20 0.391 265.6  51.0  -4.0  23.0
1995 515.000    7870 B    Dso  214   19  110 0.217 336.6  33.0   9.0   5.0
1995 515.000    7871 B    Axo   17    2   10 0.511 117.9   0.0 -16.0 -28.0
1995 515.000    7872 B    Bxo   14    2   20 0.935  75.1 320.0  13.0 -68.0
1995 516.000    7869 B    Bxo   16    4   10 0.574 264.7  50.0  -5.0  35.0
1995 516.000    7870 B    Dai  262   22  140 0.349 304.1  32.0   9.0  17.0
1995 516.000    7871 B    Bxo   37    6   20 0.332 135.5   1.0 -16.0 -14.0
1995 516.000    7872 A    Axo   11    2   10 0.823  74.9 321.0  11.0 -54.0
1995 517.000    7870 B    Dai  373   26  220 0.529 291.0  32.0   9.0  30.0
1995 517.000    7871 B    Dao  253   19  130 0.221 180.0   2.0 -15.0   0.0
1995 517.000    7872 A    Axo    0    2    0 0.656  70.4 323.0  11.0 -39.0
1995 518.000    7870 B    Eao  378   17  270 0.713 286.3  33.0  10.0  44.0
1995 518.000    7871 B    Dki  553   22  290 0.301 226.6   2.0 -14.0  13.0
1995 519.000    7870 B    Eao  319   14  300 0.847 281.9  33.0   9.0  57.0
1995 519.000    7871 B    Dki  689   22  390 0.468 240.8   1.0 -15.0  25.0
1995 520.000    7870 B    Cso  138    7  190 0.931 280.4  30.0   9.0  68.0
1995 520.000    7871 B    Dho  533   17  350 0.648 250.4   1.0 -14.0  39.0
1995 520.000    7871AA    Axo    0    2    0 0.267 315.0 333.0   9.0  11.0
1995 521.000    7870 A    Axo   19    2   60 0.986 280.4  29.0  10.0  80.0
1995 521.000    7871 B    Dso  331   12  280 0.807 253.9   2.0 -14.0  53.0
1995 521.000    7871AA    Axo    0    1    0 0.448 296.7 333.0  10.0  24.0
1995 522.000    7871 B    Cso  162   10  210 0.923 255.5   3.0 -14.0  67.0
1995 523.000    7871 A    Hso  139    2  400 0.985 256.1   3.0 -14.0  80.0
1995 525.000    7872BA    Axo    0    1    0 0.585  45.6 229.0  23.0 -27.0
1995 526.000    7872AA    Axo    0    1    0 0.237  35.3 235.0  10.0  -8.0
1995 529.000    7873 A    Axo   13    3   10 0.718  76.6 158.0   9.0 -45.0
1995 530.000    7873 B    Bxo   50    7   30 0.535  71.8 159.0   9.0 -31.0
1995 531.000    7873 A    Axo   38    3   20 0.305  57.0 162.0   9.0 -15.0
1995 6 1.000    7873 A    Axo   19    2   10 0.185  10.7 162.0  10.0  -2.0
1995 6 2.000    7873 A    Axo    0    2    0 0.275 306.1 163.0   9.0  13.0
1995 6 3.000    7874 A    Axo   19    2   10 0.122  88.2 130.0   0.0  -7.0
1995 6 3.000    7875 A    Axo    0    1    0 0.950 108.9  66.0 -18.0 -71.0
1995 6 4.000    7873 A    Axo    0    1    0 0.629 291.1 161.0  13.0  37.0
1995 6 4.000    7874 B    Bxo   19    3   10 0.105 271.0 130.0   0.0   6.0
1995 6 4.000    7875 A    Axo    0    1    0 0.836 110.4  69.0 -17.0 -55.0
1995 6 5.000    7874 B    Cro   74   13   40 0.359 272.7 132.0   1.0  21.0
1995 6 5.000    7875 A    Axo   14    1   10 0.704 114.6  69.0 -17.0 -42.0
1995 6 6.000    7874 B    Dao  242   24  150 0.588 271.5 133.0   1.0  36.0
1995 6 6.000    7875 A    Axo    0    1    0 0.549 122.4  68.0 -17.0 -29.0
1995 6 6.000    7876 A    Axo   12    2   10 0.798 285.0 149.0  12.0  52.0
1995 6 6.000    7877 A    Axo   13    1   10 0.717  76.1  52.0  10.0 -45.0
1995 6 7.000    7874 B    Dso  201   11  160 0.777 269.8 135.0   0.0  51.0
1995 6 7.000    7876 A    Axo    0    1    0 0.888 283.4 146.0  12.0  62.0
1995 6 7.000    7877 B    Bxo   17    3   10 0.517  72.8  54.0   9.0 -30.0
1995 6 8.000    7874 B    Cso  136    5  150 0.891 268.7 134.0  -1.0  63.0
1995 6 8.000    7877 B    Dao  169   13   90 0.340  63.8  53.0   9.0 -18.0
1995 6 9.000    7874 A    Axo   30    2   80 0.982 270.9 137.0   1.0  79.0
1995 6 9.000    7875 A    Axo    0    2    0 0.370 215.6  71.0 -17.0  13.0
1995 6 9.000    7877 B    Dsi  275   16  140 0.171  30.2  53.0   9.0  -5.0
1995 610.000    7877 B    Eai  450   29  230 0.201 309.7  53.0   8.0   9.0
1995 611.000    7874BA    Axo    0    1    0 0.892 278.6  94.0   8.0  63.0
1995 611.000    7877 B    Esi  440   36  240 0.397 291.3  53.0   9.0  22.0
1995 611.000    7878 A    Axo   14    2   10 0.711 253.7  75.0 -11.0  44.0
1995 611.000    7879 A    Axo    0    1    0 0.317 155.1  23.0 -16.0  -8.0
1995 612.000    7877 B    Eso  947   29  590 0.596 282.3  54.0   8.0  36.0
1995 613.000    7877 B    Eao  221   18  170 0.758 279.7  54.0   8.0  49.0
1995 614.000    7877 B    Cso  108   14  120 0.892 279.5  54.0   9.0  63.0
1995 615.000    7877 B    Bxo   29    4   60 0.970 277.9  54.0   8.0  76.0
1995 615.000    7879AA    Axo    0    1    0 0.206 160.5 334.0 -10.0  -4.0
1995 618.000    7880 A    Axo    0    1    0 0.570 102.9 265.0  -6.0 -34.0
1995 619.000    7880 B    Axo   18    3   10 0.421 105.7 261.0  -5.0 -24.0
1995 619.000    7881 A    Axo   19    2   10 0.225  92.9 272.0   1.0 -13.0
1995 619.000    7882 B    Cso   38    1   80 0.970  84.2 209.0   6.0 -76.0
1995 620.000    7881 A    Axo    0    2    0 0.018 280.9 273.0   2.0   1.0
1995 620.000    7882 B    Cso   97    6  120 0.913  83.1 206.0   7.0 -66.0
1995 621.000    7882 B    Cso  114    9  100 0.820  82.8 204.0   7.0 -55.0
1995 622.000    7882 B    Cao  198   15  130 0.645  81.6 206.0   7.0 -40.0
1995 623.000    7882 B    Cao  106   17   60 0.457  81.0 205.0   6.0 -27.0
1995 624.000    7882 BG   Cso  350   11  180 0.229  77.8 206.0   5.0 -13.0
1995 626.000    7882 B    Cso  116    7   60 0.226 276.9 206.0   4.0  13.0
1995 627.000    7882 B    Cro   71    8   40 0.454 273.7 206.0   4.0  27.0
1995 628.000    7882 B    Bxo   14    3   10 0.668 271.5 208.0   3.0  42.0
1995 629.000    7882 A    Axo   10    3   10 0.838 271.7 210.0   3.0  57.0
1995 630.000    7884 A    Axo    0    1    0 0.087  89.2 135.0   3.0  -5.0
1995 630.000    7885 A    Axo    0    1    0 0.969  81.5  64.0   9.0 -76.0
1995 630.000    7886 B    Bxo   16    4   10 0.548  70.6 108.0  13.0 -32.0
1995 7 1.000    7885 A    Axo    0    1    0 0.865  82.5  66.0   8.0 -60.0
1995 7 1.000    7886 B    Bxo   55   12   30 0.370  64.6 106.0  12.0 -20.0
1995 7 1.000    7887 A    Hao   38    2  130 0.989  78.3  44.0  12.0 -82.0
1995 7 2.000    7885 A    Axo    0    1    0 0.731  83.4  66.0   7.0 -47.0
1995 7 2.000    7886 B    Bxo   39    5   20 0.169  45.1 106.0  10.0  -7.0
1995 7 2.000    7887 B    Cho  106    7  170 0.950  80.5  41.0  10.0 -72.0
1995 7 3.000    7885 A    Axo   16    1   10 0.547  80.4  67.0   8.0 -33.0
1995 7 3.000    7886 A    Axo   19    3   10 0.181 310.7 108.0  10.0   8.0
1995 7 3.000    7886AA    Axo   17    2   10 0.436 126.5  79.0 -12.0 -21.0
1995 7 3.000    7887 B    Cao  227    6  220 0.856  80.3  41.0  10.0 -59.0
1995 7 4.000    7886AA    Axo    0    1    0 0.300 145.4  77.0 -11.0 -10.0
1995 7 4.000    7887 B    Cso  296   10  210 0.709  79.2  42.0  10.0 -45.0
1995 7 6.000    7885 A    Axo    0    1    0 0.103 318.1  64.0   8.0   4.0
1995 7 6.000    7887 B    Cao  359   14  190 0.325  69.4  42.0  10.0 -18.0
1995 7 6.000    7888 B    Dao   14    3   60 0.992 102.6 338.0 -12.0 -82.0
1995 7 7.000    7887 B    Cao  316   11  160 0.140  37.9  42.0  10.0  -5.0
1995 7 7.000    7888 B    Cao   42    7   60 0.934 102.2 339.0 -10.0 -68.0
1995 7 8.000    7887 B    Cso  335   10  170 0.162 312.1  41.0  10.0   7.0
1995 7 8.000    7887AA    Axo   16    2   10 0.583 113.0   1.0 -10.0 -33.0
1995 7 8.000    7888 B    Dso  121   10  110 0.834 104.6 339.0 -10.0 -55.0
1995 7 9.000    7887 B    Cho  297    6  160 0.370 287.4  42.0  10.0  21.0
1995 7 9.000    7888 B    Cao   72    5   50 0.684 109.1 340.0 -10.0 -41.0
1995 710.000    7887 B    Cso  301    8  180 0.547 280.4  40.0   9.0  33.0
1995 710.000    7888 B    Cro  119   14   70 0.525 118.6 339.0 -11.0 -28.0
1995 711.000    7887 A    Hao  167    3  130 0.764 277.0  44.0   8.0  50.0
1995 711.000    7888 A    Axo   37   10   20 0.351 137.4 340.0 -11.0 -14.0
1995 712.000    7887 A    Hao  141    2  160 0.896 276.9  45.0   8.0  64.0
1995 712.000    7888 B    Bxo   58    8   30 0.245 180.0 341.0 -10.0   0.0
1995 713.000    7887 A    Hso   55    1  120 0.973 276.2  45.0   7.0  77.0
1995 713.000    7888 B    Bxo   18    4   10 0.320 219.8 340.0 -10.0  12.0
1995 713.000    7890 A    Axo    0    1    0 0.717  87.2 282.0   5.0 -46.0
1995 714.000    7890 A    Axo   16    3   10 0.558  89.4 280.0   4.0 -34.0
1995 715.000    7890 B    Dso  111   10   60 0.375  93.1 279.0   3.0 -22.0
1995 716.000    7890 B    Dso  335   19  170 0.158  99.7 279.0   3.0  -9.0
1995 717.000    7890 B    Dso  298   14  150 0.092 251.6 280.0   3.0   5.0
1995 718.000    7890 B    Eao  170   12   90 0.325 268.4 280.0   4.0  19.0
1995 719.000    7890 B    Eso  118    9   70 0.528 271.7 280.0   5.0  32.0
1995 719.000    7890AA    Axo    0    1    0 0.328 293.0 266.0  12.0  18.0
1995 720.000    7890 B    Bxo   55    7   40 0.718 270.8 281.0   4.0  46.0
1995 720.000    7891 B    Bxo   54    5   30 0.406  83.9 211.0   7.0 -24.0
1995 720.000    7892 B    Axo   17    4   10 0.488 145.5 218.0 -19.0 -17.0
1995 721.000    7890 A    Axo   10    2   10 0.836 273.9 279.0   6.0  57.0
1995 721.000    7891 B    Cro   39    8   20 0.180  72.8 212.0   8.0 -10.0
1995 721.000    7892 B    Bxo   18    4   10 0.407 180.0 222.0 -19.0   0.0
1995 722.000    7891 A    Axo   19    3   10 0.093 291.0 214.0   7.0   5.0
1995 722.000    7892 A    Axo    0    2    0 0.459 203.0 220.0 -20.0  11.0
1995 723.000    7891 A    Axo   19    4   10 0.259 277.6 210.0   7.0  15.0
1995 723.000    7891AA    Axo    0    1    0 0.111 250.0 201.0   3.0   6.0
1995 723.000    7891BA    Axo    0    2    0 0.545  79.6 162.0  10.0 -33.0
1995 726.000    7893 B    Bxo   15    2   10 0.615 126.8 125.0 -17.0 -31.0
1995 727.000    7893 B    Bxo   17    2   10 0.471 143.6 125.0 -17.0 -17.0
1995 728.000    7893 B    Axo    0    2    0 0.388 172.6 126.0 -17.0  -3.0
1995 729.000    7893AA    Axo    0    1    0 0.474 126.1  93.0 -11.0 -23.0
1995 8 1.000    7894 B    Bxo   16    5   10 0.575  77.5  41.0  12.0 -35.0
1995 8 2.000    7894 B    Cso   73    9   40 0.383  72.9  41.0  12.0 -22.0
1995 8 3.000    7894 B    Bxo   98   12   50 0.183  48.0  42.0  13.0  -8.0
1995 8 4.000    7893BA    Axo    0    1    0 0.853 256.7  94.0  -8.0  57.0
1995 8 4.000    7894 B    Cao   59   14   30 0.158 319.8  43.0  13.0   6.0
1995 8 5.000    7894 B    Bxo   37    8   20 0.336 288.6  42.0  12.0  19.0
1995 8 5.000    7895 A    Axo    0    1    0 0.841 101.2 327.0  -6.0 -56.0
1995 8 6.000    7894 A    Axo    0    2    0 0.546 282.5  43.0  12.0  33.0
1995 8 6.000    7896 B    Dho   39    6   20 0.089 128.9   6.0   3.0  -4.0
1995 8 7.000    7894 A    Axo   14    3   10 0.704 280.7  42.0  12.0  45.0
1995 8 7.000    7895 A    Axo   16    3   10 0.549 111.1 326.0  -6.0 -31.0
1995 8 7.000    7896 B    Cao  117   16   60 0.182 252.2   7.0   3.0  10.0
1995 8 8.000    7895 A    Axo    0    1    0 0.355 129.6 328.0  -7.0 -16.0
1995 8 8.000    7896 B    Cro   54   11   30 0.409 263.1   8.0   3.0  24.0
1995 8 9.000    7896 A    Axo   31    7   20 0.631 265.3   9.0   2.0  39.0
1995 811.000    7897 A    Axo    3    1   10 0.984  87.1 224.0   4.0 -80.0
1995 811.000    7898 B    Axo   36    3   20 0.396  74.7 281.0  12.0 -23.0
1995 812.000    7897 A    Axo    0    1    0 0.912  88.6 225.0   4.0 -66.0
1995 812.000    7898 A    Axo    0    1    0 0.150  66.1 283.0  10.0  -8.0
1995 813.000    7899 A    Axo    7    2   10 0.921 113.9 215.0 -19.0 -63.0
1995 814.000    7899 A    Axo    0    1    0 0.812 117.9 215.0 -18.0 -49.0
1995 816.000    7897 A    Axo    0    1    0 0.276 110.4 223.0   1.0 -15.0
1995 816.000    7899 B    Bxo   16    2   10 0.563 134.2 213.0 -17.0 -25.0
1995 816.000    7900 B    Bxo   38    5   20 0.307 268.6 256.0   6.0  18.0
1995 817.000    7899 A    Axo   17    3   10 0.441 155.6 214.0 -17.0 -11.0
1995 817.000    7900 B    Cro   34    7   20 0.497 270.2 255.0   6.0  30.0
1995 818.000    7897 A    Axo    0    1    0 0.246 259.2 225.0   4.0  14.0
1995 818.000    7898A     Axo    0    1    0 0.137 311.5 217.0  12.0   6.0
1995 818.000    7899 A    Axo    0    2    0 0.409 189.4 215.0 -17.0   4.0
1995 818.000    7900 B    Cro   28    4   20 0.690 273.0 255.0   7.0  44.0
1995 820.000    7899 B    Bxo    0    1    0 0.615 228.6 214.0 -18.0  29.0
1995 821.000    7899 B    Bxo    0    2    0 0.748 238.3 214.0 -18.0  42.0
1995 823.000    7901 A    Axo    0    1    0 0.197 104.9 134.0   4.0 -11.0
1995 824.000    7901 B    Bxo   39    8   20 0.078 242.9 136.0   5.0   4.0
1995 824.000    7902 B    Bxo   19    2   10 0.277 176.4 131.0  -9.0  -1.0
1995 825.000    7901 B    Dao  114   11   60 0.309 264.4 137.0   5.0  18.0
1995 825.000    7902 B    Bro   37    8   20 0.363 221.2 133.0  -9.0  14.0
1995 826.000    7901 B    Dso  167    9  100 0.544 266.4 139.0   4.0  33.0
1995 826.000    7902 B    Dao   50    7   30 0.540 238.8 134.0 -10.0  28.0
1995 826.000    7903 A    Hso   17    1   80 0.994  86.8  22.0   4.0 -84.0
1995 826.000    7904 B    Bxo   10    2   10 0.851  81.4  47.0  11.0 -59.0
1995 827.000    7901 B    Dso  109   11   80 0.731 267.4 140.0   3.0  47.0
1995 827.000    7902 B    Bxo   42    8   30 0.703 246.4 134.0 -11.0  41.0
1995 827.000    7903 A    Hso   63    2  100 0.949  87.1  21.0   5.0 -72.0
1995 827.000    7904 A    Axo    0    2    0 0.702  80.1  48.0  12.0 -45.0
1995 828.000    7901 B    Bxo   50    8   50 0.865 269.3 139.0   3.0  60.0
1995 828.000    7902 A    Axo   10    4   10 0.862 252.7 136.0 -11.0  57.0
1995 828.000    7903 B    Dso  145    6  140 0.855  89.6  20.0   4.0 -59.0
1995 828.000    7904AA    Bxo    0    1    0 0.990  81.9 356.0   9.0 -83.0
1995 829.000    7901 B    Bxo    8    3   20 0.978 270.5 144.0   2.0  78.0
1995 829.000    7903 B    Dso  166    9  120 0.719  92.8  20.0   3.0 -46.0
1995 829.000    7904AB    Bxo    0    2    0 0.941  83.0 355.0   9.0 -71.0
1995 830.000    7903 B    Cso  184   11  110 0.544  93.7  20.0   4.0 -33.0
1995 831.000    7903 B    Dso  170    9   90 0.316 102.3  22.0   3.0 -18.0
1995 9 1.000    7903 B    Cso  178    6   90 0.127 124.9  20.0   3.0  -6.0
1995 9 2.000    7903 B    Cso  158    3   80 0.157 242.5  21.0   3.0   8.0
1995 9 3.000    7903 A    Hso  127    1   70 0.411 261.2  24.0   3.0  24.0
1995 9 4.000    7903 A    Hso   95    1   60 0.603 265.4  24.0   3.0  37.0
1995 9 5.000    7903 A    Hso   88    1   70 0.777 268.0  25.0   3.0  51.0
1995 9 5.000    7904 B    Bxo   14    2   30 0.972 275.5  51.0   7.0  77.0
1995 9 6.000    7903 A    Hso   61    1   70 0.898 269.8  24.0   3.0  64.0
1995 9 7.000    7903 A    Hso   25    1   60 0.977 271.5  25.0   3.0  78.0
1995 910.000    7904BA    Bxo    0    1    0 0.468 256.1 295.0   0.0  27.0
1995 910.000    7905      Bxo    0    1    0 0.453 280.1 295.0  11.0  27.0
1995 913.000    7905 B    Bxo    9    2   10 0.868 278.6 289.0  11.0  61.0
1995 914.000    7905 A    Axo    0    1    0 0.970 279.6 292.0  11.0  77.0
1995 915.000    7906 A    Axo    0    1    0 0.881 252.2 261.0 -12.0  59.0
1995 916.000    7906 B    Cso   12    2   20 0.948 249.3 256.0 -17.0  68.0
1995 916.000    7906BB    Axo   25    2   20 0.768 106.7 140.0  -8.0 -48.0
1995 917.000    7906 A    Axo    0    1    0 0.997 253.2 258.0 -16.0  83.0
1995 919.000    7906B     Axo    0    1    0 0.241 149.8 142.0  -5.0  -7.0
1995 920.000    7907 B    Dao   44    7  100 0.975  82.3  58.0   9.0 -78.0
1995 921.000    7907 B    Dao   71   11   80 0.894  84.5  58.0   8.0 -64.0
1995 921.000    7908 A    Hso   16    1   30 0.960  87.9  48.0   4.0 -74.0
1995 922.000    7907 B    Cao  181    9  140 0.761  84.1  59.0   9.0 -50.0
1995 922.000    7908 A    Hso   19    1   20 0.872  88.2  48.0   5.0 -61.0
1995 922.000    7909 A    Axo    3    1   10 0.981  90.3  30.0   1.0 -79.0
1995 923.000    7907 B    Dao   81   10   50 0.583  84.3  60.0   9.0 -36.0
1995 923.000    7908 A    Hso   27    1   20 0.729  89.7  49.0   5.0 -47.0
1995 923.000    7909 A    Axo    7    1   10 0.925  96.2  29.0  -3.0 -67.0
1995 924.000    7907 B    Dao   56   16   30 0.356  85.7  62.0   8.0 -21.0
1995 924.000    7908 A    Hso   50    2   30 0.543  91.5  50.0   5.0 -33.0
1995 924.000    7909 A    Axo   12    2   10 0.797  99.1  31.0  -3.0 -52.0
1995 925.000    7907 B    Cso   39    9   20 0.139  81.6  62.0   8.0  -8.0
1995 925.000    7908 A    Hso   18    2   10 0.342  94.4  50.0   5.0 -20.0
1995 925.000    7909 A    Axo    0    2    0 0.645 103.0  31.0  -3.0 -39.0
1995 926.000    7907 B    Cso   19    3   10 0.122 279.7  63.0   8.0   7.0
1995 926.000    7908 B    Bxo   19    3   10 0.125 104.6  49.0   5.0  -7.0
1995 926.000    7909 A    Axo   17    2   10 0.472 112.0  30.0  -4.0 -26.0
1995 927.000    7907 B    Cro   18    4   10 0.372 274.5  65.0   8.0  22.0
1995 927.000    7908 B    Bxo   19    3   10 0.105 262.5  49.0   6.0   6.0
1995 927.000    7909 A    Axo    0    1    0 0.280 126.7  30.0  -3.0 -13.0
1995 928.000    7907 A    Axo   16    2   10 0.584 274.3  66.0   8.0  36.0
1995 928.000    7908 A    Axo   18    4   10 0.324 268.7  49.0   6.0  19.0
1995 928.000    7909 A    Axo   19    2   10 0.188 174.7  29.0  -4.0  -1.0
1995 929.000    7907 A    Axo   12    1   10 0.761 274.8  67.0   8.0  50.0
1995 929.000    7908 A    Axo   17    1   10 0.451 272.2  44.0   7.0  27.0
1995 929.000    7909 A    Axo    0    1    0 0.290 230.8  30.0  -4.0  13.0
1995 930.000    7907 A    Axo    8    1   10 0.894 275.6  68.0   8.0  64.0
199510 1.000    7907 A    Axo    0    1    0 0.959 274.3  64.0   6.0  74.0
199510 6.000    7909AA    Axo    0    1    0 0.697 116.1 244.0 -13.0 -40.0
199510 8.000    7910 A    Hso   32    1  120 0.991 100.0 177.0  -9.0 -81.0
199510 9.000    7910 B    Cso   84    2  120 0.936 102.0 177.0  -9.0 -68.0
199510 9.000    7911 B    Bxo   19    1   10 0.241  85.8 231.0   7.0 -14.0
19951010.000    7910 A    Hso  179    5  160 0.828 105.2 178.0  -9.0 -54.0
19951010.000    7911 B    Cro   39    5   20 0.016  -0.0 232.0   7.0   0.0
19951011.000    7910 A    Hao  191    5  130 0.677 110.3 178.0  -9.0 -40.0
19951011.000    7911 B    Cso   58   10   30 0.241 270.6 232.0   6.0  14.0
19951011.000    7912 B    Cao   19    4   50 0.980 102.6 141.0 -11.0 -77.0
19951012.000    7910 B    Dso  153    3   90 0.519 120.6 178.0 -10.0 -27.0
19951012.000    7911 B    Dao  106   12   60 0.467 273.7 233.0   7.0  28.0
19951012.000    7912 B    Dao  213   12  250 0.904 104.0 142.0 -10.0 -63.0
19951012.000    7913 B    Bxo   11    3   10 0.814 115.8 155.0 -17.0 -50.0
19951013.000    7910 B    Cso  278    8  150 0.372 136.7 177.0 -10.0 -15.0
19951013.000    7911 B    Cso   59    7   40 0.666 273.9 234.0   7.0  42.0
19951013.000    7912 B    Eko  428   14  350 0.791 107.5 142.0 -10.0 -50.0
19951013.000    7913 B    Bxo   29    6   20 0.684 122.7 155.0 -17.0 -37.0
19951014.000    7910 B    Cao  192    9  100 0.275 172.8 177.0 -10.0  -2.0
19951014.000    7911 B    Cso   33    3   30 0.825 274.5 235.0   7.0  56.0
19951014.000    7912 B    Eko  480   15  310 0.632 113.7 143.0 -10.0 -36.0
19951014.000    7913 B    Bxo   16    4   10 0.543 134.3 155.0 -17.0 -24.0
19951015.000    7910 B    Cso  206    9  110 0.342 213.2 177.0 -11.0  11.0
19951015.000    7911 B    Cso   12    1   20 0.954 275.5 239.0   7.0  73.0
19951015.000    7912 B    Eso  406   19  230 0.466 124.4 143.0 -10.0 -23.0
19951015.000    7913 B    Bxo   17    3   10 0.440 155.6 155.0 -18.0 -11.0
19951016.000    7910 A    Hso  156    3   90 0.491 237.9 177.0 -10.0  25.0
19951016.000    7912 B    Cso  398   14  210 0.318 147.5 142.0 -10.0 -10.0
19951016.000    7913 A    Axo   18    4   10 0.394 192.2 157.0 -17.0   5.0
19951017.000    7910 A    Hso  146    2  100 0.679 248.7 179.0 -10.0  40.0
19951017.000    7912 B    Cao  365   14  190 0.277 194.4 143.0 -10.0   4.0
19951017.000    7913 B    Axo   17    3   10 0.493 216.6 157.0 -18.0  18.0
19951017.000    7914 B    Bxo   20    3   20 0.862 276.0 199.0   8.0  60.0
19951017.000    7915 B    Bxo   18    3   10 0.397 259.5 162.0   1.0  23.0
19951018.000    7910 A    Hao   91    1   80 0.819 253.7 179.0 -10.0  53.0
19951018.000    7912 B    Cko  347   10  190 0.402 229.2 144.0 -10.0  18.0
19951018.000    7914 A    Axo   14    1   30 0.972 276.9 203.0   8.0  77.0
19951018.000    7916 B    Bxo   19    2   10 0.178 223.1 133.0  -2.0   7.0
19951019.000    7910 A    Hso   61    1   80 0.924 256.8 179.0 -10.0  66.0
19951019.000    7912 B    Cho  329    8  200 0.567 243.5 144.0 -10.0  31.0
19951019.000    7916 B    Bxo   18    3   10 0.363 250.1 133.0  -2.0  20.0
19951020.000    7910 A    Axo   10    1   40 0.991 259.1 181.0 -10.0  81.0
19951020.000    7912 B    Cho  246    7  180 0.728 249.4 144.0 -11.0  44.0
19951021.000    7912 A    Hso  123    4  130 0.880 255.7 147.0 -10.0  60.0
19951021.000    7916AA    Axo    0    1    0 0.292 197.0  92.0 -11.0   5.0
19951021.000    7917 B    Bxo    5    2   10 0.957 101.1  15.0  -9.0 -72.0
19951021.000    7918 A    Hso   26    1   90 0.989  82.7   5.0   8.0 -82.0
19951022.000    7912 A    Hao   57    1  120 0.971 258.4 148.0 -10.0  75.0
19951022.000    7917 B    Bxo   29    5   30 0.872 104.5  14.0 -10.0 -59.0
19951022.000    7918 A    Hao   87    1  120 0.931  84.5   4.0   7.0 -69.0
19951023.000    7912 A    Hso    6    1   90 0.999 258.8 147.0 -11.0  87.0
19951023.000    7917 B    Cro   78   14   60 0.757 107.9  13.0 -10.0 -47.0
19951023.000    7918 A    Hao  196    1  170 0.816  83.8   5.0   8.0 -55.0
19951024.000    7917 B    Bxo   64   11   40 0.590 114.5  14.0 -10.0 -33.0
19951024.000    7918 A    Hko  181    4  120 0.654  83.5   6.0   8.0 -41.0
19951025.000    7916BA    Axo    0    1    0 0.694 244.0  74.0 -14.0  40.0
19951025.000    7917 B    Bxo   36    7   20 0.408 128.2  15.0 -10.0 -19.0
19951025.000    7918 B    Dso  157    6   90 0.484  82.3   5.0   8.0 -29.0
19951026.000    7917 A    Axo   19    3   10 0.282 154.8  14.0 -10.0  -7.0
19951026.000    7918 B    Cao  115    7   60 0.260  80.9   6.0   7.0 -15.0
19951027.000    7917 A    Axo    0    2    0 0.312 221.1  19.0  -9.0  12.0
19951027.000    7918 B    Cao   99    9   50 0.091  34.6   4.0   9.0  -3.0
19951028.000    7918 B    Cro   58    5   30 0.215 286.5   6.0   8.0  12.0
19951029.000    7918 B    Bxo   35    4   20 0.441 281.2   7.0   9.0  26.0
19951030.000    7918 A    Axo   15    2   10 0.643 280.3   8.0  10.0  40.0
19951031.000    7918 A    Axo    0    1    0 0.780 285.8   6.0  15.0  51.0
19951031.000    7918AB    Axo    0    3    0 0.251  61.8 302.0  11.0 -13.0
199511 1.000    7918BA    Axo    0    1    0 0.506 118.0 274.0 -10.0 -27.0
199511 3.000    7920 B    Bxo   18    2   10 0.374 140.9 261.0 -13.0 -14.0
199511 4.000    7920 B    Bxo    0    2    0 0.291 180.0 262.0 -13.0   0.0
199511 5.000    7920 A    Axo    0    1    0 0.374 215.7 262.0 -14.0  13.0
199511 7.000    7921 A    Hso   36    1   70 0.966 102.4 148.0 -11.0 -74.0
199511 8.000    7921 A    Hso  107    1  120 0.894 104.1 147.0 -11.0 -62.0
199511 9.000    7920BA    Axo    0    2    0 0.355 130.1 180.0 -10.0 -16.0
199511 9.000    7921 A    Hso  142    1  110 0.762 106.1 148.0 -10.0 -48.0
199511 9.000    7923 A    Axo   15    2   10 0.633 122.3 162.0 -17.0 -34.0
19951110.000    7921 B    Cso  177    3  110 0.593 111.7 149.0 -10.0 -34.0
19951110.000    7923 A    Axo    0    1    0 0.505 135.2 161.0 -18.0 -22.0
19951111.000    7921 B    Cso  180    7  100 0.426 124.3 149.0 -11.0 -21.0
19951111.000    7924 A    Axo    0    1    0 0.973  99.0  94.0  -8.0 -76.0
19951112.000    7920AA    Axo    0    2    0 0.600 250.7 191.0  -9.0  35.0
19951112.000    7921 A    Hso  230    3  120 0.272 145.5 147.0 -10.0  -9.0
19951112.000    7923 B    Axo   18    2   10 0.380 205.9 166.0 -17.0  10.0
19951112.000    7924 A    Axo    0    1    0 0.904  99.2  92.0  -7.0 -64.0
19951113.000    7921 A    Hso  232    1  120 0.249 195.9 147.0 -11.0   4.0
19951114.000    7921 A    Hso  205    2  110 0.362 232.7 147.0 -10.0  17.0
19951114.000    7924 A    Axo   16    2   10 0.568 108.4  97.0  -8.0 -33.0
19951115.000    7921 B    Cso  185    3  110 0.536 246.6 147.0 -10.0  30.0
19951116.000    7921 A    Hso  167    2  120 0.717 252.0 148.0 -11.0  44.0
19951116.000    7924 B    Cro   39    7   20 0.219 146.5  97.0  -8.0  -7.0
19951116.000    7925 A    Axo    0    1    0 0.791  95.8  52.0  -3.0 -52.0
19951117.000    7921 A    Hso  115    1  110 0.850 255.5 148.0 -11.0  57.0
19951117.000    7924 A    Axo   19    3   10 0.223 207.6  97.0  -9.0   6.0
19951117.000    7925 B    Bxo   15    3   10 0.633  96.1  52.0  -2.0 -39.0
19951117.000    7926 A    Hao    7    1   20 0.981  82.3  12.0   8.0 -79.0
19951118.000    7921 A    Hso   62    1  100 0.950 258.7 148.0 -10.0  71.0
19951118.000    7924 A    Axo   18    1   10 0.382 242.5  97.0  -8.0  20.0
19951118.000    7925 B    Bxo   18    2   10 0.435 104.1  52.0  -4.0 -25.0
19951118.000    7926 B    Cao   31    3   40 0.920  83.4  10.0   7.0 -67.0
19951119.000    7921 A    Hso   19    1  100 0.995 259.7 148.0 -10.0  84.0
19951119.000    7924 A    Axo    0    1    0 0.566 252.5  97.0  -8.0  33.0
19951119.000    7925 B    Bxo   19    2   10 0.226 113.3  52.0  -3.0 -12.0
19951119.000    7926 B    Cso   72    5   60 0.799  82.9  11.0   7.0 -53.0
19951120.000    7926 B    Cao   62    4   40 0.618  81.3  13.0   7.0 -38.0
19951121.000    7926 A    Hao   54    4   30 0.411  79.6  14.0   6.0 -24.0
19951122.000    7926 A    Axo   19    4   10 0.210  64.3  14.0   7.0 -11.0
19951123.000    7926 B    Bxo   19    3   10 0.077 347.0  12.0   6.0   1.0
19951124.000    7926 B    Bxo    0    2    0 0.274 290.5  13.0   7.0  15.0
19951128.000    7926AA    Axo    0    1    0 0.193 349.8 308.0  12.0   2.0
19951129.000    7929 B    Bxo   17    3   10 0.525  76.2 261.0   8.0 -31.0
19951130.000    7929 B    Cro   37    8   20 0.322  63.6 262.0   9.0 -17.0
199512 1.000    7929 B    Dso   79    7   40 0.145  28.4 262.0   8.0  -4.0
199512 2.000    7929 B    Cso  116    6   60 0.226 310.6 263.0   9.0  10.0
199512 3.000    7929 B    Cso   71    6   40 0.439 287.6 265.0   8.0  25.0
199512 4.000    7929 A    Hro   30    2   20 0.649 280.5 266.0   7.0  40.0
199512 4.000    7930 A    Hso   24    1   60 0.979  98.2 148.0  -8.0 -78.0
199512 5.000    7929 A    Axo   11    1   10 0.811 277.3 267.0   6.0  54.0
199512 5.000    7930 A    Hso   41    1   50 0.909 101.1 148.0 -10.0 -65.0
199512 6.000    7929 A    Axo    7    1   10 0.934 275.3 269.0   5.0  69.0
199512 6.000    7930 A    Hso   82    1   70 0.806 102.5 147.0 -10.0 -53.0
199512 7.000    7930 B    Cso   77    4   50 0.633 107.4 149.0 -11.0 -38.0
199512 8.000    7930 B    Cso  178    4  100 0.450 112.2 149.0 -10.0 -25.0
199512 9.000    7930 A    Hso  115    1   60 0.278 127.1 148.0 -10.0 -13.0
19951210.000    7929AB    Bxo   18    4   10 0.348 196.4 153.0 -20.0   6.0
19951210.000    7930 B    Cso  157    5   80 0.186 190.6 149.0 -11.0   2.0
19951210.000    7931 B    Bxo   18    4   10 0.344 202.5 155.0 -19.0   8.0
19951211.000    7930 A    Hao  171    2   90 0.308 230.1 148.0 -12.0  14.0
19951211.000    7931 A    Axo   17    2   10 0.463 227.0 155.0 -19.0  21.0
19951212.000    7930 B    Dso  174    8  100 0.486 246.1 148.0 -12.0  27.0
19951212.000    7931 A    Axo    0    1    0 0.604 238.5 154.0 -19.0  33.0
19951213.000    7930 B    Cso  177    5  120 0.671 253.0 149.0 -12.0  41.0
19951214.000    7930 B    Cso   80    5   70 0.816 256.0 149.0 -12.0  54.0
19951215.000    7930 A    Hso   44    2   60 0.929 257.5 150.0 -12.0  68.0
19951215.000    7931A     Axo    0    1    0 0.739 119.3  38.0 -22.0 -44.0
19951216.000    7930 A    Hso   15    1   50 0.987 259.1 149.0 -11.0  81.0
19951220.000    7932 A    Axo    4    1   10 0.978 100.9 298.0 -11.0 -78.0
19951221.000    7932 A    Hao    9    1   10 0.884 100.3 300.0 -10.0 -62.0
19951222.000    7932 A    Axo   13    3   10 0.758 101.5 300.0 -10.0 -49.0
19951223.000    7932 A    Axo   16    3   10 0.583 104.3 301.0 -10.0 -35.0
19951224.000    7932 A    Axo    0    1    0 0.414 112.0 300.0 -11.0 -23.0
19951226.000    7932 A    Axo    0    2    0 0.148 207.7 301.0 -10.0   4.0
19951226.000    7933 B    Bxo   18    3   10 0.373 108.2 276.0  -9.0 -21.0
19951227.000    7933 B    Bxo   19    4   10 0.177 129.1 275.0  -9.0  -8.0
19951227.000    7934 A    Axo   16    2   10 0.530  95.3 251.0  -5.0 -32.0
19951227.000    7935 B    Bxo   16    5   40 0.977  78.2 206.0  11.0 -77.0
19951228.000    7933 B    Bxo   39    3   20 0.151 223.3 276.0  -9.0   6.0
19951228.000    7934 A    Axo   19    1   10 0.268 106.5 255.0  -7.0 -15.0
19951228.000    7935 B    Cso   38    3   50 0.921  76.8 204.0  11.0 -66.0
19951229.000    7933 A    Axo   18    1   10 0.340 251.1 276.0  -9.0  19.0
19951229.000    7935 A    Axo   30    1   30 0.863  73.1 199.0  13.0 -58.0
19951230.000    7933 A    Axo    0    1    0 0.530 251.9 275.0 -12.0  31.0
19951230.000    7935 A    Hro   13    4   10 0.719  71.6 200.0  11.0 -44.0
19951231.000    7935 A    Axo   16    2   10 0.576  64.1 199.0  12.0 -32.0
