1996 1 1.000    7935 A    Axo   19    1   10 0.282  42.0 207.0   9.0 -11.0
1996 1 2.000    7935 B    Bxo   19    4   10 0.266 337.3 205.0  11.0   6.0
1996 1 2.000    7937 A    Axx    0    1    0 0.755  99.1 150.0  -9.0 -49.0
1996 1 3.000    7934 A    Axx    0    1    0 0.865 262.7 245.0  -8.0  60.0
1996 1 3.000    7935 A    Axx    0    2    0 0.354 314.1 200.0  11.0  15.0
1996 1 3.000    7937 A    Axx    0    1    0 0.575  99.1 150.0  -8.0 -35.0
1996 1 4.000    7938 B    Dsi  204   20  110 0.366 316.3 187.0  12.0  15.0
1996 1 5.000    7938 B    Dai  325   21  190 0.516 300.6 186.0  12.0  27.0
1996 1 5.000    7939 B    Bxo   59    7   30 0.168  38.4 153.0   4.0  -6.0
1996 1 6.000    7938 B    Dsi  390   26  270 0.691 291.7 187.0  12.0  41.0
1996 1 6.000    7939 B    Csi  275   23  140 0.181 309.9 154.0   3.0   8.0
1996 1 7.000    7938 B    Dki  302   16  270 0.829 287.2 187.0  12.0  54.0
1996 1 7.000    7939 B    Cso  222   21  120 0.376 287.7 154.0   3.0  21.0
1996 1 8.000    7938 B    Cso   77   10  110 0.936 284.4 187.0  12.0  68.0
1996 1 8.000    7939 B    Cao  181   15  110 0.566 279.3 153.0   2.0  34.0
1996 1 9.000    7938 B    Cao   16    6   80 0.995 283.5 189.0  13.0  83.0
1996 1 9.000    7939 B    Cso  119   13   90 0.749 277.6 154.0   3.0  48.0
1996 1 9.000    7940 B    Bxo   18    4   10 0.417 302.0 127.0   9.0  21.0
1996 110.000    7939 B    Cso   46    6   50 0.886 275.6 155.0   3.0  62.0
1996 110.000    7940 A    Axx    0    1    0 0.610 292.3 128.0  10.0  35.0
1996 111.000    7939 B    Bxo    0    3    0 0.971 273.1 156.0   2.0  76.0
1996 118.000    7941 A    Axx    0    1    0 0.193 101.2 337.0  -7.0 -11.0
1996 122.000    7942 B    Bxo   18    4   10 0.431 281.2 320.0   0.0  25.0
1996 123.000    7942 B    Bxo    0    3    0 0.620 276.9 320.0   0.0  38.0
1996 125.000    7943 A    Axx    0    1    0 0.907  74.0 193.0  12.0 -63.0
1996 126.000    7943 A    Axx    0    1    0 0.806  70.6 191.0  12.0 -51.0
1996 127.000    7943 A    Axx    0    1    0 0.649  65.6 192.0  11.0 -37.0
1996 128.000    7943 A    Axx    0    1    0 0.476  53.8 193.0  11.0 -23.0
1996 129.000    7943 A    Axx    0    1    0 0.335  30.6 193.0  11.0 -10.0
1996 130.000    7943 A    Axx    0    2    0 0.299 346.8 194.0  11.0   4.0
1996 131.000    7943 A    Axx    0    1    0 0.396 313.3 194.0  10.0  17.0
1996 131.000    7944 B    Bxo   14    5   10 0.697 288.0 219.0   8.0  42.0
1996 2 1.000    7944 B    Bxo   30    4   30 0.862 283.0 221.0   8.0  58.0
1996 2 2.000    7944 B    Cso   51    5   80 0.947 280.6 220.0   8.0  70.0
1996 2 3.000    7944 B    Cao    4    5   30 0.998 279.5 222.0   9.0  85.0
1996 216.000    7945 A    Axx    0    1    0 0.239 338.8 331.0   6.0   5.0
1996 220.000    7946 B    Bxo    0    2    0 0.954  78.2 202.0   9.0 -71.0
1996 221.000    7946 B    Bxo   20    4   20 0.857  75.0 203.0   9.0 -57.0
1996 222.000    7946 B    Bxo   27    5   20 0.724  71.8 203.0   8.0 -44.0
1996 222.000    7947 A    Axx    0    1    0 0.654 256.8 288.0 -14.0  41.0
1996 223.000    7946 B    Bxo   16    4   10 0.552  63.7 204.0   8.0 -30.0
1996 223.000    7947 B    Bxo   11    2   10 0.823 259.1 290.0 -13.0  56.0
1996 224.000    7946 A    Axx   18    2   10 0.420  46.5 203.0  10.0 -18.0
1996 225.000    7946 A    Axx    0    1    0 0.328  -0.0 207.0  12.0   0.0
1996 225.000    7948 B    Cao   68    8   40 0.521 300.6 234.0   9.0  27.0
1996 226.000    7946 A    Axx    0    1    0 0.412 322.0 209.0  12.0  15.0
1996 226.000    7948 B    Cao   87    8   60 0.682 291.5 234.0   9.0  40.0
1996 227.000    7946 A    Axx    0    1    0 0.530 309.0 206.0  13.0  25.0
1996 227.000    7948 B    Dro   44    5   40 0.834 287.1 235.0  10.0  54.0
1996 228.000    7948 B    Bxo    7    3   10 0.933 283.7 235.0  10.0  67.0
1996 229.000    7949 A    Axx    0    1    0 0.108 127.8 150.0 -11.0  -5.0
1996 3 1.000    7946 A    Axx    0    1    0 0.817 283.9 195.0   7.0  53.0
1996 3 1.000    7949 B    Bxo   39    6   20 0.146 234.8 149.0 -12.0   7.0
1996 3 7.000    7950 A    Axx    8    2   10 0.912 283.3 127.0   9.0  64.0
1996 3 7.000    7951 B    Bxo   19    2   10 0.098  20.9  61.0  -2.0  -2.0
1996 312.000    7952 B    Bxo   47    8   30 0.603  85.4 320.0  -3.0 -37.0
1996 313.000    7952 B    Dao  148   17   80 0.379  80.3 321.0  -3.0 -22.0
1996 314.000    7952 B    Dso  157   14   80 0.165  71.1 321.0  -4.0  -9.0
1996 315.000    7952 B    Dao  119    7   60 0.088 307.9 321.0  -4.0   4.0
1996 316.000    7952 B    Cso  116    5   60 0.240 269.6 318.0  -7.0  14.0
1996 317.000    7952 B    Cso   67    5   40 0.530 273.8 323.0  -4.0  32.0
1996 318.000    7952 A    Hrx   26    2   20 0.741 271.0 326.0  -4.0  48.0
1996 319.000    7952 A    Axx    0    1    0 0.872 268.2 325.0  -5.0  61.0
1996 320.000    7952 A    Axx    5    1   10 0.960 267.9 325.0  -4.0  74.0
1996 322.000    7953 B    Bxo   17    5   10 0.465  60.3 201.0   7.0 -24.0
1996 323.000    7953 BG   Dsi  114   11   60 0.307  34.0 202.0   8.0 -10.0
1996 324.000    7953 BG   Cso  213   14  110 0.242 351.8 200.0   7.0   2.0
1996 325.000    7953 B    Dso  185    7  100 0.372 308.8 202.0   7.0  17.0
1996 326.000    7953 B    Dao  151    7   90 0.544 294.1 202.0   7.0  30.0
1996 327.000    7953 B    Cao  114    5   80 0.696 287.3 201.0   7.0  42.0
1996 327.000    7954 B    Cao   71    7   40 0.445 288.4 184.0   2.0  25.0
1996 328.000    7953 B    Cso   71    4   70 0.861 282.2 204.0   7.0  58.0
1996 328.000    7954 B    Cro   46    5   30 0.638 279.7 185.0   1.0  39.0
1996 329.000    7953 A    Hsx   34    1   60 0.958 280.4 205.0   8.0  72.0
1996 329.000    7954 B    Bxo   11    3   10 0.802 275.0 186.0   0.0  53.0
1996 330.000    7953 A    Axx    4    1   30 0.998 278.5 204.0   8.0  85.0
1996 330.000    7954 A    Axx    0    1    0 0.909 274.1 184.0   1.0  65.0
1996 4 2.000    7955 B    Bxo   14    3   10 0.691 279.6 123.0   2.0  43.0
1996 4 3.000    7955 B    Bxo   11    4   10 0.833 275.4 123.0   1.0  56.0
1996 4 4.000    7955 B    Bxo   13    4   20 0.940 272.3 123.0   0.0  70.0
1996 4 5.000    7955 A    Axx    2    1   10 0.993 271.8 123.0   1.0  83.0
1996 413.000    7956 B    Bxo   15    3   10 0.608  69.0 260.0   8.0 -35.0
1996 414.000    7956 B    Cro   18    3   10 0.406  61.5 260.0   6.0 -21.0
1996 417.000    7956 A    Axx    0    2    0 0.411 300.2 263.0   7.0  21.0
1996 418.000    7956 B    Bxo   15    4   10 0.607 285.3 265.0   5.0  36.0
1996 419.000    7956 B    Bxo   12    4   10 0.777 280.7 265.0   5.0  50.0
1996 419.000    7957 B    Bxo   13    5   10 0.752 261.2 264.0 -10.0  49.0
1996 420.000    7956 A    Axx    0    1    0 0.888 277.2 264.0   4.0  62.0
1996 420.000    7957 B    Bxo   18    5   20 0.888 262.5 265.0  -9.0  63.0
1996 421.000    7957 A    Axx    0    1    0 0.983 261.7 269.0  -9.0  80.0
1996 421.000    7958 B    Bxo   46    7   40 0.816 264.9 244.0  -7.0  55.0
1996 422.000    7958 B    Dao   97    8  140 0.937 264.3 246.0  -7.0  70.0
1996 423.000    7958 B    Dao   41    5  140 0.989 264.6 245.0  -6.0  82.0
1996 424.000    7958 A    Axx    2    2   30 0.999 261.8 242.0  -8.0  93.0
1996 425.000    7959 A    Axx    0    1    0 0.849 281.2 193.0   7.0  57.0
1996 429.000    7960 B    Bxo   15    1   10 0.614  78.0  46.0   4.0 -37.0
1996 5 6.000    7961 A    Axx    0    2    0 0.334  37.5 339.0  12.0 -12.0
1996 5 7.000    7961 B    Bxo   19    5   10 0.283 353.1 340.0  13.0   2.0
1996 5 7.000    7962 A    Hsx   18    1   40 0.974  93.3 261.0  -4.0 -77.0
1996 5 8.000    7961 A    AxA    0    5    0 0.393 326.6 340.0  16.0  13.0
1996 5 8.000    7962 B    Cso   86    3  110 0.919  94.1 259.0  -5.0 -67.0
1996 5 9.000    7962 B    Cso  144    5  120 0.798  96.4 259.0  -7.0 -53.0
1996 510.000    7962 B    Cso  199    7  130 0.643  97.3 258.0  -7.0 -40.0
1996 511.000    7962 BD   Cso  211   11  120 0.471  97.3 257.0  -6.0 -28.0
1996 511.000    7963 B    Bxo   13    2   10 0.759  53.0 243.0  25.0 -42.0
1996 512.000    7962 BG   Dso  270   19  140 0.252 107.3 257.0  -7.0 -14.0
1996 512.000    7963 A    Axx    0    2    0 0.609  40.7 245.0  25.0 -26.0
1996 512.000    7964 A    Axx    0    2    0 0.442 100.2 245.0  -7.0 -26.0
1996 513.000    7962 B    Cso  219   13  110 0.077 192.9 259.0  -7.0   1.0
1996 513.000    7964 A    Axx    0    2    0 0.248 103.9 244.0  -6.0 -14.0
1996 514.000    7962 B    Cao  192   13  100 0.265 256.6 260.0  -6.0  15.0
1996 514.000    7964 A    Axx    0    5    0 0.077 180.0 245.0  -7.0   0.0
1996 515.000    7962 B    Cso  157    9   90 0.487 262.1 261.0  -6.0  29.0
1996 515.000    7964 A    Axx    0    1    0 0.243 246.3 245.0  -8.0  13.0
1996 516.000    7962 A    Cao   43    5   30 0.682 263.7 261.0  -6.0  43.0
1996 516.000    7964 A    Axx    0    1    0 0.459 259.2 245.0  -7.0  27.0
1996 517.000    7962 A    Hsx   33    4   30 0.828 265.5 261.0  -5.0  56.0
1996 518.000    7962 A    Hsx   13    2   20 0.939 264.4 262.0  -6.0  70.0
1996 523.000    7965 A    Axx    0    1    0 0.865 134.1  74.0 -38.0 -52.0
1996 523.000    7966 B    Bxo    0    2    0 0.869 101.8  53.0 -11.0 -60.0
1996 6 2.000    7967 A    Axx    0    1    0 0.687  32.8 327.0  35.0 -27.0
1996 6 3.000    7967 A    Axx    0    1    0 0.605  17.7 327.0  35.0 -13.0
1996 6 4.000    7968 A    Axx    0    3    0 0.657  86.9 286.0   2.0 -41.0
1996 6 5.000    7968 B    Bxo   17    2   10 0.470  85.8 286.0   2.0 -28.0
1996 6 5.000    7969 A    Axx    0    1    0 0.560 286.1 347.0   9.0  33.0
1996 6 6.000    7968 B    Cro   39    4   20 0.213  76.6 289.0   3.0 -12.0
1996 6 6.000    7969 B    Bxo   14    4   10 0.701 281.3 345.0   8.0  44.0
1996 6 7.000    7968 B    Dso   99    9   50 0.050 339.8 288.0   3.0   1.0
1996 6 7.000    7970 B    Bxo    4    3   10 0.979 260.7   5.0  -9.0  78.0
1996 6 8.000    7968 B    Dso  154   17   80 0.260 276.2 289.0   2.0  15.0
1996 6 9.000    7968 B    Dao  157   19   90 0.486 275.2 290.0   3.0  29.0
1996 610.000    7968 B    Cao  133   12   90 0.669 272.3 290.0   2.0  42.0
1996 610.000    7971 B    Bxo   19    2   10 0.289 242.7 263.0  -7.0  15.0
1996 611.000    7968 B    Cao   67    7   60 0.829 271.9 290.0   2.0  56.0
1996 612.000    7968 A    Hsx   27    1   40 0.940 272.9 291.0   3.0  70.0
1996 613.000    7968 A    Axx    0    1    0 0.998 272.9 294.0   3.0  86.0
1996 619.000    7972 B    Bxo    0    2    0 0.572  38.9 105.0  28.0 -24.0
1996 620.000    7972 B    Bxo   17    3   10 0.462  17.4 106.0  28.0  -9.0
1996 620.000    7973 B    Cso   47    2   70 0.939  81.1  45.0   9.0 -70.0
1996 621.000    7972 A    Axx    0    1    0 0.426 353.7 105.0  27.0   3.0
1996 621.000    7973 A    Hsx  102    1  100 0.858  79.5  43.0  10.0 -59.0
1996 622.000    7972 A    Axx    0    1    0 0.502 331.0 105.0  28.0  16.0
1996 622.000    7973 A    Hsx  126    1   90 0.714  76.6  44.0  11.0 -45.0
1996 622.000    7974 A    Axx    0    1    0 0.298  65.8  73.0   9.0 -16.0
1996 623.000    7973 A    Hsx  151    1   90 0.541  74.8  44.0  10.0 -32.0
1996 623.000    7975 A    Axx    8    2   10 0.906  83.3  11.0   7.0 -65.0
1996 624.000    7973 A    Hsx  188    1  100 0.333  65.9  44.0  10.0 -18.0
1996 624.000    7976 B    Bxo    9    2   10 0.892  77.7 359.0  12.0 -63.0
1996 625.000    7973 A    Hsx  138    2   70 0.144  36.8  44.0   9.0  -5.0
1996 625.000    7976 A    Axx   36    3   30 0.793  75.4 357.0  13.0 -52.0
1996 626.000    7973 A    Hsx  157    1   80 0.177 317.4  43.0  10.0   7.0
1996 626.000    7976 A    Axx   15    2   10 0.630  72.3 358.0  13.0 -38.0
1996 627.000    7973 A    Hsx  129    1   70 0.372 287.8  44.0   9.0  21.0
1996 627.000    7976 A    Axx   17    4   10 0.451  65.9 358.0  13.0 -25.0
1996 628.000    7973 A    Hsx  114    1   70 0.577 280.0  44.0   8.0  35.0
1996 628.000    7976 A    Hrx   38    4   20 0.258  46.1 358.0  13.0 -11.0
1996 629.000    7973 A    Hsx  374    1  280 0.743 278.2  44.0   8.0  48.0
1996 629.000    7976 A    Hrx   78    4   40 0.179 349.1 358.0  13.0   2.0
1996 630.000    7973 A    Hsx   65    1   70 0.882 278.6  45.0   9.0  62.0
1996 630.000    7976 A    Hrx   19    2   10 0.232 318.9 352.0  13.0   9.0
1996 7 1.000    7973 A    Hsx   34    1   70 0.969 275.4  46.0   6.0  76.0
1996 7 1.000    7976 A    Axx   17    2   10 0.501 288.8 359.0  12.0  29.0
1996 7 2.000    7973 A    Hsx    2    1   50 1.000 277.9  45.0   8.0  89.0
1996 7 3.000    7977 B    Bxo   19    3   10 0.275  87.0 287.0   4.0 -16.0
1996 7 4.000    7977 B    Bxo   19    3   10 0.036 258.7 292.0   3.0   2.0
1996 7 5.000    7978 B    Bxo   17    2   10 0.521 117.9 249.0 -11.0 -28.0
1996 7 6.000    7978 B    Bxo   18    2   10 0.335 130.2 249.0  -9.0 -15.0
1996 7 8.000    7978 B    Cri   57   17   30 0.303 218.3 248.0 -10.0  11.0
1996 7 9.000    7978 BGD  Dai  442   32  250 0.464 239.6 248.0 -10.0  24.0
1996 710.000    7978 BGD  Eac  609   25  400 0.648 249.4 249.0 -10.0  38.0
1996 711.000    7978 BGD  Ehi  506   26  420 0.798 252.9 248.0 -11.0  51.0
1996 712.000    7978 BG   Eho  311   22  390 0.917 256.1 249.0 -11.0  65.0
1996 713.000    7978 B    Eho  132    9  300 0.975 256.7 247.0 -12.0  76.0
1996 714.000    7978 A    Axx    0    1   20 1.000 260.0 247.0 -10.0  89.0
1996 720.000    7979 A    Axx   11    1   10 0.818 138.3  37.0 -34.0 -41.0
1996 727.000    7980 A    Axx    0    1    0 0.085 336.1 348.0  10.0   2.0
1996 728.000    7981 B    Dso  113    3  200 0.959 103.2 260.0 -11.0 -72.0
1996 729.000    7981 B    Dao  321    6  340 0.881 104.6 259.0 -10.0 -60.0
1996 730.000    7981 BG   Esi  468   12  360 0.759 108.5 259.0 -10.0 -47.0
1996 731.000    7981 BG   Eki  643   18  400 0.595 115.6 260.0 -10.0 -33.0
1996 8 1.000    7981 BG   Eso  733   24  410 0.447 124.0 258.0  -9.0 -22.0
1996 8 2.000    7981 BG   Esi  572   22  300 0.300 149.0 257.0  -9.0  -9.0
1996 8 3.000    7981 BG   Eso  615   24  320 0.273 198.4 258.0  -9.0   5.0
1996 8 4.000    7981 BG   Eso  528   20  290 0.410 231.6 259.0  -9.0  19.0
1996 8 5.000    7981 BG   Cso  354   19  220 0.591 245.5 260.0  -9.0  33.0
1996 8 6.000    7981 B    Cso  292   10  220 0.747 252.0 259.0  -9.0  46.0
1996 8 7.000    7981 B    Cso  131    3  140 0.882 255.1 260.0 -10.0  60.0
1996 8 8.000    7981 A    Hsx   68    1  130 0.965 256.7 260.0 -11.0  73.0
1996 8 8.000    7982 B    Bxo   18    5   10 0.378  76.4 165.0  11.0 -22.0
1996 8 9.000    7981 A    Hsx    1    1  120 1.000 259.0 263.0 -11.0  89.0
1996 8 9.000    7982 B    Bxo    0    3    0 0.161  73.3 165.0   9.0  -9.0
1996 810.000    7982 B    Bxo   39   10   20 0.120 301.1 167.0  10.0   6.0
1996 811.000    7982 B    Dso   56   10   30 0.341 278.4 167.0   9.0  20.0
1996 811.000    7983 A    Axx   18    3   10 0.392  31.0 134.0  26.0 -13.0
1996 812.000    7982 B    Dsi  149   20   90 0.556 276.4 168.0   9.0  34.0
1996 813.000    7982 B    Dso  109   12   80 0.726 277.5 168.0  10.0  47.0
1996 814.000    7982 B    Dao   50    6   50 0.861 276.5 168.0   9.0  60.0
1996 815.000    7982 B    Bxo    5    4   10 0.962 277.5 169.0   9.0  75.0
1996 815.000    7984 B    Bxo   17    6   10 0.526  40.0  71.0  30.0 -23.0
1996 816.000    7982 A    Axx    0    1    0 1.000 277.9 171.0   8.0  90.0
1996 816.000    7984 B    Cro   36    5   20 0.409  21.8  71.0  29.0 -10.0
1996 817.000    7984 B    Bxo   36    4   20 0.386 348.6  73.0  29.0   5.0
1996 818.000    7984 B    Bxo   35    5   20 0.459 326.2  72.0  29.0  17.0
1996 819.000    7984 B    Bxo   16    4   10 0.557 311.9  70.0  28.0  28.0
1996 820.000    7985 A    Axx   19    3   10 0.245 283.5  42.0  10.0  14.0
1996 821.000    7985 B    Bxo   17    3   10 0.482 278.1  44.0  10.0  29.0
1996 822.000    7985 A    Axx    0    2    0 0.677 277.2  45.0  10.0  43.0
1996 823.000    7985 B    Bxo   23    2   20 0.813 277.3  44.0  10.0  55.0
1996 824.000    7985 B    Bxo   14    3   20 0.928 280.1  44.0  12.0  69.0
1996 824.000    7986 A    Axx   15    1   50 0.988 104.4 256.0 -13.0 -79.0
1996 825.000    7985 A    Axx    2    1   10 0.990 279.2  45.0  10.0  83.0
1996 825.000    7986 A    Hsx   71    1   90 0.917 106.4 258.0 -12.0 -64.0
1996 826.000    7986 BD   Cso  108    4  100 0.839 109.3 255.0 -12.0 -54.0
1996 827.000    7986 B    Cso  177    6  130 0.729 113.9 253.0 -12.0 -43.0
1996 828.000    7986 A    Hsx  102    3   60 0.521 127.5 258.0 -12.0 -25.0
1996 829.000    7986 A    Hsx   92    3   50 0.384 148.0 257.0 -12.0 -12.0
1996 830.000    7986 B    Cso  188   10  100 0.329 180.0 256.0 -12.0   0.0
1996 831.000    7986 B    Cso  111    6   60 0.376 209.7 254.0 -12.0  11.0
1996 9 1.000    7986 B    Cso   83    4   50 0.553 233.1 257.0 -13.0  27.0
1996 9 1.000    7987 B    Bxo    0    2    0 0.720  71.9 184.0  18.0 -46.0
1996 9 2.000    7986 A    Hsx   41    1   30 0.730 246.1 260.0 -12.0  43.0
1996 9 3.000    7986 A    Hsx   30    3   30 0.856 251.3 259.0 -12.0  56.0
1996 9 4.000    7986 A    Hrx   12    1   20 0.951 255.9 260.0 -11.0  70.0
1996 9 5.000    7986 A    Axx    0    1    0 0.991 258.9 258.0 -10.0  81.0
1996 9 8.000    7988 B    Bxo   33    5   20 0.548 178.4 136.0 -26.0  -1.0
1996 9 9.000    7988 B    Bxo   16    5   10 0.568 201.0 137.0 -25.0  13.0
1996 913.000    7989 A    Axx    0    1    0 0.416  26.0  59.0  29.0 -12.0
19961021.000    7990 A    Axx    0    1    0 0.460  67.1 264.0  15.0 -26.0
19961026.000    7991 B    Bxo   17    3   10 0.463  16.9 215.0  31.0  -9.0
19961027.000    7991 B    Bxo    0    2    0 0.434 350.0 216.0  30.0   5.0
19961027.000    7992 B    Cro   33    4   20 0.556 238.1 240.0 -13.0  29.0
19961028.000    7992 A    Axx   14    1   10 0.708 243.5 239.0 -15.0  41.0
19961110.000    7993 A    Axx    0    1    0 0.907  92.6 321.0  -1.0 -65.0
19961111.000    7993 A    Axx    0    1    0 0.780  95.1 322.0  -2.0 -51.0
19961111.000    7994 A    Axx   16    2   10 0.589 115.3 340.0 -12.0 -33.0
19961112.000    7993 B    Bxo   15    3   10 0.620  97.0 322.0  -2.0 -38.0
19961112.000    7994 A    Axx   18    2   10 0.399 126.8 341.0 -11.0 -19.0
19961113.000    7995 B    Cro   28    3   30 0.882  89.3 285.0   2.0 -62.0
19961114.000    7995 B    Cro   26    5   20 0.755  91.1 284.0   1.0 -49.0
19961115.000    7995 A    Axx   16    3   10 0.560  93.9 286.0   0.0 -34.0
19961115.000    7996 A    Axx    0    1    0 0.670  42.2 288.0  32.0 -32.0
19961116.000    7995 A    Axx   18    4   10 0.328  97.2 288.0   0.0 -19.0
19961116.000    7996 B    Bxo   16    5   10 0.573  30.4 287.0  32.0 -20.0
19961117.000    7995 A    Axx   19    2   10 0.097 115.4 289.0   0.0  -5.0
19961117.000    7996 A    Axx   17    2   10 0.485   8.9 289.0  31.0  -5.0
19961117.000    7997 B    Bxo   12    3   10 0.767  81.6 244.0   8.0 -50.0
19961117.000    7998 A    Axx   13    2   10 0.748 111.1 248.0 -14.0 -46.0
19961118.000    7995 A    Axx   19    1   10 0.145 254.3 289.0   0.0   8.0
19961118.000    7997 B    Bxo   16    3   10 0.592  79.5 245.0   8.0 -36.0
19961118.000    7998 A    Axx    0    2    0 0.589 119.6 249.0 -15.0 -32.0
19961119.000    7995 B    Axx    0    2    0 0.378 262.1 290.0  -1.0  22.0
19961119.000    7997 A    Axx   18    2   10 0.385  74.2 246.0   8.0 -22.0
19961120.000    7997 B    Bxo   19    3   10 0.160  49.1 247.0   8.0  -7.0
19961121.000    7997 A    Axx    0    1    0 0.161 311.4 248.0   8.0   7.0
19961122.000    7997 A    Axx    0    1    0 0.341 288.9 247.0   8.0  19.0
19961122.000    7999 B    Bxo   19    5   20 0.877  95.5 167.0  -4.0 -61.0
19961123.000    7997 B    Cro   71    8   40 0.441 278.0 240.0   5.0  26.0
19961123.000    7999 B    Dso  108    6   80 0.735  97.0 167.0  -4.0 -47.0
19961124.000    7997 B    Dao  260   17  170 0.644 276.0 242.0   5.0  40.0
19961124.000    7999 B    Dao  283   21  170 0.551  99.6 169.0  -4.0 -33.0
19961125.000    7997 B    Dao  223   10  190 0.809 275.2 242.0   5.0  54.0
19961125.000    7999 B    Dai  621   30  330 0.338 105.9 169.0  -4.0 -19.0
19961126.000    7997 B    Dao  150   10  210 0.933 274.9 244.0   5.0  69.0
19961126.000    7999 B    Ekc 1742   41  880 0.139 131.4 169.0  -4.0  -6.0
19961126.000    8000 B    Bxo   20    8   20 0.861 252.9 233.0 -14.0  58.0
19961127.000    7997 B    Dao   39    4  140 0.990 274.9 244.0   5.0  82.0
19961127.000    7999 B    Eki 1558   38  790 0.165 237.2 170.0  -4.0   8.0
19961127.000    8000 B    Bxo   13    4   20 0.944 255.8 232.0 -13.0  70.0
19961128.000    7999 B    Eki 1530   38  830 0.387 254.5 171.0  -5.0  22.0
19961128.000    8000 B    Cro    6    5   30 0.993 255.8 232.0 -14.0  83.0
19961129.000    7999 B    Eki 1124   30  690 0.580 260.1 171.0  -5.0  35.0
19961130.000    7999 B    Eki  773   28  580 0.746 263.9 171.0  -4.0  48.0
199612 1.000    7999 B    Eki  550   20  570 0.876 265.1 170.0  -4.0  61.0
199612 2.000    7999 B    Eki  232   13  450 0.966 266.8 171.0  -3.0  75.0
199612 2.000    8001 B    Bxo    0    3    0 0.936 249.4 164.0 -19.0  68.0
199612 2.000    8002 A    Axx    0    1    0 0.502 214.3 114.0 -24.0  18.0
199612 3.000    7999 B    Dso    0    3  100 1.000 265.0 173.0  -5.0  90.0
199612 8.000    8003 B    Bxo   15    2   10 0.619 145.7 352.0 -31.0 -24.0
199612 9.000    8003 B    Bxo   17    4   10 0.517 163.1 354.0 -30.0 -10.0
19961210.000    8003 B    Cao   87   10   50 0.481 187.3 355.0 -29.0   4.0
19961211.000    8003 B    Cro   66    7   40 0.547 209.6 356.0 -29.0  18.0
19961212.000    8003 B    Cao  196   10  130 0.654 223.5 355.0 -29.0  31.0
19961212.000    8004 A    Hsx   94    1  140 0.941  82.3 254.0   7.0 -70.0
19961213.000    8003 B    Dso  126   10  100 0.775 233.6 356.0 -28.0  45.0
19961213.000    8004 A    Hsx   69    2   70 0.869  81.4 251.0   7.0 -60.0
19961214.000    8003 B    Eso  122   10  140 0.900 239.1 359.0 -28.0  61.0
19961214.000    8004 A    Hsx   96    1   70 0.723  82.1 252.0   5.0 -46.0
19961215.000    8003 B    Eao   80    9  160 0.968 240.3 359.0 -29.0  74.0
19961215.000    8004 A    Hsx   83    1   50 0.555  77.4 252.0   6.0 -33.0
19961216.000    8003 B    Eso   14    2  180 0.999 241.0 360.0 -29.0  88.0
19961216.000    8004 A    Hsx  149    3   80 0.362  69.8 252.0   6.0 -20.0
19961217.000    8004 B    Cso  118    6   60 0.165  38.9 253.0   6.0  -6.0
19961217.000    8005 A    Axx    0    1    0 0.473 115.5 233.0 -13.0 -26.0
19961218.000    8004 B    Cso  137    4   70 0.191 320.8 252.0   7.0   7.0
19961218.000    8005 A    Axx    0    1    0 0.273 137.0 234.0 -13.0 -11.0
19961218.000    8006 B    Bxo   33    3   20 0.540 146.0 225.0 -28.0 -20.0
19961219.000    8004 BG   Dso  333   12  180 0.377 296.1 251.0   8.0  20.0
19961219.000    8006 A    Axx   17    1   10 0.451 170.2 226.0 -28.0  -5.0
19961220.000    8004 BG   Cso  180   13  110 0.574 284.9 252.0   7.0  34.0
19961221.000    8004 A    Hsx   67    3   50 0.738 279.9 252.0   6.0  47.0
19961222.000    8004 A    Hsx   40    2   40 0.860 277.0 251.0   5.0  59.0
19961222.000    8007 B    Bxo   28    6   20 0.712 277.6 237.0   4.0  45.0
19961223.000    8004 A    Hsx   24    1   40 0.953 275.9 251.0   5.0  72.0
19961223.000    8007 B    Bxo   20    5   20 0.860 275.9 238.0   4.0  59.0
19961224.000    8004 A    Hsx    6    1   40 0.997 276.2 250.0   6.0  85.0
19961224.000    8007 B    Bxo    5    3   10 0.963 275.8 239.0   5.0  74.0
