2007 1 1.000   10933 B    Cao  171    4  210 0.913  91.9  32.0  -3.0 -66.0
2007 1 1.000   10934 B    Cro   43    4   50 0.902  84.0  34.0   4.0 -64.0
2007 1 2.000   10933 B    Dso  271    6  220 0.787  93.8  32.0  -5.0 -52.0
2007 1 2.000   10934 A    Hax   49    2   40 0.781  83.5  33.0   3.0 -51.0
2007 1 3.000   10933 B    Dao  444    6  290 0.642  90.6  31.0  -3.0 -40.0
2007 1 3.000   10934 A    Hax   62    4   40 0.628  77.7  33.0   5.0 -38.0
2007 1 4.000   10933 B    Cho  552    5  310 0.453  91.8  31.0  -4.0 -27.0
2007 1 4.000   10934 A    Hrx   36    2   20 0.425  72.7  34.0   4.0 -24.0
2007 1 4.000   10935 A    Hhx  302    1  240 0.776  94.9   7.0  -6.0 -51.0
2007 1 5.000   10933 B    Dao  428    4  220 0.225  91.9  32.0  -4.0 -13.0
2007 1 5.000   10934 A    Hsx   58    1   30 0.232  55.2  34.0   4.0 -11.0
2007 1 5.000   10935 A    Hhx  431    1  270 0.601  95.1   8.0  -6.0 -37.0
2007 1 6.000   10933 B    Dao  499   11  250 0.013  -0.0  33.0  -3.0   0.0
2007 1 6.000   10934 A    Hrx   39    1   20 0.140 345.6  35.0   4.0   2.0
2007 1 6.000   10935 A    Hax  438    1  240 0.406  93.8   9.0  -5.0 -24.0
2007 1 7.000   10933 B    Cao  329    2  170 0.241 269.0  33.0  -4.0  14.0
2007 1 7.000   10934 A    Hrx   19    2   10 0.269 296.0  33.0   3.0  14.0
2007 1 7.000   10935 A    Hax  433    1  220 0.177 102.4   9.0  -6.0 -10.0
2007 1 7.000   10936 A    Hrx   29    2   20 0.684  70.9 338.0  10.0 -41.0
2007 1 8.000   10933 A    Hkx  320    2  180 0.453 266.8  33.0  -5.0  27.0
2007 1 8.000   10934 A    Axx   17    1   10 0.486 285.6  34.0   4.0  28.0
2007 1 8.000   10935 B    Cho  499    2  250 0.063 213.4   8.0  -7.0   2.0
2007 1 8.000   10936 A    Axx   17    1   10 0.512  65.0 338.0   9.0 -28.0
2007 1 9.000   10933 B    Cki  331    8  230 0.693 267.0  37.0  -5.0  44.0
2007 1 9.000   10935 A    Hkx  480    1  250 0.279 258.9   9.0  -7.0  16.0
2007 1 9.000   10936 A    Axx   18    1   10 0.351  46.6 338.0  10.0 -15.0
2007 1 9.000   10937 B    Cso   39    2   20 0.209 145.6 346.0 -14.0  -7.0
2007 110.000   10933 B    Dhi  348    5  310 0.827 265.6  36.0  -6.0  56.0
2007 110.000   10935 A    Hhx  441    1  250 0.471 260.9   8.0  -8.0  28.0
2007 110.000   10937 B    Bxo   39    5   20 0.170 216.9 346.0 -12.0   6.0
2007 111.000   10933 B    Cao  158    5  230 0.938 267.3  37.0  -4.0  70.0
2007 111.000   10935 A    Hhx  347    1  230 0.654 264.3   8.0  -7.0  41.0
2007 111.000   10937 B    Cso   36    3   20 0.388 243.5 348.0 -14.0  21.0
2007 112.000   10933 A    Hhx   22    2  100 0.994 265.4  38.0  -5.0  84.0
2007 112.000   10935 A    Hhx  189    1  160 0.807 263.3   8.0  -8.0  54.0
2007 112.000   10936 A    Axx   18    1   10 0.323 347.9 318.0  14.0   4.0
2007 112.000   10937 A    Hsx   32    1   20 0.598 252.4 350.0 -14.0  36.0
2007 113.000   10933 A    Hax    1    1  110 1.000 264.0  34.0  -6.0  90.0
2007 113.000   10935 A    Hsx  150    1  190 0.918 263.2   7.0  -8.0  67.0
2007 113.000   10937 A    Hsx   13    1   10 0.757 255.4 349.0 -14.0  49.0
2007 114.000   10935 A    Hax   62    1  190 0.986 262.6   8.0  -8.0  81.0
2007 114.000   10937 A    Axx   18    1   20 0.881 256.6 349.0 -14.0  62.0
2007 114.000   10938 B    Dso  105    4  110 0.877  85.2 226.0   2.0 -61.0
2007 115.000   10935 A    Hax    6    1   60 0.998 261.7   8.0  -8.0  94.0
2007 115.000   10938 B    Dso  159    6  120 0.748  83.1 226.0   2.0 -48.0
2007 116.000   10938 B    Dso  146    6   90 0.582  79.8 226.0   2.0 -35.0
2007 117.000   10938 B    Dso  110    8   60 0.391  73.1 226.0   2.0 -22.0
2007 118.000   10938 B    Bxo   19    7   10 0.221  51.5 224.0   3.0 -10.0
2007 119.000   10938 B    Bxi   59   13   30 0.149 315.3 227.0   1.0   6.0
2007 120.000   10938 B    Cro   57    5   30 0.306 313.1 221.0   7.0  13.0
2007 121.000   10938 A    Axx   35    3   20 0.477 288.4 222.0   4.0  27.0
2007 121.000   10939 B    Cai  191    8  100 0.294 276.9 212.0  -3.0  17.0
2007 122.000   10939 B    Dac  190    8  110 0.499 271.3 212.0  -4.0  30.0
2007 123.000   10939 B    Dso  175   13  120 0.680 270.0 212.0  -4.0  43.0
2007 124.000   10939 B    Dai  195    8  170 0.818 270.2 210.0  -3.0  55.0
2007 125.000   10939 B    Dao  116    5  160 0.932 267.9 211.0  -4.0  69.0
2007 126.000   10939 A    Axx   15    1   60 0.991 264.7 212.0  -6.0  83.0
2007 127.000   10940 A    Hax   55    1  120 0.972  94.8  39.0  -6.0 -77.0
2007 128.000   10940 A    Hax  161    1  170 0.880  93.7  41.0  -6.0 -62.0
2007 129.000   10940 B    Dao  237    3  180 0.751  92.8  40.0  -6.0 -49.0
2007 130.000   10940 B    Dso  393    6  240 0.571  90.1  41.0  -5.0 -35.0
2007 130.000   10941 A    Hsx   81    1  110 0.930  97.3   7.0  -9.0 -69.0
2007 131.000   10940 B    Dao  522   12  280 0.359  85.4  42.0  -4.0 -21.0
2007 131.000   10941 A    Hsx  146    1  130 0.826  93.1   7.0  -6.0 -56.0
2007 2 1.000   10940 B    Dsi  572   11  290 0.160  77.0  41.0  -4.0  -9.0
2007 2 1.000   10941 A    Hhx  220    1  150 0.678  95.2   7.0  -8.0 -43.0
2007 2 2.000   10940 B    Dso  576   10  290 0.111 289.9  43.0  -4.0   6.0
2007 2 2.000   10941 A    Hsx  262    1  150 0.482  93.3   8.0  -7.0 -29.0
2007 2 3.000   10940 B    Dhi  472   15  250 0.327 275.9  43.0  -4.0  19.0
2007 2 3.000   10941 A    Hsx  267    1  140 0.291  93.5   7.0  -7.0 -17.0
2007 2 4.000   10940 B    Dai  360   14  210 0.514 272.8  41.0  -4.0  31.0
2007 2 4.000   10941 A    Hax  279    1  140 0.070  99.8   6.0  -7.0  -4.0
2007 2 5.000   10940 B    Dso  274    7  190 0.692 269.4  41.0  -5.0  44.0
2007 2 5.000   10941 A    Hsx  236    1  120 0.173 265.9   7.0  -7.0  10.0
2007 2 6.000   10940 B    Cao  192    4  180 0.845 268.2  43.0  -5.0  58.0
2007 2 6.000   10941 A    Hsx  222    1  120 0.372 267.3   7.0  -7.0  22.0
2007 2 7.000   10940 B    Cso   86    2  130 0.943 267.0  43.0  -5.0  71.0
2007 2 7.000   10941 A    Hsx  312    1  190 0.570 267.1   7.0  -7.0  35.0
2007 2 8.000   10940 A    Hax   27    1  120 0.994 265.7  43.0  -5.0  84.0
2007 2 8.000   10941 A    Hsx  161    2  120 0.739 266.5   7.0  -7.0  48.0
2007 2 9.000   10940 A    Hsx   26    1  120 0.994 264.2  43.0  -5.0  97.0
2007 2 9.000   10941 A    Hsx  108    1  110 0.871 265.7   7.0  -7.0  61.0
2007 210.000   10941 A    Hsx   59    1  110 0.963 264.6   7.0  -7.0  75.0
2007 211.000   10941 A    Hsx    7    1  120 1.000 263.2   8.0  -7.0  89.0
2007 217.000   10942 B    Cao   44    2   60 0.927 101.2 131.0 -13.0 -69.0
2007 218.000   10942 A    Hsx   23    1   20 0.813  98.5 132.0 -11.0 -55.0
2007 219.000   10942 B    Cso   60    2   40 0.652 100.2 133.0 -12.0 -41.0
2007 220.000   10942 B    Cso  105    3   60 0.470 102.3 132.0 -12.0 -28.0
2007 220.000   10943 B    Cao   99    3   50 0.110 141.7 156.0 -12.0  -4.0
2007 221.000   10942 B    Bxo   77    4   40 0.264 105.9 132.0 -11.0 -15.0
2007 221.000   10943 B    Bxo   78    3   40 0.191 242.8 157.0 -12.0  10.0
2007 222.000   10942 B    Dso   99    4   50 0.109 128.5 129.0 -11.0  -5.0
2007 223.000   10942 B    Bxo   39    4   20 0.162 251.6 130.0 -10.0   9.0
2007 223.000   10944 A    Hsx   65    1  120 0.962  98.4  46.0 -10.0 -75.0
2007 224.000   10942 A    Axx   17    1   10 0.438 259.6 133.0 -11.0  26.0
2007 224.000   10944 A    Hsx  107    1  110 0.873  89.4  46.0  -3.0 -61.0
2007 225.000   10944 A    Hsx  119    1   90 0.750  93.0  44.0  -7.0 -49.0
2007 226.000   10944 A    Hsx  176    2  110 0.597  93.7  43.0  -8.0 -37.0
2007 227.000   10944 A    Hkx  204    1  110 0.372  90.8  45.0  -7.0 -22.0
2007 227.000   10945 A    Hsx   20    1   20 0.862  92.7   7.0  -6.0 -60.0
2007 228.000   10944 A    Hsx  196    1  100 0.191  84.3  43.0  -6.0 -11.0
2007 228.000   10945 A    Axx   26    2   20 0.740  90.2   6.0  -5.0 -48.0
2007 3 1.000   10944 A    Hsx  199    1  100 0.073 287.0  45.0  -6.0   4.0
2007 3 1.000   10945 A    Axx   49    1   30 0.557  88.2   7.0  -5.0 -34.0
2007 3 2.000   10944 A    Hsx  172    1   90 0.291 273.2  45.0  -6.0  17.0
2007 3 3.000   10944 A    Hsx  156    1   90 0.499 272.6  44.0  -5.0  30.0
2007 3 3.000   10945 B    Dao  137    2   70 0.189  89.4   3.0  -7.0 -11.0
2007 3 4.000   10944 A    Hsx  132    1   90 0.678 269.0  44.0  -6.0  43.0
2007 3 5.000   10944 A    Hax   66    1   60 0.835 267.6  45.0  -6.0  57.0
2007 3 5.000   10945 A    Axx   19    3   10 0.291 273.2   5.0  -6.0  17.0
2007 3 6.000   10944 A    Hsx   41    2   60 0.937 267.3  45.0  -5.0  70.0
2007 3 6.000   10945 B    Dro   34    5   20 0.497 270.6   5.0  -6.0  30.0
2007 3 7.000   10944 A    Axx    4    1   20 0.993 263.8  46.0  -7.0  84.0
2007 3 7.000   10945 B    Bxo   44    5   30 0.678 269.0   5.0  -6.0  43.0
2007 3 8.000   10945 A    Axx   11    1   10 0.824 266.5   4.0  -7.0  56.0
2007 311.000   10946 B    Bxo   39    6   30 0.754 290.0 315.0  10.0  46.0
2007 312.000   10946 B    Dso   67    4   70 0.876 285.6 315.0  10.0  59.0
2007 313.000   10946 A    Hsx   11    1   20 0.957 279.6 315.0   7.0  72.0
2007 324.000   10947 B    Cso   20    4   20 0.860 258.9 158.0 -13.0  60.0
2007 325.000   10947 A    Hsx   11    1   20 0.956 257.4 159.0 -14.0  74.0
2007 326.000   10947 A    Axx    1    1   10 0.995 255.5 158.0 -15.0  86.0
2007 327.000   10948 B    Dao   43    7   30 0.696 274.1 103.0  -2.0  44.0
2007 328.000   10948 A    Axx   22    1   20 0.829 272.1 102.0  -2.0  56.0
2007 329.000   10948 A    Axx    6    1   10 0.939 270.3 103.0  -2.0  70.0
2007 329.000   10949 A    Hax   62    2   70 0.894  78.7 331.0   7.0 -62.0
2007 330.000   10949 B    Cso   51    4   40 0.761  76.3 331.0   6.0 -48.0
2007 331.000   10949 B    Bxo   16    3   10 0.595  68.9 332.0   7.0 -34.0
2007 4 1.000   10949 B    Cso   36    5   20 0.413  59.7 332.0   6.0 -21.0
2007 4 2.000   10949 B    Cro   95    3   50 0.283  29.1 332.0   8.0  -8.0
2007 4 3.000   10949 A    Axx   38    2   20 0.246 339.4 332.0   7.0   5.0
2007 4 4.000   10949 A    Axx   18    1   10 0.402 306.8 332.0   8.0  19.0
2007 4 4.000   10950 B    Bxo   16    2   10 0.531 257.4 345.0 -12.0  32.0
2007 415.000   10951 A    Axx   17    1   10 0.519 104.1 137.0 -12.0 -31.0
2007 418.000   10952 A    Hrx   12    2   20 0.954 263.2 202.0  -8.0  73.0
2007 419.000   10951 A    Axx   18    1   10 0.327 247.8 134.0 -12.0  18.0
2007 426.000   10953 A    Hsx  138    4  230 0.953 103.3 310.0 -14.0 -73.0
2007 427.000   10953 A    Hkx  440    7  450 0.872  99.0 309.0 -10.0 -61.0
2007 428.000   10953 BD   Dkc  657    8  500 0.754  99.5 308.0 -10.0 -49.0
2007 429.000   10953 BG   Dkc  839   10  520 0.590 101.2 308.0 -10.0 -36.0
2007 430.000   10953 BGD  Dki  916    8  500 0.400 105.7 308.0 -10.0 -23.0
2007 5 1.000   10953 BGD  Dki  943   13  480 0.186 124.3 308.0 -10.0  -9.0
2007 5 1.000   10954 B    Cao   52    5   30 0.484  93.1 288.0  -5.0 -29.0
2007 5 2.000   10953 BG   Cko  869    8  440 0.156 205.9 308.0 -12.0   4.0
2007 5 2.000   10954 B    Bxo   76    4   40 0.277  98.1 288.0  -6.0 -16.0
2007 5 3.000   10953 B    Cko  799   10  420 0.308 249.0 308.0 -10.0  17.0
2007 5 3.000   10954 B    Bxo   59    3   30 0.042 155.6 290.0  -6.0  -1.0
2007 5 4.000   10953 B    Cko  654   10  380 0.509 254.6 308.0 -11.0  30.0
2007 5 4.000   10954 B    Bxo   39    3   20 0.215 254.1 290.0  -7.0  12.0
2007 5 5.000   10953 B    Cko  473    9  330 0.696 259.3 308.0 -10.0  44.0
2007 5 6.000   10953 B    Cko  283    8  260 0.838 260.3 307.0 -10.0  57.0
2007 5 7.000   10953 B    Cao   87    4  120 0.932 260.6 305.0 -10.0  69.0
2007 5 8.000   10953 A    Hkx   55    2  190 0.989 259.4 305.0 -11.0  82.0
2007 5 9.000   10953 A    Axx   22    2   90 0.992 258.5 308.0 -11.0  98.0
2007 510.000   10955 B    Dao  460    8  250 0.389 108.7 175.0 -10.0 -22.0
2007 511.000   10955 B    Dso  157   10   80 0.174 127.6 176.0  -9.0  -8.0
2007 512.000   10955 B    Dao  296   14  150 0.149 223.8 176.0  -9.0   6.0
2007 513.000   10955 B    Dao  167   11   90 0.371 252.4 178.0  -9.0  21.0
2007 514.000   10955 B    Cao   81    8   50 0.579 258.1 179.0  -9.0  35.0
2007 515.000   10955 B    Cso   70    5   50 0.710 259.8 176.0  -9.0  45.0
2007 515.000   10956 B    Cao   77    4   80 0.876  86.3  70.0   2.0 -61.0
2007 516.000   10955 B    Bxo   10    3   10 0.848 263.2 176.0  -7.0  58.0
2007 516.000   10956 BG   Dso  173   14  130 0.745  85.2  70.0   2.0 -48.0
2007 517.000   10955 A    Axx    4    1   10 0.974 263.3 182.0  -7.0  77.0
2007 517.000   10956 BGD  Dkc  359   22  220 0.577  83.3  70.0   2.0 -35.0
2007 517.000   10957 B    Bxo   16    3   10 0.559 266.2 139.0  -4.0  34.0
2007 518.000   10956 BGD  Dkc  558   20  300 0.365  79.0  70.0   2.0 -21.0
2007 519.000   10956 BGD  Dko  553   22  280 0.150  54.3  71.0   3.0  -7.0
2007 519.000   10957 B    Cro   30    3   30 0.866 265.4 138.0  -5.0  60.0
2007 520.000   10956 BG   Dac  297   21  150 0.125 303.1  71.0   2.0   6.0
2007 520.000   10957 B    Bxo   16    3   30 0.961 265.3 139.0  -5.0  74.0
2007 521.000   10956 B    Dai  359   13  190 0.324 287.9  70.0   4.0  18.0
2007 522.000   10956 B    Dao  152    5   90 0.535 278.3  71.0   3.0  32.0
2007 523.000   10956 B    Bxo   55    4   40 0.722 275.7  71.0   3.0  46.0
2007 524.000   10956 B    Cso   19    2   20 0.867 274.3  72.0   3.0  60.0
2007 530.000   10958 A    Axx   27    1   30 0.888 104.3 231.0 -13.0 -62.0
2007 531.000   10958 A    Hax   38    2   30 0.767 106.5 231.0 -13.0 -49.0
2007 6 1.000   10958 A    Axx    0    1    0 0.600 111.3 232.0 -13.0 -35.0
2007 6 2.000   10958 B    Bxo   18    4   10 0.426 121.0 232.0 -13.0 -22.0
2007 6 2.000   10959 B    Bxo   12    2   10 0.766 105.4 205.0 -12.0 -49.0
2007 6 2.000   10960 B    Dki  186    5  320 0.957  96.2 181.0  -6.0 -73.0
2007 6 3.000   10958 A    Hsx   19    1   10 0.300 132.8 227.0 -12.0 -13.0
2007 6 3.000   10959 B    Cso   47    2   30 0.610 109.6 204.0 -12.0 -36.0
2007 6 3.000   10960 BGD  Fkc  447   12  480 0.885  97.8 178.0  -7.0 -62.0
2007 6 4.000   10958 B    Bxo   19    2   10 0.163 198.5 230.0  -9.0   3.0
2007 6 4.000   10959 B    Bxo   35    3   20 0.479 111.0 200.0 -10.0 -27.0
2007 6 4.000   10960 BGD  Fkc  686   23  540 0.772 101.6 177.0  -9.0 -50.0
2007 6 5.000   10959 A    Axx   19    1   10 0.256 132.7 203.0 -10.0 -11.0
2007 6 5.000   10960 BGD  Fkc  749   37  480 0.625 102.9 176.0  -8.0 -38.0
2007 6 6.000   10958 B    Bxo   52    4   30 0.477 243.9 227.0 -12.0  26.0
2007 6 6.000   10960 BGD  Ekc  743   39  410 0.422 107.0 177.0  -7.0 -24.0
2007 6 7.000   10958 B    Bxo   14    3   10 0.667 250.0 228.0 -13.0  40.0
2007 6 7.000   10960 BG   Esi  545   24  280 0.227 123.6 177.0  -7.0 -11.0
2007 6 8.000   10958 A    Axx    0    1    0 0.819 255.0 227.0 -12.0  54.0
2007 6 8.000   10959 B    Bxi   50    9   30 0.542 248.8 204.0 -11.0  31.0
2007 6 8.000   10960 BG   Esi  534   19  270 0.138 202.1 176.0  -7.0   3.0
2007 6 9.000   10958 A    Axx    0    1    0 0.925 256.8 227.0 -12.0  67.0
2007 6 9.000   10959 B    Bxo   14    5   10 0.707 255.3 204.0 -10.0  44.0
2007 6 9.000   10960 B    Esc  453   15  240 0.325 243.1 177.0  -8.0  17.0
2007 610.000   10960 B    Dao  252    9  150 0.539 257.9 179.0  -6.0  32.0
2007 611.000   10960 B    Dso  179    4  130 0.723 262.4 180.0  -5.0  46.0
2007 612.000   10960 B    Dso   81    3   80 0.859 263.7 180.0  -5.0  59.0
2007 613.000   10960 A    Hsx   51    2   80 0.946 264.4 179.0  -5.0  71.0
2007 614.000   10960 B    Cao   11    2   70 0.996 264.9 179.0  -5.0  85.0
2007 626.000   10961 A    Hsx   47    1  110 0.977  99.8 219.0  -9.0 -77.0
2007 627.000   10961 A    Hsx  105    1  110 0.876 104.1 223.0 -11.0 -60.0
2007 628.000   10961 B    Cko  223    5  180 0.784 106.3 220.0 -11.0 -50.0
2007 629.000   10961 B    Cso  282    5  180 0.621 111.7 221.0 -11.0 -36.0
2007 629.000   10962 B    Bxo   29    2   40 0.928 104.1 190.0 -12.0 -67.0
2007 630.000   10961 B    Cso  229    6  130 0.467 125.4 220.0 -13.0 -23.0
2007 630.000   10962 B    Bxo   22    2   20 0.832 104.1 188.0 -10.0 -55.0
2007 7 1.000   10961 B    Dac  400   14  210 0.301 149.4 221.0 -12.0  -9.0
2007 7 1.000   10962 A    Axx   46    2   30 0.630 109.9 193.0 -10.0 -37.0
2007 7 2.000   10961 B    Dso  271    8  140 0.237 196.8 221.0 -10.0   4.0
2007 7 2.000   10962 A    Axx   17    2   10 0.459 114.2 189.0  -8.0 -25.0
2007 7 3.000   10961 B    Cao  168    3   90 0.357 234.0 222.0  -9.0  17.0
2007 7 4.000   10961 A    Hsx  150    2   90 0.549 248.0 221.0  -9.0  31.0
2007 7 5.000   10961 A    Hsx  139    3  100 0.714 253.8 220.0  -9.0  44.0
2007 7 6.000   10961 A    Hsx   63    3   60 0.848 258.3 220.0  -8.0  57.0
2007 7 6.000   10962 A    Axx  107    1   60 0.445 251.2 188.0  -5.0  25.0
2007 7 7.000   10961 A    Hsx   31    2   50 0.950 259.3 221.0  -9.0  71.0
2007 7 8.000   10961 A    Hsx    7    2   60 0.998 261.7 223.0  -8.0  86.0
2007 7 8.000   10963 A    Axx   10    1   50 0.994  99.5  54.0  -9.0 -83.0
2007 7 9.000   10963 B    Dao  118    6  150 0.919  99.3  58.0  -7.0 -66.0
2007 710.000   10963 BG   Dai  298   10  260 0.819 101.4  57.0  -7.0 -54.0
2007 711.000   10963 BG   Ehi  797   15  530 0.659 103.9  57.0  -6.0 -40.0
2007 712.000   10963 B    Ekc  642   18  370 0.496 109.8  56.0  -6.0 -28.0
2007 713.000   10963 B    Ekc  819   15  430 0.303 121.6  56.0  -5.0 -15.0
2007 714.000   10963 B    Ekc  609   11  310 0.181 174.5  56.0  -6.0  -1.0
2007 714.000   10964 B    Cao   69    7   40 0.499 270.4  87.0   4.0  30.0
2007 715.000   10963 B    Eac  381   14  200 0.300 233.3  58.0  -6.0  14.0
2007 715.000   10964 B    Dso   76    7   50 0.642 269.3  84.0   3.0  40.0
2007 716.000   10963 B    Eai  472   16  270 0.484 248.8  57.0  -6.0  27.0
2007 716.000   10964 B    Cso   58    5   50 0.809 269.2  84.0   2.0  54.0
2007 717.000   10963 B    Eao  361    9  240 0.657 256.9  57.0  -5.0  40.0
2007 717.000   10964 A    Axx   13    1   20 0.945 271.6  88.0   3.0  71.0
2007 718.000   10963 B    Eao  282    7  240 0.809 259.0  57.0  -6.0  53.0
2007 719.000   10963 B    Cao  159    3  210 0.925 262.6  58.0  -5.0  67.0
2007 720.000   10963 A    Hsx   13    2  110 0.998 265.7  64.0  -4.0  86.0
2007 729.000   10965 B    Cso   52    3   30 0.487 124.9 195.0 -11.0 -24.0
2007 730.000   10965 B    Cso   75    4   40 0.333 149.3 196.0 -11.0 -10.0
2007 731.000   10965 B    Bxo   19    3   10 0.281 194.2 197.0 -10.0   4.0
2007 8 1.000   10965 A    Axx   18    1   10 0.395 219.8 194.0 -12.0  15.0
2007 8 4.000   10966 A    Hsx    5    1   10 0.964  95.9  66.0  -4.0 -74.0
2007 8 5.000   10966 A    Hsx   27    1   30 0.890  98.8  64.0  -5.0 -62.0
2007 8 6.000   10966 A    Axx   13    1   10 0.740 105.3  67.0  -7.0 -46.0
2007 8 7.000   10966 B    Dso   48    6   30 0.589 109.2  65.0  -6.0 -34.0
2007 8 8.000   10966 A    Hsx   36    3   20 0.412 120.1  65.0  -6.0 -21.0
2007 8 9.000   10966 B    Dso   77    4   40 0.246 150.5  66.0  -6.0  -7.0
2007 8 9.000   10967 A    Axx   26    1   50 0.964 273.4 148.0   5.0  75.0
2007 810.000   10966 B    Cso   77    4   40 0.247 209.4  67.0  -6.0   7.0
2007 811.000   10966 B    Cro   54    4   30 0.400 238.3  67.0  -6.0  20.0
2007 812.000   10966 B    Bxo   32    3   20 0.588 246.6  66.0  -8.0  33.0
2007 813.000   10966 A    Axx   13    1   10 0.750 256.0  67.0  -6.0  47.0
2007 814.000   10968 B    Bxo   37    3   20 0.330 260.0  26.0   3.0  19.0
2007 815.000   10968 B    Bxo   35    4   20 0.468 268.0  22.0   5.0  28.0
2007 822.000   10969 A    Hsx   49    1   90 0.961  98.3 189.0  -6.0 -73.0
2007 823.000   10969 A    Hsx   93    2  100 0.885 100.6 187.0  -6.0 -61.0
2007 824.000   10969 A    Hax  132    2  100 0.748 103.1 188.0  -5.0 -47.0
2007 825.000   10969 A    Hax  143    2   90 0.601 108.1 187.0  -5.0 -35.0
2007 826.000   10969 B    Cso  199    4  110 0.424 118.3 187.0  -5.0 -22.0
2007 827.000   10969 A    Hhx  154    3   80 0.251 146.4 188.0  -5.0  -8.0
2007 828.000   10969 A    Hax  194    2  100 0.227 202.5 188.0  -5.0   5.0
2007 829.000   10969 B    Cso  203    4  110 0.383 237.8 188.0  -5.0  19.0
2007 830.000   10969 B    Cho  169    3  100 0.535 248.7 186.0  -5.0  30.0
2007 831.000   10969 A    Hsx  123    5   90 0.729 254.7 188.0  -6.0  45.0
2007 9 1.000   10969 B    Dso  120    4  120 0.864 256.3 188.0  -8.0  58.0
2007 9 2.000   10969 A    Hrx   17    1   30 0.956 261.4 189.0  -6.0  72.0
2007 9 2.000   10970 B    Cso   96    5   50 0.258 208.0 124.0  -6.0   7.0
2007 9 3.000   10970 B    Cso   54    4   30 0.428 236.3 124.0  -7.0  21.0
2007 9 4.000   10970 B    Bxo   48    5   30 0.599 248.0 124.0  -7.0  34.0
2007 9 5.000   10970 B    Bxo   27    4   20 0.721 253.0 121.0  -7.0  44.0
2007 9 6.000   10970 B    Bxo   25    5   30 0.905 256.5 127.0  -9.0  63.0
2007 9 7.000   10970 B    Bxo    4    2   10 0.971 260.9 126.0  -7.0  75.0
2007 929.000   10971 B    Cro   79    5   40 0.138 117.9 113.0   3.0  -7.0
2007 930.000   10971 B    Cro   99    6   50 0.122 238.6 112.0   3.0   6.0
200710 1.000   10971 B    Bxo   75    7   40 0.334 257.1 112.0   2.0  19.0
200710 2.000   10971 B    Bxo   33    2   20 0.542 257.8 112.0  -1.0  32.0
200710 7.000   10972 B    Cro  117    5   60 0.222 208.0  20.0  -5.0   6.0
200710 8.000   10972 B    Bxo   36    3   20 0.384 237.5  20.0  -6.0  19.0
200711 7.000   10973 A    Axx   11    1   10 0.826 254.1  19.0 -11.0  54.0
20071117.000   10974 B    Bxo   39    3   20 0.180 337.7 200.0  12.0   4.0
20071118.000   10974 BG   Dao   73    3   40 0.397 298.3 201.0  13.0  21.0
20071125.000   10975 B    Bxo   38    5   20 0.259 272.3 103.0   2.0  15.0
20071126.000   10975 B    Bxo   17    2   10 0.454 271.8 102.0   2.0  27.0
20071127.000   10975 A    Axx   15    1   10 0.616 273.3 100.0   3.0  38.0
200712 2.000   10976 B    Bxo   52    3   30 0.473 108.2 329.0  -8.0 -27.0
200712 3.000   10976 B    Bxo   19    2   10 0.237 133.7 333.0  -9.0 -10.0
200712 3.000   10977 B    Bxo   35    4   30 0.801  96.6 290.0  -5.0 -53.0
200712 4.000   10977 B    Cso   45    3   30 0.648  99.6 289.0  -6.0 -40.0
200712 5.000   10977 B    Dso   53    3   30 0.446 101.6 290.0  -5.0 -26.0
200712 6.000   10977 B    Dso   38    3   20 0.247 115.2 290.0  -6.0 -13.0
200712 7.000   10977 B    Bxo   19    4   10 0.100 211.3 293.0  -5.0   3.0
200712 7.000   10978 B    Dso   51    5   70 0.929  99.7 222.0  -9.0 -68.0
200712 8.000   10978 B    Dao  104   14   90 0.814 100.9 223.0  -9.0 -54.0
200712 9.000   10978 B    Dkc  245   12  160 0.642 105.3 225.0 -10.0 -39.0
200712 9.000   10979 B    Dso   41    4   50 0.908 277.9 329.0   7.0  65.0
20071210.000   10978 B    Dkc  391   20  220 0.458 109.0 225.0  -9.0 -26.0
20071210.000   10979 A    Hax   32    2   80 0.979 278.3 329.0   8.0  78.0
20071211.000   10978 BG   Esi  478   22  250 0.289 124.5 223.0 -10.0 -14.0
20071211.000   10979 A    Hax    6    1   60 0.999 278.0 330.0   8.0  93.0
20071212.000   10978 BG   Eai  477   34  240 0.111 171.0 223.0  -7.0  -1.0
20071213.000   10978 BG   Dai  389   29  200 0.226 246.4 223.0  -6.0  12.0
20071214.000   10978 BGD  Dac  611   29  340 0.436 253.5 224.0  -8.0  25.0
20071215.000   10978 B    Dkc  440   25  290 0.651 257.4 224.0  -9.0  40.0
20071216.000   10978 B    Dac  414   29  340 0.792 258.3 223.0 -10.0  52.0
20071217.000   10978 BG   Dai  201   18  240 0.907 259.6 223.0 -10.0  65.0
20071218.000   10978 B    Cao   41    4  100 0.978 261.1 223.0  -9.0  78.0
20071219.000   10978 B    Cao    3    4  120 1.000 262.0 223.0  -8.0  91.0
