2008 1 2.000   10980 A    Bxo   21    2   30 0.932  96.3 238.0  -7.0 -69.0
2008 1 3.000   10980 B    Cso   31    3   30 0.847  97.3 236.0  -8.0 -58.0
2008 1 4.000   10980 A    Hsx   29    3   20 0.668  95.1 239.0  -6.0 -42.0
2008 1 5.000   10980 A    Axx   17    3   10 0.485  95.9 239.0  -6.0 -29.0
2008 1 5.000   10981 B    Cso   30    3   20 0.638  30.6 246.0  30.0 -22.0
2008 1 6.000   10981 B    Bxo   32    2   20 0.578  21.5 241.0  29.0 -14.0
2008 1 7.000   10981 A    Axx   34    2   20 0.516 353.1 246.0  27.0   4.0
2008 1 8.000   10980 B    Dso   39    4   20 0.064 234.8 232.0  -6.0   3.0
2008 1 9.000   10980 A    Axx   36    6   20 0.394 259.0 239.0  -8.0  23.0
2008 130.000   10982 B    Bxo   24    3   20 0.794  96.8 246.0  -9.0 -53.0
2008 131.000   10982 B    Bxo   92    4   60 0.639  96.9 246.0  -9.0 -40.0
2008 2 1.000   10982 B    Dso   90    5   50 0.421  95.9 248.0  -8.0 -25.0
2008 2 2.000   10982 B    Cro   58    9   30 0.248 106.4 245.0 -10.0 -14.0
2008 2 3.000   10982 B    Bxo   39    6   20 0.047 227.9 248.0  -8.0   2.0
2008 2 4.000   10982 B    Bxo   19    4   10 0.275 262.9 249.0  -8.0  16.0
2008 2 5.000   10982 B    Bxo   17    4   10 0.452 262.6 247.0  -9.0  27.0
2008 226.000   10983 A    Axx   30    2   20 0.634 277.2 342.0  -1.0  39.0
2008 227.000   10983 B    Bxo   35    3   30 0.805 267.8 344.0  -6.0  54.0
2008 228.000   10983 B    Bxo   23    2   30 0.918 267.7 344.0  -5.0  67.0
2008 229.000   10983 B    Bxo   10    2   30 0.986 265.1 344.0  -6.0  81.0
2008 3 6.000   10984 B    Bxo   14    3   20 0.931 267.5 253.0  -5.0  69.0
2008 3 7.000   10984 B    Bxo   11    2   30 0.982 263.2 251.0  -8.0  80.0
2008 311.000   10985 B    Bxo   25    2   90 0.990 260.9 201.0 -10.0  83.0
2008 316.000   10986 B    Bxo   30    2   20 0.655 272.1  94.0  -4.0  41.0
2008 317.000   10986 B    Bxo   22    2   20 0.827 270.0  96.0  -4.0  56.0
2008 318.000   10986 A    Axx    6    1   10 0.944 268.2  98.0  -4.0  71.0
2008 324.000   10987 B    Cso   51    4   40 0.761  94.7 258.0  -8.0 -50.0
2008 325.000   10987 B    Dai  178    9  110 0.584  94.3 259.0  -8.0 -36.0
2008 325.000   10988 B    Dsi  104    6  100 0.852  96.4 236.0  -9.0 -59.0
2008 326.000   10987 B    Dac  239   10  130 0.388  94.6 259.0  -8.0 -23.0
2008 326.000   10988 B    Dao  274   11  200 0.726  96.0 235.0  -9.0 -47.0
2008 326.000   10989 A    Hax   24    1   50 0.971  98.7 205.0 -10.0 -77.0
2008 327.000   10987 B    Dao  335   15  170 0.157  98.8 259.0  -8.0  -9.0
2008 327.000   10988 B    Dso  498   15  300 0.556  96.2 234.0  -9.0 -34.0
2008 327.000   10989 B    Dao   46    3   50 0.885 100.1 205.0 -12.0 -63.0
2008 328.000   10987 B    Dai  338   11  170 0.087 265.8 260.0  -7.0   5.0
2008 328.000   10988 B    Dsi  526   14  280 0.341  98.0 235.0  -9.0 -20.0
2008 328.000   10989 B    Dso   80    2   60 0.739 101.5 207.0 -13.0 -48.0
2008 329.000   10987 B    Dsi  247   14  130 0.307 264.4 260.0  -8.0  18.0
2008 329.000   10988 B    Eai  456   14  230 0.123 101.8 235.0  -8.0  -7.0
2008 329.000   10989 B    Dao   81    5   50 0.586 101.4 206.0 -12.0 -36.0
2008 330.000   10987 B    Dso  154    6   90 0.512 269.3 260.0  -6.0  31.0
2008 330.000   10988 B    Eai  437   10  220 0.107 256.0 235.0  -8.0   6.0
2008 330.000   10989 B    Cso  146    4   80 0.396 105.2 206.0 -12.0 -23.0
2008 331.000   10987 B    Dso  111    5   80 0.716 267.9 262.0  -6.0  46.0
2008 331.000   10988 B    Cao  373    4  200 0.356 270.2 237.0  -6.0  21.0
2008 331.000   10989 B    Cso   39    2   20 0.167 125.4 208.0 -12.0  -8.0
2008 4 1.000   10987 B    Cro   53    5   50 0.844 265.8 261.0  -7.0  58.0
2008 4 1.000   10988 B    Cao  312    9  190 0.570 267.0 238.0  -7.0  35.0
2008 4 1.000   10989 A    Axx   19    1   10 0.081 192.2 204.0 -11.0   1.0
2008 4 2.000   10987 A    Hsx   16    1   30 0.963 263.5 264.0  -8.0  75.0
2008 4 2.000   10988 B    Dso  194    4  150 0.762 266.2 239.0  -7.0  50.0
2008 4 3.000   10987 A    Axx    1    2   20 0.999 262.2 265.0  -8.0  89.0
2008 4 3.000   10988 A    Hsx  184    2  200 0.887 265.4 239.0  -7.0  63.0
2008 4 4.000   10988 A    Hsx   30    4   70 0.976 265.2 241.0  -6.0  78.0
2008 415.000   10990 A    Axx   15    1   10 0.601  30.7 358.0  26.0 -20.0
2008 416.000   10990 B    Bxo   16    2   10 0.541   8.3   0.0  27.0  -5.0
2008 420.000   10991 B    Bxo   34    3   20 0.485  99.5 282.0  -9.0 -29.0
2008 421.000   10991 A    Axx   38    2   20 0.271 109.6 283.0 -10.0 -15.0
2008 423.000   10992 B    Cso   76    3   40 0.306 356.8 272.0  13.0   1.0
2008 424.000   10992 B    Cso   72    3   40 0.414 316.5 275.0  13.0  17.0
2008 425.000   10992 A    Axx   16    1   10 0.592 299.3 277.0  13.0  32.0
2008 5 5.000   10993 B    Bxo   16    3   10 0.589 137.6  86.0 -29.0 -27.0
2008 5 6.000   10993 B    Bxo   34    5   20 0.508 155.9  85.0 -31.0 -14.0
2008 517.000   10994 A    Axx   29    1   15 0.167 155.8 310.0 -11.0  -4.0
2008 517.000   10995 A    Axx   17    1   10 0.440  56.4 292.0  12.0 -22.0
2008 517.000   10996 B    Bxo   19    2   20 0.870  73.7 255.0  13.0 -59.0
2008 518.000   10995 A    Axx   19    1   10 0.274  34.1 292.0  11.0  -9.0
2008 518.000   10996 B    Bxo   27    2   20 0.736  74.3 255.0  10.0 -46.0
2008 519.000   10994 B    Bxo   91    6   50 0.407 244.3 310.0 -12.0  22.0
2008 519.000   10996 B    Bxo   49    4   30 0.560  68.8 256.0  10.0 -32.0
2008 520.000   10994 B    Bxo   31    5   20 0.603 252.5 310.0 -12.0  36.0
2008 520.000   10996 B    Bxo   18    3   10 0.358  58.5 256.0   9.0 -18.0
2008 521.000   10994 A    Axx   12    1   10 0.773 255.9 311.0 -12.0  50.0
2008 521.000   10996 B    Bxo   19    2   10 0.221  22.8 256.0  10.0  -5.0
2008 527.000   10997 A    Axx   19    2   10 0.122 188.1 183.0  -8.0   1.0
2008 611.000   10998 B    Cro   47    4   40 0.806 101.8 291.0  -9.0 -53.0
2008 612.000   10998 A    Hsx   31    1   20 0.631 105.5 292.0  -9.0 -38.0
2008 613.000   10998 B    Cso   53    3   30 0.466 111.6 291.0  -9.0 -26.0
2008 614.000   10998 B    Cso   38    3   20 0.281 133.2 292.0 -10.0 -12.0
2008 617.000   10999 A    Axx   19    1   20 0.867  93.2 204.0  -2.0 -60.0
2008 618.000   10999 A    Hsx   27    1   20 0.721  94.3 205.0  -2.0 -46.0
2008 619.000   10999 A    Hsx   15    1   10 0.606  97.2 204.0  -3.0 -37.0
2008 620.000   10999 A    Axx   18    1   10 0.351 103.5 205.0  -3.0 -20.0
2008 621.000   10999 A    Hsx   19    1   10 0.125 123.2 206.0  -2.0  -6.0
2008 622.000   10999 A    Hsx   19    1   10 0.156 243.2 207.0  -2.0   8.0
2008 623.000   10999 A    Hsx   18    1   10 0.381 259.4 207.0  -2.0  22.0
2008 719.000   11000 A    Hrx   17    1   10 0.497 127.1 177.0 -13.0 -24.0
2008 720.000   11000 B    Bxo   37    2   20 0.336 149.7 178.0 -12.0 -10.0
2008 721.000   11000 A    Axx   19    1   10 0.305 196.2 179.0 -12.0   5.0
2008 912.000   11001 B    Bxo   38    2   20 0.241  94.2 179.0   6.0 -14.0
2008 923.000   11002 B    Dso   51    8   30 0.522 308.0  76.0  25.0  27.0
2008 924.000   11002 B    Cro   29    6   20 0.677 301.4  75.0  26.0  40.0
200810 5.000   11003 A    Axx   15    2   10 0.645 138.0 222.0 -23.0 -28.0
20081011.000   11004 A    Axx   18    2   10 0.375 230.6 188.0  -8.0  17.0
20081012.000   11005 B    Bxi   56    6   40 0.704  58.6 116.0  26.0 -42.0
20081013.000   11005 B    Cro  116    6   70 0.559  48.4 117.0  27.0 -28.0
20081014.000   11005 B    Cso   73    5   40 0.402  30.2 119.0  26.0 -13.0
20081015.000   11005 B    Cso   37    4   20 0.364 355.1 120.0  27.0   2.0
20081016.000   11005 B    Cro   54    3   30 0.421 326.4 121.0  26.0  15.0
20081017.000   11005 B    Bxo   49    3   30 0.565 309.5 121.0  26.0  29.0
20081017.000   11006 A    Axx   14    1   20 0.934 238.3 155.0 -27.0  63.0
20081018.000   11006 A    Axx    8    1   30 0.990 242.7 157.0 -26.0  78.0
20081031.000   11007 B    Bxo   33    3   20 0.555  22.5 252.0  35.0 -15.0
200811 1.000   11007 B    Bxo   51    6   30 0.500   6.6 250.0  34.0  -4.0
200811 2.000   11007 B    Bxo   33    6   20 0.534 344.5 251.0  35.0  10.0
200811 3.000   11007 B    Bxi   93    7   60 0.625 326.4 253.0  35.0  25.0
200811 4.000   11007 B    Dso  109    8   80 0.731 316.3 252.0  35.0  38.0
200811 5.000   11007 B    Cso   64    4   60 0.844 311.0 253.0  36.0  52.0
200811 6.000   11007 A    Hsx   17    1   30 0.957 305.5 260.0  35.0  72.0
200811 7.000   11007 A    Hsx    7    1   30 0.993 304.8 259.0  35.0  84.0
20081111.000   11008 B    Dso   69    6   40 0.499   1.7 121.0  33.0  -1.0
20081112.000   11008 B    Dso  136    8   80 0.518 345.3 118.0  33.0   9.0
20081113.000   11008 B    Dso  126   11   80 0.610 326.0 119.0  33.0  24.0
20081114.000   11008 B    Cao   96    6   70 0.727 314.8 120.0  33.0  38.0
20081115.000   11008 B    Cro   31    2   30 0.848 307.9 121.0  33.0  53.0
20081116.000   11008 A    Hsx   38    1   50 0.924 303.8 120.0  32.0  65.0
20081117.000   11008 A    Hsx   15    1   40 0.980 303.2 120.0  33.0  78.0
20081118.000   11008 A    Axx    0    1   10 1.000 303.0 120.0  33.0  91.0
20081211.000   11009 B    Dso   46    3   50 0.884 240.6 146.0 -26.0  59.0
20081212.000   11009 B    Bxo   10    2   20 0.963 244.2 147.0 -25.0  73.0
20081213.000   11009 B    Bxo    0    4   20 1.000 245.0 151.0 -25.0  90.0
