2004 1 1.000   10528 B    Cao   14    3  120 0.998 278.8 258.0   9.0  93.0
2004 1 1.000   10534 B    Bxo   15    2   10 0.642  94.1 124.0  -5.0 -40.0
2004 1 2.000   10534 B    Dso  158   13   90 0.470  96.7 123.0  -6.0 -28.0
2004 1 2.000   10535 B    Cro   30    3   20 0.647 244.1 189.0 -19.0  38.0
2004 1 2.000   10536 A    Hkx  225    1  380 0.955 100.5  78.0 -11.0 -73.0
2004 1 3.000   10534 B    Dsi  193   13  100 0.262 100.6 122.0  -6.0 -15.0
2004 1 3.000   10535 B    Dso   98    5   80 0.790 248.4 188.0 -19.0  51.0
2004 1 3.000   10536 B    Eko  702    3  770 0.890 100.6  74.0 -11.0 -63.0
2004 1 4.000   10534 B    Dao  219   15  110 0.044 127.6 122.0  -5.0  -2.0
2004 1 4.000   10535 B    Dao  113    8  130 0.901 251.7 188.0 -18.0  64.0
2004 1 4.000   10536 B    Eko 1141   12  910 0.779 102.6  73.0 -12.0 -51.0
2004 1 5.000   10534 B    Dao  136   14   70 0.226 263.3 125.0  -5.0  13.0
2004 1 5.000   10535 B    Dao   54    7  110 0.969 249.2 188.0 -21.0  76.0
2004 1 5.000   10536 B    Eki 1162   29  740 0.619 101.6  74.0 -10.0 -38.0
2004 1 6.000   10534 B    Dso  128   13   70 0.391 263.3 122.0  -6.0  23.0
2004 1 6.000   10535 A    Hsx    3    2   20 0.996 248.2 185.0 -22.0  86.0
2004 1 6.000   10536 BG   Ekc 1728   35  960 0.436 107.8  74.0 -11.0 -25.0
2004 1 7.000   10534 B    Dro   30    8   20 0.642 263.6 126.0  -7.0  40.0
2004 1 7.000   10536 BGD  Ekc 1906   34  980 0.232 118.1  74.0 -10.0 -12.0
2004 1 7.000   10537 A    Hax   28    6   60 0.972  84.9  10.0   4.0 -76.0
2004 1 8.000   10536 BGD  Ekc 1580   38  800 0.157 205.8  76.0 -12.0   4.0
2004 1 8.000   10537 B    Cso  163   10  190 0.903  82.6   8.0   5.0 -64.0
2004 1 8.000   10538 B    Cro   19    3   10 0.201  20.1  68.0   7.0  -4.0
2004 1 8.000   10539 B    Cro   17    2   10 0.525  65.8  43.0   9.0 -29.0
2004 1 9.000   10536 BGD  Dkc 1489   55  780 0.298 245.3  75.0 -11.0  16.0
2004 1 9.000   10537 BGD  Dao  266   19  210 0.773  81.5   9.0   4.0 -50.0
2004 1 9.000   10538 B    Bxo   19    2   10 0.171 336.1  63.0   5.0   4.0
2004 1 9.000   10539 B    Bxo   18    2   10 0.339  48.9  44.0   9.0 -15.0
2004 110.000   10536 BG   Ekc 1051   49  600 0.482 252.4  74.0 -12.0  28.0
2004 110.000   10537 BGD  Cko  425   19  270 0.617  76.5   9.0   5.0 -37.0
2004 111.000   10536 BG   Ekc  826   30  550 0.660 256.6  74.0 -12.0  41.0
2004 111.000   10537 BGD  Dkc  378   16  210 0.433  69.2   9.0   5.0 -24.0
2004 112.000   10536 BG   Ekc  565   22  480 0.808 258.3  74.0 -12.0  54.0
2004 112.000   10537 BGD  Dkc  406   11  210 0.249  49.8   9.0   5.0 -11.0
2004 113.000   10536 BG   Eki  190   25  250 0.924 258.8  74.0 -12.0  68.0
2004 113.000   10537 BGD  Dkc  472   16  240 0.172 342.3   9.0   5.0   3.0
2004 113.000   10540 A    Hhx   30    6   60 0.968 100.2 290.0 -11.0 -76.0
2004 114.000   10536 BG   Eao   81    6  240 0.986 258.6  74.0 -12.0  81.0
2004 114.000   10537 BGD  Dac  360   10  190 0.319 300.6   9.0   5.0  16.0
2004 114.000   10540 B    Eao  381    7  500 0.924 100.0 285.0 -11.0 -68.0
2004 115.000   10537 BGD  Hsx  328    4  190 0.504 286.2  10.0   4.0  29.0
2004 115.000   10540 B    Eao  186    4  180 0.855 102.4 286.0 -13.0 -59.0
2004 116.000   10537 BGD  Ckc  259   12  180 0.693 280.8  10.0   4.0  43.0
2004 116.000   10540 B    Eso  437   10  300 0.685 104.0 284.0 -13.0 -43.0
2004 116.000   10541 B    Dso   59    5   30 0.091 214.8 330.0  -9.0   3.0
2004 117.000   10537 BD   Dac  171   10  160 0.845 277.8  11.0   4.0  57.0
2004 117.000   10540 B    Eao  613   13  350 0.482 108.3 286.0 -13.0 -28.0
2004 117.000   10541 B    Bxo   18    3   10 0.315 255.9 332.0  -9.0  18.0
2004 117.000   10542 B    Cso   67    2   60 0.829  73.3 260.0  11.0 -54.0
2004 118.000   10537 B    Dao  113    3  170 0.943 276.0  11.0   4.0  70.0
2004 118.000   10540 B    Eso  668    9  350 0.298 122.6 286.0 -14.0 -15.0
2004 118.000   10541 B    Dao  102    3   60 0.515 260.7 332.0  -9.0  31.0
2004 118.000   10542 A    Hsx   41    1   30 0.715  69.4 258.0  11.0 -43.0
2004 119.000   10537 B    Cao   11    3   50 0.993 274.6  10.0   4.0  83.0
2004 119.000   10540 B    Fko  651   36  330 0.160 167.8 285.0 -14.0  -2.0
2004 119.000   10541 B    Bxo   14    3   10 0.693 260.8 331.0 -10.0  44.0
2004 120.000   10540 BGD  Fko  583   30  300 0.229 227.2 284.0 -14.0  10.0
2004 120.000   10541 A    Axx   10    1   10 0.845 262.6 332.0  -9.0  58.0
2004 120.000   10542 B    Bxo  206   11  110 0.340  48.9 259.0   8.0 -15.0
2004 120.000   10543 BG   Cai  135    5   70 0.238 159.6 269.0 -18.0  -5.0
2004 121.000   10540 BGD  Eao  403   23  220 0.397 246.3 283.0 -14.0  22.0
2004 121.000   10542 BG   Dai  212   12  110 0.267 348.9 264.0  10.0   3.0
2004 121.000   10543 BG   Dao  155    5   80 0.245 213.0 269.0 -17.0   8.0
2004 121.000   10544 BG   Dai  249   14  130 0.275  34.3 252.0   8.0  -9.0
2004 122.000   10540 BG   Eso  358   22  220 0.581 253.2 283.0 -14.0  35.0
2004 122.000   10542 BG   Dai  203   21  110 0.376 313.8 264.0  10.0  16.0
2004 122.000   10543 BG   Dao  183   10  100 0.394 240.9 269.0 -16.0  21.0
2004 122.000   10544 BG   Dso  252   11  130 0.240 343.3 252.0   8.0   4.0
2004 123.000   10540 BG   Eso  133    5  100 0.743 256.0 283.0 -14.0  48.0
2004 123.000   10542 B    Dsi  151   14   90 0.541 298.0 264.0  10.0  29.0
2004 123.000   10543 BG   Dso  131    6   80 0.573 249.6 269.0 -16.0  34.0
2004 123.000   10544 B    Cso  241   11  130 0.368 308.1 252.0   8.0  17.0
2004 124.000   10540 B    Cso   78    3   80 0.871 257.0 283.0 -14.0  61.0
2004 124.000   10542 B    Cso   56    7   40 0.702 290.2 264.0  10.0  42.0
2004 124.000   10543 B    Cso   54    4   40 0.734 253.2 269.0 -16.0  47.0
2004 124.000   10544 B    Dao  168    8  100 0.542 294.0 252.0   8.0  30.0
2004 125.000   10540 A    Hsx   38    1  110 0.985 256.7 289.0 -14.0  81.0
2004 125.000   10542 A    Hsx   27    1   30 0.889 284.3 269.0  10.0  61.0
2004 125.000   10543 A    Hsx   50    1   50 0.863 254.7 268.0 -16.0  60.0
2004 125.000   10544 B    Bxo   55    4   40 0.718 286.8 252.0   8.0  44.0
2004 126.000   10540 A    Hsx    1    1   60 1.000 255.0 286.0 -15.0  91.0
2004 126.000   10542 B    Cso   24    3   40 0.952 281.3 266.0   9.0  71.0
2004 126.000   10543 A    Hsx   12    1   20 0.947 255.0 267.0 -16.0  72.0
2004 126.000   10544 B    Bxo   10    3   10 0.852 283.0 252.0   8.0  57.0
2004 127.000   10542 A    Axx    2    2   10 0.992 276.8 264.0   6.0  82.0
2004 127.000   10543 A    Axx    0    1   10 0.999 253.2 271.0 -17.0  89.0
2004 127.000   10544 B    Bxo    4    5   10 0.972 274.5 258.0   3.0  76.0
2004 130.000   10545 B    Dso   36    4   20 0.394 230.9 161.0 -20.0  19.0
2004 130.000   10546 A    Hsx   38    1   50 0.923 100.5  74.0 -12.0 -68.0
2004 131.000   10545 B    Dso   66    5   40 0.560 242.7 161.0 -20.0  32.0
2004 131.000   10546 B    Cso   57    3   50 0.815  99.2  74.0 -11.0 -55.0
2004 131.000   10547 B    Cso   58    4   30 0.245 103.0 115.0  -9.0 -14.0
2004 2 1.000   10546 A    Hsx   60    1   40 0.654 101.3  75.0 -12.0 -41.0
2004 2 1.000   10547 B    Dso   39    4   20 0.070 165.9 115.0 -10.0  -1.0
2004 2 1.000   10548 A    Hsx   16    1   10 0.534  68.6  86.0   6.0 -30.0
2004 2 1.000   10549 B    Dso   55    3   90 0.952  74.2  46.0  13.0 -70.0
2004 2 2.000   10546 B    Cso   53    3   30 0.458 104.3  76.0 -12.0 -27.0
2004 2 2.000   10547 B    Dso  117    6   60 0.216 251.3 115.0 -10.0  12.0
2004 2 2.000   10548 B    Bxo   18    3   10 0.356  54.7  86.0   6.0 -17.0
2004 2 2.000   10549 B    Eao  179    5  180 0.866  69.9  46.0  14.0 -57.0
2004 2 3.000   10546 A    Hsx   38    2   20 0.274 112.4  75.0 -12.0 -15.0
2004 2 3.000   10547 BG   Dai  142   12   80 0.452 262.4 117.0  -9.0  27.0
2004 2 3.000   10549 B    Eai  336   20  240 0.712  63.3  49.0  14.0 -41.0
2004 2 3.000   10550 B    Dso   58    4   30 0.242 261.9 104.0  -8.0  14.0
2004 2 3.000   10551 A    Hax   35    1   40 0.896  93.6  26.0  -6.0 -64.0
2004 2 3.000   10552 B    Cso   57    7   30 0.308  96.8  72.0  -8.0 -18.0
2004 2 4.000   10546 A    Hsx   39    1   20 0.105 161.1  74.0 -12.0  -2.0
2004 2 4.000   10547 BG   Dai  230   12  150 0.639 263.5 116.0  -9.0  40.0
2004 2 4.000   10549 B    Eai  355   18  220 0.588  55.6  46.0  14.0 -30.0
2004 2 4.000   10550 B    Dso   53    2   30 0.437 262.3 102.0  -9.0  26.0
2004 2 4.000   10551 B    Cao   63    3   50 0.774  91.3  25.0  -5.0 -51.0
2004 2 4.000   10552 B    Cso   99    7   50 0.105  97.2  70.0  -7.0  -6.0
2004 2 5.000   10547 B    Dao   69    6   60 0.815 264.7 118.0  -8.0  55.0
2004 2 5.000   10549 B    Eao  358   14  200 0.445  39.6  46.0  14.0 -17.0
2004 2 5.000   10550 B    Cao   31    2   20 0.626 263.5 102.0  -9.0  39.0
2004 2 5.000   10551 B    Dao  171    8  110 0.626  91.7  24.0  -6.0 -39.0
2004 2 5.000   10552 B    Cso   99    5   50 0.108 254.1  69.0  -8.0   6.0
2004 2 6.000   10547 A    Hsx   28    2   40 0.936 263.8 120.0  -8.0  70.0
2004 2 6.000   10549 B    Eao  224   26  120 0.355  11.0  46.0  14.0  -4.0
2004 2 6.000   10551 B    Dko  395   21  220 0.436  90.5  24.0  -6.0 -26.0
2004 2 6.000   10552 B    Dao   56    6   30 0.340 264.2  70.0  -8.0  20.0
2004 2 6.000   10553 B    Dso   59    4   30 0.030  35.3  49.0  -5.0  -1.0
2004 2 7.000   10547 A    Hsx    8    1   30 0.991 262.8 120.0  -8.0  83.0
2004 2 7.000   10549 B    Eao  129   20   70 0.380 336.5  46.0  14.0   9.0
2004 2 7.000   10551 BG   Dao  506   21  260 0.224  88.6  24.0  -6.0 -13.0
2004 2 7.000   10552 A    Axx   16    1   10 0.541 265.3  70.0  -8.0  33.0
2004 2 7.000   10553 B    Bxo   19    5   10 0.208 276.4  49.0  -5.0  12.0
2004 2 8.000   10549 B    Eac  155   22   90 0.499 313.3  46.0  14.0  22.0
2004 2 8.000   10551 BG   Dao  599   26  300 0.009  -0.0  24.0  -6.0   0.0
2004 2 8.000   10553 A    Axx   18    3   10 0.423 274.5  49.0  -4.0  25.0
2004 2 8.000   10554 A    Axx    0    1    0 0.967  96.6 308.0  -8.0 -76.0
2004 2 9.000   10549 B    Esc  121   15   80 0.653 298.7  46.0  13.0  36.0
2004 2 9.000   10551 BG   Eko  718   23  370 0.241 271.6  24.0  -6.0  14.0
2004 2 9.000   10554 B    Dkc  162    6  170 0.878  95.6 308.0  -8.0 -62.0
2004 210.000   10549 B    Dso   73    9   60 0.793 292.0  46.0  13.0  49.0
2004 210.000   10551 BG   Eki  588   23  330 0.452 269.8  24.0  -6.0  27.0
2004 210.000   10554 BGD  Dhc  385    8  310 0.783  95.0 305.0  -8.0 -52.0
2004 210.000   10555 A    Hax   13    1   20 0.945 102.6 285.0 -14.0 -72.0
2004 211.000   10549 B    Bxo   25    3   30 0.904 287.8  46.0  13.0  62.0
2004 211.000   10551 B    Eso  318   20  210 0.652 265.5  25.0  -8.0  41.0
2004 211.000   10554 BG   Dsc  395   14  250 0.612  97.7 306.0 -10.0 -38.0
2004 211.000   10555 A    Hsx   32    1   30 0.842 102.4 286.0 -14.0 -58.0
2004 212.000   10549 A    Axx    3    1   10 0.987 283.4  50.0  12.0  79.0
2004 212.000   10551 B    Eao  150   14  130 0.814 265.0  26.0  -8.0  55.0
2004 212.000   10554 B    Eho  438   15  240 0.405  97.0 307.0  -9.0 -24.0
2004 212.000   10555 A    Hax   28    1   20 0.704 103.1 286.0 -14.0 -45.0
2004 212.000   10556 B    Cao   51   10   30 0.522  43.6 309.0  16.0 -22.0
2004 213.000   10551 B    Dso   69    5   90 0.923 264.1  26.0  -8.0  68.0
2004 213.000   10554 B    Dho  566    7  290 0.213 106.0 306.0 -10.0 -12.0
2004 213.000   10555 A    Axx   16    1   10 0.534 105.6 286.0 -14.0 -32.0
2004 213.000   10556 B    Bxi   55   12   30 0.399  14.6 312.0  16.0  -6.0
2004 214.000   10551 A    Hxx   20    2   50 0.979 264.2  24.0  -7.0  79.0
2004 214.000   10554 B    Dso  299    4  150 0.027 220.1 306.0  -8.0   1.0
2004 214.000   10556 B    Cso   36    7   20 0.393 350.2 309.0  16.0   4.0
2004 214.000   10557 B    Cao   50    6   30 0.528 260.1 337.0 -11.0  32.0
2004 214.000   10558 B    Cso   32    2   20 0.591 106.1 269.0 -15.0 -36.0
2004 215.000   10554 B    Dso  331    8  170 0.226 259.7 304.0  -9.0  13.0
2004 215.000   10556 B    Cso   17    6   10 0.506 322.0 310.0  17.0  19.0
2004 215.000   10558 A    Hrx   18    1   10 0.383 115.8 270.0 -16.0 -21.0
2004 215.000   10559 B    Cso   28    9   20 0.696 287.5 333.0   7.0  42.0
2004 216.000   10554 B    Cso  229    6  130 0.466 263.8 306.0  -9.0  28.0
2004 216.000   10556 B    Bxo   29    2   20 0.685 302.3 315.0  16.0  37.0
2004 216.000   10558 A    Axx   19    1   10 0.197 143.6 271.0 -16.0  -7.0
2004 216.000   10559 B    Dso   63    4   60 0.846 284.0 334.0   8.0  56.0
2004 216.000   10560 A    Axx   34    1   20 0.511 109.9 248.0 -16.0 -30.0
2004 216.000   10561 A    Hrx   25    1   30 0.902  84.4 214.0   2.0 -64.0
2004 217.000   10554 B    Cso  147    2  100 0.677 265.7 308.0  -8.0  43.0
2004 217.000   10555 A    Axx    0    1    0 0.396 245.3 287.0 -16.0  22.0
2004 217.000   10556 B    Cso   21    3   20 0.847 292.6 319.0  15.0  54.0
2004 217.000   10558 A    Axx    0    1    0 0.187 212.4 271.0 -16.0   6.0
2004 217.000   10559 A    Hsx   21    1   30 0.935 280.2 333.0   7.0  68.0
2004 217.000   10560 B    Cso   18    2   10 0.332 122.7 248.0 -17.0 -17.0
2004 217.000   10561 A    Hsx   36    1   30 0.795  82.1 213.0   2.0 -52.0
2004 218.000   10554 A    Hsx   56    1   50 0.824 265.1 308.0  -8.0  56.0
2004 218.000   10561 A    Hsx   46    1   30 0.642  78.4 213.0   2.0 -39.0
2004 219.000   10554 A    Hsx   44    1   60 0.929 264.1 308.0  -8.0  69.0
2004 219.000   10561 A    Hsx   35    2   20 0.461  71.8 213.0   2.0 -26.0
2004 220.000   10554 A    Hsx   16    1   60 0.991 262.8 308.0  -8.0  83.0
2004 220.000   10561 A    Hsx   57    1   30 0.259  53.4 213.0   2.0 -12.0
2004 220.000   10562 A    Axx    6    1   10 0.951  99.3 152.0 -11.0 -73.0
2004 221.000   10561 A    Hsx   19    1   10 0.159 353.7 213.0   2.0   1.0
2004 221.000   10562 B    Dao   63    2   60 0.851  98.6 153.0 -11.0 -59.0
2004 221.000   10563 A    Axx   25    1   30 0.907 109.9 146.0 -21.0 -66.0
2004 222.000   10561 A    Axx   38    2   20 0.301 300.8 214.0   2.0  15.0
2004 222.000   10562 B    Bxo   28    2   20 0.703 101.3 154.0 -13.0 -45.0
2004 222.000   10563 A    Axx   24    1   20 0.784 115.1 148.0 -24.0 -51.0
2004 222.000   10564 B    Bxo   27    7   20 0.728  63.1 157.0  14.0 -42.0
2004 223.000   10561 A    Axx   17    1   10 0.519 285.9 216.0   2.0  30.0
2004 223.000   10562 A    Axx   17    1   10 0.485 101.9 157.0 -12.0 -29.0
2004 223.000   10563 A    Hsx   44    1   30 0.664 116.9 146.0 -23.0 -40.0
2004 223.000   10564 BG   Eai  302   15  180 0.541  52.2 160.0  13.0 -26.0
2004 224.000   10562 A    Axx    0    1    0 0.243 115.6 160.0 -13.0 -13.0
2004 224.000   10563 A    Hrx   17    1   10 0.501 127.0 147.0 -24.0 -26.0
2004 224.000   10564 BG   Eko  548   20  300 0.406  32.7 160.0  13.0 -13.0
2004 224.000   10565 B    Dro   82    6   50 0.572  88.5 138.0  -5.0 -35.0
2004 225.000   10563 A    Hsx   56    2   30 0.357 144.9 147.0 -24.0 -13.0
2004 225.000   10564 BG   Eki  870   27  470 0.377  -0.0 160.0  15.0   0.0
2004 225.000   10565 B    Cao  222   13  120 0.377  83.0 138.0  -4.0 -22.0
2004 225.000   10566 B    Cro   36    3   20 0.410  60.4 139.0   5.0 -21.0
2004 226.000   10562 B    Bxo   19    2   10 0.175 240.8 155.0 -12.0   9.0
2004 226.000   10563 A    Hsx   57    2   30 0.273 176.6 145.0 -23.0  -1.0
2004 226.000   10564 BG   Ekc  976   39  540 0.428 326.7 160.0  14.0  14.0
2004 226.000   10565 B    Cao  357   13  180 0.127  73.0 139.0  -5.0  -7.0
2004 226.000   10566 A    Axx   19    1   10 0.228  22.4 141.0   5.0  -5.0
2004 227.000   10563 A    Hsx   18    1   10 0.335 214.9 145.0 -23.0  12.0
2004 227.000   10564 BGD  Ekc 1075   51  650 0.562 308.3 160.0  14.0  27.0
2004 227.000   10565 B    Dai  257   23  130 0.127 287.2 140.0  -5.0   7.0
2004 228.000   10563 A    Axx   17    1   10 0.506 235.7 147.0 -23.0  27.0
2004 228.000   10564 BG   Ekc 1191   29  870 0.729 297.0 162.0  14.0  42.0
2004 228.000   10565 B    Dko  354   15  190 0.361 277.6 141.0  -4.0  21.0
2004 228.000   10567 B    Cso   51    5   40 0.760 101.0  70.0 -13.0 -50.0
2004 229.000   10563 B    Cso   30    2   20 0.651 242.8 146.0 -23.0  39.0
2004 229.000   10564 BG   Ekc  827   28  780 0.848 292.8 161.0  15.0  54.0
2004 229.000   10565 B    Dao  301   11  180 0.545 273.8 140.0  -4.0  33.0
2004 229.000   10567 B    Dao  112    9   70 0.600 102.1  70.0 -13.0 -37.0
2004 229.000   10568 B    Bxo   37    4   20 0.366 244.1 127.0 -16.0  20.0
2004 3 1.000   10564 BG   Eai  454   16  650 0.937 286.8 161.0  13.0  67.0
2004 3 1.000   10565 B    Dao  126    6  100 0.775 270.7 145.0  -4.0  51.0
2004 3 1.000   10567 B    Dao  218   16  120 0.412 105.7  70.0 -13.0 -24.0
2004 3 1.000   10568 B    Bxo   16    3   10 0.540 249.7 126.0 -17.0  32.0
2004 3 2.000   10564 B    Dso   36   12  130 0.990 284.3 160.0  13.0  80.0
2004 3 2.000   10565 BG   Cso   70    7   80 0.897 269.1 144.0  -4.0  64.0
2004 3 2.000   10567 BG   Dai  234   17  120 0.212 118.9  69.0 -13.0 -11.0
2004 3 3.000   10565 B    Dso   42    2  100 0.977 268.5 145.0  -3.0  78.0
2004 3 3.000   10567 B    Esi  278   28  140 0.108 219.4  71.0 -12.0   4.0
2004 3 4.000   10565 A    Hsx    7    1   80 0.999 267.6 147.0  -2.0  93.0
2004 3 4.000   10567 BG   Eai  306   21  160 0.283 252.0  70.0 -12.0  16.0
2004 3 5.000   10567 BGD  Eac  279   29  160 0.484 258.3  70.0 -12.0  29.0
2004 3 5.000   10569 B    Bxo   33    4   20 0.556  99.0  11.0 -11.0 -34.0
2004 3 6.000   10567 BGD  Eao  239   16  160 0.664 260.1  70.0 -12.0  42.0
2004 3 6.000   10569 B    Cso   76    8   40 0.280 104.6  12.0 -11.0 -16.0
2004 3 6.000   10570 A    Hkx   25    1  100 0.992 102.2 304.0 -13.0 -84.0
2004 3 7.000   10567 BG   Eao  244   17  210 0.813 260.4  70.0 -12.0  55.0
2004 3 7.000   10569 B    Dao  139    7   70 0.083 142.0  12.0 -11.0  -3.0
2004 3 7.000   10570 B    Cko  244    7  340 0.933 101.2 305.0 -13.0 -70.0
2004 3 8.000   10567 B    Eao   67    8   80 0.907 257.9  67.0 -14.0  66.0
2004 3 8.000   10569 B    Dao   58    6   30 0.199 250.1  12.0 -11.0  11.0
2004 3 8.000   10570 B    Ekc  599    9  570 0.850 102.0 302.0 -14.0 -59.0
2004 3 9.000   10567 B    Bxo   12    4   30 0.977 257.2  67.0 -14.0  79.0
2004 3 9.000   10569 A    Hsx   35    2   20 0.439 257.4  14.0 -12.0  26.0
2004 3 9.000   10570 BG   Fko 1048   19  750 0.715 102.5 302.0 -14.0 -46.0
2004 310.000   10569 A    Hsx   15    1   10 0.639 259.9  15.0 -12.0  40.0
2004 310.000   10570 BG   Fho 1060   19  640 0.560 104.4 301.0 -14.0 -34.0
2004 311.000   10569 B    Bxo   35    3   30 0.803 260.4  16.0 -12.0  54.0
2004 311.000   10570 BG   Fko 1364   21  730 0.355 110.7 302.0 -14.0 -20.0
2004 311.000   10571 B    Bxo   19    2   10 0.250 240.9 335.0 -14.0  13.0
2004 312.000   10569 A    Axx    7    1   10 0.921 261.1  18.0 -11.0  68.0
2004 312.000   10570 BGD  Fko 1145   33  580 0.157 130.7 303.0 -13.0  -7.0
2004 312.000   10571 B    Bxo   17    3   10 0.460 253.3 337.0 -14.0  27.0
2004 313.000   10569 A    Axx    3    1   10 0.981 258.1  16.0 -13.0  80.0
2004 313.000   10570 BGD  Fao 1088   23  550 0.146 215.3 301.0 -14.0   5.0
2004 313.000   10572 B    Cso   35    6   20 0.448 349.4 301.0  19.0   5.0
2004 313.000   10573 A    Hsx   54    1   80 0.939 102.3 225.0 -14.0 -71.0
2004 314.000   10570 BGD  Fho  730   19  390 0.351 251.9 303.0 -13.0  20.0
2004 314.000   10572 B    Dao  186   10  110 0.532 324.7 302.0  19.0  19.0
2004 314.000   10573 A    Hax   77    2   70 0.832  99.7 226.0 -12.0 -57.0
2004 315.000   10570 BG   Fko  576   18  340 0.530 256.8 302.0 -13.0  32.0
2004 315.000   10572 B    Dso  151   11  100 0.655 310.1 302.0  19.0  32.0
2004 315.000   10573 A    Hax   72    2   50 0.690 101.4 226.0 -13.0 -44.0
2004 316.000   10570 BG   Fko  321    9  230 0.715 257.3 303.0 -14.0  46.0
2004 316.000   10572 B    Cso  112    8   90 0.782 301.3 302.0  19.0  45.0
2004 316.000   10573 A    Hax   50    2   30 0.543 101.1 224.0 -12.0 -33.0
2004 317.000   10570 BG   Dso  185    4  220 0.907 257.8 310.0 -14.0  66.0
2004 317.000   10572 A    Hsx   36    1   40 0.889 295.6 302.0  19.0  58.0
2004 317.000   10573 B    Cso   37    4   20 0.347 105.5 224.0 -12.0 -20.0
2004 317.000   10574 B    Cso   27    4   40 0.939  89.5 174.0  -2.0 -70.0
2004 318.000   10570 BG   Dko   78    3  200 0.980 257.1 310.0 -14.0  80.0
2004 318.000   10572 A    Hsx   19    1   40 0.968 291.8 302.0  19.0  72.0
2004 318.000   10573 B    Bxo   19    2   10 0.134 130.4 224.0 -12.0  -6.0
2004 318.000   10574 BG   Dsi  122   18  110 0.829  87.7 174.0  -2.0 -56.0
2004 318.000   10575 B    Bxo   19    3   10 0.193 189.9 232.0 -18.0   2.0
2004 318.000   10576 B    Cso   31    3   20 0.624 249.9 268.0 -18.0  38.0
2004 318.000   10577 A    Hsx   27    1   60 0.974  89.4 153.0  -1.0 -77.0
2004 319.000   10570 BG   Dso    4    2  120 1.000 255.7 310.0 -14.0  93.0
2004 319.000   10573 A    Axx   19    1   10 0.148 233.7 224.0 -12.0   7.0
2004 319.000   10574 BG   Dac  233   21  160 0.684  85.4 174.0  -2.0 -43.0
2004 319.000   10575 B    Cao   37    4   20 0.314 231.7 232.0 -18.0  15.0
2004 319.000   10576 B    Dao   50    6   40 0.775 252.5 268.0 -18.0  51.0
2004 319.000   10577 A    Hax   78    1   40 0.198  52.3 208.0   0.0  -9.0
2004 319.000   10578 A    Hax   24    2   60 0.980  73.1 141.0  15.0 -76.0
2004 320.000   10573 A    Axx   18    1   10 0.379 255.3 226.0 -12.0  22.0
2004 320.000   10574 BG   Dac  247   20  140 0.470  85.4 176.0  -4.0 -28.0
2004 320.000   10576 B    Dao   43    6   50 0.900 253.3 269.0 -18.0  65.0
2004 320.000   10577 A    Hsx   85    1   70 0.790  85.8 152.0  -1.0 -52.0
2004 320.000   10578 B    Dao   71   11   80 0.894  69.3 144.0  15.0 -60.0
2004 321.000   10574 BG   Esi  232   22  120 0.246  78.8 177.0  -4.0 -14.0
2004 321.000   10576 B    Cro   13    3   30 0.976 264.4 269.0  -7.0  78.0
2004 321.000   10577 A    Hsx  108    1   70 0.634  83.0 152.0  -1.0 -39.0
2004 321.000   10578 B    Dsc  199   16  160 0.783  64.5 144.0  15.0 -47.0
2004 322.000   10574 BG   Esi  199   20  100 0.054  18.9 177.0  -4.0  -1.0
2004 322.000   10577 A    Hsx   70    1   40 0.467  76.7 151.0   0.0 -27.0
2004 322.000   10578 B    Eao  274   14  180 0.645  56.8 144.0  15.0 -34.0
2004 323.000   10574 B    Eao  155   24   80 0.234 286.0 178.0  -3.0  13.0
2004 323.000   10577 A    Hsx   77    1   40 0.253  62.6 152.0   0.0 -13.0
2004 323.000   10578 B    Eao  207   21  120 0.504  40.7 145.0  16.0 -20.0
2004 323.000   10579 A    Axx   26    1   20 0.738  98.6 117.0 -11.0 -48.0
2004 324.000   10574 BG   Esc  235   33  130 0.423 275.2 176.0  -4.0  25.0
2004 324.000   10577 B    Cso   99    4   50 0.120 351.7 152.0   0.0   1.0
2004 324.000   10578 BG   Fsc  351   31  190 0.381  12.8 146.0  15.0  -5.0
2004 324.000   10579 B    Bxo   16    2   10 0.573 102.9 116.0 -13.0 -35.0
2004 325.000   10574 B    Eac  199   24  130 0.642 271.9 178.0  -4.0  40.0
2004 325.000   10577 B    Cso  115    4   60 0.261 291.9 152.0  -1.0  14.0
2004 325.000   10578 B    Eao  350   27  190 0.389 342.4 145.0  15.0   7.0
2004 325.000   10580 A    Axx   19    3   10 0.121 267.9 145.0  -7.0   7.0
2004 325.000   10581 A    Hax   19    1   60 0.987  91.9  57.0  -3.0 -81.0
2004 326.000   10574 BG   Eao  173   17  140 0.786 270.2 177.0  -4.0  52.0
2004 326.000   10577 B    Cso   90    5   50 0.436 284.2 150.0   0.0  25.0
2004 326.000   10578 B    Eao  311   24  180 0.502 316.4 146.0  15.0  21.0
2004 326.000   10579 A    Axx    0    1    0 0.162 132.7 118.0 -13.0  -7.0
2004 326.000   10580 A    Hsx   18    2   10 0.356 270.9 146.0  -6.0  21.0
2004 326.000   10581 A    Hsx   81    1  100 0.912  90.3  59.0  -3.0 -66.0
2004 326.000   10582 B    Dsi   89    8  170 0.965  71.3  53.0  16.0 -72.0
2004 327.000   10574 B    Eao   59   13   70 0.904 268.7 177.0  -4.0  65.0
2004 327.000   10577 B    Cso   93    6   60 0.622 278.5 150.0   0.0  38.0
2004 327.000   10578 BG   Eao  229   18  150 0.644 303.0 146.0  15.0  34.0
2004 327.000   10581 B    Cso  168    4  140 0.798  88.7  59.0  -3.0 -53.0
2004 327.000   10582 BG   Dai  229    9  250 0.888  68.1  53.0  16.0 -59.0
2004 328.000   10574 A    Axx    2    1   10 0.991 265.8 182.0  -5.0  83.0
2004 328.000   10577 A    Hsx   23    1   20 0.809 272.4 153.0  -2.0  54.0
2004 328.000   10578 B    Eao   74    9   60 0.781 295.3 146.0  15.0  47.0
2004 328.000   10581 A    Hsx  186    1  120 0.628  88.1  60.0  -4.0 -39.0
2004 328.000   10582 B    Eko  496   12  380 0.757  65.0  54.0  14.0 -45.0
2004 328.000   10583 B    Bxo    7    2   10 0.922 280.5 165.0   7.0  66.0
2004 328.000   10584 B    Cso   55    6   30 0.369 108.7  78.0 -13.0 -21.0
2004 328.000   10585 B    Dso   64    5   50 0.763 104.0  49.0 -15.0 -50.0
2004 328.000   10586 B    Bxo    3    2   10 0.980 252.9 179.0 -18.0  80.0
2004 329.000   10577 A    Hax   15    1   20 0.926 269.4 153.0  -3.0  68.0
2004 329.000   10578 A    Hsx   19    2   20 0.868 290.3 142.0  14.0  57.0
2004 329.000   10581 A    Hax  255    1  140 0.410  82.6  61.0  -3.0 -24.0
2004 329.000   10582 B    Dki  624   23  390 0.598  53.8  55.0  15.0 -30.0
2004 329.000   10583 B    Bxo   11    3   40 0.990 279.1 166.0   8.0  81.0
2004 329.000   10584 B    Cao   59    4   30 0.176 129.7  77.0 -13.0  -8.0
2004 329.000   10585 B    Dai   76    7   50 0.643 103.9  45.0 -14.0 -40.0
2004 329.000   10587 B    Dai   67    4  110 0.951 101.6  12.0 -13.0 -73.0
2004 330.000   10577 A    Hrx    6    1   20 0.987 268.0 153.0  -3.0  81.0
2004 330.000   10578 B    Bxo    6    3   10 0.947 286.1 141.0  13.0  69.0
2004 330.000   10581 A    Hsx  313    1  160 0.195  77.4  61.0  -4.0 -11.0
2004 330.000   10582 BG   Eki  746   54  420 0.458  40.9  54.0  14.0 -18.0
2004 330.000   10584 B    Bxo   19    3   10 0.123 204.4  75.0 -13.0   3.0
2004 330.000   10585 B    Dro   90   19   50 0.433 108.8  47.0 -14.0 -25.0
2004 330.000   10587 B    Cao   74   18   80 0.885 100.1   9.0 -12.0 -63.0
2004 331.000   10581 A    Hsx  219    2  110 0.043 306.9  61.0  -5.0   2.0
2004 331.000   10582 BG   Eki  560   59  300 0.356  10.9  55.0  14.0  -4.0
2004 331.000   10585 A    Axx   19    2   10 0.251 126.8  47.0 -15.0 -12.0
2004 331.000   10587 B    Eao  155   18  120 0.762 101.6   9.0 -13.0 -50.0
2004 4 1.000   10581 A    Hsx  193    2  100 0.259 274.7  61.0  -5.0  15.0
2004 4 1.000   10582 BG   Eki  462   28  250 0.380 336.4  55.0  14.0   9.0
2004 4 1.000   10585 B    Bxo   19    3   10 0.150 186.5  47.0 -15.0   1.0
2004 4 1.000   10587 B    Eao  319   22  200 0.602 103.1   9.0 -13.0 -37.0
2004 4 2.000   10581 A    Hsx  159    1   90 0.468 271.4  61.0  -5.0  28.0
2004 4 2.000   10582 BG   Eso  381   24  220 0.498 313.1  55.0  14.0  22.0
2004 4 2.000   10585 A    Axx    0    1    0 0.279 236.8  47.0 -15.0  14.0
2004 4 2.000   10587 B    Cao  309   23  170 0.415 107.5   9.0 -13.0 -24.0
2004 4 2.000   10588 A    Hsx   34    1   60 0.957 100.6 319.0 -12.0 -74.0
2004 4 3.000   10581 A    Hsx  151    2  100 0.654 269.7  61.0  -5.0  41.0
2004 4 3.000   10582 B    Eso  213   15  140 0.646 300.5  55.0  14.0  35.0
2004 4 3.000   10585 A    Axx   17    1   10 0.468 249.7  47.0 -15.0  27.0
2004 4 3.000   10587 B    Eao  312   30  160 0.220 122.5   9.0 -13.0 -11.0
2004 4 3.000   10588 A    Hsx   53    1   60 0.893 100.3 316.0 -12.0 -64.0
2004 4 4.000   10581 A    Hsx  115    1  100 0.816 268.3  61.0  -5.0  55.0
2004 4 4.000   10582 B    Cso  162    7  140 0.814 292.2  57.0  14.0  51.0
2004 4 4.000   10587 B    Eao  257   16  130 0.128 203.5   9.0 -13.0   3.0
2004 4 4.000   10588 B    Dso   88    4   70 0.773 100.4 316.0 -12.0 -51.0
2004 4 5.000   10581 A    Hsx   68    1   90 0.925 268.2  61.0  -4.0  68.0
2004 4 5.000   10582 A    Hsx   95    1  130 0.931 287.7  59.0  14.0  66.0
2004 4 5.000   10587 B    Dao  284   16  150 0.316 243.7  10.0 -14.0  17.0
2004 4 5.000   10588 B    Cso  182   11  120 0.648 107.5 313.0 -16.0 -40.0
2004 4 6.000   10581 A    Hsx   10    1   40 0.992 266.7  63.0  -4.0  83.0
2004 4 6.000   10582 A    Hsx   30    1  120 0.992 285.0  61.0  14.0  81.0
2004 4 6.000   10587 B    Cai  238   17  140 0.522 253.1  11.0 -14.0  31.0
2004 4 6.000   10588 BG   Dao  305   12  170 0.440 111.9 315.0 -15.0 -25.0
2004 4 6.000   10589 B    Bxo   55    4   50 0.831  73.6 286.0  10.0 -54.0
2004 4 7.000   10582 A    Hsx   15    1   60 0.992 283.4  63.0  14.0  96.0
2004 4 7.000   10587 B    Cao   99    7   70 0.705 257.6  12.0 -13.0  45.0
2004 4 7.000   10588 B    Dai  249   15  130 0.282 124.1 313.0 -15.0 -14.0
2004 4 7.000   10589 A    Axx   27    3   20 0.716  69.7 284.0  10.0 -43.0
2004 4 8.000   10587 B    Cao   31    5   30 0.853 258.4  13.0 -13.0  59.0
2004 4 8.000   10588 BG   Dao  294    9  150 0.192 175.0 313.0 -17.0  -1.0
2004 4 8.000   10589 A    Axx   16    1   10 0.552  59.6 285.0  11.0 -29.0
2004 4 8.000   10590 B    Bxo   13    2   20 0.942 262.6  25.0  -9.0  71.0
2004 4 9.000   10587 A    Axx   12    2   20 0.946 258.3  12.0 -13.0  72.0
2004 4 9.000   10588 B    Dao  268   11  140 0.280 230.6 313.0 -16.0  13.0
2004 410.000   10588 B    Cso  213    8  120 0.456 248.3 313.0 -15.0  26.0
2004 411.000   10588 B    Cso  235   10  150 0.622 253.1 312.0 -15.0  38.0
2004 412.000   10588 B    Cso  103    6   90 0.817 255.6 316.0 -15.0  55.0
2004 413.000   10588 B    Cao   77    5  100 0.923 256.1 316.0 -15.0  68.0
2004 413.000   10591 B    Cao   78   12   40 0.164 174.1 247.0 -15.0  -1.0
2004 414.000   10588 A    Hax   22    1   60 0.982 257.8 315.0 -13.0  80.0
2004 414.000   10591 B    Cao   95    9   50 0.284 229.6 248.0 -16.0  13.0
2004 414.000   10592 A    Hsx   20    1   20 0.853 100.7 176.0 -12.0 -59.0
2004 415.000   10588 A    Hrx    0    1   40 1.000 256.9 313.0 -13.0  92.0
2004 415.000   10591 BGD  Eai  142   13   80 0.449 244.8 245.0 -16.0  25.0
2004 415.000   10592 A    Hrx   41    3   30 0.718 101.4 174.0 -12.0 -46.0
2004 415.000   10593 A    Hsx   28    1   20 0.697 113.2 177.0 -20.0 -43.0
2004 415.000   10594 A    Hsx   38    1   60 0.947  72.1 151.0  15.0 -69.0
2004 416.000   10591 BGD  Dso  140   14   90 0.626 251.0 245.0 -16.0  38.0
2004 416.000   10592 A    Hsx   50    3   30 0.548 103.7 174.0 -12.0 -33.0
2004 416.000   10593 A    Axx    0    1    0 0.539 119.3 177.0 -20.0 -30.0
2004 416.000   10594 A    Hsx   61    2   60 0.858  68.9 151.0  15.0 -56.0
2004 417.000   10591 B    Dao   86    6   70 0.789 253.8 246.0 -16.0  52.0
2004 417.000   10592 A    Hsx   37    1   20 0.336 108.1 175.0 -11.0 -19.0
2004 417.000   10594 A    Hax   99    2   70 0.701  62.3 154.0  15.0 -40.0
2004 417.000   10595 B    Cso   30    4   40 0.924  97.6 126.0  -9.0 -68.0
2004 418.000   10591 B    Dao   51    7   60 0.903 254.7 246.0 -16.0  65.0
2004 418.000   10592 A    Hsx   19    1   10 0.144 134.6 175.0 -11.0  -6.0
2004 418.000   10594 A    Hax   83    4   50 0.552  52.5 154.0  15.0 -27.0
2004 418.000   10595 B    Bxo   11    3   10 0.816  97.3 126.0  -9.0 -55.0
2004 419.000   10591 B    Bxo   20    4   50 0.978 253.7 247.0 -17.0  79.0
2004 419.000   10592 A    Axx   19    1   10 0.162 238.0 176.0 -10.0   8.0
2004 419.000   10593 B    Bxo   76    7   40 0.289 219.0 179.0 -18.0  11.0
2004 419.000   10594 B    Bxo   36    6   20 0.414  34.4 154.0  15.0 -14.0
2004 419.000   10595 B    Ero   46    6   30 0.640  96.3 128.0  -8.0 -40.0
2004 419.000   10596 B    Dso  161    8  160 0.863  96.3 108.0  -8.0 -60.0
2004 420.000   10592 A    Axx   18    1   10 0.365 255.4 175.0 -10.0  21.0
2004 420.000   10593 B    Dai   89   10   50 0.451 239.1 178.0 -18.0  24.0
2004 420.000   10594 A    Hsx   18    1   10 0.343  -0.0 154.0  15.0   0.0
2004 420.000   10595 B    Dai  142   25   80 0.453  95.5 127.0  -7.0 -27.0
2004 420.000   10596 B    Eki  418   21  290 0.692  97.8 110.0  -9.0 -44.0
2004 421.000   10593 B    Dso   93    9   60 0.625 245.5 178.0 -19.0  37.0
2004 421.000   10594 A    Hsx   36    1   20 0.403 327.3 154.0  15.0  13.0
2004 421.000   10595 B    Dao  136   10   70 0.226  99.6 128.0  -7.0 -13.0
2004 421.000   10596 B    Dko  582   20  340 0.515  99.2 110.0  -9.0 -31.0
2004 421.000   10597 B    Dao   70    6   70 0.863 265.9 201.0  -6.0  60.0
2004 422.000   10593 B    Cso   37    5   30 0.783 250.8 179.0 -18.0  51.0
2004 422.000   10595 B    Cao   99   11   50 0.020 180.0 128.0  -6.0   0.0
2004 422.000   10596 BG   Eai  642   22  340 0.326  97.4 109.0  -7.0 -19.0
2004 422.000   10597 B    Dso   31    4   50 0.949 265.3 200.0  -6.0  72.0
2004 422.000   10598 B    Cso   34    6   20 0.498 268.4 158.0  -5.0  30.0
2004 423.000   10593 B    Cso   17    3   20 0.898 251.2 179.0 -19.0  64.0
2004 423.000   10595 B    Cso   58    6   30 0.244 260.2 129.0  -7.0  14.0
2004 423.000   10596 BG   Eko  796   24  400 0.089 129.3 110.0  -8.0  -4.0
2004 423.000   10597 B    Cso   11    3   50 0.994 263.5 199.0  -7.0  84.0
2004 423.000   10598 B    Bxo   28    4   20 0.705 264.9 160.0  -7.0  45.0
2004 424.000   10595 B    Cso   71    9   40 0.438 263.6 128.0  -7.0  26.0
2004 424.000   10596 BG   Eko  631   20  320 0.166 249.2 111.0  -8.0   9.0
2004 424.000   10597 B    Dso    1    4   90 1.000 261.9 193.0  -8.0  91.0
2004 425.000   10595 B    Bxo   15   11   10 0.614 262.9 126.0  -8.0  38.0
2004 425.000   10596 B    Eso  447   15  240 0.363 256.9 109.0  -9.0  21.0
2004 425.000   10599 B    Dai  141    8  120 0.808  69.0  37.0  14.0 -51.0
2004 426.000   10596 B    Eao  372    8  230 0.587 262.6 111.0  -8.0  36.0
2004 426.000   10599 BG   Dai  280   17  170 0.566  52.9  47.0  16.0 -28.0
2004 427.000   10596 B    Cao  296    3  240 0.786 263.3 114.0  -8.0  52.0
2004 427.000   10599 BG   Dao  365   12  200 0.404  35.3  48.0  15.0 -14.0
2004 427.000   10600 B    Cso   55    2   30 0.393 345.4  68.0  18.0   6.0
2004 428.000   10596 B    Hax  134    1  170 0.918 263.1 116.0  -8.0  67.0
2004 428.000   10599 B    Dso  265    7  140 0.316   6.2  47.0  14.0  -2.0
2004 429.000   10596 B    Dso   79    2  200 0.980 262.7 115.0  -8.0  79.0
2004 429.000   10599 B    Cao  166   10   90 0.376 330.6  47.0  15.0  11.0
2004 430.000   10596 A    Hsx    6    1  120 1.000 262.9 115.0  -7.0  92.0
2004 430.000   10599 B    Cao  134    4   80 0.539 308.6  49.0  16.0  26.0
2004 5 1.000   10599 B    Cao   69    2   50 0.714 298.6  50.0  17.0  41.0
2004 5 1.000   10601 B    Bxo   37    7   20 0.350 254.8  29.0  -9.0  20.0
2004 5 1.000   10602 B    Dso   71    7   60 0.800 255.5  62.0 -14.0  53.0
2004 5 2.000   10599 B    Cso   32    3   30 0.841 293.1  50.0  17.0  54.0
2004 5 2.000   10601 B    Dso  148   10   90 0.561 259.7  30.0  -9.0  34.0
2004 5 2.000   10602 B    Bxo   24    6   30 0.912 257.5  62.0 -13.0  66.0
2004 5 2.000   10603 B    Cso   31    6   20 0.617 250.5  33.0 -15.0  37.0
2004 5 3.000   10601 B    Dao  368   13  270 0.732 259.8  30.0 -10.0  47.0
2004 5 3.000   10603 B    Dso   88    8   70 0.773 252.3  33.0 -16.0  50.0
2004 5 4.000   10601 B    Dso  195   14  200 0.873 260.6  31.0 -10.0  61.0
2004 5 4.000   10603 B    Bxo   36    5   40 0.891 253.9  33.0 -16.0  63.0
2004 5 4.000   10604 A    Hsx   36    1   30 0.799 111.1 278.0 -19.0 -52.0
2004 5 5.000   10601 B    Eao   83   10  180 0.973 261.6  34.0  -9.0  77.0
2004 5 5.000   10603 B    Bxo    4    2   10 0.976 254.4  35.0 -16.0  78.0
2004 5 5.000   10604 B    Cso   76    5   50 0.645 115.6 279.0 -19.0 -38.0
2004 5 5.000   10605 B    Cso   79    6   40 0.151 193.1 319.0 -12.0   2.0
2004 5 6.000   10601 B    Cso    7    2  150 1.000 261.1  32.0  -9.0  89.0
2004 5 6.000   10604 B    Cso   71    3   40 0.459 126.4 280.0 -19.0 -23.0
2004 5 6.000   10605 B    Dao  190   12  100 0.309 240.8 319.0 -12.0  16.0
2004 5 7.000   10604 B    Dso   56    2   30 0.316 148.7 279.0 -19.0 -10.0
2004 5 7.000   10605 B    Dso  120    8   70 0.511 254.0 319.0 -11.0  30.0
2004 5 8.000   10604 B    Bxo   19    2   10 0.257 187.4 278.0 -18.0   2.0
2004 5 8.000   10605 A    Hsx   70    1   50 0.712 256.3 321.0 -12.0  45.0
2004 5 8.000   10606 A    Hsx   39    1  120 0.987  98.6 195.0  -9.0 -81.0
2004 5 9.000   10604 A    Axx   18    1   10 0.357 223.6 278.0 -18.0  15.0
2004 5 9.000   10605 B    Cso   63    5   60 0.849 257.8 321.0 -12.0  58.0
2004 5 9.000   10606 A    Hax  180    1  220 0.912  98.5 197.0  -9.0 -66.0
2004 510.000   10605 B    Dso   48    6   70 0.938 259.4 320.0 -11.0  70.0
2004 510.000   10606 A    Hsx  192    2  160 0.798  97.7 197.0  -8.0 -53.0
2004 510.000   10607 B    Bxo   19    3   10 0.139 180.0 250.0 -11.0   0.0
2004 510.000   10608 B    Cso   30    6   40 0.926  93.1 182.0  -4.0 -68.0
2004 511.000   10605 A    Hsx   13    1   60 0.994 259.3 321.0 -11.0  84.0
2004 511.000   10606 B    Hkx  213    3  140 0.646 100.5 197.0  -9.0 -40.0
2004 511.000   10608 B    Dso   74   10   60 0.787  92.8 185.0  -4.0 -52.0
2004 511.000   10609 A    Axx    0    1    0 0.890  91.9 174.0  -3.0 -63.0
2004 512.000   10606 A    Hkx  407    6  230 0.466 106.3 196.0 -10.0 -27.0
2004 512.000   10608 B    Dao   78    5   50 0.615  94.5 185.0  -5.0 -38.0
2004 512.000   10609 B    Bxo   26    5   20 0.742  92.9 175.0  -4.0 -48.0
2004 513.000   10606 A    Hax  367    6  190 0.256 120.1 197.0 -10.0 -13.0
2004 513.000   10608 B    Cao   53    4   30 0.454  93.5 183.0  -4.0 -27.0
2004 513.000   10609 B    Dro   60   15   40 0.655  93.0 169.0  -4.0 -41.0
2004 513.000   10610 B    Bxo   37    6   20 0.326  88.3 191.0  -2.0 -19.0
2004 513.000   10611 B    Cso   38    2   20 0.287 235.4 224.0 -12.0  14.0
2004 514.000   10606 B    Cko  437   14  220 0.113 171.2 196.0  -9.0  -1.0
2004 514.000   10608 B    Cro   38    3   20 0.281 102.6 181.0  -6.0 -16.0
2004 514.000   10609 B    Dac  292   22  160 0.406  91.6 173.0  -3.0 -24.0
2004 514.000   10610 A    Axx   19    1   10 0.075  68.6 193.0  -1.0  -4.0
2004 514.000   10612 B    Bxo   19    5   10 0.248  28.9 190.0  10.0  -7.0
2004 514.000   10613 A    Hsx    7    2   30 0.992  97.7 114.0  -8.0 -83.0
2004 515.000   10606 B    Cko  425    9  220 0.258 239.2 197.0 -10.0  13.0
2004 515.000   10608 B    Bxo   19    2   10 0.081 139.9 181.0  -6.0  -3.0
2004 515.000   10609 B    Dac  452   28  230 0.175  99.0 174.0  -4.0 -10.0
2004 515.000   10612 B    Dao   77    8   40 0.255 327.5 192.0  10.0   8.0
2004 515.000   10613 A    Hsx   43    1   50 0.898  97.7 120.0  -8.0 -64.0
2004 516.000   10606 B    Cao  232    8  130 0.449 254.5 197.0  -9.0  26.0
2004 516.000   10608 B    Bxo   19    2   10 0.233 253.9 184.0  -6.0  13.0
2004 516.000   10609 BG   Dkc  996   39  500 0.088 262.4 176.0  -3.0   5.0
2004 516.000   10612 B    Dao  182   17  100 0.411 300.9 192.0  10.0  21.0
2004 516.000   10613 A    Hsx   98    1   80 0.789  98.3 119.0  -8.0 -52.0
2004 517.000   10606 B    Dao  108    4   70 0.633 260.1 196.0  -8.0  39.0
2004 517.000   10608 A    Axx   17    2   10 0.439 265.5 183.0  -4.0  26.0
2004 517.000   10609 BG   Dkc  775   35  410 0.325 267.3 176.0  -3.0  19.0
2004 517.000   10612 B    Dai  241   16  150 0.592 292.1 191.0  11.0  34.0
2004 517.000   10613 A    Hsx  125    2   80 0.619 100.1 119.0  -8.0 -38.0
2004 517.000   10614 B    Cao   34    6   70 0.970 265.4 233.0  -5.0  76.0
2004 517.000   10615 A    Hsx   48    2   60 0.913  70.3  93.0  17.0 -64.0
2004 517.000   10616 A    Axx    0    1    0 0.949  80.8  86.0   8.0 -71.0
2004 518.000   10606 B    Dao   72    6   60 0.799 261.6 197.0  -8.0  53.0
2004 518.000   10609 BG   Eai  548   26  320 0.515 267.7 175.0  -3.0  31.0
2004 518.000   10612 B    Dao  216   14  160 0.736 285.7 190.0  10.0  46.0
2004 518.000   10613 A    Hax  198    2  110 0.435 106.5 119.0  -9.0 -25.0
2004 518.000   10614 B    Cao    1    3   30 1.000 262.0 233.0  -8.0  89.0
2004 518.000   10615 A    Hsx  154    6  130 0.804  68.3  93.0  16.0 -51.0
2004 518.000   10616 A    Axx   11    1   10 0.835  80.2  88.0   7.0 -56.0
2004 518.000   10617 B    Dso   58    9   30 0.254 132.7 133.0 -12.0 -11.0
2004 519.000   10606 B    Cao   62    3   80 0.921 260.0 198.0 -10.0  67.0
2004 519.000   10609 BG   Dai  375   13  270 0.719 267.8 177.0  -3.0  46.0
2004 519.000   10612 A    Hax  100    1  100 0.866 282.8 190.0  10.0  59.0
2004 519.000   10613 A    Hkx  213    2  110 0.239 120.8 119.0  -9.0 -12.0
2004 519.000   10615 A    Hhx  178    3  120 0.669  61.6  93.0  17.0 -38.0
2004 519.000   10617 B    Dso   59    9   30 0.171 203.6 135.0 -11.0   4.0
2004 520.000   10606 A    Hax   17    1   50 0.984 261.2 198.0  -9.0  80.0
2004 520.000   10609 B    Dko  212   10  200 0.848 266.5 176.0  -4.0  58.0
2004 520.000   10612 B    Cao   32    3   50 0.944 282.3 188.0  11.0  70.0
2004 520.000   10613 A    Hkx  178    1   90 0.125 187.9 119.0  -9.0   1.0
2004 520.000   10615 A    Hkx  153    2   90 0.520  54.2  92.0  16.0 -26.0
2004 520.000   10617 B    Dao   93   10   50 0.351 246.0 137.0 -10.0  19.0
2004 521.000   10606 B    Cao    2    2   60 1.000 260.0 194.0 -10.0  89.0
2004 521.000   10609 B    Dao  109    8  160 0.939 267.4 175.0  -3.0  70.0
2004 521.000   10612 B    Bxo    2    3   10 0.989 280.4 186.0  10.0  81.0
2004 521.000   10613 A    Hsx  231    1  120 0.271 242.0 119.0  -9.0  14.0
2004 521.000   10615 A    Hax  164    4   90 0.408  34.3  91.0  18.0 -14.0
2004 521.000   10617 B    Dao   84   13   50 0.542 254.2 137.0 -10.0  32.0
2004 521.000   10618 B    Cso   21    8   30 0.934 100.0  36.0 -10.0 -69.0
2004 522.000   10609 B    Cao    6    3   90 0.999 268.1 180.0  -2.0  88.0
2004 522.000   10613 B    Cso  175    3  100 0.482 254.2 120.0  -9.0  28.0
2004 522.000   10615 A    Hsx  189    1  100 0.320 357.0  93.0  17.0   1.0
2004 522.000   10617 B    Cro   41    6   30 0.727 256.4 138.0 -11.0  46.0
2004 522.000   10618 B    Cai  170   19  150 0.823 102.2  37.0 -11.0 -55.0
2004 523.000   10613 A    Hsx  177    2  120 0.675 258.3 120.0  -9.0  42.0
2004 523.000   10615 A    Hsx  183    2  100 0.396 327.3  91.0  18.0  13.0
2004 523.000   10617 B    Cro   39    5   40 0.868 259.3 138.0 -10.0  60.0
2004 523.000   10618 BGD  Eai  463   30  310 0.664 103.4  37.0 -10.0 -41.0
2004 524.000   10613 A    Hax   91    2   80 0.822 260.0 120.0  -9.0  55.0
2004 524.000   10615 B    Cao  118    7   70 0.535 305.8  92.0  17.0  27.0
2004 524.000   10617 A    Axx    5    2   10 0.966 259.0 140.0 -11.0  75.0
2004 524.000   10618 BGD  Fki  586   46  330 0.458 109.4  39.0 -10.0 -26.0
2004 524.000   10619 B    Dso   31    6   20 0.610 257.0 102.0  -9.0  37.0
2004 524.000   10620 B    Cso   16    4   10 0.591 113.9  31.0 -15.0 -34.0
2004 525.000   10613 A    Hax   44    1   60 0.928 260.8 120.0  -9.0  68.0
2004 525.000   10615 A    Hsx   87    2   60 0.688 296.7  92.0  17.0  40.0
2004 525.000   10618 BGD  Fki  789   57  410 0.269 124.5  39.0 -10.0 -13.0
2004 525.000   10619 B    Cso   38    3   30 0.770 259.4 102.0  -9.0  50.0
2004 525.000   10620 B    Cso   72    5   40 0.420 124.6  31.0 -15.0 -21.0
2004 526.000   10613 A    Hsx   18    1   60 0.987 261.1 120.0  -9.0  81.0
2004 526.000   10615 A    Hsx   56    1   50 0.822 291.7  92.0  17.0  53.0
2004 526.000   10618 BGD  Fhc  750   46  380 0.153 180.0  39.0 -10.0   0.0
2004 526.000   10619 A    Hrx   18    1   20 0.892 260.5 102.0  -9.0  63.0
2004 526.000   10620 B    Cro   19    2   10 0.274 150.7  31.0 -15.0  -8.0
2004 527.000   10613 A    Hsx    7    2   60 0.998 260.9 120.0  -9.0  94.0
2004 527.000   10615 A    Hsx   46    1   60 0.924 288.9  92.0  17.0  66.0
2004 527.000   10618 BGD  Fsc  635   31  330 0.271 234.8  39.0 -10.0  13.0
2004 527.000   10619 A    Axx    4    1   10 0.970 261.0 102.0  -9.0  76.0
2004 527.000   10620 B    Bxo   19    4   10 0.246 191.8  29.0 -15.0   3.0
2004 528.000   10615 A    Hax   22    2   70 0.987 287.4  92.0  17.0  80.0
2004 528.000   10618 BGD  Fac  580   40  330 0.475 250.4  39.0 -10.0  27.0
2004 529.000   10615 A    Hax    0    1   60 1.000 287.0  89.0  17.0  90.0
2004 529.000   10618 BG   Eac  440   31  310 0.703 256.6  43.0 -10.0  44.0
2004 530.000   10618 G    Fkc  514   32  520 0.869 258.9  46.0 -10.0  60.0
2004 530.000   10621 B    Dai  100    5  110 0.889 105.4 284.0 -14.0 -62.0
2004 531.000   10618 BG   Fac  220   17  360 0.952 260.7  45.0  -9.0  72.0
2004 531.000   10621 B    Dac  170   14  140 0.792 108.6 282.0 -15.0 -51.0
2004 531.000   10622 A    Hax   48    3   80 0.953 102.4 261.0 -12.0 -72.0
2004 6 1.000   10618 B    Fao   70    5  290 0.993 260.0  43.0 -10.0  83.0
2004 6 1.000   10621 B    Dai  152   16  100 0.646 113.0 282.0 -15.0 -38.0
2004 6 1.000   10622 A    Hax   31    3   30 0.854 103.8 262.0 -12.0 -58.0
2004 6 2.000   10618 A    Hrx    1    1   30 1.000 262.0  35.0  -8.0  89.0
2004 6 2.000   10621 B    Dso  122   18   70 0.488 123.7 281.0 -16.0 -25.0
2004 6 2.000   10622 B    Cao   40    2   30 0.733 106.2 260.0 -12.0 -46.0
2004 6 2.000   10623 B    Cao   36    4   20 0.408 288.1 329.0   7.0  23.0
2004 6 2.000   10624 A    Hsx   26    1   30 0.901  99.8 242.0  -9.0 -64.0
2004 6 3.000   10621 BG   Dao  113   19   60 0.312 139.8 281.0 -14.0 -12.0
2004 6 3.000   10622 B    Cao   83    2   50 0.557 111.6 261.0 -12.0 -32.0
2004 6 3.000   10623 A    Hrx   16    1   10 0.586 284.0 328.0   8.0  35.0
2004 6 3.000   10624 A    Hsx   49    1   40 0.782 100.1 242.0  -8.0 -51.0
2004 6 4.000   10621 B    Dai  174   30   90 0.241 184.0 281.0 -14.0   1.0
2004 6 4.000   10622 A    Axx   18    3   10 0.372 114.6 260.0  -9.0 -20.0
2004 6 4.000   10624 B    Cao   31    2   20 0.623 101.2 242.0  -7.0 -38.0
2004 6 4.000   10625 A    Hsx   21    2   20 0.837 255.7 336.0 -12.0  56.0
2004 6 5.000   10621 B    Csi   93   21   50 0.349 226.0 282.0 -14.0  15.0
2004 6 5.000   10624 A    Axx   18    2   10 0.426 109.1 243.0  -8.0 -24.0
2004 6 5.000   10625 A    Axx   14    2   20 0.937 257.2 336.0 -12.0  69.0
2004 6 6.000   10621 B    Cao   51   11   30 0.517 241.8 282.0 -14.0  28.0
2004 6 6.000   10624 A    Axx   19    2   10 0.236 126.9 243.0  -8.0 -11.0
2004 6 6.000   10626 B    Cso   39    3   20 0.134 309.1 260.0   5.0   6.0
2004 6 6.000   10627 A    Hax   34    3   20 0.515 105.9 224.0  -8.0 -30.0
2004 6 7.000   10621 B    Cso   29    7   20 0.682 248.9 282.0 -14.0  41.0
2004 6 7.000   10624 A    Axx   19    2   10 0.148 193.5 243.0  -8.0   2.0
2004 6 7.000   10626 A    Axx   18    2   10 0.335 284.3 260.0   5.0  19.0
2004 6 7.000   10627 B    Cso   37    9   20 0.323 116.4 224.0  -8.0 -17.0
2004 6 8.000   10621 B    Bxo   10    5   10 0.850 253.2 283.0 -14.0  57.0
2004 6 8.000   10624 A    Axx    0    1    0 0.339 244.5 243.0  -8.0  18.0
2004 6 8.000   10627 B    Dao   98   10   50 0.161 154.7 222.0  -8.0  -4.0
2004 6 8.000   10628 B    Bxo   19    2   10 0.276 126.3 213.0  -9.0 -13.0
2004 6 8.000   10629 B    Bxo   18    2   10 0.381 101.5 204.0  -4.0 -22.0
2004 6 8.000   10630 A    Axx   10    2   10 0.838  74.7 170.0  13.0 -56.0
2004 6 9.000   10621 A    Axx   13    2   20 0.944 255.0 283.0 -14.0  70.0
2004 6 9.000   10627 B    Dao  117   10   60 0.214 226.3 222.0  -8.0   9.0
2004 6 9.000   10628 B    Cao   59    8   30 0.165 180.0 213.0  -9.0   0.0
2004 6 9.000   10629 A    Hsx   19    1   10 0.175 116.7 204.0  -4.0  -9.0
2004 6 9.000   10630 A    Axx   14    1   10 0.700  71.8 170.0  13.0 -43.0
2004 610.000   10622 B    Bxo   10    4   10 0.864 256.9 259.0 -11.0  59.0
2004 610.000   10627 B    Bxo   54    6   30 0.406 245.8 222.0  -9.0  22.0
2004 610.000   10628 B    Bxo   19    2   10 0.252 228.4 211.0  -9.0  11.0
2004 610.000   10629 B    Bxo   39    7   20 0.096 212.9 203.0  -4.0   3.0
2004 610.000   10631 B    Bxo   14    4   10 0.686 106.8 158.0 -11.0 -42.0
2004 611.000   10622 B    Cso   18    3   30 0.954 258.2 259.0 -11.0  72.0
2004 611.000   10629 B    Cao   38    2   20 0.308 251.1 204.0  -5.0  17.0
2004 611.000   10631 B    Cao   68    4   40 0.512 111.2 158.0 -10.0 -29.0
2004 611.000   10632 A    Hax   79    1  100 0.919 103.4 121.0 -12.0 -66.0
2004 612.000   10622 B    Bxo    2    4   20 0.998 258.9 260.0 -11.0  86.0
2004 612.000   10631 B    Dso   56   10   30 0.317 126.4 159.0 -10.0 -15.0
2004 612.000   10632 A    Hax   94    1   80 0.809 104.3 121.0 -11.0 -53.0
2004 613.000   10631 B    Cso   39    6   20 0.194 169.8 158.0 -10.0  -2.0
2004 613.000   10632 A    Hsx  107    2   70 0.638 108.7 122.0 -11.0 -38.0
2004 614.000   10631 B    Cao   38    5   20 0.257 221.6 157.0 -10.0  10.0
2004 614.000   10632 A    Hsx  122    1   70 0.478 115.8 121.0 -11.0 -26.0
2004 614.000   10633 A    Axx   15    2   10 0.608  99.7 110.0  -5.0 -37.0
2004 614.000   10634 B    Dao   69    7  120 0.957  77.8  74.0  12.0 -73.0
2004 615.000   10631 A    Axx    0    2    0 0.439 236.2 156.0 -13.0  22.0
2004 615.000   10632 A    Hsx  133    1   70 0.306 133.7 121.0 -11.0 -13.0
2004 615.000   10633 B    Bxo   18    3   10 0.423 107.1 110.0  -6.0 -24.0
2004 615.000   10634 B    Eho  344   13  350 0.871  75.7  74.0  13.0 -60.0
2004 615.000   10635 B    Cso   87    8  130 0.942  98.9  64.0  -8.0 -70.0
2004 616.000   10631 B    Bxo   15    3   10 0.636 252.4 159.0 -10.0  38.0
2004 616.000   10632 A    Hsx  175    1   90 0.231 180.0 121.0 -12.0   0.0
2004 616.000   10634 BG   Eki  489   25  370 0.750  76.5  73.0  11.0 -48.0
2004 616.000   10635 BG   Fki  321   18  390 0.911 101.6  56.0 -10.0 -65.0
2004 617.000   10631 B    Cso   23    4   20 0.809 256.5 161.0 -10.0  53.0
2004 617.000   10632 A    Hsx  113    1   60 0.332 225.5 122.0 -12.0  14.0
2004 617.000   10633 B    Bxo   19    7   10 0.156 199.4 111.0  -7.0   3.0
2004 617.000   10634 BG   Eki  627   25  380 0.565  70.7  75.0  12.0 -33.0
2004 617.000   10635 BG   Fki  676   26  550 0.788 103.9  57.0 -10.0 -51.0
2004 618.000   10631 B    Cao   23    4   30 0.918 258.4 161.0 -10.0  66.0
2004 618.000   10632 A    Hsx  121    1   70 0.501 242.4 122.0 -12.0  27.0
2004 618.000   10633 A    Axx    0    1    0 0.305 237.1 110.0  -8.0  15.0
2004 618.000   10634 BG   Fki  721   28  390 0.381  61.4  75.0  12.0 -20.0
2004 618.000   10635 BG   Eki  675   22  440 0.641 109.3  57.0 -11.0 -38.0
2004 619.000   10631 A    Axx    2    1   10 0.989 258.6 162.0 -11.0  81.0
2004 619.000   10632 A    Hsx   89    1   60 0.670 249.9 121.0 -12.0  40.0
2004 619.000   10634 BG   Eki  820   36  420 0.215  33.7  74.0  12.0  -7.0
2004 619.000   10635 BGD  Fki  879   40  500 0.475 119.5  56.0 -12.0 -25.0
2004 620.000   10632 A    Hax   59    1   50 0.804 253.6 120.0 -12.0  52.0
2004 620.000   10634 BGD  Eki  705   17  360 0.196 334.3  73.0  12.0   5.0
2004 620.000   10635 BGD  Fki  911   42  480 0.313 139.5  56.0 -12.0 -12.0
2004 621.000   10632 A    Hax   48    1   60 0.914 256.0 120.0 -12.0  65.0
2004 621.000   10634 BGD  Eki  693   15  370 0.350 300.3  73.0  12.0  18.0
2004 621.000   10635 BGD  Fkc 1164   79  600 0.241 184.1  56.0 -12.0   1.0
2004 621.000   10636 B    Cao   84    7   50 0.532 112.3  25.0 -10.0 -30.0
2004 622.000   10632 A    Hsx   19    1   50 0.981 257.3 120.0 -12.0  78.0
2004 622.000   10634 BGD  Fko  541   14  320 0.534 289.4  73.0  12.0  31.0
2004 622.000   10635 BGD  Fkc  959   64  510 0.338 224.4  56.0 -12.0  14.0
2004 622.000   10636 B    Dso   93    9   50 0.355 125.8  25.0 -10.0 -17.0
2004 622.000   10637 A    Axx    0    1    0 0.891  82.1 339.0   8.0 -63.0
2004 623.000   10632 A    Hax    1    1   30 1.000 258.0 120.0 -12.0  91.0
2004 623.000   10634 BGD  Fko  284    6  200 0.703 284.9  73.0  12.0  44.0
2004 623.000   10635 BGD  Fkc  793   47  460 0.505 241.5  56.0 -12.0  27.0
2004 623.000   10636 B    Bxo   19    5   10 0.222 161.9  25.0 -10.0  -4.0
2004 623.000   10637 B    Bxo   12    4   10 0.767  81.4 339.0   8.0 -50.0
2004 624.000   10634 BD   Cko  153    9  150 0.859 282.6  73.0  12.0  59.0
2004 624.000   10635 BGD  Fhc  695   47  470 0.672 249.3  56.0 -12.0  40.0
2004 624.000   10636 B    Bxo   19    4   10 0.283 221.5  25.0 -10.0  11.0
2004 624.000   10637 B    Bxo   15    4   10 0.606  79.8 337.0   8.0 -37.0
2004 625.000   10634 A    Hkx  100    2  220 0.974 281.8  78.0  12.0  77.0
2004 625.000   10635 BGD  Fki  593   36  510 0.813 254.6  54.0 -11.0  53.0
2004 625.000   10636 B    Bxo   17    6   10 0.453 242.2  25.0 -10.0  24.0
2004 625.000   10637 B    Bxi   36   10   20 0.415  75.9 337.0   8.0 -24.0
2004 626.000   10634 A    Hax   10    1  120 0.999 281.9  76.0  12.0  88.0
2004 626.000   10635 BGD  Fki  299   27  400 0.927 257.1  55.0 -11.0  67.0
2004 626.000   10636 B    Bxo   15    3   10 0.611 251.8  24.0  -9.0  36.0
2004 626.000   10637 B    Dso   58   12   30 0.212  63.0 337.0   8.0 -11.0
2004 627.000   10635 BG   Fki  116   10  360 0.987 258.4  55.0 -11.0  80.0
2004 627.000   10636 A    Axx    0    1    0 0.787 247.2  24.0 -16.0  49.0
2004 627.000   10637 B    Bxo   39   11   20 0.123 335.1 338.0   9.0   3.0
2004 627.000   10638 A    Axx   18    2   10 0.380  77.9 313.0   7.0 -22.0
2004 628.000   10635 BG   Cao    3    3  210 1.000 260.0  52.0 -10.0  90.0
2004 628.000   10637 B    Bxo   57   13   30 0.289 288.9 338.0   8.0  16.0
2004 628.000   10640 B    Axx   28    2   40 0.932 100.8 256.0  -9.0 -68.0
2004 629.000   10637 B    Bxo   51    9   30 0.521 282.7 339.0   9.0  31.0
2004 629.000   10639 B    Dao   69    4   70 0.867  76.6 248.0  13.0 -60.0
2004 629.000   10640 B    Dao   43    2   40 0.836 100.3 252.0  -7.0 -56.0
2004 630.000   10637 B    Bxo   42    8   30 0.708 278.4 340.0   8.0  45.0
2004 630.000   10639 B    Cao  206    8  150 0.726  74.9 249.0  13.0 -46.0
2004 630.000   10640 B    Dao   74    4   50 0.671 103.8 254.0  -7.0 -41.0
2004 7 1.000   10637 A    Axx    0    1    0 0.847 277.5 340.0   8.0  58.0
2004 7 1.000   10639 B    Cao  170    7  100 0.521  77.7 251.0   9.0 -31.0
2004 7 1.000   10640 B    Cso   34    4   20 0.501 111.8 254.0  -8.0 -28.0
2004 7 2.000   10639 B    Cso   93    4   50 0.343  69.2 250.0  10.0 -19.0
2004 7 2.000   10640 B    Cso  113    2   60 0.330 129.3 254.0  -9.0 -15.0
2004 7 3.000   10639 B    Cao  178    8   90 0.144  45.9 250.0   9.0  -6.0
2004 7 3.000   10640 B    Dso   39    5   20 0.215 170.8 254.0  -9.0  -2.0
2004 7 4.000   10639 A    Hsx  117    4   60 0.190 295.3 253.0   8.0  10.0
2004 7 4.000   10640 B    Bxo   57    7   30 0.308 226.2 256.0  -9.0  13.0
2004 7 5.000   10639 B    Dao   74   10   40 0.352 286.4 248.0   9.0  20.0
2004 7 5.000   10640 B    Bxo   17    7   10 0.474 241.3 253.0 -10.0  25.0
2004 7 6.000   10639 B    Bxo   32    5   20 0.575 278.8 250.0   8.0  35.0
2004 7 6.000   10640 A    Axx   45    1   30 0.651 253.3 254.0  -8.0  39.0
2004 7 7.000   10639 B    Bxo   12    6   10 0.776 278.6 253.0   9.0  51.0
2004 7 7.000   10640 A    Axx   11    2   10 0.828 259.0 257.0  -7.0  55.0
2004 7 7.000   10641 A    Axx   17    1   10 0.455  63.7 177.0  15.0 -25.0
2004 7 8.000   10639 B    Bxo   17    6   20 0.897 279.3 249.0  10.0  64.0
2004 7 8.000   10642 B    Bxo   26    5   30 0.898 100.8 126.0  -8.0 -63.0
2004 7 9.000   10642 B    Cao   61    7   50 0.789 102.0 125.0  -7.0 -51.0
2004 710.000   10642 B    Dao  106    9   70 0.649 105.7 124.0  -7.0 -39.0
2004 710.000   10643 B    Cao   38    3   20 0.240 210.2 169.0  -8.0   7.0
2004 711.000   10642 B    Dao  158   11   90 0.473 113.1 123.0  -7.0 -26.0
2004 711.000   10643 B    Cao   36    3   20 0.431 239.1 171.0  -9.0  22.0
2004 711.000   10644 A    Hsx   72    1  100 0.931  79.8  80.0  11.0 -69.0
2004 711.000   10645 B    Bxo   38    3   20 0.232 306.6 160.0  12.0  11.0
2004 712.000   10642 B    Cao  249   27  130 0.282 133.1 124.0  -7.0 -12.0
2004 712.000   10643 B    Bxo   15    2   10 0.628 251.7 173.0  -8.0  37.0
2004 712.000   10644 A    Hax  149    1  140 0.847  78.5  78.0  12.0 -58.0
2004 712.000   10645 B    Dro   37    4   20 0.327 291.9 154.0  11.0  18.0
2004 712.000   10646 B    Cro   16    3   10 0.556 287.2 169.0  13.0  33.0
2004 712.000   10647 A    Axx    9    1   10 0.892 108.0  75.0 -14.0 -61.0
2004 713.000   10642 B    Dai  254   25  130 0.197 185.0 124.0  -7.0   1.0
2004 713.000   10644 B    Dso  158    7  110 0.696  78.6  79.0  11.0 -44.0
2004 713.000   10645 B    Bxo   16    2   10 0.536 283.8 155.0  11.0  32.0
2004 713.000   10646 B    Dai   97   14   70 0.721 282.5 169.0  12.0  46.0
2004 713.000   10648 B    Cao   58    6   30 0.216 321.4 131.0  14.0   8.0
2004 713.000   10649 B    Cao   40    4   90 0.974 101.3  47.0 -10.0 -76.0
2004 714.000   10642 B    Cai  282   17  150 0.336 234.6 126.0  -7.0  16.0
2004 714.000   10644 B    Dao  206   10  120 0.506  75.7  80.0  11.0 -30.0
2004 714.000   10646 B    Dai  221   16  220 0.864 282.5 170.0  13.0  60.0
2004 714.000   10648 B    Dao  127   10   70 0.415 299.8 132.0  16.0  22.0
2004 714.000   10649 B    Fai  342   26  410 0.909 103.1  46.0 -10.0 -64.0
2004 715.000   10642 B    Dao  172   15  100 0.509 246.0 125.0  -8.0  28.0
2004 715.000   10644 B    Dso  247    9  130 0.310  67.9  80.0  11.0 -17.0
2004 715.000   10646 B    Dai  120   10  190 0.948 281.2 169.0  12.0  72.0
2004 715.000   10648 B    Cro   48    6   30 0.591 291.1 132.0  16.0  35.0
2004 715.000   10649 BGD  Eai  415   34  360 0.817 105.6  44.0 -10.0 -53.0
2004 715.000   10650 A    Hsx   16    1   10 0.550 111.9  66.0  -8.0 -31.0
2004 715.000   10651 B    Bxo   13    4   10 0.744 116.2  53.0 -16.0 -44.0
2004 716.000   10642 B    Cao  158   11  110 0.691 253.4 125.0  -8.0  42.0
2004 716.000   10644 B    Cso  237    4  120 0.146  27.9  79.0  12.0  -4.0
2004 716.000   10646 B    Bxo    2    7   10 0.993 283.6 167.0  14.0  84.0
2004 716.000   10648 B    Bxo   12    2   10 0.779 285.6 134.0  15.0  51.0
2004 716.000   10649 BGD  Eac  531   38  360 0.675 110.2  43.0 -10.0 -40.0
2004 716.000   10650 A    Axx   18    2   10 0.373 125.0  65.0  -8.0 -18.0
2004 716.000   10651 B    Bxo   16   12   10 0.578 126.3  54.0 -16.0 -29.0
2004 717.000   10642 B    Cao   76    6   70 0.840 258.5 126.0  -7.0  56.0
2004 717.000   10644 A    Hsx  314    5  160 0.188 320.7  77.0  13.0   7.0
2004 717.000   10649 BGD  Fki  920   48  530 0.497 119.6  44.0 -10.0 -26.0
2004 717.000   10650 B    Bxo   19   10   10 0.259 147.8  62.0  -8.0  -8.0
2004 717.000   10651 B    Bxo   18   11   10 0.421 146.5  56.0 -16.0 -14.0
2004 717.000   10652 A    Hhx   66    2  300 0.994  85.5 346.0   5.0 -84.0
2004 718.000   10642 A    Hsx   41    7   60 0.939 260.7 126.0  -7.0  69.0
2004 718.000   10644 B    Dso  279    8  150 0.365 293.9  77.0  13.0  20.0
2004 718.000   10649 BGD  Fkc  941   47  500 0.336 138.8  44.0 -10.0 -13.0
2004 718.000   10651 B    Bxo   18    5   10 0.355 177.3  56.0 -16.0  -1.0
2004 718.000   10652 B    Ekc  495   28  750 0.944  86.4 346.0   5.0 -71.0
2004 718.000   10653 B    Dao   58   10  100 0.956 106.2 346.0 -14.0 -71.0
2004 719.000   10642 A    Hax   22    2   90 0.992 262.3 126.0  -7.0  82.0
2004 719.000   10644 B    Cso  183    6  110 0.553 286.3  77.0  13.0  33.0
2004 719.000   10649 BGD  Fac  985   43  510 0.257 180.0  44.0 -10.0   0.0
2004 719.000   10650 B    Bxo   18    2   10 0.383 221.4  59.0 -12.0  15.0
2004 719.000   10651 B    Bxo   18    5   10 0.392 205.2  54.0 -16.0  10.0
2004 719.000   10652 BGD  Fkc 1461   30 1370 0.846  87.2 346.0   5.0 -58.0
2004 719.000   10653 B    Cao  196   11  200 0.871 109.1 346.0 -14.0 -58.0
2004 720.000   10644 B    Cso  208    5  150 0.720 283.3  77.0  13.0  46.0
2004 720.000   10649 BGD  Eac  696   50  370 0.338 220.9  44.0 -10.0  13.0
2004 720.000   10651 B    Bxo   17    6   10 0.514 226.9  54.0 -16.0  23.0
2004 720.000   10652 BGD  Fkc 2163   52 1525 0.705  87.9 346.0   5.0 -45.0
2004 720.000   10653 B    Dai  357   13  270 0.749 113.6 346.0 -14.0 -45.0
2004 721.000   10644 A    Hrx   98    1  100 0.872 282.1  78.0  13.0  61.0
2004 721.000   10649 BGD  Eac  395   33  230 0.512 240.8  44.0 -10.0  27.0
2004 721.000   10651 B    Bxo    0    3    0 0.672 239.4  54.0 -16.0  37.0
2004 721.000   10652 BGD  Fkc 2829   43 1670 0.531  79.2 345.0  10.0 -32.0
2004 721.000   10653 B    Cao  303   17  190 0.602 121.4 346.0 -14.0 -32.0
2004 722.000   10644 A    Hsx   54    2   90 0.953 281.0  77.0  12.0  73.0
2004 722.000   10649 BG   Dao  289   26  200 0.689 249.7  45.0 -10.0  41.0
2004 722.000   10651 B    Bxo   12    2   10 0.788 245.1  52.0 -16.0  48.0
2004 722.000   10652 BGD  Fkc 3798   67 2010 0.327  80.3 345.0   8.0 -19.0
2004 722.000   10653 B    Cai  197   15  110 0.442 130.8 344.0 -12.0 -20.0
2004 723.000   10644 A    Hsx    6    1   60 0.999 280.8  79.0  11.0  88.0
2004 723.000   10649 BG   Dao  158   10  150 0.848 253.6  47.0 -11.0  56.0
2004 723.000   10652 BGD  Fkc 3437   56 1730 0.115  64.6 345.0   8.0  -6.0
2004 723.000   10653 B    Dai  247   10  130 0.308 163.9 346.0 -12.0  -5.0
2004 724.000   10649 B    Hax   60    2  120 0.968 257.2  52.0 -11.0  74.0
2004 724.000   10652 BGD  Fkc 3620   49 1840 0.179 285.8 348.0   8.0  10.0
2004 724.000   10653 B    Dso  168    5   90 0.348 206.0 347.0 -13.0   9.0
2004 725.000   10649 A    Hsx    3    2   60 0.999 258.8  52.0 -11.0  87.0
2004 725.000   10652 BGD  Fkc 3005   73 1610 0.359 278.3 346.0   8.0  21.0
2004 725.000   10653 B    Cso  104    4   60 0.493 233.8 349.0 -12.0  24.0
2004 726.000   10652 BGD  Fkc 2199   89 1340 0.571 276.2 347.0   8.0  35.0
2004 726.000   10653 B    Cso  106    4   70 0.652 244.5 349.0 -12.0  37.0
2004 726.000   10654 B    Cao   37    7   30 0.784  84.1 260.0   8.0 -52.0
2004 727.000   10652 BGD  Fkc 1453   69 1060 0.728 275.8 345.0   8.0  47.0
2004 727.000   10653 B    Dso   96    2   80 0.796 250.3 348.0 -12.0  50.0
2004 727.000   10654 B    Dao  142   12   90 0.613  85.7 260.0   7.0 -38.0
2004 728.000   10652 BG   Fkc  884   25  930 0.880 274.9 347.0   7.0  62.0
2004 728.000   10653 B    Dso   53    3   70 0.923 252.3 350.0 -14.0  65.0
2004 728.000   10654 B    Dso  235    8  130 0.421  85.5 260.0   7.0 -25.0
2004 729.000   10652 BG   Ekc  418   20  830 0.968 276.8 348.0   8.0  76.0
2004 729.000   10653 B    Bxo    8    9   20 0.977 256.4 348.0 -12.0  76.0
2004 729.000   10654 B    Dao  215    7  110 0.194  77.4 261.0   8.0 -11.0
2004 730.000   10652 BG   Eao   17    4  280 1.000 277.9 348.0   8.0  89.0
2004 730.000   10654 B    Dso  239    8  120 0.052 318.5 261.0   8.0   2.0
2004 731.000   10654 BG   Dso  231   12  120 0.260 279.1 261.0   8.0  15.0
2004 731.000   10655 A    Hax   66    1  110 0.953 101.4 175.0  -9.0 -71.0
2004 8 1.000   10654 BG   Dao  176   14  100 0.467 275.9 260.0   8.0  28.0
2004 8 1.000   10655 B    Dao  176    5  170 0.855 104.3 175.0  -9.0 -57.0
2004 8 2.000   10654 B    Eso  121    7   80 0.652 275.3 260.0   8.0  41.0
2004 8 2.000   10655 B    Eao  248   13  180 0.724 108.5 175.0  -9.0 -44.0
2004 8 3.000   10654 B    Eao  113    6  100 0.825 275.6 262.0   8.0  56.0
2004 8 3.000   10655 B    Eao  274   13  170 0.590 114.3 173.0  -9.0 -33.0
2004 8 4.000   10654 B    Dao   40    5   60 0.942 275.3 264.0   7.0  71.0
2004 8 4.000   10655 BG   Eac  370   27  200 0.374 133.3 177.0  -9.0 -16.0
2004 8 5.000   10654 B    Bxo    4    3   30 0.997 276.6 265.0   7.0  86.0
2004 8 5.000   10655 B    Eso  366   39  190 0.267 168.8 176.0  -9.0  -3.0
2004 8 6.000   10655 B    Eai  323   26  170 0.304 210.6 174.0  -9.0   9.0
2004 8 7.000   10655 B    Eai  279   20  160 0.488 238.7 177.0  -9.0  25.0
2004 8 7.000   10656 A    Hsx   26    1   40 0.946 105.0  83.0 -12.0 -69.0
2004 8 7.000   10657 A    Hax   24    1   80 0.988  80.8  74.0  10.0 -82.0
2004 8 8.000   10655 B    Fsi  345   22  230 0.659 246.9 177.0 -10.0  38.0
2004 8 8.000   10656 B    Dko  244    7  250 0.873 108.8  81.0 -13.0 -58.0
2004 8 8.000   10657 A    Hax   52    1   60 0.901  80.8  74.0  11.0 -65.0
2004 8 8.000   10658 A    Hsx   24    1   20 0.782 102.9  89.0  -6.0 -50.0
2004 8 9.000   10655 B    Eai  166   15  150 0.831 253.4 178.0 -10.0  54.0
2004 8 9.000   10656 BG   Eao  385   20  290 0.748 112.3  81.0 -12.0 -45.0
2004 8 9.000   10657 A    Hax   50    1   40 0.772  81.0  75.0  11.0 -51.0
2004 8 9.000   10658 A    Axx   15    1   10 0.638 105.9  88.0  -5.0 -38.0
2004 810.000   10655 B    Dao   93    9  140 0.943 258.0 182.0  -9.0  69.0
2004 810.000   10656 BGD  Ekc 1068   61  660 0.587 120.9  82.0 -12.0 -31.0
2004 810.000   10657 A    Hax   63    1   40 0.613  80.4  75.0  11.0 -38.0
2004 811.000   10655 B    Cao   19    4  100 0.995 259.2 183.0 -10.0  83.0
2004 811.000   10656 BGD  Ekc 1260   43  700 0.435 135.9  82.0 -12.0 -18.0
2004 811.000   10657 A    Hsx   54    1   30 0.424  78.0  75.0  11.0 -25.0
2004 811.000   10659 B    Cro   31    5   30 0.853  74.0  41.0  17.0 -59.0
2004 812.000   10656 BGD  Ekc 1862   68  990 0.339 171.3  83.0 -13.0  -3.0
2004 812.000   10657 A    Hsx  117    1   60 0.214  73.1  74.0  10.0 -12.0
2004 812.000   10659 B    Cso   55    2   40 0.721  72.7  40.0  17.0 -46.0
2004 812.000   10660 B    Cro   17    4   20 0.895 102.4  24.0  -8.0 -62.0
2004 813.000   10656 BGD  Fkc 2455   83 1320 0.368 204.5  82.0 -13.0   9.0
2004 813.000   10657 A    Hsx   59    1   30 0.068 329.7  75.0  10.0   2.0
2004 813.000   10659 A    Hax   49    1   30 0.561  67.5  40.0  18.0 -33.0
2004 813.000   10660 B    Dso   64    4   50 0.764 105.0  25.0  -7.0 -48.0
2004 813.000   10661 A    Hsx   19    1   80 0.993  82.7 349.0   8.0 -84.0
2004 814.000   10656 BGD  Fkc 2369   99 1360 0.491 228.0  82.0 -13.0  22.0
2004 814.000   10657 A    Hsx   57    1   30 0.262 283.6  75.0  10.0  15.0
2004 814.000   10659 B    Bxo   18    6   10 0.383  58.0  40.0  18.0 -20.0
2004 814.000   10660 B    Cao   63    2   40 0.609 110.7  25.0  -7.0 -35.0
2004 814.000   10661 B    Dao  217    2  360 0.953  84.7 347.0   7.0 -73.0
2004 815.000   10656 BGD  Fkc 1992   66 1300 0.642 240.4  82.0 -13.0  35.0
2004 815.000   10657 A    Hsx   35    2   20 0.468 278.7  75.0  10.0  28.0
2004 815.000   10660 A    Hsx   55    1   30 0.372 128.7  30.0  -7.0 -17.0
2004 815.000   10661 B    Dao  344    2  340 0.862  85.8 347.0   7.0 -60.0
2004 816.000   10656 BGD  Fhc 1626   54 1310 0.784 247.5  82.0 -13.0  48.0
2004 816.000   10657 A    Hsx   30    1   20 0.652 277.5  75.0  10.0  41.0
2004 816.000   10660 A    Hsx   19    1   10 0.248 163.8  30.0  -7.0  -4.0
2004 816.000   10661 B    Dko  535    2  390 0.727  86.7 348.0   7.0 -47.0
2004 817.000   10656 BGD  Fhc 1176   33 1330 0.897 251.8  82.0 -13.0  61.0
2004 817.000   10660 A    Hrx   19    1   10 0.293 216.0  30.0  -7.0  10.0
2004 817.000   10661 BD   Eko  781    4  470 0.556  87.6 348.0   7.0 -34.0
2004 818.000   10656 BGD  Fkc  349   21  930 0.982 254.3  84.0 -14.0  77.0
2004 818.000   10660 A    Axx   17    1   10 0.472 238.6  31.0  -8.0  24.0
2004 818.000   10661 BD   Dko  883   11  470 0.341  82.5 347.0   9.0 -20.0
2004 819.000   10656 B    Eao   16    7  190 0.999 257.2  85.0 -13.0  91.0
2004 819.000   10661 BG   Dko 1070   13  540 0.132  65.3 347.0  10.0  -7.0
2004 819.000   10662 B    Cro   35    3   20 0.471  77.4 326.0  12.0 -28.0
2004 820.000   10661 BG   Eko 1013   17  510 0.110 289.6 347.0   9.0   6.0
2004 820.000   10662 B    Cao   77   11   40 0.245  63.6 328.0  13.0 -13.0
2004 820.000   10663 A    Hax   59    2  110 0.963  83.6 266.0   8.0 -75.0
2004 821.000   10661 B    Eko  889   16  470 0.323 274.4 347.0   8.0  19.0
2004 821.000   10662 B    Dao  218   13  110 0.105  -0.0 328.0  13.0   0.0
2004 821.000   10663 B    Dao  185    7  230 0.915  82.1 261.0  10.0 -67.0
2004 821.000   10664 B    Dao   43    9   30 0.691 114.0 288.0 -11.0 -40.0
2004 822.000   10661 B    Dko  756    9  450 0.541 272.1 348.0   7.0  33.0
2004 822.000   10662 B    Dao  213   11  110 0.244 296.2 328.0  13.0  13.0
2004 822.000   10663 B    Eao  249    9  200 0.782  81.5 263.0  11.0 -52.0
2004 822.000   10664 B    Dao  155   19   90 0.502 124.0 290.0 -10.0 -25.0
2004 823.000   10661 B    Dko  589    7  430 0.728 271.6 348.0   6.0  47.0
2004 823.000   10662 B    Dao   88    6   50 0.458 284.8 328.0  13.0  27.0
2004 823.000   10663 B    Eso  280   14  180 0.625  81.2 262.0  11.0 -39.0
2004 823.000   10664 B    Dao  186   22  100 0.355 144.8 289.0 -10.0 -12.0
2004 823.000   10665 B    Bxo   19    3   10 0.263 259.3 316.0   4.0  15.0
2004 824.000   10661 B    Dko  416    6  410 0.862 274.0 348.0   7.0  60.0
2004 824.000   10662 A    Hrx   15    1   10 0.654 283.3 329.0  14.0  41.0
2004 824.000   10663 BG   Eso  269   17  150 0.438  79.3 262.0  11.0 -26.0
2004 824.000   10664 B    Eso  227   17  120 0.314 189.4 291.0 -11.0   3.0
2004 824.000   10665 B    Bxo   17    2   10 0.468 267.4 316.0   5.0  28.0
2004 825.000   10661 B    Dho  192    3  320 0.953 274.1 348.0   6.0  73.0
2004 825.000   10663 B    Cso  195    5  100 0.212  75.3 263.0  10.0 -12.0
2004 825.000   10664 B    Eso  255   17  140 0.408 221.5 291.0 -11.0  16.0
2004 826.000   10661 B    Dho   49    3  300 0.997 275.5 348.0   6.0  86.0
2004 826.000   10663 B    Eso  279   16  140 0.053 341.2 263.0  10.0   1.0
2004 826.000   10664 B    Eso  182   11  110 0.560 238.2 291.0 -11.0  29.0
2004 827.000   10663 B    Cao  232   16  120 0.244 282.7 263.0  10.0  14.0
2004 827.000   10664 B    Dao  168    8  120 0.714 246.9 291.0 -11.0  42.0
2004 828.000   10663 B    Eao  142   12   80 0.452 278.0 263.0  10.0  27.0
2004 828.000   10664 A    Hsx   88    1   90 0.870 253.0 293.0 -11.0  58.0
2004 829.000   10663 B    Eso  121    7   80 0.651 277.0 263.0  10.0  41.0
2004 829.000   10664 A    Hsx   46    1   90 0.965 256.5 295.0 -11.0  73.0
2004 830.000   10663 B    Cao   42    4   40 0.844 273.7 268.0   7.0  58.0
2004 830.000   10664 A    Hsx    7    1   60 0.998 258.4 302.0 -11.0  85.0
2004 830.000   10666 A    Axx    0    1    0 0.524  71.0 178.0  16.0 -31.0
2004 831.000   10663 B    Dao   83    9  140 0.955 272.0 269.0   4.0  73.0
2004 831.000   10666 A    Axx    0    1    0 0.330  57.9 179.0  17.0 -17.0
2004 9 1.000   10663 A    Hax    4    1   50 0.999 272.7 271.0   3.0  88.0
2004 9 2.000   10667 A    Hax   78    2  180 0.976 100.9  93.0  -9.0 -76.0
2004 9 3.000   10666 A    Axx   18    2   10 0.395 294.1 177.0  16.0  22.0
2004 9 3.000   10667 A    Hkx  218    3  250 0.900 104.8  93.0 -10.0 -62.0
2004 9 4.000   10667 A    Hhx  313    1  250 0.779 110.5  94.0 -11.0 -48.0
2004 9 4.000   10668 B    Cso   31    4   20 0.622 242.0 176.0 -11.0  34.0
2004 9 5.000   10667 A    Hkx  522    2  340 0.640 115.2  93.0 -10.0 -36.0
2004 9 5.000   10668 B    Cao   61    6   50 0.785 251.1 178.0 -10.0  49.0
2004 9 6.000   10667 A    Hkx  436    4  250 0.489 128.3  93.0 -11.0 -23.0
2004 9 6.000   10668 B    Cao   40    6   50 0.915 254.6 179.0 -11.0  64.0
2004 9 6.000   10669 B    Bxo   47    7   30 0.607 109.9  81.0  -6.0 -35.0
2004 9 6.000   10670 A    Axx   15    2   10 0.641 122.2  82.0 -14.0 -34.0
2004 9 7.000   10667 B    Dao  450   10  240 0.347 153.8  94.0 -11.0  -9.0
2004 9 7.000   10668 A    Hsx   21    1   50 0.977 258.0 179.0 -10.0  76.0
2004 9 7.000   10669 B    Dso   91   12   50 0.402 126.5  84.0  -7.0 -19.0
2004 9 7.000   10670 A    Axx   17    4   10 0.465 136.9  84.0 -13.0 -19.0
2004 9 7.000   10671 B    Dsi   66    5   40 0.554 239.5 132.0 -10.0  29.0
2004 9 8.000   10667 A    Hkx  549    4  290 0.320 192.3  93.0 -11.0   4.0
2004 9 8.000   10668 A    Axx    0    1   10 1.000 261.1 179.0  -9.0  90.0
2004 9 8.000   10669 B    Dai  174   15   90 0.251 155.5  83.0  -6.0  -6.0
2004 9 8.000   10670 B    Bxo   18   14   10 0.368 169.4  85.0 -14.0  -4.0
2004 9 8.000   10671 B    Dso  111   11   80 0.715 246.8 131.0 -11.0  42.0
2004 9 9.000   10667 A    Hkx  471    3  260 0.421 223.0  93.0 -11.0  17.0
2004 9 9.000   10669 B    Dai  173   21   90 0.262 216.5  85.0  -5.0   9.0
2004 9 9.000   10670 A    Axx   18    4   10 0.380 198.1  83.0 -14.0   7.0
2004 9 9.000   10671 B    Dai  204   17  190 0.843 253.2 131.0 -10.0  55.0
2004 910.000   10667 A    Hkx  400    7  250 0.598 240.5  95.0 -11.0  32.0
2004 910.000   10669 B    Dao  177   17  100 0.460 241.7  87.0  -6.0  24.0
2004 910.000   10671 B    Dao  208   13  300 0.938 257.6 131.0  -9.0  68.0
2004 910.000   10672 B    Dai  179    5  300 0.954  87.0 350.0   5.0 -73.0
2004 911.000   10667 A    Hhx  332    5  250 0.747 248.3  95.0 -11.0  45.0
2004 911.000   10669 B    Dsi   49   18  130 0.981 262.4  87.0  -6.0  78.0
2004 911.000   10671 B    Dki   98   11  370 0.991 259.9 131.0  -9.0  81.0
2004 911.000   10672 B    Dai  262   13  260 0.863  88.4 350.0   5.0 -60.0
2004 912.000   10667 B    Dao  177    7  180 0.871 253.0  95.0 -11.0  58.0
2004 912.000   10669 B    Cso   97    8   80 0.794 256.7  88.0  -6.0  51.0
2004 912.000   10671 A    Hsx   29    2  170 0.996 261.5 131.0  -9.0  94.0
2004 912.000   10672 BG   Eai  369   30  270 0.729  89.9 350.0   5.0 -47.0
2004 913.000   10667 B    Cao  127    4  230 0.961 256.3  95.0 -11.0  72.0
2004 913.000   10669 A    Hsx   62    2   80 0.922 260.4  89.0  -6.0  66.0
2004 913.000   10672 BG   Eai  436   49  260 0.543  91.9 350.0   5.0 -33.0
2004 914.000   10667 A    Hax   22    1  180 0.998 259.4  95.0 -10.0  85.0
2004 914.000   10669 A    Hax   17    2   60 0.989 264.9  91.0  -4.0  81.0
2004 914.000   10672 BG   Dao  500   32  270 0.377  97.1 348.0   4.0 -22.0
2004 915.000   10669 A    Hax   11    1   60 0.995 264.6  92.0  -6.0  95.0
2004 915.000   10672 BD   Eai  610   49  310 0.177 101.8 347.0   5.0 -10.0
2004 916.000   10672 BD   Eai  638   46  320 0.064 234.3 347.0   5.0   3.0
2004 916.000   10673 A    Hax   75    1  140 0.963 105.7 272.0 -13.0 -72.0
2004 917.000   10672 BD   Eai  439   45  230 0.293 263.7 348.0   5.0  17.0
2004 917.000   10673 BG   Eki  213   15  240 0.896 107.2 269.0 -12.0 -61.0
2004 918.000   10672 B    Eai  262   37  150 0.483 267.5 347.0   5.0  29.0
2004 918.000   10673 B    Eko  371   19  320 0.814 111.6 267.0 -13.0 -51.0
2004 919.000   10672 B    Cao  142   16  100 0.703 271.4 349.0   6.0  45.0
2004 919.000   10673 B    Eso  550   14  360 0.645 119.9 269.0 -13.0 -35.0
2004 920.000   10672 B    Cro   74    7   70 0.845 271.5 349.0   5.0  58.0
2004 920.000   10673 B    Eso  521   15  300 0.495 132.5 269.0 -13.0 -22.0
2004 921.000   10672 B    Dso   53    7   80 0.943 272.8 349.0   5.0  71.0
2004 921.000   10673 B    Dho  575   18  310 0.374 155.9 269.0 -13.0  -9.0
2004 921.000   10674 B    Bxo   17    4   10 0.478 233.6 301.0 -10.0  23.0
2004 922.000   10672 A    Hsx    7    1   50 0.997 273.5 351.0   4.0  86.0
2004 922.000   10673 B    Dho  543   12  290 0.348 191.2 269.0 -13.0   4.0
2004 923.000   10673 B    Dao  466   14  260 0.441 220.3 269.0 -13.0  17.0
2004 924.000   10673 B    Dso  384    9  240 0.597 237.1 269.0 -13.0  31.0
2004 925.000   10673 B    Dso  321    5  240 0.743 245.6 269.0 -13.0  44.0
2004 926.000   10673 A    Hhx  250    3  250 0.866 250.7 269.0 -13.0  57.0
2004 926.000   10675 A    Hax   57    1  120 0.971 100.0 137.0  -8.0 -75.0
2004 927.000   10673 A    Hsx   91    1  180 0.967 253.6 272.0 -14.0  73.0
2004 927.000   10675 A    Hsx   82    1   90 0.888 102.7 138.0  -8.0 -61.0
2004 928.000   10673 A    Hsx    1    1  200 1.000 254.9 274.0 -15.0  88.0
2004 928.000   10675 A    Hsx  141    1  110 0.767 106.4 138.0  -8.0 -48.0
2004 929.000   10675 A    Hax  157    1  100 0.614 112.3 138.0  -8.0 -35.0
2004 929.000   10676 A    Hax   25    1   60 0.977 102.9  97.0 -11.0 -76.0
2004 930.000   10675 A    Hax  161    1   90 0.445 123.4 137.0  -8.0 -22.0
2004 930.000   10676 A    Hax   48    1   60 0.914 105.2  95.0 -11.0 -64.0
200410 1.000   10675 A    Hsx  191    1  100 0.287 151.3 138.0  -8.0  -8.0
200410 1.000   10676 A    Hax   68    1   60 0.819 109.7  94.0 -12.0 -52.0
200410 1.000   10677 B    Cso   59    4   30 0.175 116.9 137.0   2.0  -9.0
200410 2.000   10675 A    Hsx  172    2   90 0.287 201.1 139.0  -9.0   6.0
200410 2.000   10676 A    Hsx   74    1   50 0.671 116.1  95.0 -12.0 -38.0
200410 2.000   10677 B    Bxo   19    4   10 0.142 227.2 139.0   1.0   6.0
200410 3.000   10675 A    Hsx  163    2   90 0.415 230.9 139.0  -9.0  19.0
200410 3.000   10676 A    Hsx   68    1   40 0.515 126.6  95.0 -12.0 -25.0
200410 3.000   10677 A    Axx   18    2   10 0.365 258.7 141.0   2.0  21.0
200410 4.000   10675 A    Hsx  112    2   70 0.593 245.2 140.0  -9.0  33.0
200410 4.000   10676 B    Cso   74    5   40 0.366 149.3  96.0 -12.0 -11.0
200410 4.000   10678 B    Dso   34    2   20 0.487 283.1 136.0  12.0  29.0
200410 5.000   10675 A    Hsx   92    2   70 0.751 250.6 139.0 -10.0  46.0
200410 5.000   10676 B    Dso   95    7   50 0.301 186.5  95.0 -11.0   2.0
200410 5.000   10678 B    Dso   29    2   20 0.666 280.8 135.0  12.0  42.0
200410 6.000   10675 A    Hsx   67    1   70 0.877 253.7 139.0 -11.0  59.0
200410 6.000   10676 B    Cso   73    8   40 0.401 219.1  95.0 -12.0  15.0
200410 6.000   10678 A    Axx   10    1   10 0.843 281.4 138.0  13.0  58.0
200410 7.000   10675 A    Hsx   26    1   60 0.976 258.3 143.0 -10.0  76.0
200410 7.000   10676 B    Cso   49    4   30 0.557 235.2  95.0 -13.0  28.0
200410 7.000   10678 B    Cso   38    4   40 0.878 280.3 129.0  12.0  62.0
200410 8.000   10675 A    Hsx    0    1   60 1.000 260.0 143.0 -10.0  89.0
200410 8.000   10676 A    Hsx   28    1   20 0.708 244.6  95.0 -13.0  41.0
200410 8.000   10678 B    Dro   32    6   60 0.962 280.7 129.0  12.0  75.0
200410 9.000   10676 B    Bxo   21    3   20 0.838 250.1  95.0 -13.0  54.0
200410 9.000   10680 B    Dao   23    5   80 0.989 284.3 124.0  15.0  83.0
20041010.000   10676 A    Axx   14    1   20 0.935 253.6  95.0 -13.0  67.0
20041010.000   10680 B    Cso    4    3   90 1.000 285.2 121.0  15.0  93.0
20041013.000   10681 B    Bxo   19    4   10 0.187 305.1 357.0  12.0   9.0
20041014.000   10681 B    Cso   37    9   20 0.365 285.4 356.0  11.0  21.0
20041014.000   10682 B    Cao  136   12  170 0.916 107.0 271.0 -13.0 -64.0
20041015.000   10681 A    Axx   32    4   20 0.586 279.1 358.0  10.0  36.0
20041015.000   10682 B    Dsi  294   14  245 0.799 111.0 272.0 -13.0 -50.0
20041016.000   10682 B    Dai  358   16  240 0.665 118.5 271.0 -14.0 -37.0
20041017.000   10681 A    Axx    9    2   10 0.879 278.4 357.0  10.0  62.0
20041017.000   10682 B    Dai  360   21  210 0.513 129.6 271.0 -14.0 -24.0
20041018.000   10682 B    Dao  278   14  150 0.373 153.1 272.0 -14.0 -10.0
20041018.000   10683 B    Cao   53    6   30 0.443 123.3 260.0  -9.0 -22.0
20041018.000   10684 A    Hsx   24    1   30 0.911  96.9 217.0  -4.0 -65.0
20041019.000   10682 B    Dao  246   15  130 0.320 189.2 272.0 -13.0   3.0
20041019.000   10683 B    Dao   95   10   50 0.298 152.6 261.0 -10.0  -8.0
20041019.000   10684 A    Hax   23    1   20 0.808 100.2 216.0  -5.0 -53.0
20041019.000   10685 B    Cao   35    9   20 0.469 111.4 243.0  -5.0 -26.0
20041019.000   10686 A    Axx   13    1   10 0.758 122.3 226.0 -20.0 -43.0
20041020.000   10682 BG   Eao  215    9  120 0.443 225.7 275.0 -13.0  19.0
20041020.000   10683 B    Bxo  114    5   60 0.294 196.9 261.0 -11.0   5.0
20041020.000   10684 B    Cso   59    2   40 0.669 102.0 215.0  -4.0 -41.0
20041020.000   10685 B    Cso   57    7   30 0.284 133.2 244.0  -6.0 -12.0
20041020.000   10686 A    Axx   15    1   10 0.638 130.6 225.0 -20.0 -31.0
20041020.000   10687 B    Dao   48    2  120 0.979  80.9 177.0  10.0 -79.0
20041021.000   10682 BG   Eai  237   20  150 0.609 240.6 275.0 -13.0  33.0
20041021.000   10683 B    Cso   54   10   30 0.410 227.8 260.0 -11.0  18.0
20041021.000   10684 A    Hax   52    2   30 0.482 110.4 215.0  -5.0 -27.0
20041021.000   10685 B    Dao   58   13   30 0.198 190.1 244.0  -6.0   2.0
20041021.000   10686 A    Hsx   34    1   20 0.504 147.0 225.0 -20.0 -17.0
20041021.000   10687 BG   Dac  137    7  160 0.903  81.4 177.0  10.0 -65.0
20041021.000   10688 B    Dso   51    6   40 0.762 254.9 290.0  -8.0  48.0
20041022.000   10682 BG   Eac  183   13  140 0.757 247.9 275.0 -13.0  46.0
20041022.000   10683 B    Dso   65    7   40 0.571 242.3 260.0 -11.0  31.0
20041022.000   10684 A    Hrx   19    1   10 0.297 125.8 215.0  -5.0 -14.0
20041022.000   10685 B    Dso   94   10   50 0.320 233.5 244.0  -6.0  15.0
20041022.000   10687 BG   Cko  260    7  210 0.785  81.3 177.0  10.0 -52.0
20041022.000   10688 B    Dso   37    3   40 0.885 258.1 290.0  -8.0  61.0
20041022.000   10689 A    Hsx   34    1   60 0.958  79.0 155.0  12.0 -74.0
20041023.000   10682 BG   Esi  144   10  150 0.877 252.2 275.0 -13.0  59.0
20041023.000   10683 B    Cro   27    4   20 0.727 249.7 260.0 -11.0  44.0
20041023.000   10684 B    Dai  393   12  200 0.176 174.3 215.0  -5.0  -1.0
20041023.000   10685 B    Dso   86    9   50 0.501 248.7 244.0  -6.0  28.0
20041023.000   10687 BG   Eki  435   16  280 0.629  80.4 177.0  10.0 -39.0
20041023.000   10688 A    Axx   31    1   60 0.966 260.3 290.0  -8.0  74.0
20041023.000   10689 A    Hsx   58    1   60 0.871  79.1 155.0  12.0 -61.0
20041023.000   10690 A    Hax   24    1   60 0.978  91.1 138.0   0.0 -78.0
20041024.000   10682 B    Dso   42    7   80 0.964 255.0 276.0 -13.0  73.0
20041024.000   10684 B    Dai  348   17  180 0.249 236.6 215.0  -3.0  12.0
20041024.000   10685 B    Bxo   13    6   10 0.722 256.8 248.0  -6.0  45.0
20041024.000   10687 BG   Eai  475   27  270 0.475  76.0 175.0  11.0 -28.0
20041024.000   10688 A    Axx    1    1   20 0.999 261.8 290.0  -8.0  87.0
20041024.000   10689 A    Hax   53    1   40 0.742  78.3 155.0  12.0 -48.0
20041024.000   10690 A    Hsx   56    1   70 0.914  92.2 137.0   0.0 -66.0
20041024.000   10691 A    Hsx   36    1   50 0.930  74.7 134.0  16.0 -69.0
20041025.000   10682 B    Cao    3    4   30 0.999 257.7 276.0 -12.0  86.0
20041025.000   10684 B    Dai  263   24  150 0.476 252.2 217.0  -4.0  27.0
20041025.000   10685 A    Axx   21    3   20 0.840 258.4 246.0  -7.0  56.0
20041025.000   10687 BD   Eki  537   44  280 0.283  63.4 175.0  12.0 -15.0
20041025.000   10689 A    Hsx   82    1   50 0.562  77.6 156.0  11.0 -34.0
20041025.000   10690 A    Hax   83    3   70 0.800  93.7 137.0   0.0 -53.0
20041025.000   10691 BGD  Eai  155   11  150 0.856  75.4 131.0  15.0 -59.0
20041025.000   10692 B    Dao  112    8   70 0.600 127.1 160.0 -17.0 -30.0
20041026.000   10684 B    Dao  153   10  100 0.642 257.9 216.0  -4.0  39.0
20041026.000   10687 BG   Eai  733   48  370 0.136  22.2 174.0  12.0  -3.0
20041026.000   10689 A    Hax  110    3   60 0.389  70.3 155.0  12.0 -22.0
20041026.000   10690 A    Hax  106    2   70 0.648  97.2 137.0  -1.0 -40.0
20041026.000   10691 BGD  Eai  199   17  150 0.746  74.1 129.0  15.0 -48.0
20041026.000   10692 B    Dao  194    6  110 0.465 145.7 161.0 -18.0 -16.0
20041027.000   10684 A    Hax  103    1   90 0.817 260.5 217.0  -5.0  54.0
20041027.000   10687 BG   Eai  642   46  330 0.227 304.6 174.0  12.0  11.0
20041027.000   10689 A    Hax   97    1   50 0.213  52.9 153.0  12.0 -10.0
20041027.000   10690 A    Hsx  232    3  130 0.445  99.5 137.0   0.0 -26.0
20041027.000   10691 BGD  Eao  184    9  110 0.546  69.5 131.0  15.0 -32.0
20041027.000   10692 B    Dao  165    4   90 0.389 172.6 160.0 -18.0  -3.0
20041028.000   10684 A    Hsx   63    3   90 0.936 264.0 219.0  -4.0  69.0
20041028.000   10687 BG   Eai  653   50  360 0.420 288.8 174.0  12.0  24.0
20041028.000   10689 A    Hsx  118    2   60 0.139 338.3 153.0  12.0   3.0
20041028.000   10690 B    Cso  192    7  100 0.270 106.7 135.0   0.0 -15.0
20041028.000   10691 B    Cao  258   12  140 0.386  58.4 130.0  16.0 -20.0
20041028.000   10692 B    Dso  108    5   60 0.424 205.4 161.0 -18.0  11.0
20041028.000   10693 A    Hsx   33    1   60 0.959 105.0  78.0 -13.0 -72.0
20041029.000   10684 A    Hsx   27    1  120 0.993 264.4 220.0  -5.0  83.0
20041029.000   10687 BG   Eai  397   37  250 0.606 283.9 174.0  12.0  37.0
20041029.000   10689 A    Hsx  113    1   60 0.316 295.1 154.0  12.0  17.0
20041029.000   10690 B    Dso  159    6   80 0.097 190.3 138.0  -1.0   1.0
20041029.000   10691 BG   Dao  274   11  140 0.194  20.3 133.0  15.0  -4.0
20041029.000   10692 A    Hax   65    2   40 0.572 229.1 164.0 -18.0  27.0
20041029.000   10693 BG   Eho  296    8  330 0.893 108.1  76.0 -14.0 -61.0
20041029.000   10694 B    Cso   36    4   20 0.414  60.4 115.0  16.0 -22.0
20041030.000   10684 A    Hax    8    1   60 0.997 266.3 218.0  -4.0  94.0
20041030.000   10687 BG   Dai  205   13  160 0.766 282.0 174.0  12.0  50.0
20041030.000   10689 A    Hsx   86    1   50 0.509 286.2 154.0  12.0  30.0
20041030.000   10690 A    Hax  135    3   70 0.253 252.9 138.0   0.0  14.0
20041030.000   10691 B    Dao  231   12  120 0.266 304.6 137.0  13.0  13.0
20041030.000   10692 A    Hsx   27    1   20 0.732 240.3 166.0 -18.0  42.0
20041030.000   10693 BG   Ehi  771   12  590 0.757 112.8  78.0 -14.0 -46.0
20041030.000   10694 B    Bxo   19    7   10 0.248  28.1 117.0  17.0  -7.0
20041031.000   10687 A    Hax   74    4   90 0.911 281.2 177.0  12.0  66.0
20041031.000   10689 A    Hsx   29    1   20 0.685 283.0 154.0  12.0  43.0
20041031.000   10690 B    Cso   71    6   40 0.457 263.8 138.0   1.0  27.0
20041031.000   10691 BG   Fao  358   24  200 0.446 293.1 136.0  14.0  25.0
20041031.000   10692 A    Axx    0    2    0 0.848 244.4 165.0 -19.0  54.0
20041031.000   10693 BG   Ehi  820   29  530 0.633 121.9  77.0 -16.0 -34.0
20041031.000   10694 B    Cso   39    5   20 0.212 331.5 117.0  15.0   6.0
20041031.000   10695 B    Dao   68    2  100 0.940 107.7  43.0 -15.0 -68.0
200411 1.000   10687 B    Cao   22    4   60 0.983 281.4 177.0  12.0  80.0
200411 1.000   10689 A    Hax   43    1   40 0.837 280.4 154.0  11.0  57.0
200411 1.000   10690 B    Dao   59    7   40 0.662 262.2 138.0  -2.0  41.0
200411 1.000   10691 BG   Dac  398   23  270 0.674 284.7 139.0  13.0  42.0
200411 1.000   10693 BG   Fkc 1320   50  760 0.495 133.4  75.0 -16.0 -22.0
200411 1.000   10694 A    Axx   18    4   10 0.319 302.9 113.0  14.0  16.0
200411 1.000   10695 B    Dao  138    4  130 0.846 110.7  42.0 -15.0 -55.0
200411 2.000   10687 B    Bxo    1    2   30 1.000 281.1 176.0  11.0  92.0
200411 2.000   10689 A    Hax   13    1   20 0.943 280.2 155.0  11.0  71.0
200411 2.000   10690 B    Cao   70    4   60 0.812 264.6 138.0  -2.0  54.0
200411 2.000   10691 B    Dao  160    8  140 0.819 283.0 139.0  13.0  55.0
200411 2.000   10693 BG   Fkc 1450   50  780 0.368 158.7  76.0 -16.0  -8.0
200411 2.000   10695 B    Dso  102    3   70 0.683 117.2  45.0 -15.0 -39.0
200411 2.000   10696 B    Dao   55    6   60 0.889  82.0  21.0   9.0 -63.0
200411 3.000   10689 A    Axx    0    1    0 0.986 279.5 152.0  10.0  81.0
200411 3.000   10690 A    Axx    7    1   10 0.921 267.2 138.0  -1.0  67.0
200411 3.000   10691 BG   Dao  134    6  170 0.918 281.4 138.0  12.0  67.0
200411 3.000   10693 BG   Ekc 1364   34  720 0.320 195.3  76.0 -14.0   5.0
200411 3.000   10695 B    Dao  102    3   60 0.519 121.1  44.0 -12.0 -27.0
200411 3.000   10696 B    Dao  150    5  110 0.730  82.8  24.0   8.0 -47.0
200411 4.000   10690 A    Hrx    9    1   30 0.988 268.4 139.0  -1.0  81.0
200411 4.000   10691 BG   Dai   66   10  200 0.986 282.5 139.0  13.0  81.0
200411 4.000   10693 BGD  Fkc 1240   44  690 0.438 223.0  76.0 -15.0  18.0
200411 4.000   10695 B    Dao   93    4   50 0.366 146.6  46.0 -14.0 -12.0
200411 4.000   10696 BG   Dac  456   14  270 0.533  79.2  26.0   9.0 -32.0
200411 5.000   10691 B    Dao    9    3   90 0.999 283.3 139.0  13.0  94.0
200411 5.000   10693 BGD  Fkc  970   46  600 0.588 237.8  76.0 -15.0  31.0
200411 5.000   10695 B    Cao   57    5   30 0.306 176.8  45.0 -14.0  -1.0
200411 5.000   10696 BGD  Dkc 1092   41  580 0.335  73.6  26.0   9.0 -19.0
200411 6.000   10693 BG   Fki  731   31  540 0.736 245.7  76.0 -15.0  44.0
200411 6.000   10695 B    Cso   74    4   40 0.373 215.9  45.0 -14.0  13.0
200411 6.000   10696 BGD  Ekc 1624   18  820 0.139  47.9  26.0   9.0  -6.0
200411 7.000   10693 BG   Fai  417   15  410 0.861 250.2  75.0 -15.0  57.0
200411 7.000   10695 B    Dso   33    2   20 0.530 236.2  45.0 -14.0  27.0
200411 7.000   10696 BGD  Ekc 1794   33  910 0.167 304.8  26.0   9.0   8.0
200411 7.000   10697 A    Hsx   12    1   10 0.787 273.6  70.0   5.0  52.0
200411 7.000   10698 B    Cso   28    5   20 0.694 251.6  60.0 -10.0  42.0
200411 8.000   10693 BG   Fko  146    7  250 0.956 251.0  76.0 -17.0  71.0
200411 8.000   10695 B    Cso   14    1   10 0.696 242.7  45.0 -16.0  40.0
200411 8.000   10696 BGD  Eki 1202   26  650 0.380 282.7  27.0   8.0  22.0
200411 8.000   10697 A    Axx    8    1   10 0.912 276.1  71.0   7.0  66.0
200411 8.000   10698 B    Dso   65    9   60 0.840 257.0  61.0  -9.0  56.0
200411 9.000   10693 A    Hax   27    3  120 0.993 252.4  74.0 -17.0  82.0
200411 9.000   10696 BGD  Ekc  969   48  600 0.589 279.0  28.0   8.0  36.0
200411 9.000   10698 B    Dai   88   12  150 0.955 259.5  64.0  -9.0  72.0
20041110.000   10693 A    Hax    9    2   70 0.998 252.2  71.0 -18.0  93.0
20041110.000   10696 BGD  Ekc  939   37  730 0.766 277.7  28.0   8.0  50.0
20041110.000   10698 B    Dao   30    9  160 0.996 260.6  62.0  -9.0  84.0
20041110.000   10699 A    Hrx   14    2   20 0.927 108.7 272.0 -16.0 -66.0
20041111.000   10696 BGD  Eac  443   29  470 0.882 277.4  27.0   8.0  62.0
20041111.000   10699 A    Hsx   33    1   30 0.824 110.6 272.0 -15.0 -53.0
20041112.000   10696 BGD  Eac  207   20  420 0.969 277.5  27.0   8.0  76.0
20041112.000   10699 A    Hsx   45    1   30 0.660 115.2 273.0 -14.0 -38.0
20041112.000   10700 B    Dso   39    7   20 0.039 296.9 313.0   4.0   2.0
20041112.000   10701 B    Cso   50    2   80 0.949 107.9 241.0 -16.0 -70.0
20041113.000   10696 A    Hax    8    1   70 0.998 277.9  25.0   8.0  87.0
20041113.000   10699 B    Cso   51    3   30 0.525 122.9 271.0 -14.0 -27.0
20041113.000   10700 B    Dso   58    6   30 0.244 279.1 312.0   5.0  14.0
20041113.000   10701 B    Cso   92    2  100 0.886 110.9 238.0 -17.0 -60.0
20041114.000   10699 B    Dao   72    4   40 0.414 137.0 268.0 -15.0 -17.0
20041114.000   10700 BG   Dac  142   13   80 0.454 275.6 312.0   5.0  27.0
20041114.000   10701 B    Cao  132    3  100 0.750 115.6 240.0 -17.0 -45.0
20041115.000   10699 B    Dro  153   11   80 0.274 169.3 269.0 -13.0  -3.0
20041115.000   10700 BG   Dri  122   26   80 0.642 273.1 312.0   4.0  40.0
20041115.000   10701 A    Hax  115    2   70 0.567 121.6 242.0 -15.0 -30.0
20041116.000   10699 B    Eao   94    6   50 0.316 212.4 269.0 -13.0  10.0
20041116.000   10700 BG   Dai  241   18  200 0.798 273.1 312.0   4.0  53.0
20041116.000   10701 B    Cso  127    3   70 0.411 136.6 242.0 -15.0 -17.0
20041117.000   10699 B    Dso   53    4   30 0.462 235.4 269.0 -13.0  23.0
20041117.000   10700 BG   Eao  251   11  320 0.920 273.3 312.0   4.0  67.0
20041117.000   10701 A    Hsx  114    1   60 0.306 167.3 242.0 -15.0  -4.0
20041118.000   10699 B    Cro   31    2   20 0.627 245.9 269.0 -13.0  36.0
20041118.000   10700 BG   Dso   63    5  180 0.984 273.7 312.0   4.0  80.0
20041118.000   10701 A    Hsx   94    1   50 0.333 207.0 241.0 -15.0   9.0
20041118.000   10702 B    Dso  139   11   80 0.493 245.0 259.0 -10.0  27.0
20041119.000   10699 A    Axx   12    2   10 0.787 251.6 269.0 -13.0  50.0
20041119.000   10700 BG   Dao    2    2   30 0.999 274.1 312.0   4.0  93.0
20041119.000   10701 A    Hsx  106    1   60 0.465 231.1 241.0 -15.0  22.0
20041119.000   10702 B    Dso   74   10   50 0.664 252.3 259.0 -10.0  40.0
20041119.000   10703 A    Axx   13    1   10 0.729  74.1 173.0  13.0 -46.0
20041119.000   10704 A    Hax   26    1   50 0.965  78.2 144.0  12.0 -75.0
20041120.000   10699 A    Axx    0    1    0 0.916 253.7 271.0 -14.0  65.0
20041120.000   10701 A    Hsx   78    1   50 0.617 240.5 240.0 -16.0  34.0
20041120.000   10702 B    Dso   68    6   60 0.822 255.1 260.0 -11.0  54.0
20041120.000   10703 A    Axx   49    2   30 0.576  71.9 172.0  12.0 -34.0
20041120.000   10704 A    Hsx   65    1   70 0.885  76.4 144.0  13.0 -62.0
20041121.000   10701 A    Hsx   63    2   50 0.774 247.4 241.0 -16.0  48.0
20041121.000   10702 A    Hrx   11    1   20 0.954 259.9 265.0  -9.0  72.0
20041121.000   10704 B    Dao  136    7  110 0.783  76.2 142.0  12.0 -51.0
20041122.000   10701 A    Hsx   27    1   30 0.888 252.1 241.0 -15.0  61.0
20041122.000   10704 B    Dso  137    6   90 0.643  73.3 141.0  12.0 -39.0
20041123.000   10701 A    Hsx   15    1   30 0.967 251.9 241.0 -17.0  74.0
20041123.000   10704 B    Dso  195    7  110 0.457  64.2 142.0  13.0 -25.0
20041124.000   10701 A    Hsx    6    1   30 0.994 254.7 237.0 -15.0  83.0
20041124.000   10704 B    Dso  173    6   90 0.261  45.7 143.0  12.0 -11.0
20041124.000   10705 B    Dao   60    8   70 0.900 264.8 218.0  -4.0  64.0
20041125.000   10703 A    Axx   16    4   10 0.542 292.1 172.0  13.0  31.0
20041125.000   10704 B    Dao  175    7   90 0.212 341.3 145.0  13.0   4.0
20041125.000   10705 B    Cao   20    5   60 0.985 265.7 221.0  -4.0  80.0
20041125.000   10706 B    Dao   51    5   80 0.948  98.9  70.0  -8.0 -71.0
20041125.000   10707 A    Hax   56    1   80 0.936 107.7  73.0 -16.0 -68.0
20041126.000   10704 B    Dao  131    6   70 0.350 305.6 145.0  13.0  17.0
20041126.000   10705 B    Cao   10    3   60 0.996 266.1 223.0  -4.0  95.0
20041126.000   10706 B    Dao   77    6   70 0.835 100.5  72.0  -8.0 -56.0
20041126.000   10707 B    Cao  114    6  110 0.854 108.5  71.0 -15.0 -57.0
20041127.000   10704 B    Cao  102    6   60 0.525 291.3 145.0  12.0  30.0
20041127.000   10706 B    Dao  199    5  140 0.703 101.2  71.0  -7.0 -44.0
20041127.000   10707 BG   Dai  212    9  150 0.706 114.3  73.0 -16.0 -42.0
20041127.000   10708 A    Hax   37    1  120 0.987  82.1  34.0   8.0 -81.0
20041128.000   10704 A    Hax   42    3   30 0.709 287.4 145.0  13.0  44.0
20041128.000   10706 B    Cao  203    6  120 0.529 105.0  70.0  -7.0 -31.0
20041128.000   10707 BG   Dai  289   14  170 0.525 123.7  74.0 -16.0 -27.0
20041128.000   10708 A    Hsx   77    1  100 0.922  79.6  34.0  10.0 -67.0
20041129.000   10704 B    Bxo   11    3   10 0.817 285.3 142.0  13.0  54.0
20041129.000   10706 B    Cso  280    6  150 0.351 112.9  69.0  -7.0 -19.0
20041129.000   10707 B    Cao  317   15  170 0.360 139.5  74.0 -15.0 -14.0
20041129.000   10708 B    Cso  154    2  140 0.833  78.6  32.0  10.0 -56.0
20041130.000   10706 A    Hsx  236    1  120 0.175 150.5  70.0  -8.0  -5.0
20041130.000   10707 B    Cao  328    8  170 0.257 172.4  73.0 -14.0  -2.0
20041130.000   10708 A    Hsx  227    1  150 0.654  75.5  35.0  10.0 -40.0
200412 1.000   10706 A    Hsx  215    2  110 0.204 222.5  70.0  -8.0   8.0
200412 1.000   10707 B    Dao  340    9  180 0.323 218.6  74.0 -14.0  12.0
200412 1.000   10708 A    Hsx  227    1  130 0.481  67.9  35.0  11.0 -27.0
200412 2.000   10706 A    Hsx  148    2   80 0.379 249.9  70.0  -7.0  21.0
200412 2.000   10707 BG   Dsc  418   16  240 0.491 232.3  73.0 -17.0  24.0
200412 2.000   10708 B    Cso  249    4  130 0.281  58.3  35.0   9.0 -14.0
200412 3.000   10706 B    Cso  161    3   90 0.447 257.9  62.0  -5.0  26.0
200412 3.000   10707 B    Dac  355   19  230 0.634 247.0  73.0 -14.0  37.0
200412 3.000   10708 B    Dsi  296   10  150 0.151   6.6  35.0   9.0  -1.0
200412 4.000   10706 B    Cao  106    3   80 0.747 261.7  70.0  -6.0  48.0
200412 4.000   10707 B    Dao  241    9  190 0.772 251.5  71.0 -14.0  49.0
200412 4.000   10708 B    Cso  310    5  160 0.246 303.2  34.0   8.0  12.0
200412 4.000   10709 A    Axx   19    1   20 0.876  83.3 321.0   6.0 -61.0
200412 5.000   10706 B    Cao   74    4   80 0.885 262.0  71.0  -7.0  62.0
200412 5.000   10707 B    Dao   93    3  110 0.904 255.5  73.0 -13.0  64.0
200412 5.000   10708 B    Cao  159    6   90 0.460 289.6  35.0   9.0  26.0
200412 6.000   10706 A    Hsx   38    1   70 0.962 262.7  70.0  -7.0  74.0
200412 6.000   10707 A    Hax   35    1   80 0.976 256.7  73.0 -13.0  77.0
200412 6.000   10708 A    Hsx  104    2   70 0.667 283.6  37.0   9.0  41.0
200412 6.000   10709 A    Axx   17    2   10 0.523  78.5 325.0   6.0 -31.0
200412 7.000   10706 A    Hax    6    1   60 0.999 263.0  70.0  -7.0  87.0
200412 7.000   10707 A    Hax    4    1   60 0.999 257.0  71.0 -13.0  88.0
200412 7.000   10708 A    Hsx  118    1  100 0.806 282.5  36.0  10.0  53.0
200412 7.000   10709 B    Bxo   18    4   10 0.349  78.1 323.0   4.0 -20.0
200412 8.000   10708 A    Hax   63    1   80 0.917 281.0  36.0  10.0  66.0
200412 8.000   10709 B    Bxo   39    5   20 0.076  13.2 329.0   4.0  -1.0
200412 9.000   10708 A    Hax   24    1   80 0.988 279.2  37.0   9.0  81.0
200412 9.000   10709 B    Bxo   39    7   20 0.205 291.8 327.0   4.0  11.0
200412 9.000   10710 A    Axx   27    2   20 0.737 100.5 269.0  -8.0 -47.0
20041210.000   10708 A    Hsx    4    1   60 0.999 279.0  35.0   9.0  92.0
20041210.000   10709 B    Bxo   55    7   30 0.369 284.9 324.0   5.0  21.0
20041210.000   10710 A    Axx   16    1   10 0.553 102.0 270.0  -7.0 -33.0
20041211.000   10709 A    Axx   15    1   10 0.621 278.9 328.0   5.0  38.0
20041211.000   10710 B    Bxo   18    4   10 0.393 109.2 268.0  -8.0 -22.0
20041211.000   10711 B    Dso   36    4   20 0.408 305.2 310.0  13.0  20.0
20041212.000   10711 B    Dao   80    6   50 0.594 293.4 311.0  13.0  34.0
20041213.000   10711 B    Dao  132   16  100 0.750 288.3 311.0  13.0  47.0
20041214.000   10711 BG   Dai  115   12  120 0.876 285.5 311.0  13.0  60.0
20041215.000   10711 BG   Dso   68    8  130 0.965 283.8 311.0  13.0  74.0
20041216.000   10710 B    Cao   27    4   20 0.723 260.1 270.0  -8.0  46.0
20041216.000   10711 BG   Dao    8    4  150 1.000 283.0 312.0  13.0  88.0
20041217.000   10710 B    Dso   29    4   30 0.875 263.9 272.0  -6.0  61.0
20041218.000   10710 B    Eai   30    5   50 0.951 263.1 270.0  -7.0  72.0
20041218.000   10712 B    Dso   25    4   20 0.771 101.7 148.0 -10.0 -50.0
20041218.000   10713 A    Hax   47    1   70 0.940 100.1 128.0 -10.0 -70.0
20041219.000   10710 A    Axx    2    1   10 0.990 263.2 267.0  -7.0  82.0
20041219.000   10712 B    Cso   47    5   30 0.612 104.3 148.0 -10.0 -37.0
20041219.000   10713 B    Dao  102    4  100 0.859 100.7 126.0 -10.0 -59.0
20041220.000   10712 B    Bxo   18    2   10 0.431 112.2 147.0 -11.0 -24.0
20041220.000   10713 B    Cso  165    7  120 0.725 102.1 125.0 -10.0 -46.0
20041221.000   10713 BG   Eai  345   20  210 0.567 103.2 124.0  -9.0 -34.0
20041222.000   10713 BG   Eai  387   15  210 0.386 106.1 123.0  -8.0 -22.0
20041223.000   10713 BG   Fai  373   25  190 0.182 138.8 125.0 -10.0  -7.0
20041223.000   10714 B    Cao   19    2   10 0.037 208.1 133.0  -4.0   1.0
20041224.000   10713 BG   Dao  415   21  210 0.144 225.9 125.0  -8.0   6.0
20041224.000   10714 B    Bxo   38    6   20 0.276 267.0 135.0  -3.0  16.0
20041225.000   10713 B    Eai  353   20  190 0.369 254.2 126.0  -8.0  21.0
20041225.000   10714 B    Cro   34    2   20 0.500 268.1 135.0  -3.0  30.0
20041226.000   10713 B    Dsi  161    5  100 0.593 258.2 128.0  -9.0  36.0
20041226.000   10714 A    Axx    0    1    0 0.642 268.3 132.0  -3.0  40.0
20041227.000   10713 B    Cso  122    6   90 0.732 261.5 126.0  -8.0  47.0
20041228.000   10713 A    Hax   84    1  100 0.905 261.3 131.0  -9.0  65.0
20041229.000   10713 B    Cso   63    5  150 0.977 261.4 131.0  -9.0  78.0
20041229.000   10715 B    Dao   43    2   80 0.963  85.0 339.0   4.0 -74.0
20041230.000   10713 B    Eai    2    4  150 1.000 261.0 131.0  -9.0  91.0
20041230.000   10715 BGD  Dko  249    3  260 0.878  83.8 339.0   4.0 -61.0
20041231.000   10715 BGD  Dkc  472   12  350 0.737  81.7 339.0   4.0 -47.0
20041231.000   10716 B    Bxo   12    2   10 0.796 107.8 334.0 -16.0 -52.0
