2009 110.000   11010 B    Bxo   30    4   20 0.634  54.8  19.0  18.0 -33.0
2009 111.000   11010 B    Dso   51    7   30 0.509  36.9  20.0  20.0 -19.0
2009 112.000   11010 B    Bxo   92   10   50 0.389  12.3  21.0  18.0  -5.0
2009 113.000   11010 A    Axx   18    2   10 0.419 341.7  21.0  19.0   8.0
2009 114.000   11010 A    Axx   17    1   10 0.499 319.4  19.0  18.0  20.0
2009 120.000   11011 B    Bxo   18    3   10 0.433 252.8 305.0 -12.0  25.0
2009 212.000   11012 A    Axx    9    1   10 0.879  93.2 275.0  -6.0 -62.0
2009 213.000   11012 A    Axx   13    1   10 0.740  90.6 276.0  -5.0 -48.0
2009 214.000   11012 A    Axx   16    1   10 0.556  90.6 278.0  -6.0 -34.0
2009 225.000   11013 B    Cso   31    2   20 0.622  29.6 146.0  26.0 -20.0
2009 226.000   11013 B    Bxo   16    4   10 0.557  11.3 146.0  26.0  -7.0
2009 227.000   11013 B    Bxo   16    2   10 0.555 350.3 146.0  26.0   6.0
2009 3 7.000   11014 B    Bxo   39    2   20 0.057  -0.0  34.0  -4.0   0.0
2009 3 8.000   11014 B    Bxo   38    2   20 0.264 293.5  35.0  -1.0  14.0
2009 422.000   11015 A    Axx    7    1   10 0.934 295.8 213.0  22.0  65.0
2009 430.000   11016 B    Cao   17    5   20 0.896 263.1 106.0  -8.0  64.0
2009 5 1.000   11016 A    Axx    3    2   10 0.980 263.7 108.0  -7.0  79.0
2009 514.000   11017 B    Bxo   16    2   10 0.555  51.1 190.0  18.0 -27.0
2009 515.000   11017 B    Bxo   35    8   20 0.446  38.5 186.0  18.0 -17.0
2009 516.000   11017 A    Axx   18    2   10 0.363  15.9 184.0  18.0  -6.0
2009 517.000   11017 B    Bxo   37    5   20 0.377 336.8 186.0  18.0   9.0
2009 518.000   11017 B    Bxo   17    3   10 0.484 315.2 185.0  18.0  21.0
2009 519.000   11017 B    Bxo   46    4   30 0.641 301.7 185.0  18.0  35.0
2009 520.000   11017 A    Hrx   12    1   10 0.797 293.2 187.0  17.0  50.0
2009 524.000   11018 B    Bxo   40    3   30 0.738 135.6  46.0 -33.0 -38.0
2009 6 1.000   11019 B    Bxo   40    5   30 0.744  51.8 298.0  27.0 -41.0
2009 6 2.000   11019 B    Cro  122   13   80 0.640  42.0 297.0  28.0 -29.0
2009 6 3.000   11019 B    Bxo  102    9   60 0.526  25.7 298.0  28.0 -15.0
2009 6 4.000   11019 B    Bxo   17    7   10 0.444   6.1 296.0  26.0  -3.0
2009 6 5.000   11019 B    Bxo   35    7   20 0.438 338.7 296.0  24.0  10.0
2009 6 6.000   11019 B    Bxo   16    3   10 0.541 318.7 296.0  24.0  23.0
2009 6 9.000   11020 B    Bxo   36    2   20 0.385  17.1 225.0  22.0  -7.0
2009 610.000   11020 B    Bxo   36    2   20 0.406 348.7 223.0  24.0   5.0
2009 613.000   11020 A    Hrx   12    2   10 0.772 302.3 226.0  25.0  46.0
2009 618.000   11021 A    Axx    6    1   10 0.952 252.7 184.0 -16.0  71.0
2009 622.000   11022 B    Bxo   33    2   20 0.535 154.5  45.0 -27.0 -15.0
2009 623.000   11022 A    Axx   17    1   10 0.471 178.1  46.0 -26.0  -1.0
2009 623.000   11023 B    Cso   63    3   40 0.604 131.9  18.0 -22.0 -29.0
2009 624.000   11023 B    Cso   51    2   30 0.513 152.8  19.0 -25.0 -15.0
2009 625.000   11023 B    Cso   72    4   40 0.428 177.8  20.0 -23.0  -1.0
2009 7 4.000   11024 B    Dso  101    7   60 0.534 152.1 246.0 -25.0 -16.0
2009 7 5.000   11024 B    Dsi  172   14  100 0.507 176.5 247.0 -27.0  -2.0
2009 7 6.000   11024 B    Dsi  285   16  170 0.545 201.6 247.0 -27.0  13.0
2009 7 7.000   11024 B    Dsi  246   13  160 0.637 217.8 247.0 -27.0  26.0
2009 7 8.000   11024 B    Eai  238   11  180 0.750 228.4 248.0 -27.0  39.0
2009 7 9.000   11024 B    Esi  200    8  190 0.849 237.3 248.0 -25.0  52.0
2009 710.000   11024 B    Eao  162    5  230 0.936 241.4 248.0 -25.0  65.0
2009 711.000   11024 B    Eso   17    3   60 0.990 244.0 248.0 -25.0  79.0
2009 9 1.000   11025 B    Bxo   16    2   10 0.541  69.6 169.0  17.0 -32.0
2009 9 2.000   11025 B    Bxo   18    2   10 0.344  59.3 170.0  17.0 -18.0
2009 922.000   11026 A    Axx    6    1   10 0.942 124.2 221.0 -29.0 -63.0
2009 923.000   11026 B    Cso   26    2   30 0.896 128.5 217.0 -30.0 -54.0
2009 923.000   11027 B    Dro   65    4   40 0.574  57.4 239.0  24.0 -32.0
2009 924.000   11026 A    Hsx   47    2   40 0.804 145.8 224.0 -36.0 -34.0
2009 924.000   11027 B    Dsc  180    9  100 0.435  49.3 238.0  23.0 -21.0
2009 925.000   11026 A    Hsx   99    1   70 0.706 144.4 221.0 -29.0 -28.0
2009 925.000   11027 B    Dao  209   11  110 0.305  15.2 240.0  24.0  -5.0
2009 926.000   11026 A    Axx   30    1   20 0.637 159.4 217.0 -30.0 -15.0
2009 926.000   11027 B    Cao  113    4   60 0.321 336.7 239.0  24.0   8.0
2009 927.000   11027 B    Bxo  107    4   60 0.445 312.7 239.0  24.0  21.0
2009 928.000   11027 A    Axx   16    1   10 0.600 301.6 239.0  24.0  34.0
2009 929.000   11027 B    Dao   80    5   60 0.743 295.0 239.0  23.0  47.0
2009 930.000   11027 B    Cro   37    4   40 0.880 292.5 241.0  23.0  62.0
200910 1.000   11027 A    Axx    5    1   10 0.964 292.1 241.0  23.0  76.0
200910 2.000   11027 A    Axx    1    1   10 0.998 293.8 241.0  24.0  89.0
20091021.000   11028 A    Axx   12    1   10 0.797  61.2 211.0  26.0 -51.0
20091024.000   11028 A    Axx   17    1   10 0.450  33.1 206.0  27.0 -16.0
20091024.000   11029 B    Dsi   95    9   50 0.283  56.0 208.0  14.0 -14.0
20091025.000   11029 B    Cai  236   11  120 0.161 347.8 211.0  14.0   2.0
20091026.000   11029 BG   Dsi  247   18  130 0.307 305.6 211.0  15.0  15.0
20091027.000   11029 BG   Dai  323   19  190 0.523 293.1 212.0  16.0  30.0
20091028.000   11029 BG   Dai  364   19  260 0.712 286.5 213.0  15.0  45.0
20091029.000   11029 BG   Dsc  350   16  340 0.857 285.9 215.0  16.0  59.0
20091030.000   11029 B    Eko  253    9  380 0.943 286.5 213.0  17.0  71.0
20091031.000   11029 B    Dso   77    3  320 0.993 285.6 213.0  16.0  84.0
200911 6.000   11030 B    Cro   92    5   50 0.368   9.9  46.0  25.0  -4.0
200911 7.000   11030 B    Bxo   18    6   10 0.366 342.3  44.0  24.0   7.0
200911 8.000   11030 A    Axx   16    1   10 0.533 314.1  48.0  25.0  25.0
20091110.000   11030 B    Bxo   12    4   10 0.774 298.6  45.0  24.0  48.0
20091111.000   11030 A    Axx    9    3   10 0.893 295.4  46.0  24.0  62.0
20091112.000   11030 A    Axx    3    1   10 0.981 293.9  50.0  24.0  79.0
20091113.000   11030 A    Axx    0    1   10 1.000 293.1  50.0  23.0  92.0
20091116.000   11031 A    Axx   16    1   10 0.549  32.6 258.0  30.0 -20.0
20091117.000   11031 B    Bxo   17    2   10 0.478  14.6 257.0  30.0  -8.0
20091119.000   11032 B    Bxo   36    4   20 0.416  51.9 218.0  17.0 -20.0
20091119.000   11033 B    Bxo   39    5   30 0.760  64.0 191.0  21.0 -47.0
20091120.000   11032 B    Bxo   19    3   10 0.252  27.8 218.0  15.0  -7.0
20091120.000   11033 B    Bxo   95    7   60 0.606  60.7 191.0  19.0 -34.0
20091121.000   11032 B    Bxo   19    2   10 0.247 348.2 218.0  16.0   3.0
20091121.000   11033 B    Bxo   17    9   10 0.491  48.0 189.0  21.0 -23.0
20091122.000   11033 B    Bxo   57    4   30 0.301  22.7 192.0  18.0  -7.0
20091123.000   11033 B    Bxo   19    3   10 0.292 343.5 191.0  18.0   5.0
20091210.000   11034 B    Bxo    5    3   10 0.961  71.1 250.0  18.0 -73.0
20091211.000   11034 B    Bxo    9    3   10 0.877  66.7 250.0  20.0 -59.0
20091212.000   11034 B    Bxo   26    3   20 0.751  62.3 251.0  20.0 -45.0
20091213.000   11034 B    Bxo   31    2   20 0.610  54.7 251.0  20.0 -32.0
20091214.000   11034 B    Bxo   36    4   20 0.428  37.5 254.0  19.0 -16.0
20091215.000   11034 B    Bxo   18    4   10 0.362   7.8 254.0  20.0  -3.0
20091215.000   11035 B    Bxo   33    4   20 0.540  11.1 250.0  31.0  -7.0
20091216.000   11034 B    Bxo   18    2   10 0.413 326.4 257.0  19.0  14.0
20091216.000   11035 B    Dai  204   16  120 0.523 351.7 248.0  30.0   5.0
20091217.000   11035 BD   Eac  227   20  140 0.583 332.7 248.0  30.0  18.0
20091218.000   11035 B    Eac  303   14  210 0.692 318.5 249.0  30.0  32.0
20091219.000   11035 B    Esi  371   10  310 0.801 310.1 249.0  30.0  45.0
20091220.000   11035 B    Eho  206    8  220 0.883 305.6 247.0  30.0  56.0
20091220.000   11036 B    Bxo   16    3   10 0.542 211.7 210.0 -29.0  19.0
20091220.000   11037 B    Bxo   10    2   10 0.835  67.1 137.0  18.0 -54.0
20091221.000   11035 B    Eho  171    4  310 0.961 303.0 248.0  31.0  70.0
20091221.000   11036 B    Bxo   15    6   10 0.639 227.7 210.0 -27.0  32.0
20091221.000   11038 A    Axx   17    2   10 0.519 305.7 204.0  16.0  26.0
20091222.000   11035 B    Fso   10    2   90 0.998 301.2 249.0  31.0  85.0
20091222.000   11036 B    Dso   90    7   70 0.764 235.5 209.0 -27.0  45.0
20091222.000   11038 B    Cso   29    3   20 0.669 298.3 202.0  17.0  38.0
20091223.000   11036 B    Bxo    9    3   10 0.873 240.0 209.0 -27.0  58.0
20091223.000   11038 B    Bxo   11    3   10 0.807 292.9 202.0  17.0  51.0
20091224.000   11036 B    Cso   31    2   50 0.948 241.1 208.0 -28.0  70.0
20091224.000   11038 A    Axx   13    1   20 0.942 286.8 207.0  15.0  69.0
20091225.000   11038 A    Axx    2    1   10 0.990 283.5 206.0  13.0  81.0
20091227.000   11039 B    Bxo   13    3   10 0.756 122.8  53.0 -26.0 -45.0
20091228.000   11039 B    Dso  156    7  100 0.621 132.3  54.0 -27.0 -31.0
20091229.000   11039 B    Dso  155    7   90 0.508 147.5  54.0 -28.0 -18.0
20091230.000   11039 B    Dao  144    7   80 0.435 167.7  53.0 -28.0  -6.0
20091231.000   11039 B    Dso   90    5   50 0.426 196.9  54.0 -27.0   8.0
