2005 1 1.000   10715 BGD  Dac  361   22  220 0.570  78.3 339.0   4.0 -34.0
2005 1 1.000   10716 B    Cao   31    5   20 0.617 108.8 336.0 -14.0 -37.0
2005 1 1.000   10717 B    Cao   10    3   10 0.837 280.5  69.0   7.0  56.0
2005 1 2.000   10715 BG   Dac  332   16  180 0.383  68.6 339.0   5.0 -21.0
2005 1 2.000   10716 B    Dso   35    1   20 0.438 115.8 336.0 -14.0 -24.0
2005 1 2.000   10717 B    Cao   16    4   30 0.959 278.3  73.0   7.0  73.0
2005 1 3.000   10715 BG   Dsi  254   17  130 0.201  43.7 339.0   5.0  -8.0
2005 1 3.000   10716 B    Cso   19    2   10 0.251 132.1 336.0 -13.0 -11.0
2005 1 3.000   10717 B    Dso   13    3  110 0.998 278.2  73.0   8.0  86.0
2005 1 4.000   10715 BG   Dai  257   16  130 0.148 331.9 339.0   4.0   4.0
2005 1 4.000   10716 B    Cao   59    7   30 0.166 185.9 336.0 -13.0   1.0
2005 1 5.000   10715 B    Dsi   74    9   40 0.356 294.3 340.0   5.0  19.0
2005 1 5.000   10716 A    Axx    0    1    0 0.316 238.3 337.0 -13.0  16.0
2005 1 6.000   10715 B    Dro   49    5   30 0.557 282.8 341.0   4.0  33.0
2005 1 7.000   10715 B    Dso   41    4   30 0.727 279.2 341.0   4.0  46.0
2005 1 8.000   10715 A    Hax   20    1   20 0.864 279.3 341.0   6.0  59.0
2005 1 8.000   10718 A    Hax   25    1   60 0.976  98.4 204.0  -9.0 -78.0
2005 1 9.000   10715 A    Axx   13    1   20 0.939 280.1 338.0   8.0  69.0
2005 1 9.000   10718 B    Cao   71    2   90 0.918  97.0 202.0  -8.0 -67.0
2005 1 9.000   10719 A    Hax   17    1   60 0.989  98.5 187.0  -9.0 -82.0
2005 110.000   10718 B    Dao  106    3   90 0.807  96.9 202.0  -8.0 -54.0
2005 110.000   10719 B    Cao   88    5  100 0.897  96.9 192.0  -8.0 -64.0
2005 111.000   10718 B    Dao  144    3  100 0.693  97.1 198.0  -8.0 -44.0
2005 111.000   10719 B    Dso   86    4   70 0.787  99.4 190.0 -10.0 -52.0
2005 111.000   10720 B    Bxo    8    3   10 0.914  78.2 177.0   9.0 -65.0
2005 112.000   10718 B    Dao  118    2   70 0.529  94.4 197.0  -6.0 -32.0
2005 112.000   10720 B    Cao   58    3   50 0.814  70.6 177.0  13.0 -52.0
2005 113.000   10718 B    Eao  340   16  180 0.327  98.5 197.0  -7.0 -19.0
2005 113.000   10720 B    Dkc  636   22  420 0.652  64.1 179.0  13.0 -37.0
2005 114.000   10718 B    Fko  317   19  160 0.128 109.6 196.0  -7.0  -7.0
2005 114.000   10720 BD   Dkc 1877   38 1080 0.494  53.3 179.0  13.0 -24.0
2005 115.000   10718 B    Fao  497   22  250 0.104 266.5 196.0  -5.0   6.0
2005 115.000   10720 BD   Dkc 2889   23 1540 0.346  29.2 180.0  13.0 -10.0
2005 116.000   10718 BG   Fki  672   26  360 0.358 262.9 197.0  -7.0  21.0
2005 116.000   10720 BD   Dkc 3081   54 1620 0.309 350.5 179.0  13.0   3.0
2005 117.000   10718 BG   Fai  514   19  310 0.557 264.7 197.0  -7.0  34.0
2005 117.000   10720 BD   Ekc 2995   37 1630 0.395 320.3 178.0  13.0  15.0
2005 117.000   10721 B    Cso   38    2   20 0.243  83.0 149.0  -3.0 -14.0
2005 117.000   10722 A    Axx    0    1    0 0.410   9.3 159.0  19.0  -4.0
2005 118.000   10718 B    Fai  328   17  240 0.729 265.0 197.0  -7.0  47.0
2005 118.000   10720 BD   Ekc 2398   48 1460 0.571 301.4 180.0  13.0  30.0
2005 118.000   10721 A    Axx    0    1    0 0.049  45.7 148.0  -3.0  -2.0
2005 118.000   10723 A    Hax   29    1   70 0.977  82.7  73.0   6.0 -77.0
2005 119.000   10718 B    Fao  124   10  140 0.896 264.7 200.0  -7.0  64.0
2005 119.000   10720 BG   Ekc 1899   44 1400 0.735 292.9 180.0  13.0  44.0
2005 119.000   10722 A    Axx    0    1    0 0.565 315.0 161.0  19.0  25.0
2005 119.000   10723 A    Hsx   87    1  100 0.899  79.7  73.0   7.0 -63.0
2005 119.000   10724 B    Cso   19    3   10 0.170 224.4 143.0 -12.0   7.0
2005 120.000   10718 B    Dao   54    3  110 0.969 265.1 199.0  -6.0  76.0
2005 120.000   10720 BD   Ekc 1265   31 1220 0.855 289.8 179.0  14.0  56.0
2005 120.000   10723 B    Cao   84    2   70 0.800  78.5  71.0   6.0 -52.0
2005 121.000   10718 B    Cso    9    3  100 0.999 263.2 198.0  -7.0  88.0
2005 121.000   10720 BGD  Ekc  863   27 1400 0.951 286.6 180.0  14.0  70.0
2005 121.000   10723 A    Hsx  128    1   80 0.598  72.6  75.0   6.0 -35.0
2005 122.000   10720 BGD  Ekc  212   17 1090 0.995 283.7 179.0  13.0  83.0
2005 122.000   10723 A    Hsx  127    1   70 0.418  63.0  74.0   6.0 -22.0
2005 122.000   10725 B    Dsi  145    8   90 0.586 270.5 132.0  -4.0  36.0
2005 122.000   10726 B    Cso   71    3   40 0.456  84.0  69.0  -2.0 -27.0
2005 123.000   10720 BGD  Dkc  124    6  900 0.998 280.7 176.0  11.0  93.0
2005 123.000   10723 B    Cso  232    3  120 0.246  29.5  76.0   7.0  -7.0
2005 123.000   10725 BG   Dsi  250    9  190 0.753 269.4 132.0  -4.0  49.0
2005 123.000   10726 B    Cro   38    2   20 0.253  73.0  69.0  -1.0 -14.0
2005 124.000   10723 A    Hsx  136    1   70 0.211 340.8  74.0   6.0   4.0
2005 124.000   10725 B    Cao  132    7  150 0.898 269.3 134.0  -3.0  64.0
2005 124.000   10726 A    Axx   19    2   10 0.086 335.9  72.0  -1.0   2.0
2005 125.000   10723 A    Hsx  131    1   70 0.351 304.0  74.0   6.0  17.0
2005 125.000   10725 B    Cso   50    3  110 0.974 268.2 134.0  -3.0  77.0
2005 125.000   10727 B    Dai  505    8  320 0.613  97.5  19.0  -9.0 -38.0
2005 126.000   10723 A    Hsx   84    1   50 0.532 290.8  74.0   6.0  30.0
2005 126.000   10725 A    Hax    1    1  110 1.000 267.0 134.0  -3.0  90.0
2005 126.000   10727 B    Dai  217   13  120 0.423  99.2  19.0  -9.0 -25.0
2005 126.000   10728 A    Hsx   41    1   50 0.909 102.8 338.0 -14.0 -66.0
2005 127.000   10723 A    Hsx   70    1   50 0.713 284.2  74.0   6.0  44.0
2005 127.000   10727 B    Dao  196   13  100 0.197 107.3  19.0  -9.0 -11.0
2005 127.000   10728 B    Bxo   12    2   10 0.796 103.2 338.0 -14.0 -53.0
2005 128.000   10723 A    Hsx   52    1   50 0.849 280.8  74.0   6.0  57.0
2005 128.000   10727 B    Dao  159   10   80 0.066 211.7  19.0  -9.0   2.0
2005 128.000   10728 B    Bxo   16    2   10 0.593 105.8 341.0 -14.0 -36.0
2005 129.000   10723 A    Hax   46    2   70 0.944 277.4  74.0   5.0  70.0
2005 129.000   10727 B    Dai  134   10   70 0.275 272.4  20.0  -5.0  16.0
2005 129.000   10728 A    Axx   18    1   10 0.422 110.8 340.0 -14.0 -24.0
2005 130.000   10723 A    Hsx   16    2   90 0.996 276.6  75.0   6.0  84.0
2005 130.000   10727 B    Dso  125    8   70 0.439 259.4  17.0 -10.0  26.0
2005 131.000   10727 BG   Dai  164   16  110 0.666 263.2  20.0  -9.0  42.0
2005 131.000   10728 A    Hsx   19    2   10 0.123 172.0 337.0 -13.0  -1.0
2005 2 1.000   10727 B    Dao  133    7  110 0.794 263.3  17.0  -9.0  53.0
2005 2 1.000   10728 A    Axx    0    1    0 0.222 246.8 336.0 -11.0  12.0
2005 2 1.000   10729 B    Dsi  132   11   70 0.313 103.5 306.0 -10.0 -18.0
2005 2 2.000   10727 B    Cao   84    2  110 0.923 262.8  19.0  -9.0  68.0
2005 2 2.000   10729 B    Cso  119    5   60 0.109 107.4 305.0  -8.0  -6.0
2005 2 3.000   10727 A    Hax   21    1   90 0.993 262.6  22.0  -8.0  84.0
2005 2 3.000   10729 B    Dao  117    7   60 0.184 248.5 308.0 -10.0  10.0
2005 2 4.000   10727 A    Axx    6    1   30 0.995 259.2  22.0 -10.0  97.0
2005 2 4.000   10729 A    Hsx   36    2   20 0.425 257.5 310.0 -11.0  25.0
2005 2 5.000   10729 A    Hsx   31    1   20 0.627 260.3 312.0 -11.0  39.0
2005 2 5.000   10730 A    Hsx   37    1   60 0.950 109.0 200.0 -20.0 -73.0
2005 2 6.000   10729 A    Axx   12    1   10 0.783 261.0 312.0 -11.0  52.0
2005 2 6.000   10730 A    Hsx   30    1   30 0.863 109.4 200.0 -20.0 -60.0
2005 2 7.000   10729 A    Hsx   16    1   20 0.908 260.8 312.0 -11.0  66.0
2005 2 7.000   10730 A    Hax   68    1   50 0.726 111.5 200.0 -20.0 -46.0
2005 2 7.000   10731 B    Dso   53    2   30 0.458  81.7 219.0  -2.0 -27.0
2005 2 7.000   10732 B    Dao   25    3   40 0.948  78.2 176.0   9.0 -70.0
2005 2 8.000   10729 A    Hax    8    1   20 0.978 260.1 312.0 -11.0  79.0
2005 2 8.000   10730 B    Cso   98    3   60 0.570 116.0 200.0 -20.0 -33.0
2005 2 8.000   10731 A    Hax   19    2   10 0.253  72.6 217.0  -2.0 -14.0
2005 2 8.000   10732 BG   Dso   92    5   90 0.856  75.3 176.0   9.0 -57.0
2005 2 8.000   10733 A    Hax   79    1  180 0.975  97.8 155.0  -9.0 -78.0
2005 2 9.000   10730 B    Dso  128    9   70 0.400 126.6 200.0 -20.0 -20.0
2005 2 9.000   10732 BG   Fso   75   10   50 0.659  63.3 183.0  12.0 -37.0
2005 2 9.000   10733 A    Hkx  192    4  240 0.916  95.9 153.0  -8.0 -67.0
2005 210.000   10730 B    Cao  172    6   90 0.289 149.6 198.0 -21.0  -9.0
2005 210.000   10732 BG   Fai   98   10   60 0.568  53.3 179.0  14.0 -28.0
2005 210.000   10733 A    Hsx  332    3  280 0.804  95.1 153.0  -8.0 -54.0
2005 210.000   10734 A    Hax   39    1   60 0.944  91.9 136.0  -4.0 -71.0
2005 211.000   10730 A    Hax   96    2   50 0.245 199.6 199.0 -20.0   5.0
2005 211.000   10732 B    Dro   69    6   40 0.486  35.2 177.0  17.0 -17.0
2005 211.000   10733 B    Cho  477    3  310 0.638  94.5 154.0  -8.0 -40.0
2005 211.000   10734 A    Hax   54    1   50 0.837  90.4 137.0  -4.0 -57.0
2005 211.000   10735 A    Hsx   45    1   80 0.958  96.4 120.0  -8.0 -74.0
2005 212.000   10730 A    Hax   92    2   50 0.386 232.4 199.0 -20.0  19.0
2005 212.000   10732 BG   Dro   76   14   40 0.312 347.3 184.0  11.0   4.0
2005 212.000   10733 A    Hhx  584    3  340 0.511  94.3 149.0  -8.0 -31.0
2005 212.000   10734 A    Hsx   86    1   60 0.693  88.8 136.0  -4.0 -44.0
2005 212.000   10735 B    Dho  416    3  410 0.861  95.3 120.0  -8.0 -60.0
2005 213.000   10730 A    Axx   16    4   10 0.555 243.8 199.0 -20.0  32.0
2005 213.000   10732 BG   Eso  163   14   90 0.416 316.3 184.0  11.0  17.0
2005 213.000   10733 A    Hax  485    2  250 0.241  95.9 153.0  -8.0 -14.0
2005 213.000   10734 A    Hsx  102    1   60 0.513  88.4 136.0  -5.0 -31.0
2005 213.000   10735 A    Hhx  522    1  380 0.727  94.6 120.0  -8.0 -47.0
2005 214.000   10730 A    Axx   14    3   10 0.700 249.7 198.0 -19.0  44.0
2005 214.000   10732 B    Dso   48    9   30 0.578 302.1 184.0  12.0  30.0
2005 214.000   10733 A    Hax  459    2  230 0.042 155.5 153.0  -9.0  -1.0
2005 214.000   10734 A    Hsx  152    1   80 0.295  81.4 137.0  -4.0 -17.0
2005 214.000   10735 B    Dho  615    8  370 0.555  96.0 120.0  -9.0 -34.0
2005 215.000   10730 B    Bxo   11    3   10 0.835 251.7 198.0 -19.0  57.0
2005 215.000   10732 B    Bxo   13    7   10 0.728 293.6 184.0  12.0  43.0
2005 215.000   10733 B    Cao  448   22  230 0.226 259.8 154.0  -9.0  13.0
2005 215.000   10734 B    Cao  139    7   70 0.077  65.0 137.0  -5.0  -4.0
2005 215.000   10735 B    Dko  827   26  440 0.340  94.5 121.0  -8.0 -20.0
2005 216.000   10732 B    Bxo   18    4   20 0.880 283.0 188.0   8.0  60.0
2005 216.000   10733 A    Dao  324    6  180 0.435 265.9 154.0  -8.0  26.0
2005 216.000   10734 B    Cso  137    4   70 0.180 285.8 138.0  -4.0  10.0
2005 216.000   10735 BG   Cko  835   15  420 0.105 100.7 122.0  -8.0  -6.0
2005 217.000   10733 A    Dso  265    9  170 0.625 265.9 154.0  -8.0  39.0
2005 217.000   10734 B    Cso  147    5   80 0.392 276.1 138.0  -4.0  23.0
2005 217.000   10735 BGD  Ekc  934   17  470 0.104 269.2 121.0  -7.0   6.0
2005 218.000   10733 B    Dso  161    6  130 0.783 265.3 153.0  -8.0  52.0
2005 218.000   10734 B    Cso  116    4   70 0.557 271.4 135.0  -5.0  34.0
2005 218.000   10735 BGD  Dkc  798   11  420 0.310 259.1 119.0 -10.0  18.0
2005 219.000   10733 B    Dso   72    5   90 0.916 263.2 155.0  -9.0  67.0
2005 219.000   10734 B    Dso   51    3   40 0.763 269.4 138.0  -5.0  50.0
2005 219.000   10735 B    Dko  782    8  460 0.526 264.2 120.0  -9.0  32.0
2005 220.000   10733 B    Cso   26    2   70 0.982 263.2 155.0  -8.0  80.0
2005 220.000   10734 A    Hsx   36    1   40 0.888 268.0 138.0  -5.0  63.0
2005 220.000   10735 BG   Dki  584   18  410 0.702 264.3 120.0  -9.0  45.0
2005 221.000   10733 A    Hsx    4    1   70 0.999 261.7 155.0  -8.0  93.0
2005 221.000   10734 A    Hsx   19    1   40 0.968 266.6 138.0  -5.0  76.0
2005 221.000   10735 BG   Dko  474   12  440 0.843 263.8 120.0  -9.0  58.0
2005 221.000   10736 B    Dao   35    6   30 0.805 291.9 112.0  13.0  50.0
2005 222.000   10735 BG   Dko  297    6  440 0.941 263.0 120.0  -9.0  71.0
2005 222.000   10736 B    Dao   98    7  120 0.912 287.8 112.0  13.0  63.0
2005 223.000   10735 B    Cko   62    2  300 0.994 261.6 120.0  -9.0  85.0
2005 223.000   10736 B    Dko   79    1  210 0.982 284.8 112.0  13.0  77.0
2005 224.000   10735 A    Hsx   11    1   60 0.995 260.2 119.0  -9.0  97.0
2005 224.000   10736 B    Cso   11    3   90 0.998 282.7 114.0  13.0  92.0
2005 224.000   10737 B    Dsi   68    8   40 0.511 268.3  53.0  -7.0  31.0
2005 224.000   10738 B    Bxo   19    2   10 0.179 106.8  12.0 -10.0 -10.0
2005 225.000   10737 B    Dso   57    7   40 0.689 264.5  53.0  -9.0  44.0
2005 226.000   10737 B    Bxo   31    5   30 0.851 261.5  55.0 -11.0  59.0
2005 227.000   10737 B    Bxo   25    3   40 0.946 260.8  55.0 -11.0  72.0
2005 227.000   10739 B    Bxo   37    4   30 0.786  89.4 291.0  -4.0 -52.0
2005 228.000   10739 A    Axx   31    2   20 0.615  87.2 292.0  -4.0 -38.0
2005 3 1.000   10739 A    Axx    0    1    0 0.361  82.4 295.0  -4.0 -21.0
2005 3 2.000   10739 A    Axx   19    1   10 0.188  67.5 293.0  -3.0 -10.0
2005 3 3.000   10740 A    Hsx   36    1   20 0.404 269.1 314.0  -7.0  24.0
2005 3 4.000   10739 B    Bxo   19    2   10 0.284 284.1 293.0  -3.0  16.0
2005 3 4.000   10740 A    Axx   16    2   10 0.598 268.0 314.0  -7.0  37.0
2005 3 5.000   10741 B    Cao   67    3  110 0.952  74.9 194.0  12.0 -70.0
2005 3 6.000   10741 B    Cao  110   12  110 0.865  71.6 193.0  12.0 -57.0
2005 3 7.000   10741 B    Dao  107   12   80 0.741  66.5 193.0  12.0 -44.0
2005 3 8.000   10739 B    Bxo   15    4   20 0.918 268.7 291.0  -4.0  67.0
2005 3 8.000   10741 B    Cao   97    7   60 0.588  55.9 194.0  13.0 -30.0
2005 3 8.000   10742 A    Hax   47    2   60 0.918  92.3 157.0  -5.0 -67.0
2005 3 9.000   10739 A    Axx   13    3   40 0.986 264.1 292.0  -7.0  81.0
2005 3 9.000   10741 B    Cao   71    8   40 0.456  38.5 194.0  14.0 -17.0
2005 3 9.000   10742 B    Bxo   90   11   80 0.825  92.3 155.0  -6.0 -56.0
2005 310.000   10739 B    Bxo    3    2   90 1.000 261.8 290.0  -8.0  92.0
2005 310.000   10741 B    Dsi  113   17   60 0.333   8.8 195.0  12.0  -3.0
2005 310.000   10742 B    Eai  249   17  170 0.678  91.0 155.0  -6.0 -43.0
2005 310.000   10743 A    Hkx  123    1  240 0.966  97.4 122.0  -9.0 -76.0
2005 311.000   10741 B    Cai  184   15  100 0.390 331.6 195.0  13.0  11.0
2005 311.000   10742 B    Eai  326   24  190 0.513  87.7 153.0  -5.0 -31.0
2005 311.000   10743 A    Hax  166    1  180 0.887  94.2 121.0  -7.0 -63.0
2005 312.000   10741 B    Cai  186    8  110 0.533 306.4 197.0  12.0  26.0
2005 312.000   10742 B    Eai  363   20  190 0.293  83.5 154.0  -5.0 -17.0
2005 312.000   10743 A    Hsx  246    1  190 0.761  93.1 121.0  -7.0 -50.0
2005 313.000   10741 BG   Cso   42    5   30 0.708 295.0 200.0  12.0  41.0
2005 313.000   10742 B    Dac  479   30  240 0.056  68.5 156.0  -6.0  -3.0
2005 313.000   10743 A    Hhx  422    2  260 0.583  93.7 123.0  -8.0 -36.0
2005 314.000   10741 B    Dao   60    7   60 0.864 288.4 203.0  12.0  57.0
2005 314.000   10742 B    Eai  664   37  340 0.210 279.6 158.0  -5.0  12.0
2005 314.000   10743 A    Hkx  457    3  250 0.404  91.1 122.0  -7.0 -24.0
2005 315.000   10741 B    Cao   47    4   70 0.941 285.5 201.0  12.0  68.0
2005 315.000   10742 B    Eao  584   14  320 0.406 273.8 157.0  -5.0  24.0
2005 315.000   10743 A    Hhx  492    1  250 0.172  89.8 123.0  -7.0 -10.0
2005 316.000   10741 B    Dso   29    3  100 0.989 281.3 200.0  10.0  80.0
2005 316.000   10742 BG   Eko  514   20  330 0.627 270.9 159.0  -5.0  39.0
2005 316.000   10743 A    Hkx  578    5  290 0.071 257.3 124.0  -8.0   4.0
2005 317.000   10742 BG   Eao  453   18  350 0.762 268.1 156.0  -6.0  50.0
2005 317.000   10743 B    Cko  612    7  320 0.290 265.8 123.0  -8.0  17.0
2005 318.000   10742 B    Dao  206    8  240 0.903 266.7 158.0  -6.0  65.0
2005 318.000   10743 B    Cko  515    7  300 0.511 266.2 124.0  -8.0  31.0
2005 319.000   10742 A    Hkx  110    3  300 0.983 265.2 160.0  -6.0  80.0
2005 319.000   10743 BG   Dhi  434   14  300 0.690 265.8 124.0  -8.0  44.0
2005 320.000   10742 A    Hkx   19    1  250 0.999 263.7 160.0  -6.0  93.0
2005 320.000   10743 BG   Dki  430   20  390 0.834 265.0 124.0  -8.0  57.0
2005 321.000   10743 BG   Dao  218   12  310 0.936 264.1 124.0  -8.0  70.0
2005 321.000   10744 B    Dso  119    7   60 0.089 169.0  53.0 -12.0  -1.0
2005 322.000   10743 BG   Cso   50    5  210 0.993 262.7 124.0  -8.0  84.0
2005 322.000   10744 B    Dao  194   14  100 0.238 247.5  53.0 -12.0  13.0
2005 322.000   10745 B    Bxo   21    4   20 0.838  70.8 346.0  12.0 -54.0
2005 323.000   10743 A    Hkx   30    1  180 0.996 261.3 123.0  -8.0  96.0
2005 323.000   10744 B    Dso  125   11   70 0.443 254.6  53.0 -13.0  26.0
2005 323.000   10745 B    Cao  150    7  110 0.728  66.3 344.0  12.0 -43.0
2005 324.000   10744 B    Cao  153    7  100 0.640 257.9  54.0 -13.0  40.0
2005 324.000   10745 B    Dao  146   17   90 0.578  57.8 344.0  12.0 -30.0
2005 324.000   10746 B    Cao   59    2   30 0.140 121.4   7.0 -11.0  -7.0
2005 325.000   10744 A    Hsx   36    1   30 0.793 258.8  54.0 -13.0  53.0
2005 325.000   10745 B    Dai  182   20  100 0.407  38.5 346.0  12.0 -15.0
2005 325.000   10746 B    Dso   79    6   40 0.126 234.4   7.0 -11.0   6.0
2005 326.000   10744 A    Axx   15    2   20 0.921 257.6  56.0 -14.0  68.0
2005 326.000   10745 B    Dai  359   22  190 0.326   9.0 345.0  12.0  -3.0
2005 326.000   10746 B    Dao  149   11   80 0.364 254.3   9.0 -12.0  21.0
2005 327.000   10745 B    Dao  167    8   90 0.370 329.7 346.0  12.0  11.0
2005 327.000   10746 B    Dao   82   13   50 0.572 258.7  10.0 -12.0  35.0
2005 328.000   10745 B    Cao  155    7   90 0.505 308.0 345.0  12.0  24.0
2005 328.000   10746 B    Dso   41    8   30 0.727 261.2   8.0 -11.0  47.0
2005 329.000   10745 B    Cao   87    5   60 0.682 295.6 347.0  12.0  39.0
2005 330.000   10745 B    Cso   32    5   30 0.846 288.7 349.0  12.0  55.0
2005 331.000   10745 A    Axx    6    1   10 0.940 285.3 349.0  12.0  68.0
2005 4 1.000   10747 A    Hsx   18    1   10 0.388  92.6 245.0  -7.0 -23.0
2005 4 1.000   10748 A    Hsx   19    1   20 0.873  75.9 209.0   9.0 -59.0
2005 4 2.000   10747 B    Dao   78    5   40 0.178 105.2 245.0  -9.0 -10.0
2005 4 2.000   10748 A    Hsx   26    1   20 0.747  71.9 209.0   9.0 -46.0
2005 4 3.000   10747 B    Dso  139    9   70 0.070 260.8 245.0  -7.0   4.0
2005 4 3.000   10748 A    Hax   48    1   30 0.592  65.3 208.0   9.0 -33.0
2005 4 4.000   10747 B    Dao  113    6   60 0.325 273.0 247.0  -5.0  19.0
2005 4 4.000   10748 A    Hsx   17    1   10 0.444  49.1 208.0  11.0 -20.0
2005 4 4.000   10749 A    Hsx   46    1   50 0.888  93.5 165.0  -6.0 -63.0
2005 4 5.000   10747 B    Dai  186   21  110 0.527 268.7 247.0  -6.0  32.0
2005 4 5.000   10748 A    Hsx   37    1   20 0.326  24.8 207.0  11.0  -8.0
2005 4 5.000   10749 A    Hsx   49    2   40 0.785  92.7 163.0  -6.0 -52.0
2005 4 6.000   10747 B    Dai  178   12  130 0.729 268.9 249.0  -5.0  47.0
2005 4 6.000   10748 A    Axx   37    2   20 0.328 341.8 208.0  12.0   6.0
2005 4 6.000   10749 A    Hax   31    1   20 0.613  91.8 164.0  -6.0 -38.0
2005 4 6.000   10750 A    Hax   28    1  120 0.993  97.4 118.0  -8.0 -84.0
2005 4 7.000   10747 B    Dso   83    6   80 0.855 267.9 247.0  -5.0  59.0
2005 4 7.000   10748 A    Axx   18    2   10 0.419 313.6 206.0  11.0  18.0
2005 4 7.000   10749 A    Hsx   36    1   20 0.405  88.5 164.0  -5.0 -24.0
2005 4 7.000   10750 A    Hax   60    1   70 0.903  94.9 123.0  -7.0 -65.0
2005 4 8.000   10747 B    Cao   45    5   80 0.959 265.5 249.0  -6.0  74.0
2005 4 8.000   10749 A    Hsx   39    2   20 0.191  85.1 164.0  -5.0 -11.0
2005 4 8.000   10750 B    Dai  177   12  140 0.773  94.1 124.0  -7.0 -51.0
2005 4 9.000   10747 B    Cro    1    4   60 1.000 265.9 253.0  -4.0  91.0
2005 4 9.000   10749 A    Hax   39    2   20 0.035 269.3 164.0  -6.0   2.0
2005 4 9.000   10750 B    Dao  243    9  150 0.585  93.7 126.0  -7.0 -36.0
2005 4 9.000   10751 A    Hsx   20    1   20 0.853 264.3 221.0  -8.0  59.0
2005 410.000   10749 A    Hsx   19    1   10 0.291 272.2 166.0  -5.0  17.0
2005 410.000   10750 B    Dai  182    6  100 0.405  93.9 125.0  -7.0 -24.0
2005 410.000   10751 B    Dai   45    6   80 0.959 264.4 223.0  -7.0  74.0
2005 411.000   10749 A    Axx   17    1   10 0.498 268.1 166.0  -6.0  30.0
2005 411.000   10750 B    Dso  136    6   70 0.208  96.2 124.0  -7.0 -12.0
2005 411.000   10751 B    Dso   15    5   60 0.991 263.7 219.0  -7.0  83.0
2005 412.000   10750 B    Cso  179    7   90 0.028 218.7 124.0  -7.0   1.0
2005 413.000   10750 B    Dso  154    9   80 0.258 264.2 124.0  -7.0  15.0
2005 413.000   10752 B    Dso   38    3   80 0.971  88.6  33.0   0.0 -76.0
2005 414.000   10750 B    Cso  106    5   60 0.467 265.6 124.0  -7.0  28.0
2005 414.000   10752 B    Dao  166    8  150 0.832  85.0  40.0   1.0 -56.0
2005 414.000   10753 B    Cso   18    2   10 0.319 341.3 102.0  12.0   6.0
2005 415.000   10750 A    Hsx   60    2   40 0.653 265.7 124.0  -7.0  41.0
2005 415.000   10752 BG   Eai  232   10  160 0.688  82.7  40.0   1.0 -43.0
2005 415.000   10753 B    Bxo   18    6   10 0.435 312.9 102.0  12.0  19.0
2005 415.000   10754 B    Dai  101    5   80 0.774  95.8  32.0  -8.0 -51.0
2005 416.000   10750 A    Hsx   35    1   30 0.806 265.3 124.0  -7.0  54.0
2005 416.000   10752 BG   Eso  240    8  140 0.510  78.7  40.0   1.0 -30.0
2005 416.000   10753 B    Bxo   16    5   10 0.592 298.9 102.0  12.0  32.0
2005 416.000   10754 B    Cso   79    7   50 0.613  96.0  32.0  -8.0 -38.0
2005 417.000   10750 A    Hsx   16    1   20 0.910 263.6 123.0  -8.0  66.0
2005 417.000   10752 B    Dso  173    5   90 0.272  62.6  43.0   2.0 -14.0
2005 417.000   10753 A    Axx   13    1   10 0.743 291.4 102.0  12.0  45.0
2005 417.000   10754 B    Dso   73    5   40 0.391  97.8  34.0  -8.0 -23.0
2005 418.000   10750 A    Hrx   10    1   30 0.983 263.8 123.0  -7.0  80.0
2005 418.000   10752 B    Cso  218    8  110 0.127  -0.0  43.0   2.0   0.0
2005 418.000   10754 B    Cso   58    4   30 0.195 104.6  32.0  -8.0 -11.0
2005 418.000   10755 A    Hax   15    1   30 0.967 100.0 327.0 -11.0 -76.0
2005 419.000   10752 B    Cao  213    9  110 0.248 295.2  43.0   1.0  13.0
2005 419.000   10754 B    Cso   59    4   30 0.031 180.0  30.0  -7.0   0.0
2005 419.000   10755 A    Hax   31    1   40 0.917  99.8 323.0 -11.0 -67.0
2005 420.000   10752 B    Cao  192    6  110 0.487 285.6  45.0   3.0  28.0
2005 420.000   10754 B    Cso   19    4   10 0.262 258.2  32.0  -8.0  15.0
2005 420.000   10755 B    Cao   26    3   20 0.753 101.5 328.0 -12.0 -49.0
2005 421.000   10752 B    Cso  121    4   80 0.650 279.0  44.0   2.0  40.0
2005 421.000   10754 B    Cso   52    4   30 0.484 262.5  33.0  -8.0  29.0
2005 421.000   10755 A    Hsx   31    1   20 0.605 103.3 327.0 -12.0 -37.0
2005 422.000   10752 A    Hsx   67    1   60 0.824 277.1  46.0   3.0  55.0
2005 422.000   10755 A    Hsx   18    1   10 0.373 110.2 330.0 -12.0 -21.0
2005 423.000   10752 A    Hsx   40    1   60 0.942 274.9  48.0   3.0  70.0
2005 423.000   10754 B    Bxo   10    2   10 0.836 264.8  35.0  -7.0  57.0
2005 423.000   10755 A    Hsx   19    1   10 0.188 125.2 329.0 -11.0  -9.0
2005 424.000   10752 A    Hsx    9    1   60 0.997 273.4  49.0   3.0  85.0
2005 424.000   10754 A    Axx    6    1   10 0.943 264.2  35.0  -7.0  71.0
2005 424.000   10755 A    Axx   19    3   10 0.131 195.1 326.0 -12.0   2.0
2005 426.000   10755 A    Axx   17    1   10 0.498 251.7 327.0 -13.0  29.0
2005 426.000   10756 B    Cko  250    4  330 0.925  94.6 230.0  -6.0 -68.0
2005 427.000   10756 BD   Dkc  634   10  550 0.817  94.2 230.0  -6.0 -55.0
2005 428.000   10755 B    Bxo   11    4   10 0.809 257.1 326.0 -13.0  54.0
2005 428.000   10756 BD   Ekc 1132   21  760 0.667  94.1 230.0  -6.0 -42.0
2005 429.000   10756 BD   Ekc 1802   44 1030 0.484  94.7 229.0  -6.0 -29.0
2005 429.000   10757 B    Dao   59    7   30 0.054 103.9 255.0  -5.0  -3.0
2005 430.000   10756 BD   Ekc 1701   21  890 0.293  96.9 228.0  -6.0 -17.0
2005 430.000   10757 B    Dso   78    5   40 0.174 264.8 255.0  -5.0  10.0
2005 5 1.000   10756 BG   Ekc 1997   27 1000 0.054 161.3 231.0  -7.0  -1.0
2005 5 1.000   10757 B    Dso  110    6   60 0.391 264.2 255.0  -6.0  23.0
2005 5 2.000   10756 BD   Ekc 1589   33  810 0.193 259.0 230.0  -6.0  11.0
2005 5 2.000   10757 B    Dao  157    8  100 0.614 265.3 257.0  -6.0  38.0
2005 5 3.000   10756 BD   Dkc 1415   20  770 0.395 258.7 229.0  -8.0  23.0
2005 5 3.000   10757 B    Dso  128    4  100 0.764 265.4 256.0  -6.0  50.0
2005 5 3.000   10758 A    Hax   56    1  100 0.959  99.3 132.0 -10.0 -74.0
2005 5 4.000   10756 BD   Dkc 1214   30  770 0.615 263.4 231.0  -7.0  38.0
2005 5 4.000   10757 B    Dao   59    5   70 0.905 265.1 258.0  -6.0  65.0
2005 5 4.000   10758 B    Dai  183   14  200 0.889  95.9 130.0  -7.0 -63.0
2005 5 5.000   10756 BD   Dkc  938   12  760 0.786 264.0 231.0  -7.0  52.0
2005 5 5.000   10757 A    Hsx   11    1   30 0.981 265.6 258.0  -5.0  79.0
2005 5 5.000   10758 B    Eai  315   18  250 0.776  96.1 128.0  -7.0 -51.0
2005 5 6.000   10756 BD   Ekc  545   11  640 0.905 261.7 230.0  -9.0  65.0
2005 5 6.000   10758 BD   Eso  303   19  190 0.601  95.3 128.0  -6.0 -37.0
2005 5 7.000   10756 BD   Dac  232    6  590 0.980 262.5 231.0  -8.0  79.0
2005 5 7.000   10758 BG   Eai  514   40  280 0.394  99.8 129.0  -7.0 -23.0
2005 5 8.000   10756 B    Dso   21    4  260 0.999 263.1 227.0  -7.0  88.0
2005 5 8.000   10758 B    Fai  275   31  140 0.184 110.6 129.0  -7.0 -10.0
2005 5 9.000   10758 BG   Fai  336   51  170 0.133 231.1 132.0  -8.0   6.0
2005 5 9.000   10759 B    Dko  208    8  340 0.952  76.3  55.0  12.0 -71.0
2005 510.000   10758 BG   Fkc  541   45  300 0.431 255.5 137.0  -9.0  25.0
2005 510.000   10759 B    Ehi  509    7  540 0.882  72.3  52.0  14.0 -60.0
2005 510.000   10760 B    Esi   77   13   40 0.246 257.8 126.0  -6.0  14.0
2005 510.000   10761 A    Hrx   28    1   30 0.878  83.7  51.0   4.0 -61.0
2005 511.000   10758 BGD  Ekc  611   30  380 0.594 257.2 135.0 -10.0  36.0
2005 511.000   10759 BG   Eki  481    9  390 0.787  72.2  49.0  12.0 -50.0
2005 511.000   10760 B    Dso   87    8   50 0.486 263.0 128.0  -6.0  29.0
2005 511.000   10761 A    Axx   13    2   10 0.747  83.3  51.0   3.0 -48.0
2005 511.000   10762 B    Dro   75    7   40 0.319 106.3  81.0  -8.0 -18.0
2005 512.000   10758 BD   Ekc  721   23  630 0.820 259.8 141.0 -10.0  55.0
2005 512.000   10759 B    Eki  727   12  450 0.588  65.0  53.0  12.0 -33.0
2005 512.000   10760 B    Cso   59    4   40 0.670 262.7 128.0  -7.0  42.0
2005 512.000   10762 B    Dai  158   12   80 0.157 154.1  82.0 -11.0  -4.0
2005 512.000   10763 B    Dao   75    4  110 0.939 103.9  16.0 -14.0 -70.0
2005 512.000   10764 A    Hrx   39    2   20 0.074 166.4  85.0  -7.0  -1.0
2005 513.000   10758 BG   Eki  343   15  420 0.913 260.3 139.0 -10.0  66.0
2005 513.000   10759 B    Ehi  548   10  300 0.406  51.6  54.0  12.0 -19.0
2005 513.000   10760 B    Bxo   82    2   80 0.856 262.3 132.0  -8.0  59.0
2005 513.000   10762 B    Dao  251   11  130 0.260 231.6  84.0 -12.0  12.0
2005 513.000   10763 B    Dao  161    8  150 0.842 104.9  16.0 -14.0 -57.0
2005 513.000   10764 B    Cso  117    4   60 0.215 254.5  85.0  -6.0  12.0
2005 514.000   10758 B    Dkc  200   14  620 0.987 261.3 141.0  -9.0  81.0
2005 514.000   10759 B    Dhi  596   19  310 0.273  22.0  54.0  12.0  -6.0
2005 514.000   10762 B    Dso  270   13  150 0.431 247.3  84.0 -12.0  24.0
2005 514.000   10763 B    Dao  277   14  200 0.720 108.4  15.0 -15.0 -45.0
2005 515.000   10758 A    Hax    2    3  150 1.000 260.0 136.0 -10.0  90.0
2005 515.000   10759 B    Dhi  675   22  350 0.263 332.9  53.0  11.0   7.0
2005 515.000   10762 B    Dao  142   13   90 0.614 253.6  83.0 -12.0  37.0
2005 515.000   10763 B    Dao  217   13  130 0.550 115.7  15.0 -16.0 -31.0
2005 516.000   10759 B    Dho  529   14  290 0.407 304.4  53.0  11.0  20.0
2005 516.000   10762 B    Dao   71    6   60 0.803 255.6  86.0 -13.0  53.0
2005 516.000   10763 B    Dai  262   19  140 0.345 129.5  17.0 -15.0 -16.0
2005 517.000   10759 B    Dho  477   11  300 0.606 291.6  55.0  11.0  35.0
2005 517.000   10762 A    Hsx   22    1   30 0.927 258.0  88.0 -12.0  68.0
2005 517.000   10763 BG   Eai  368   28  190 0.246 164.2  16.0 -16.0  -4.0
2005 518.000   10759 B    Hkx  274    1  220 0.782 286.0  57.0  11.0  50.0
2005 518.000   10763 BG   Eai  269   24  140 0.265 219.4  17.0 -14.0  10.0
2005 519.000   10759 B    Cho  252    9  280 0.892 284.6  56.0  12.0  62.0
2005 519.000   10763 BG   Eai  213   17  120 0.461 238.1  18.0 -16.0  24.0
2005 520.000   10759 A    Hhx  132    1  270 0.969 282.9  56.0  12.0  75.0
2005 520.000   10763 B    Bxo   15    2   10 0.605 245.7  16.0 -16.0  35.0
2005 520.000   10765 A    Hsx   24    1   30 0.911  79.2 276.0   9.0 -65.0
2005 521.000   10759 A    Hax    8    1  150 1.000 282.1  55.0  12.0  88.0
2005 521.000   10765 A    Hsx   24    1   20 0.788  77.1 276.0   9.0 -51.0
2005 522.000   10765 A    Axx   15    1   10 0.605  74.3 278.0   8.0 -36.0
2005 522.000   10766 A    Hax   29    5   60 0.970  74.1 239.0  15.0 -75.0
2005 522.000   10767 A    Hax   21    1   60 0.984  96.8 234.0  -7.0 -80.0
2005 523.000   10765 A    Axx   18    1   10 0.421  66.9 278.0   8.0 -23.0
2005 523.000   10766 B    Dao   80    7   90 0.895  72.3 239.0  15.0 -62.0
2005 523.000   10767 B    Dso   78    4  100 0.920  96.9 234.0  -7.0 -67.0
2005 524.000   10766 B    Dso   62    8   50 0.779  69.3 239.0  15.0 -49.0
2005 524.000   10767 BG   Dao  117    8  100 0.810  97.6 234.0  -7.0 -54.0
2005 525.000   10766 B    Cso   61    8   40 0.635  67.4 238.0  13.0 -37.0
2005 525.000   10767 B    Dso  198   12  130 0.648 100.7 235.0  -8.0 -40.0
2005 526.000   10766 B    Dao   71    6   40 0.461  55.4 238.0  14.0 -23.0
2005 526.000   10767 BG   Eso  250   19  140 0.447 103.2 235.0  -7.0 -26.0
2005 527.000   10766 B    Dro   57    7   30 0.294  27.4 240.0  14.0  -8.0
2005 527.000   10767 BG   Dac  271   31  140 0.238 120.2 236.0  -8.0 -12.0
2005 527.000   10768 B    Dro   26    4   20 0.747 260.3 296.0  -8.0  48.0
2005 528.000   10766 A    Hrx   19    1   10 0.263 337.2 241.0  13.0   6.0
2005 528.000   10767 BG   Eki  476   17  240 0.126 195.9 237.0  -8.0   2.0
2005 528.000   10768 B    Dro   18    3   20 0.892 261.5 298.0  -8.0  63.0
2005 529.000   10766 A    Axx   36    3   20 0.397 307.0 241.0  13.0  19.0
2005 529.000   10767 BG   Dao  572   25  300 0.300 245.5 238.0  -8.0  16.0
2005 529.000   10768 B    Bxo    8    2   20 0.975 259.9 299.0 -10.0  77.0
2005 529.000   10769 A    Hsx   35    1   50 0.934  97.2 153.0  -7.0 -69.0
2005 530.000   10767 BG   Dai  339   20  200 0.529 254.1 240.0  -9.0  31.0
2005 530.000   10769 A    Axx   10    1   10 0.859  98.9 150.0  -8.0 -59.0
2005 530.000   10770 B    Cso   39    4   20 0.221  -0.0 209.0  12.0   0.0
2005 531.000   10767 BG   Eac  341   22  240 0.702 257.8 240.0  -9.0  44.0
2005 531.000   10769 B    Bxo   26    4   20 0.759 100.0 147.0  -8.0 -49.0
2005 531.000   10770 B    Dao  113    7   60 0.322 312.8 210.0  12.0  14.0
2005 531.000   10771 B    Bxo   60    3   40 0.648 309.9 229.0  24.0  33.0
2005 6 1.000   10767 B    Eao  173   12  170 0.860 259.8 241.0  -9.0  59.0
2005 6 1.000   10769 A    Axx   14    2   10 0.694 105.4 139.0 -11.0 -43.0
2005 6 1.000   10770 B    Bxo   17    5   10 0.494 296.0 209.0  12.0  27.0
2005 6 1.000   10771 B    Cso   37    4   30 0.785 301.7 229.0  24.0  47.0
2005 6 1.000   10772 B    Cao   61    6   50 0.789 112.6 132.0 -18.0 -50.0
2005 6 2.000   10767 B    Eao  122   10  200 0.952 261.7 241.0  -8.0  72.0
2005 6 2.000   10769 A    Hax   34    1   20 0.520 108.8 139.0 -10.0 -30.0
2005 6 2.000   10770 A    Axx    0    2    0 0.652 289.1 208.0  12.0  39.0
2005 6 2.000   10771 A    Hsx   38    1   40 0.879 299.0 227.0  25.0  58.0
2005 6 2.000   10772 BG   Dac  200   17  130 0.636 118.5 133.0 -18.0 -36.0
2005 6 2.000   10773 B    Dso   52    4  110 0.971 102.3  93.0 -12.0 -76.0
2005 6 3.000   10767 A    Axx    0    1    0 0.996 261.0 241.0  -9.0  85.0
2005 6 3.000   10769 A    Axx   19    1   10 0.306 123.5 141.0 -10.0 -15.0
2005 6 3.000   10771 A    Axx    5    1   10 0.959 294.1 228.0  23.0  72.0
2005 6 3.000   10772 BG   Dai  193   13  110 0.472 127.6 133.0 -17.0 -23.0
2005 6 3.000   10773 B    Dao  124    3  140 0.895 103.3  93.0 -12.0 -63.0
2005 6 4.000   10769 A    Axx    0    1    0 0.186 123.1 134.0  -6.0  -9.0
2005 6 4.000   10772 B    Dai  226   18  120 0.326 152.7 134.0 -17.0  -9.0
2005 6 4.000   10773 B    Dao  175    6  140 0.779 106.6  93.0 -13.0 -50.0
2005 6 5.000   10772 B    Dac  304   20  160 0.308 198.9 136.0 -17.0   6.0
2005 6 5.000   10773 B    Eso  299    8  190 0.615 111.4  94.0 -13.0 -36.0
2005 6 5.000   10774 B    Cso   19    4   10 0.136 310.3 136.0   5.0   6.0
2005 6 5.000   10775 A    Hsx   80    2  160 0.967  77.6  55.0  12.0 -75.0
2005 6 6.000   10772 B    Dso  198   15  110 0.427 223.5 134.0 -18.0  18.0
2005 6 6.000   10773 B    Dao  215    6  120 0.443 120.7  93.0 -13.0 -23.0
2005 6 6.000   10774 A    Hrx   18    2   10 0.364 280.9 137.0   4.0  21.0
2005 6 6.000   10775 A    Hsx  151    1  160 0.880  76.4  55.0  12.0 -61.0
2005 6 6.000   10776 B    Dao  149    3  230 0.946  95.3  45.0  -5.0 -71.0
2005 6 7.000   10772 B    Dao  213   10  130 0.569 236.8 132.0 -18.0  30.0
2005 6 7.000   10773 B    Dao  212   10  110 0.261 144.0  93.0 -12.0  -9.0
2005 6 7.000   10774 B    Cso   68    5   40 0.522 281.2 133.0   6.0  31.0
2005 6 7.000   10775 B    Cao  235    7  180 0.755  74.2  54.0  12.0 -48.0
2005 6 7.000   10776 B    Eao  289    7  300 0.876  95.8  41.0  -5.0 -61.0
2005 6 8.000   10772 B    Eao  177   13  130 0.731 244.7 133.0 -18.0  44.0
2005 6 8.000   10773 B    Dao  251    5  130 0.256 195.3  93.0 -14.0   4.0
2005 6 8.000   10774 B    Cao   56    4   40 0.708 275.3 134.0   4.0  45.0
2005 6 8.000   10775 B    Cao  387    6  240 0.590  73.3  54.0  10.0 -35.0
2005 6 8.000   10776 B    Eko  664   16  490 0.735  98.5  42.0  -6.0 -47.0
2005 6 9.000   10772 B    Dao  180   10  180 0.865 248.8 133.0 -18.0  58.0
2005 6 9.000   10773 B    Dso  165    6   90 0.390 230.3  93.0 -14.0  18.0
2005 6 9.000   10774 A    Axx   16    1   20 0.907 274.2 140.0   4.0  65.0
2005 6 9.000   10775 BGD  Dki  497   12  270 0.390  64.7  54.0  10.0 -21.0
2005 6 9.000   10776 BG   Dki  949   21  570 0.553 101.5  42.0  -6.0 -33.0
2005 610.000   10772 B    Dao   61    9  100 0.952 250.9 133.0 -18.0  71.0
2005 610.000   10773 B    Dao  116    4   70 0.559 243.4  93.0 -14.0  31.0
2005 610.000   10775 BGD  Dkc  706   16  360 0.189  46.7  54.0   8.0  -8.0
2005 610.000   10776 BG   Ekc 1120   30  600 0.359 108.4  42.0  -6.0 -20.0
2005 611.000   10772 B    Dso   11    2   60 0.995 251.8 133.0 -18.0  84.0
2005 611.000   10773 B    Cso   97    4   70 0.719 249.7  93.0 -14.0  44.0
2005 611.000   10775 BGD  Dkc  652   17  330 0.154 326.0  54.0   8.0   5.0
2005 611.000   10776 BG   Ekc 1143   26  580 0.168 133.7  42.0  -6.0  -7.0
2005 611.000   10777 B    Bxo   32    4   30 0.839  84.5 352.0   5.0 -57.0
2005 612.000   10773 B    Cso   67    3   60 0.826 251.2  89.0 -15.0  54.0
2005 612.000   10775 BG   Dki  616   13  330 0.359 296.6  54.0  10.0  19.0
2005 612.000   10776 BG   Eki 1022   28  520 0.182 229.6  43.0  -6.0   8.0
2005 612.000   10777 A    Axx   15    1   10 0.658  83.3 354.0   5.0 -41.0
2005 613.000   10773 A    Hsx   29    2   40 0.928 253.4  89.0 -15.0  67.0
2005 613.000   10775 BG   Dhc  603   17  360 0.546 287.1  54.0  10.0  32.0
2005 613.000   10776 BG   Eki  815   36  440 0.376 251.5  43.0  -6.0  21.0
2005 614.000   10773 B    Bxo    9    3   30 0.987 253.6  89.0 -16.0  80.0
2005 614.000   10775 BG   Dhi  398   16  290 0.727 282.8  55.0  10.0  46.0
2005 614.000   10776 BG   Dko  625   24  380 0.569 257.9  43.0  -6.0  34.0
2005 615.000   10775 B    Dao  204    7  200 0.859 279.8  55.0   9.0  59.0
2005 615.000   10776 B    Dki  477   17  360 0.748 260.9  44.0  -6.0  48.0
2005 616.000   10775 B    Dho  126    4  230 0.961 279.0  57.0   9.0  74.0
2005 616.000   10776 B    Cho  278    5  320 0.901 263.8  47.0  -5.0  64.0
2005 616.000   10778 A    Hsx   47    1   30 0.620 279.7  21.0   7.0  38.0
2005 616.000   10779 B    Dai  282   14  150 0.340 157.0 335.0 -17.0  -8.0
2005 617.000   10775 A    Hax   18    2  130 0.997 279.9  55.0  10.0  86.0
2005 617.000   10776 B    Cko  119    5  270 0.975 264.6  46.0  -5.0  77.0
2005 617.000   10778 A    Axx   12    1   10 0.769 279.3  19.0   8.0  50.0
2005 617.000   10779 B    Dai  453   19  240 0.326 194.8 334.0 -17.0   5.0
2005 618.000   10776 B    Hax   14    2  190 0.999 264.1  48.0  -6.0  92.0
2005 618.000   10779 BG   Eki  534   25  300 0.454 223.0 335.0 -18.0  19.0
2005 618.000   10780 B    Cso   32    2   40 0.916  98.3 250.0  -7.0 -66.0
2005 619.000   10779 B    Eki  733   24  460 0.603 236.7 335.0 -18.0  32.0
2005 619.000   10780 B    Dao   84    6   70 0.796 101.3 251.0  -8.0 -52.0
2005 620.000   10779 B    Eko  613   16  460 0.745 245.2 335.0 -17.0  45.0
2005 620.000   10780 B    Dso   62    7   40 0.628 103.4 252.0  -7.0 -38.0
2005 621.000   10779 BG   Eao  338   15  340 0.868 249.2 335.0 -17.0  58.0
2005 621.000   10780 B    Dao  108   12   60 0.431 110.5 253.0  -7.0 -24.0
2005 622.000   10779 BG   Eai  151   13  250 0.953 252.5 334.0 -16.0  71.0
2005 622.000   10780 B    Dai  173   20   90 0.258 126.9 251.0  -7.0 -12.0
2005 623.000   10779 B    Dao   43    2  180 0.993 250.6 332.0 -19.0  82.0
2005 623.000   10780 B    Dro  137   17   70 0.176 185.6 251.0  -8.0   1.0
2005 624.000   10780 B    Dao   57    9   30 0.297 233.7 251.0  -8.0  14.0
2005 625.000   10780 B    Bxo   34    4   20 0.525 250.7 254.0  -8.0  30.0
2005 626.000   10780 A    Axx   14    2   10 0.694 257.3 254.0  -7.0  43.0
2005 628.000   10781 A    Hsx   29    1   60 0.970  74.2 108.0  16.0 -76.0
2005 629.000   10781 B    Eao   75   10   90 0.907  74.7 106.0  15.0 -65.0
2005 630.000   10781 B    Cao   94    5   80 0.805  73.4 105.0  15.0 -53.0
2005 630.000   10782 B    Bxo   18    3   10 0.371 156.2 149.0 -17.0  -9.0
2005 630.000   10783 B    Cso   41    4   40 0.858  92.9  99.0  -1.0 -59.0
2005 630.000   10784 B    Bxo   34    5   50 0.940  74.0  88.0  16.0 -70.0
2005 7 1.000   10781 A    Hrx   78    4   50 0.618  71.0 108.0  14.0 -37.0
2005 7 1.000   10782 B    Dai  168   17   90 0.348 191.0 149.0 -17.0   4.0
2005 7 1.000   10783 B    Dso  235   16  170 0.722  95.6  99.0  -2.0 -46.0
2005 7 1.000   10784 B    Dso   75    6   70 0.843  72.9  88.0  16.0 -57.0
2005 7 1.000   10785 B    Cao   34    3   20 0.492 136.2 124.0 -18.0 -21.0
2005 7 2.000   10781 A    Hsx   53    2   30 0.440  63.9 108.0  14.0 -24.0
2005 7 2.000   10782 B    Dao  285   14  160 0.451 220.9 150.0 -17.0  18.0
2005 7 2.000   10783 B    Dao  416   14  250 0.553 100.2  99.0  -3.0 -33.0
2005 7 2.000   10784 B    Dso   70    4   50 0.709  70.4  88.0  16.0 -44.0
2005 7 2.000   10785 B    Bxo   18    6   10 0.393 162.9 125.0 -19.0  -7.0
2005 7 2.000   10786 B    Cso   59    5  120 0.969  77.4  56.0  13.0 -76.0
2005 7 2.000   10787 B    Bxo   18    7   10 0.423 240.9 154.0  -9.0  22.0
2005 7 3.000   10781 A    Hsx   97    1   50 0.241  44.7 108.0  13.0 -10.0
2005 7 3.000   10782 B    Dao  346   16  220 0.616 234.9 150.0 -18.0  32.0
2005 7 3.000   10783 BG   Dki  934   30  500 0.357 107.0  98.0  -3.0 -20.0
2005 7 3.000   10784 B    Cso   67    5   40 0.543  61.1  88.0  18.0 -30.0
2005 7 3.000   10785 B    Dsi  128   17   70 0.390 194.7 124.0 -19.0   6.0
2005 7 3.000   10786 BG   Dao  347   11  370 0.883  78.1  56.0  12.0 -62.0
2005 7 3.000   10787 B    Dso   48    7   30 0.597 246.7 152.0 -11.0  34.0
2005 7 3.000   10788 A    Hax   80    1  120 0.943  97.5  48.0  -6.0 -70.0
2005 7 4.000   10781 A    Hsx   59    2   30 0.176 343.2 108.0  13.0   3.0
2005 7 4.000   10782 B    Dao  302   14  230 0.753 243.9 150.0 -17.0  45.0
2005 7 4.000   10783 BG   Ekc 1189   31  600 0.130 147.6 101.0  -3.0  -4.0
2005 7 4.000   10784 B    Cso   37    4   20 0.321  46.4  91.0  16.0 -14.0
2005 7 4.000   10785 B    Dai  227   12  130 0.485 222.1 125.0 -18.0  20.0
2005 7 4.000   10786 BG   Dai  412   26  310 0.746  76.9  57.0  12.0 -48.0
2005 7 4.000   10787 B    Dro   51    7   40 0.762 253.9 153.0 -10.0  48.0
2005 7 4.000   10788 B    Cao  104    3  100 0.853  97.9  47.0  -5.0 -58.0
2005 7 5.000   10781 B    Cso   38    4   20 0.303 303.7 106.0  13.0  15.0
2005 7 5.000   10782 B    Cao  149   10  150 0.867 247.0 148.0 -18.0  57.0
2005 7 5.000   10783 B    Eki  828   36  420 0.165 227.6  98.0  -3.0   7.0
2005 7 5.000   10784 A    Hax   19    1   10 0.184  -0.0  91.0  14.0   0.0
2005 7 5.000   10785 B    Dso   61   10   40 0.635 234.1 124.0 -19.0  33.0
2005 7 5.000   10786 BGD  Dac  568   34  350 0.583  74.1  56.0  12.0 -35.0
2005 7 5.000   10787 A    Hsx   30    2   30 0.861 255.1 149.0 -11.0  58.0
2005 7 5.000   10788 B    Cso  134    4  100 0.742 101.3  44.0  -6.0 -47.0
2005 7 5.000   10789 A    Hsx   16    1   30 0.960  72.2  17.0  18.0 -74.0
2005 7 6.000   10781 B    Dso   53    7   30 0.465 293.8 104.0  14.0  26.0
2005 7 6.000   10782 B    Dso   58    7  100 0.956 251.0 149.0 -17.0  71.0
2005 7 6.000   10783 BG   Ekc  976   37  530 0.390 253.7 100.0  -3.0  22.0
2005 7 6.000   10784 A    Axx   38    1   20 0.296 312.7  91.0  15.0  13.0
2005 7 6.000   10785 B    Bxo   25    3   20 0.772 241.8 124.0 -19.0  46.0
2005 7 6.000   10786 BG   Dac  656   27  360 0.411  68.3  55.0  12.0 -23.0
2005 7 6.000   10787 B    Bxo   12    2   20 0.952 256.2 149.0 -12.0  71.0
2005 7 6.000   10788 A    Hsx  150    1   90 0.550 106.5  46.0  -6.0 -32.0
2005 7 6.000   10789 B    Dso  114    6  140 0.913  74.0  14.0  16.0 -66.0
2005 7 7.000   10781 B    Cso   30    5   20 0.641 287.6 104.0  14.0  39.0
2005 7 7.000   10782 A    Axx    7    1   60 0.998 252.7 150.0 -17.0  85.0
2005 7 7.000   10783 BG   Ehc  658   24  410 0.596 260.0 101.0  -3.0  36.0
2005 7 7.000   10784 A    Hsx   17    1   10 0.470 295.7  91.0  15.0  26.0
2005 7 7.000   10786 BGD  Dkc  722   25  370 0.214  52.8  55.0  11.0 -10.0
2005 7 7.000   10787 A    Hax    3    1   60 0.999 253.8 152.0 -16.0  87.0
2005 7 7.000   10788 A    Hsx  131    1   70 0.342 122.0  48.0  -7.0 -17.0
2005 7 7.000   10789 B    Eao  154    5  130 0.805  71.5  12.0  17.0 -53.0
2005 7 8.000   10781 B    Bxo   12    3   10 0.781 285.0 104.0  14.0  51.0
2005 7 8.000   10783 BG   Eai  559   30  430 0.760 262.8 101.0  -3.0  49.0
2005 7 8.000   10784 B    Bxo   15    4   10 0.633 290.9  90.0  16.0  38.0
2005 7 8.000   10786 BGD  Dhi  829   40  420 0.159 334.6  56.0  12.0   4.0
2005 7 8.000   10788 A    Hsx  157    2   80 0.177 162.9  49.0  -6.0  -3.0
2005 7 8.000   10789 B    Dso  300   10  200 0.661  68.3  12.0  17.0 -40.0
2005 7 9.000   10783 BG   Eki  333   24  370 0.893 265.8 101.0  -2.0  63.0
2005 7 9.000   10786 BGD  Dkc  776   34  410 0.321 296.9  55.0  12.0  17.0
2005 7 9.000   10788 A    Hsx  232    1  120 0.244 231.3  49.0  -5.0  11.0
2005 7 9.000   10789 B    Esi  333   12  190 0.480  60.8  12.0  17.0 -26.0
2005 710.000   10783 B    Eki  116   13  230 0.967 265.9 100.0  -3.0  75.0
2005 710.000   10786 BGD  Dkc  528   45  310 0.523 284.7  56.0  11.0  31.0
2005 710.000   10788 A    Hsx  181    2  100 0.423 246.7  48.0  -6.0  23.0
2005 710.000   10789 B    Esi  318   26  170 0.347  45.1  10.0  18.0 -15.0
2005 711.000   10786 BG   Dac  482   27  330 0.683 280.3  55.0  10.0  43.0
2005 711.000   10788 A    Hsx  110    7   70 0.616 256.6  49.0  -5.0  37.0
2005 711.000   10789 B    Eai  292   14  150 0.225   4.3  11.0  17.0  -1.0
2005 712.000   10786 BGD  Dkc  383   24  350 0.837 278.1  56.0   9.0  57.0
2005 712.000   10788 A    Hax   87    3   70 0.779 257.6  49.0  -7.0  50.0
2005 712.000   10789 B    Eao  134   11   70 0.288 316.0  11.0  16.0  12.0
2005 713.000   10786 BGD  Dac  188   15  270 0.937 280.2  56.0  11.0  70.0
2005 713.000   10788 A    Hax   25    1   30 0.902 263.5  50.0  -4.0  64.0
2005 713.000   10789 B    Eao  125    6   70 0.437 301.2   9.0  17.0  23.0
2005 714.000   10786 BGD  Dkc   86    8  370 0.993 280.6  56.0  11.0  84.0
2005 714.000   10788 A    Hsx   18    1   40 0.972 263.8  48.0  -5.0  76.0
2005 714.000   10789 B    Dro   30    2   20 0.634 291.7  10.0  17.0  38.0
2005 714.000   10790 B    Bxo   15    4   10 0.611 247.5   7.0 -10.0  35.0
2005 715.000   10786 BG   Dko   61    4  300 0.995 282.6  56.0  12.0  97.0
2005 715.000   10788 A    Hsx    1    1   30 1.000 266.1  50.0  -4.0  91.0
2005 715.000   10789 B    Cso   38    5   30 0.762 288.6   8.0  17.0  49.0
2005 715.000   10790 B    Csi   45   11   40 0.826 254.7  13.0 -10.0  54.0
2005 716.000   10789 A    Hsx   20    1   20 0.858 287.1   5.0  17.0  59.0
2005 716.000   10790 BG   Dsi   81   17  110 0.929 257.4  13.0 -10.0  67.0
2005 717.000   10790 BG   Dao   59    6  190 0.988 259.1  13.0 -10.0  80.0
2005 718.000   10790 A    Hax    7    2   60 0.998 260.3  13.0 -10.0  93.0
2005 724.000   10791 B    Dai  115   10   90 0.765  77.4 151.0  13.0 -50.0
2005 725.000   10791 B    Dao  177    8  110 0.592  75.2 151.0  13.0 -36.0
2005 726.000   10791 B    Dao  239   13  130 0.391  69.2 152.0  13.0 -22.0
2005 727.000   10791 B    Dai  313   19  160 0.202  49.1 152.0  13.0  -9.0
2005 728.000   10791 B    Cso  256    9  130 0.165 321.9 154.0  13.0   6.0
2005 729.000   10791 A    Hsx  223    2  120 0.365 294.5 155.0  14.0  20.0
2005 729.000   10792 B    Dso   98    7  220 0.975  78.9  57.0  12.0 -78.0
2005 730.000   10791 B    Cao  133    6   80 0.552 286.8 154.0  14.0  33.0
2005 730.000   10792 BG   Ekc  357   28  430 0.909  80.5  55.0  11.0 -66.0
2005 730.000   10793 B    Dso   58    5   30 0.236  51.7 110.0  14.0 -11.0
2005 731.000   10791 B    Cso   93    4   70 0.742 283.7 156.0  14.0  48.0
2005 731.000   10792 BGD  Dac  545   19  440 0.785  79.3  56.0  12.0 -52.0
2005 731.000   10793 B    Dso  138    9   70 0.144 353.2 109.0  14.0   1.0
2005 8 1.000   10791 B    Cao   38    2   40 0.878 280.5 157.0  12.0  62.0
2005 8 1.000   10792 BGD  Dkc  661   40  420 0.616  78.0  57.0  12.0 -38.0
2005 8 1.000   10793 B    Dao  152   14   80 0.298 295.5 111.0  13.0  16.0
2005 8 1.000   10794 A    Hax   31    2   60 0.964 103.1  22.0 -11.0 -73.0
2005 8 1.000   10795 A    Hax   29    2   60 0.970  76.0  18.0  15.0 -77.0
2005 8 2.000   10791 A    Hsx   43    2   80 0.962 280.8 157.0  12.0  75.0
2005 8 2.000   10792 BGD  Ekc  758   34  420 0.429  74.4  57.0  12.0 -25.0
2005 8 2.000   10793 B    Cso  104    8   60 0.492 286.0 111.0  13.0  29.0
2005 8 2.000   10794 B    Dao  103    7  110 0.883 105.8  22.0 -11.0 -60.0
2005 8 2.000   10795 A    Hax   98    1  110 0.894  76.2  18.0  15.0 -64.0
2005 8 3.000   10791 A    Hsx    6    1   60 0.998 281.7 157.0  12.0  88.0
2005 8 3.000   10792 BGD  Dkc  642   43  330 0.230  62.3  57.0  12.0 -12.0
2005 8 3.000   10793 B    Dao   44    7   30 0.669 282.8 111.0  13.0  42.0
2005 8 3.000   10794 B    Dao  193    8  150 0.763 109.9  22.0 -11.0 -47.0
2005 8 3.000   10795 A    Hsx  113    3   90 0.775  75.5  18.0  15.0 -51.0
2005 8 4.000   10792 BG   Dkc  478   26  240 0.088 348.7  57.0  11.0   1.0
2005 8 4.000   10793 B    Cso   23    4   20 0.815 281.7 111.0  13.0  55.0
2005 8 4.000   10794 BG   Dsi  331   18  210 0.614 116.7  22.0 -11.0 -34.0
2005 8 4.000   10795 A    Hsx  141    2   90 0.620  73.4  18.0  15.0 -38.0
2005 8 4.000   10796 B    Cso   19    2   10 0.242 159.0  51.0  -7.0  -5.0
2005 8 5.000   10792 BG   Dki  348   18  180 0.253 290.3  57.0  11.0  14.0
2005 8 5.000   10794 BG   Dsi  397   29  220 0.431 132.1  22.0 -11.0 -19.0
2005 8 5.000   10795 B    Cao  177    8  100 0.461  73.5  14.0  13.0 -27.0
2005 8 6.000   10792 BG   Dso  282   18  160 0.471 281.8  56.0  11.0  28.0
2005 8 6.000   10794 BG   Dai  433   24  230 0.335 168.3  24.0 -13.0  -4.0
2005 8 6.000   10795 A    Hsx  173    2   90 0.265  62.7  14.0  13.0 -14.0
2005 8 7.000   10792 BG   Cso  197    9  130 0.653 278.1  56.0  10.0  41.0
2005 8 7.000   10794 BG   Dho  411   11  220 0.355 208.6  25.0 -12.0  10.0
2005 8 7.000   10795 B    Cso  139    4   70 0.100  -0.0  15.0  12.0   0.0
2005 8 8.000   10792 B    Cso  130    8  110 0.804 277.8  56.0  10.0  54.0
2005 8 8.000   10794 BG   Dso  294   10  170 0.499 229.8  25.0 -13.0  23.0
2005 8 8.000   10795 B    Cso  116    4   60 0.242 294.8  15.0  12.0  13.0
2005 8 8.000   10796 B    Bxo   73    5   60 0.789 253.4  52.0  -9.0  50.0
2005 8 9.000   10792 B    Dso   92    5  120 0.922 279.3  57.0  11.0  68.0
2005 8 9.000   10794 B    Cso  182    5  120 0.652 241.5  25.0 -13.0  36.0
2005 8 9.000   10795 A    Hsx   88    1   50 0.457 283.9  16.0  12.0  27.0
2005 8 9.000   10796 B    Dso   66    5   80 0.909 258.2  53.0  -8.0  64.0
2005 810.000   10792 B    Dao   34    3  110 0.988 279.2  57.0  10.0  82.0
2005 810.000   10794 A    Hax  174    3  140 0.782 247.7  23.0 -13.0  48.0
2005 810.000   10795 A    Hax   61    2   40 0.640 279.5  15.0  11.0  40.0
2005 810.000   10796 B    Dao   26    3   70 0.982 260.5  53.0  -8.0  78.0
2005 811.000   10792 A    Hax    2    1   30 0.999 283.4  56.0  13.0  94.0
2005 811.000   10794 A    Hax  104    2  130 0.915 253.8  26.0 -12.0  64.0
2005 811.000   10795 A    Hsx   34    1   30 0.815 283.8  17.0  15.0  55.0
2005 812.000   10794 A    Hax   57    2  140 0.979 254.2  25.0 -14.0  76.0
2005 812.000   10795 A    Hax   33    1   40 0.909 278.0  15.0  10.0  66.0
2005 812.000   10797 A    Hax   42    2   40 0.848 109.8 254.0 -13.0 -55.0
2005 813.000   10794 A    Hax    2    1  120 1.000 256.0  25.0 -14.0  89.0
2005 813.000   10795 B    Cro   12    4   30 0.978 278.9  15.0  10.0  79.0
2005 813.000   10797 B    Dso   83   12   60 0.720 115.2 254.0 -13.0 -42.0
2005 814.000   10795 A    Axx    0    1   30 1.000 280.2  15.0  10.0  92.0
2005 814.000   10797 B    Dai  131   12   80 0.572 124.3 254.0 -13.0 -29.0
2005 815.000   10797 B    Dai  325   13  180 0.427 141.1 254.0 -13.0 -16.0
2005 815.000   10798 A    Hrx   11    1   10 0.821 100.9 216.0  -5.0 -54.0
2005 816.000   10797 BG   Dai  281   28  150 0.341 171.4 252.0 -13.0  -3.0
2005 816.000   10798 A    Hsx   29    1   20 0.664 110.1 216.0  -8.0 -39.0
2005 817.000   10797 BG   Dsi  239   25  130 0.391 205.5 252.0 -14.0  10.0
2005 817.000   10798 B    Cso   17    3   10 0.485 120.3 217.0  -8.0 -25.0
2005 818.000   10797 B    Dso  154   20   90 0.513 227.6 252.0 -14.0  23.0
2005 818.000   10798 B    Cso   37    2   20 0.339 142.8 217.0  -9.0 -12.0
2005 819.000   10797 A    Hsx  116    1   80 0.683 241.0 254.0 -14.0  38.0
2005 819.000   10798 B    Dso   57    9   30 0.302 196.5 221.0 -10.0   5.0
2005 819.000   10799 B    Cso   20    2   20 0.855 251.5 272.0 -12.0  56.0
2005 820.000   10797 A    Hsx  125    1  110 0.823 249.0 255.0 -13.0  52.0
2005 820.000   10798 BG   Dai  289   14  160 0.428 228.4 222.0 -10.0  19.0
2005 820.000   10799 A    Axx   12    2   20 0.950 257.0 273.0 -10.0  70.0
2005 820.000   10800 B    Cao   41    4   30 0.718  74.4 157.0  16.0 -46.0
2005 821.000   10797 A    Hsx   51    1   70 0.931 253.1 255.0 -13.0  66.0
2005 821.000   10798 BG   Eki  810   12  510 0.608 241.6 222.0 -11.0  33.0
2005 821.000   10799 B    Cao    7    2   30 0.993 260.0 271.0  -9.0  82.0
2005 821.000   10800 B    Dso   83    8   50 0.552  71.4 156.0  16.0 -33.0
2005 821.000   10801 A    Hsx   23    1   20 0.805  87.6 135.0   6.0 -54.0
2005 822.000   10797 A    Hax   27    1   80 0.985 254.4 254.0 -14.0  78.0
2005 822.000   10798 BG   Dkc  704   18  560 0.778 249.8 224.0 -11.0  48.0
2005 822.000   10800 B    Cso   55   17   30 0.360  59.9 157.0  17.0 -19.0
2005 822.000   10801 A    Axx   15    1   10 0.612  87.6 138.0   7.0 -38.0
2005 823.000   10797 A    Hax    3    1   60 1.000 257.1 253.0 -13.0  90.0
2005 823.000   10798 BGD  Dkc  581   15  670 0.901 254.2 225.0 -11.0  62.0
2005 823.000   10800 B    Dai  254   28  130 0.201  29.8 157.0  17.0  -6.0
2005 823.000   10801 A    Axx    0    1    0 0.541  86.1 130.0   8.0 -33.0
2005 824.000   10798 BG   Dkc  307   12  680 0.974 255.9 225.0 -12.0  75.0
2005 824.000   10800 B    Dai  351   23  180 0.219 322.6 158.0  17.0   8.0
2005 825.000   10798 BG   Dkc   20    7  430 1.000 259.1 227.0 -11.0  90.0
2005 825.000   10800 BG   Eai  405   28  220 0.387 297.8 158.0  17.0  21.0
2005 825.000   10802 A    Hsx   36    1   20 0.400 143.8 123.0 -12.0 -14.0
2005 825.000   10803 B    Dao   13   11   30 0.974  79.3  59.0  12.0 -78.0
2005 826.000   10800 B    Eao  341   20  210 0.582 289.4 158.0  17.0  35.0
2005 826.000   10802 A    Hsx   18    1   10 0.327 180.0 123.0 -12.0   0.0
2005 826.000   10803 B    Dai  161   10  200 0.914  80.0  56.0  12.0 -67.0
2005 826.000   10804 B    Cso   58    5   30 0.216  70.9 111.0  11.0 -12.0
2005 827.000   10800 B    Eso  228   10  170 0.741 286.5 158.0  17.0  48.0
2005 827.000   10803 BG   Dai  137   15  110 0.782  81.6  58.0  11.0 -52.0
2005 827.000   10804 B    Cso   19    2   10 0.070 345.8 111.0  11.0   1.0
2005 828.000   10800 B    Eao   59    7   60 0.868 284.4 158.0  16.0  61.0
2005 828.000   10801 B    Dso   34    5   20 0.511 275.6 128.0   9.0  31.0
2005 828.000   10803 BG   Dai  200   26  130 0.638  81.4  57.0  11.0 -40.0
2005 828.000   10804 A    Axx   19    1   10 0.248 286.6 111.0  11.0  14.0
2005 828.000   10805 B    Dso   32    2   60 0.963 100.4  24.0  -8.0 -73.0
2005 829.000   10800 B    Bxo   17    4   30 0.955 284.6 158.0  16.0  74.0
2005 829.000   10801 B    Cso   57    4   40 0.689 275.6 128.0   9.0  44.0
2005 829.000   10803 BGD  Dsi  178   37  100 0.453  79.8  57.0  11.0 -27.0
2005 829.000   10804 A    Axx    0    1    0 0.453 280.2 111.0  11.0  27.0
2005 829.000   10805 B    Dso   94    3  100 0.881 103.1  24.0  -8.0 -60.0
2005 830.000   10800 B    Cao    5    2   30 0.996 285.6 158.0  16.0  87.0
2005 830.000   10801 B    Cso   22    2   20 0.833 276.1 128.0   9.0  57.0
2005 830.000   10803 BG   Dao   96   13   50 0.248  73.5  57.0  11.0 -14.0
2005 830.000   10804 B    Bxo   15    2   10 0.625 278.7 111.0  11.0  39.0
2005 830.000   10805 B    Dao  117    3   90 0.758 107.1  24.0  -8.0 -47.0
2005 830.000   10806 BG   Dai   80    6   70 0.819 116.6  21.0 -17.0 -50.0
2005 831.000   10803 BG   Dai   79   19   40 0.069  14.5  57.0  11.0  -1.0
2005 831.000   10805 B    Dso   79    5   50 0.604 113.5  24.0  -8.0 -34.0
2005 831.000   10806 BG   Dai   86   14   60 0.693 123.8  21.0 -17.0 -37.0
2005 9 1.000   10803 B    Bxo   38    8   20 0.231 287.4  57.0  11.0  13.0
2005 9 1.000   10805 A    Hax   89    2   50 0.436 125.6  23.0  -8.0 -21.0
2005 9 1.000   10806 BG   Dao   83    8   50 0.548 137.0  21.0 -17.0 -23.0
2005 9 2.000   10805 A    Hsx  132    2   70 0.325 155.1  23.0 -10.0  -8.0
2005 9 2.000   10806 A    Hrx   18    2   10 0.410 163.4  24.0 -16.0  -7.0
2005 9 3.000   10805 B    Cso  114    6   60 0.304 193.1  22.0 -10.0   4.0
2005 9 3.000   10807 B    Bxo   10    2   20 0.966 242.7  88.0 -24.0  70.0
2005 9 4.000   10805 B    Dso  108    4   60 0.421 223.0  22.0 -11.0  17.0
2005 9 5.000   10805 B    Cso   98    2   60 0.573 238.9  22.0 -11.0  30.0
2005 9 6.000   10805 A    Hax   54    2   40 0.737 247.8  22.0 -11.0  44.0
2005 9 7.000   10805 B    Dao   37    2   40 0.881 252.2  24.0 -12.0  59.0
2005 9 8.000   10808 A    Hsx    1    1   10 0.996 102.8 229.0 -12.0 -83.0
2005 9 9.000   10808 BG   Ekc  370   14  510 0.932 102.6 232.0  -9.0 -67.0
2005 9 9.000   10809 A    Hsx   40    2   40 0.860  82.6 239.0  10.0 -60.0
2005 910.000   10808 BGD  Fkc 1590   38 1430 0.831 106.0 232.0  -9.0 -54.0
2005 910.000   10809 A    Hrx   27    1   20 0.726  83.1 239.0  10.0 -47.0
2005 911.000   10808 BGD  Ekc 1918   38 1400 0.728 109.6 229.0  -9.0 -44.0
2005 911.000   10809 A    Hsx   33    1   20 0.555  82.8 239.0  10.0 -34.0
2005 912.000   10808 BGD  Ekc 2072   80 1250 0.559 118.0 229.0  -9.0 -30.0
2005 912.000   10809 A    Hsx   37    1   20 0.341  80.6 239.0  10.0 -20.0
2005 913.000   10808 BGD  Fkc 1524   52  840 0.420 137.0 229.0 -11.0 -17.0
2005 914.000   10808 BGD  Fkc 1591   74  840 0.320 167.6 229.0 -11.0  -4.0
2005 914.000   10809 A    Hsx   39    1   20 0.139 276.2 241.0   8.0   8.0
2005 915.000   10808 BGD  Ekc 1870   76 1000 0.354 208.8 230.0 -11.0  10.0
2005 916.000   10808 BGD  Ekc 1547   67  880 0.476 230.5 229.0 -11.0  22.0
2005 917.000   10808 BGD  Ekc  935   41  620 0.657 244.1 230.0 -11.0  37.0
2005 918.000   10808 BD   Ekc  506   38  420 0.798 250.4 230.0 -11.0  50.0
2005 918.000   10810 A    Hsx   22    1   50 0.974  81.3 102.0  10.0 -78.0
2005 919.000   10808 BG   Cki  284   22  340 0.908 254.4 230.0 -11.0  63.0
2005 919.000   10810 B    Dao  126    8  170 0.928  82.0  98.0  10.0 -69.0
2005 920.000   10808 A    Hax  100    3  280 0.984 257.4 232.0 -11.0  78.0
2005 920.000   10810 B    Eao  229    9  180 0.771  82.9 103.0  10.0 -51.0
2005 920.000   10811 A    Axx    0    1    0 0.294 180.0 154.0 -10.0   0.0
2005 921.000   10810 B    Eai  400   13  250 0.597  82.7 104.0  10.0 -37.0
2005 922.000   10810 B    Cai  392    9  210 0.356  86.0 107.0   8.0 -21.0
2005 923.000   10810 B    Dki  456   18  230 0.126  73.4 107.0   9.0  -7.0
2005 924.000   10810 BG   Eki  496   25  250 0.109 289.3 107.0   9.0   6.0
2005 924.000   10812 B    Cso   17    4   30 0.958  93.2  28.0  -1.0 -73.0
2005 925.000   10810 B    Eko  359   10  190 0.323 274.5 107.0   8.0  19.0
2005 925.000   10812 B    Cao   27    3   30 0.888  97.0  26.0  -3.0 -62.0
2005 926.000   10810 B    Cao  246    5  150 0.569 274.1 110.0   8.0  35.0
2005 926.000   10812 B    Cso   27    3   20 0.717  99.6  30.0  -2.0 -45.0
2005 927.000   10810 B    Cho  185    3  140 0.750 274.6 111.0   8.0  49.0
2005 927.000   10812 A    Hsx   33    2   20 0.543 102.6  30.0  -1.0 -32.0
2005 928.000   10810 A    Hsx  181    1  190 0.878 275.4 110.0   8.0  62.0
2005 928.000   10812 A    Hax   37    2   20 0.372 113.1  28.0  -2.0 -20.0
2005 929.000   10810 A    Hax  103    1  180 0.958 276.4 109.0   8.0  74.0
2005 929.000   10812 A    Hax   39    1   20 0.175 150.2  30.0  -2.0  -5.0
2005 930.000   10810 A    Hax   10    1  150 0.999 277.8 111.0   8.0  89.0
2005 930.000   10812 A    Hsx   39    1   20 0.218 219.7  30.0  -3.0   8.0
200510 1.000   10812 B    Cso   37    3   20 0.378 244.8  29.0  -3.0  20.0
200510 5.000   10813 B    Dso  101    5   60 0.536 112.0 286.0  -6.0 -30.0
200510 6.000   10813 BG   Dac  276   21  150 0.391 128.5 285.0  -8.0 -18.0
200510 7.000   10813 BG   Dai  250   18  130 0.262 160.8 285.0  -8.0  -5.0
200510 8.000   10813 BG   Dao  230   21  120 0.282 209.3 285.0  -8.0   8.0
200510 9.000   10813 B    Dao  143   14   80 0.441 237.3 285.0  -8.0  22.0
20051010.000   10813 B    Dso   47    6   30 0.611 248.4 285.0  -8.0  35.0
20051011.000   10813 A    Hsx   25    1   20 0.762 255.4 285.0  -7.0  48.0
20051012.000   10813 B    Bxo   26    2   30 0.894 257.9 286.0  -8.0  62.0
20051012.000   10814 B    Bxo   38    3   20 0.280 222.6 235.0  -6.0  11.0
20051013.000   10814 A    Hax   71    7   40 0.444 240.9 234.0  -7.0  23.0
20051014.000   10814 A    Axx   16    1   10 0.589 238.4 228.0 -13.0  31.0
20051015.000   10815 A    Hax   26    1   50 0.963  83.3 109.0   8.0 -75.0
20051016.000   10815 A    Hsx   70    1   70 0.862  84.1 111.0   8.0 -60.0
20051017.000   10815 A    Hax   68    1   50 0.728  84.3 111.0   8.0 -47.0
20051018.000   10815 A    Hsx   67    1   40 0.542  83.9 112.0   8.0 -33.0
20051019.000   10815 A    Hax   56    1   30 0.342  81.7 112.0   8.0 -20.0
20051020.000   10815 B    Cao   59    7   30 0.145  71.4 110.0   8.0  -8.0
20051020.000   10816 B    Bxo   32    3   20 0.569 235.7 147.0 -14.0  29.0
20051021.000   10815 B    Cso   39    5   20 0.108 286.1 111.0   7.0   6.0
20051022.000   10815 B    Cao   37    5   20 0.325 276.3 111.0   7.0  19.0
20051023.000   10815 B    Cao   33    3   20 0.528 275.0 111.0   7.0  32.0
20051024.000   10817 A    Axx   18    1   10 0.358  92.0  45.0   4.0 -21.0
20051030.000   10818 A    Axx    7    1   10 0.921 100.7 284.0  -8.0 -66.0
20051031.000   10818 B    Cso   53    4   40 0.744 102.1 285.0  -6.0 -47.0
200511 1.000   10818 B    Dso   66    6   40 0.562 111.0 287.0  -8.0 -32.0
200511 1.000   10819 B    Cso   34    3   20 0.487 117.2 293.0  -9.0 -26.0
200511 2.000   10818 B    Dso   92    7   50 0.383 122.7 287.0  -8.0 -19.0
200511 2.000   10819 B    Cso   57    6   30 0.306 137.8 294.0  -9.0 -12.0
200511 3.000   10818 B    Bxo   77    9   40 0.233 153.6 289.0  -8.0  -6.0
200511 3.000   10819 B    Bxo   58    7   30 0.227 184.4 294.0  -9.0   1.0
200511 4.000   10818 B    Cso   58    3   30 0.248 213.7 288.0  -8.0   8.0
200511 4.000   10819 A    Axx   18    1   10 0.326 227.1 294.0  -9.0  14.0
200511 5.000   10818 A    Axx   18    1   10 0.408 240.5 287.0  -8.0  21.0
200511 5.000   10819 A    Axx   17    1   10 0.500 248.8 294.0  -7.0  28.0
200511 6.000   10820 B    Dao   83    8   50 0.548 232.8 280.0 -16.0  27.0
200511 7.000   10819 A    Axx    0    1    0 0.853 254.8 297.0 -11.0  57.0
200511 7.000   10820 B    Dao   98   13   70 0.712 241.7 281.0 -17.0  41.0
200511 8.000   10819 B    Cao   69    3  120 0.957 256.3 299.0 -12.0  72.0
200511 8.000   10820 B    Cao   65    8   60 0.837 248.3 281.0 -16.0  54.0
200511 9.000   10819 B    Bxo    3    2   30 0.998 260.8 300.0  -9.0  86.0
200511 9.000   10820 B    Cao   51    4   80 0.946 250.7 283.0 -17.0  69.0
200511 9.000   10821 A    Axx   18    2   10 0.433 226.8 233.0 -14.0  19.0
20051110.000   10820 B    Bxo    8    3   30 0.991 253.4 281.0 -16.0  81.0
20051113.000   10822 A    Hsx   36    1  120 0.988  94.5  80.0  -4.0 -81.0
20051114.000   10822 B    Cao   95    6  120 0.917  97.8  82.0  -6.0 -66.0
20051115.000   10822 BG   Ehi  689   16  610 0.825  99.2  80.0  -6.0 -55.0
20051116.000   10822 BG   Eki 1199   22  810 0.672 104.9  80.0  -8.0 -41.0
20051117.000   10822 BG   Fki 1283   48  740 0.497 110.8  80.0  -8.0 -28.0
20051118.000   10822 BG   Fki 1372   52  720 0.303 122.1  80.0  -7.0 -15.0
20051119.000   10822 BG   Fkc 1361   41  690 0.164 167.8  80.0  -7.0  -2.0
20051120.000   10822 BG   Fkc 1174   26  610 0.270 229.6  81.0  -8.0  12.0
20051120.000   10823 B    Dso   59    6   40 0.664 239.5 106.0 -18.0  37.0
20051121.000   10822 BG   Fki 1016   22  570 0.452 247.8  80.0  -8.0  25.0
20051121.000   10823 B    Dso   48    3   40 0.797 246.8 105.0 -17.0  50.0
20051121.000   10824 A    Hax   64    1   90 0.934 104.7 347.0 -13.0 -68.0
20051122.000   10822 B    Eko  754    9  480 0.618 254.5  79.0  -8.0  37.0
20051122.000   10823 B    Cso   25    2   30 0.903 252.4 105.0 -15.0  63.0
20051122.000   10824 B    Cao   84    4   80 0.851 105.4 345.0 -12.0 -57.0
20051123.000   10822 BG   Fko  595   11  480 0.784 259.6  80.0  -7.0  51.0
20051123.000   10824 B    Dao  161    5  120 0.740 108.0 343.0 -12.0 -46.0
20051124.000   10822 B    Eko  286    6  320 0.895 261.3  80.0  -7.0  63.0
20051124.000   10824 B    Dao  146    9   90 0.579 117.3 345.0 -14.0 -32.0
20051125.000   10822 B    Cho   75    4  250 0.989 260.7  85.0  -9.0  81.0
20051125.000   10824 B    Cso  128    6   70 0.403 128.1 345.0 -13.0 -19.0
20051126.000   10822 A    Hax   29    1  120 0.992 261.1  88.0  -9.0  97.0
20051126.000   10824 B    Cso  135    4   70 0.247 159.8 346.0 -12.0  -5.0
20051126.000   10825 B    Dao   38    4   20 0.243 121.8 339.0  -6.0 -12.0
20051127.000   10824 B    Dso  134    6   70 0.282 201.1 343.0 -14.0   6.0
20051127.000   10825 B    Bxo   19    4   10 0.126 180.0 337.0  -6.0   0.0
20051128.000   10824 B    Cso  108    4   60 0.422 231.9 344.0 -14.0  20.0
20051128.000   10825 A    Axx   19    2   10 0.188 247.5 334.0  -3.0  10.0
20051129.000   10824 B    Cso  110    4   70 0.613 245.3 346.0 -14.0  35.0
20051129.000   10826 B    Cro   28    3   30 0.883  92.8 249.0  -2.0 -62.0
20051130.000   10824 B    Cso   77    3   60 0.764 250.7 346.0 -14.0  48.0
20051130.000   10826 B    Cso   39    4   30 0.756  93.4 249.0  -2.0 -49.0
200512 1.000   10824 B    Cso   46    2   50 0.884 253.7 346.0 -14.0  61.0
200512 1.000   10826 BG   Dac  226   22  140 0.589  94.4 249.0  -2.0 -36.0
200512 1.000   10827 B    Dso   55    3   50 0.831  80.9 229.0   8.0 -56.0
200512 2.000   10824 B    Cro   34    3   70 0.969 255.4 346.0 -14.0  75.0
200512 2.000   10826 BGD  Ekc  388   22  210 0.377  96.9 249.0  -2.0 -22.0
200512 2.000   10827 B    Dro   73    6   50 0.675  78.8 229.0   8.0 -42.0
200512 2.000   10828 B    Dso   88    8   60 0.672  96.7 229.0  -4.0 -42.0
200512 3.000   10824 A    Axx    1    1   20 0.999 256.0 346.0 -14.0  88.0
200512 3.000   10826 BGD  Ekc  967   32  490 0.162 105.5 249.0  -2.0  -9.0
200512 3.000   10828 B    Dao  139    8   80 0.490  99.1 229.0  -4.0 -29.0
200512 3.000   10829 B    Dso   78    5   40 0.185  10.6 256.0  11.0  -2.0
200512 3.000   10830 A    Hax   36    2   90 0.979  75.8 180.0  14.0 -78.0
200512 4.000   10826 BG   Ekc  747   21  380 0.183 251.3 255.0  -3.0  10.0
200512 4.000   10828 B    Dsi  134    8   70 0.285 105.4 229.0  -4.0 -16.0
200512 4.000   10829 B    Dso   57    4   30 0.275 312.1 257.0  11.0  12.0
200512 4.000   10830 B    Cso   59    2   70 0.904  74.7 181.0  14.0 -64.0
200512 5.000   10826 BG   Ekc  707   25  380 0.365 258.4 253.0  -4.0  21.0
200512 5.000   10828 B    Cso  119    9   60 0.102 136.7 228.0  -4.0  -4.0
200512 5.000   10829 A    Axx   17    1   10 0.464 291.5 258.0  10.0  26.0
200512 5.000   10830 B    Cao  122    3  100 0.789  73.6 181.0  13.0 -51.0
200512 5.000   10831 B    Dso   59    3   30 0.163 228.1 239.0  -6.0   7.0
200512 6.000   10826 BG   Ehc  423   25  260 0.580 259.5 254.0  -6.0  35.0
200512 6.000   10828 B    Cso   39   11   20 0.203 249.4 230.0  -4.0  11.0
200512 6.000   10830 A    Hsx  141    1   90 0.615  68.7 183.0  13.0 -36.0
200512 6.000   10831 B    Dai   92    8   50 0.392 251.6 241.0  -7.0  22.0
200512 7.000   10826 BG   Ehi  270    9  200 0.736 260.5 253.0  -7.0  47.0
200512 7.000   10828 B    Cso   36    3   20 0.391 251.9 228.0  -7.0  22.0
200512 7.000   10830 B    Cso   53    4   30 0.463  63.3 181.0  12.0 -25.0
200512 7.000   10831 B    Bxo   47    2   30 0.612 256.9 243.0  -8.0  37.0
200512 8.000   10826 A    Hsx   57    1   80 0.934 264.7 261.0  -5.0  69.0
200512 8.000   10830 A    Hsx  115    1   60 0.283  36.7 182.0  13.0 -10.0
200512 9.000   10826 B    Dao   31    2   90 0.985 264.0 259.0  -6.0  80.0
200512 9.000   10830 B    Cso  136    2   70 0.213 355.4 180.0  12.0   1.0
200512 9.000   10831 A    Axx    0    1    0 0.850 261.9 237.0  -7.0  58.0
200512 9.000   10832 B    Dso   56    6   60 0.882 254.2 240.0 -14.0  61.0
20051210.000   10830 A    Hsx   94    2   50 0.322 307.8 181.0  11.0  15.0
20051210.000   10832 B    Dso   54    4   90 0.954 254.4 238.0 -15.0  72.0
20051210.000   10833 B    Cso   35    3   30 0.807 249.1 218.0 -17.0  52.0
20051210.000   10834 A    Hax   26    1   60 0.975  97.1  89.0  -7.0 -77.0
20051210.000   10835 A    Hax   19    1   50 0.981  70.5  88.0  19.0 -78.0
20051211.000   10830 B    Cso   86    4   50 0.507 295.2 181.0  12.0  28.0
20051211.000   10833 B    Bxo   37    5   50 0.926 251.8 220.0 -17.0  67.0
20051211.000   10834 B    Dso   63    3   70 0.892  96.5  90.0  -6.0 -63.0
20051211.000   10835 B    Dko  148    3  180 0.911  68.8  89.0  19.0 -64.0
20051212.000   10830 A    Hax   58    1   40 0.677 288.6 181.0  12.0  41.0
20051212.000   10833 B    Cao   20    3   50 0.979 253.8 218.0 -16.0  78.0
20051212.000   10834 B    Cao   37    3   30 0.780  98.5  89.0  -7.0 -51.0
20051212.000   10835 B    Dao  238    4  220 0.840  68.0  85.0  18.0 -55.0
20051213.000   10830 A    Hsx   33    1   30 0.827 282.7 181.0  10.0  55.0
20051213.000   10834 A    Hsx   79    1   50 0.606  98.9  89.0  -6.0 -37.0
20051213.000   10835 B    Dai  271    9  190 0.699  59.8  86.0  20.0 -40.0
20051214.000   10830 A    Hax   14    1   20 0.931 282.2 181.0  11.0  68.0
20051214.000   10834 A    Hax  145    4   80 0.414 102.6  89.0  -6.0 -24.0
20051214.000   10835 B    Dai  336   14  200 0.539  53.2  86.0  18.0 -27.0
20051214.000   10836 B    Dso   61    8   40 0.640 255.4 152.0 -10.0  39.0
20051215.000   10834 B    Dho  137    4   70 0.201 121.1  90.0  -7.0 -10.0
20051215.000   10835 B    Dso  273   12  150 0.408  37.1  85.0  18.0 -15.0
20051215.000   10836 B    Dso  146    9  120 0.793 258.2 152.0 -10.0  52.0
20051216.000   10834 B    Cao  178    5   90 0.123 214.2  91.0  -7.0   4.0
20051216.000   10835 B    Dao  302    7  160 0.329   2.9  86.0  18.0  -1.0
20051216.000   10836 B    Dao   89    5  110 0.914 261.8 153.0  -8.0  66.0
20051217.000   10834 B    Dso  151    4   80 0.323 251.8  92.0  -7.0  18.0
20051217.000   10835 B    Cso  201    8  110 0.406 328.4  87.0  19.0  13.0
20051217.000   10836 B    Eao   62    5  150 0.978 260.0 152.0 -10.0  78.0
20051218.000   10834 BG   Dai  185    7  110 0.536 259.1  92.0  -7.0  32.0
20051218.000   10835 B    Dso  183    4  110 0.552 308.9  87.0  19.0  27.0
20051218.000   10837 B    Dso   36    4   20 0.399 112.3  38.0 -10.0 -22.0
20051219.000   10834 B    Cso  155    4  110 0.708 263.1  92.0  -6.0  45.0
20051219.000   10835 B    Cho  142    3  100 0.704 300.9  87.0  20.0  40.0
20051219.000   10837 B    Dao  117    8   60 0.213 133.7  38.0 -10.0  -9.0
20051220.000   10834 B    Cso   76    5   70 0.839 262.7  91.0  -7.0  57.0
20051220.000   10835 B    Cso  131    6  120 0.838 294.1  88.0  19.0  54.0
20051220.000   10837 B    Dki  393   22  200 0.178 215.4  40.0 -10.0   6.0
20051221.000   10834 A    Hsx   32    1   50 0.945 263.2  92.0  -7.0  71.0
20051221.000   10835 A    Hax   79    1  110 0.932 290.1  88.0  18.0  67.0
20051221.000   10837 B    Dai  389   21  210 0.373 244.3  41.0 -11.0  20.0
20051222.000   10834 A    Hsx    8    1   40 0.994 263.2  92.0  -7.0  84.0
20051222.000   10835 A    Hax   21    1   80 0.991 289.5  89.0  19.0  81.0
20051222.000   10837 B    Dso  234   13  140 0.545 252.6  40.0 -11.0  32.0
20051223.000   10835 A    Hax    8    1   90 0.999 288.9  87.0  19.0  92.0
20051223.000   10837 BG   Dso  151   15  110 0.724 258.1  41.0 -10.0  46.0
20051223.000   10838 B    Cro  109   18   70 0.623  59.1 321.0  17.0 -34.0
20051223.000   10839 B    Bxo   18    3   10 0.382 339.9   3.0  19.0   8.0
20051224.000   10837 A    Hax   81    1   90 0.892 258.8  44.0 -11.0  63.0
20051224.000   10838 BG   Dai  301   12  170 0.462  45.1 321.0  17.0 -20.0
20051224.000   10839 B    Dao   51    4   30 0.516 311.4   5.0  18.0  24.0
20051225.000   10837 A    Hax   12    1   50 0.992 261.2  51.0  -9.0  83.0
20051225.000   10838 B    Dai  245   11  130 0.335  20.5 321.0  16.0  -7.0
20051225.000   10839 B    Cao   29    6   20 0.677 303.3   5.0  20.0  37.0
20051225.000   10840 A    Hsx   40    1   50 0.913  92.3 262.0  -3.0 -66.0
20051225.000   10841 A    Hsx   48    1   90 0.962  85.2 254.0   4.0 -74.0
20051226.000   10837 A    Axx    1    1   30 1.000 260.9  47.0  -9.0  92.0
20051226.000   10838 B    Dso  170    9   90 0.327 345.1 320.0  16.0   5.0
20051226.000   10839 A    Axx   11    1   10 0.823 295.1   7.0  19.0  52.0
20051226.000   10840 A    Hax   48    1   40 0.798  91.9 262.0  -3.0 -53.0
20051226.000   10841 B    Cso  115    4  120 0.877  74.9 255.0  12.0 -60.0
20051226.000   10842 A    Hsx   17    1   10 0.502  97.8 285.0  -6.0 -30.0
20051227.000   10838 B    Cso  162    9   90 0.433 316.7 320.0  16.0  18.0
20051227.000   10839 B    Cso   23    3   30 0.923 291.8   7.0  19.0  65.0
20051227.000   10840 B    Cso   76    3   50 0.642  91.7 262.0  -3.0 -40.0
20051227.000   10841 B    Dso  223    8  170 0.754  71.7 255.0  12.0 -47.0
20051227.000   10842 B    Cso   38    3   20 0.297 102.1 285.0  -6.0 -17.0
20051227.000   10843 B    Cao   59    4   80 0.928  76.0 235.0  12.0 -67.0
20051228.000   10838 A    Hsx   78    1   50 0.622 300.1 323.0  16.0  34.0
20051228.000   10839 A    Axx   10    1   30 0.983 289.9   7.0  19.0  78.0
20051228.000   10840 A    Hsx   53    1   30 0.454  91.4 262.0  -3.0 -27.0
20051228.000   10841 B    Cso  224    4  140 0.599  65.9 255.0  12.0 -34.0
20051228.000   10842 B    Cso   39    3   20 0.091 130.2 285.0  -6.0  -4.0
20051228.000   10843 B    Cao   90    8   80 0.825  73.5 235.0  12.0 -54.0
20051229.000   10838 A    Hax   49    1   40 0.787 292.9 324.0  16.0  49.0
20051229.000   10840 A    Hsx   38    2   20 0.242  91.3 261.0  -3.0 -14.0
20051229.000   10841 B    Cso  234    3  130 0.432  54.3 254.0  12.0 -21.0
20051229.000   10842 A    Hsx   19    1   10 0.182 251.7 285.0  -6.0  10.0
20051229.000   10843 B    Cso   44    4   30 0.674  68.8 235.0  12.0 -40.0
20051230.000   10838 A    Hax   34    2   40 0.900 289.3 324.0  16.0  62.0
20051230.000   10840 B    Cso   59    6   30 0.018  96.5 261.0  -3.0  -1.0
20051230.000   10841 B    Cao  248    4  130 0.290  28.0 254.0  12.0  -8.0
20051230.000   10843 B    Cso   51    7   30 0.510  60.5 235.0  12.0 -27.0
20051230.000   10844 B    Cao  112    8  110 0.860 254.3 321.0 -15.0  59.0
20051231.000   10838 A    Hsx   16    2   30 0.963 286.5 322.0  15.0  73.0
20051231.000   10840 A    Hsx   38    2   20 0.225 274.1 262.0  -2.0  13.0
20051231.000   10841 B    Cao  210    5  110 0.285 335.2 256.0  12.0   7.0
20051231.000   10843 B    Cao   55    4   30 0.361  44.6 234.0  12.0 -15.0
20051231.000   10844 B    Dso   48    4   70 0.939 256.2 319.0 -14.0  70.0
