2006 1 1.000   10838 A    Hax    1    1   30 1.000 285.1 324.0  15.0  88.0
2006 1 1.000   10840 A    Hsx   35    1   20 0.438 269.7 262.0  -3.0  26.0
2006 1 1.000   10841 B    Cao  278    4  150 0.374 313.9 252.0  12.0  16.0
2006 1 1.000   10843 B    Cso   57    5   30 0.264   7.4 234.0  12.0  -2.0
2006 1 1.000   10844 A    Axx    6    1   20 0.986 256.3 317.0 -14.0  81.0
2006 1 2.000   10840 A    Hax   15    1   10 0.642 269.3 262.0  -3.0  40.0
2006 1 2.000   10841 B    Cso  280    3  170 0.565 296.9 253.0  12.0  31.0
2006 1 2.000   10843 B    Dsi   37    7   20 0.319 320.3 234.0  11.0  12.0
2006 1 3.000   10840 A    Axx   12    1   10 0.798 268.8 262.0  -3.0  53.0
2006 1 3.000   10841 A    Hax  179    2  140 0.768 288.7 257.0  12.0  48.0
2006 1 3.000   10843 A    Hsx   34    4   20 0.488 302.2 234.0  12.0  25.0
2006 1 4.000   10840 A    Axx    0    1    0 0.920 268.2 262.0  -3.0  67.0
2006 1 4.000   10841 B    Cso   82    4   90 0.889 286.6 256.0  13.0  61.0
2006 1 4.000   10843 A    Hax   45    4   30 0.659 294.4 233.0  13.0  38.0
2006 1 5.000   10841 A    Hax   35    2   80 0.975 284.2 258.0  13.0  76.0
2006 1 5.000   10843 A    Hax   47    3   40 0.802 289.2 233.0  13.0  51.0
2006 1 6.000   10841 A    Hsx    2    1   40 0.999 282.9 261.0  13.0  91.0
2006 1 6.000   10843 A    Hax   41    2   50 0.910 285.0 234.0  12.0  64.0
2006 1 7.000   10843 A    Axx    4    2   10 0.979 283.1 234.0  12.0  77.0
2006 1 7.000   10845 B    Cao   27    2   50 0.962  70.1  85.0  18.0 -72.0
2006 1 8.000   10845 A    Hsx   50    1   50 0.863  65.3  88.0  19.0 -56.0
2006 1 9.000   10845 A    Hax   52    1   40 0.751  61.6  86.0  18.0 -44.0
2006 110.000   10845 A    Hsx   47    1   30 0.601  52.3  87.0  18.0 -30.0
2006 111.000   10845 A    Hax   35    1   20 0.477  38.0  86.0  18.0 -18.0
2006 112.000   10845 A    Hax   37    2   20 0.370  10.4  87.0  17.0  -4.0
2006 113.000   10845 A    Hax   36    2   20 0.404 340.9  86.0  18.0   8.0
2006 116.000   10846 B    Dso   68    7   40 0.523 287.7  68.0   5.0  30.0
2006 116.000   10847 B    Cao   59    5   30 0.156 241.6  46.0  -9.0   8.0
2006 117.000   10846 B    Dai   98   11   70 0.710 283.4  69.0   6.0  44.0
2006 117.000   10847 B    Dai  111   11   60 0.360 260.4  46.0  -8.0  21.0
2006 118.000   10846 B    Dao   76    8   70 0.835 278.1  68.0   4.0  56.0
2006 118.000   10847 B    Dai   98    8   60 0.572 263.1  47.0  -8.0  35.0
2006 119.000   10846 B    Dao   31    4   50 0.948 275.9  70.0   4.0  71.0
2006 119.000   10847 B    Dao   64    7   50 0.763 263.8  49.0  -8.0  50.0
2006 119.000   10848 B    Dai   94    9   60 0.621 112.8 322.0 -18.0 -37.0
2006 120.000   10846 A    Axx    1    1   20 1.000 274.2  73.0   4.0  88.0
2006 120.000   10847 B    Cso   28    2   30 0.880 263.7  47.0  -8.0  62.0
2006 120.000   10848 B    Dao  249   15  140 0.457 122.7 321.0 -19.0 -24.0
2006 121.000   10847 A    Axx    6    1   10 0.948 263.3  44.0  -8.0  72.0
2006 121.000   10848 B    Dao  304   12  160 0.304 147.5 322.0 -20.0 -10.0
2006 122.000   10848 B    Eki  388   18  200 0.239 187.9 321.0 -19.0   2.0
2006 123.000   10848 BGD  Eac  469   39  250 0.341 225.8 321.0 -19.0  15.0
2006 123.000   10849 A    Hsx   14    1   10 0.692  94.5 262.0  -7.0 -44.0
2006 124.000   10848 BG   Eac  396   36  230 0.507 241.2 321.0 -19.0  28.0
2006 124.000   10849 A    Hsx   17    1   10 0.513  94.4 223.0  -7.0 -31.0
2006 124.000   10850 B    Dso   58    6   30 0.217 336.5 298.0   6.0   5.0
2006 125.000   10848 BG   Eac  474   28  320 0.671 247.7 320.0 -19.0  41.0
2006 125.000   10849 A    Hsx   19    2   10 0.275  95.9 263.0  -7.0 -16.0
2006 125.000   10850 A    Axx   18    2   10 0.365 302.5 297.0   6.0  18.0
2006 126.000   10848 B    Esi  245   21  200 0.790 251.6 318.0 -18.0  52.0
2006 126.000   10850 A    Axx   17    1   10 0.504 292.2 294.0   6.0  28.0
2006 127.000   10848 B    Eac  107   14  130 0.910 250.6 319.0 -20.0  66.0
2006 128.000   10848 B    Eao   41    7   90 0.973 250.8 318.0 -20.0  78.0
2006 128.000   10851 B    Cso   19    2   20 0.871 256.0 301.0 -15.0  61.0
2006 129.000   10848 A    Hax    4    1   30 0.997 246.3 315.0 -24.0  88.0
2006 2 9.000   10852 A    Hsx   19    2   10 0.091 229.1  87.0 -10.0   4.0
2006 210.000   10852 A    Axx   19    3   10 0.298 254.3  87.0 -11.0  17.0
2006 210.000   10853 A    Hax   13    1   10 0.750 261.2 119.0 -11.0  49.0
2006 211.000   10853 B    Bxo   17    3   20 0.894 263.3 120.0  -9.0  64.0
2006 212.000   10853 A    Hsx   13    1   30 0.975 262.3 121.0  -9.0  78.0
2006 216.000   10854 B    Dso   55    5   30 0.388  91.6 327.0  -7.0 -23.0
2006 217.000   10854 B    Dao   59    6   30 0.172  90.8 327.0  -7.0 -10.0
2006 217.000   10855 A    Hax   34    1   20 0.512  65.8 309.0   6.0 -28.0
2006 218.000   10854 A    Axx   19    1   10 0.156 263.0 333.0  -8.0   9.0
2006 218.000   10855 A    Axx   18    2   10 0.329  51.7 309.0   5.0 -15.0
2006 228.000   10856 A    Axx    7    1   10 0.929  95.8 123.0  -8.0 -69.0
2006 3 1.000   10856 A    Axx   23    1   20 0.803  95.9 124.0  -9.0 -54.0
2006 3 5.000   10856 A    Axx   19    3   10 0.051 160.3 125.0 -10.0  -1.0
2006 3 6.000   10856 A    Axx   19    5   10 0.211 256.1 125.0 -10.0  12.0
2006 3 6.000   10857 B    Cso   14    3   10 0.690  70.3  72.0   8.0 -41.0
2006 3 7.000   10856 A    Axx   18    4   10 0.420 261.8 125.0 -10.0  25.0
2006 3 7.000   10857 A    Axx   17    3   10 0.501  60.0  74.0   8.0 -26.0
2006 3 8.000   10856 A    Axx   15    2   10 0.611 266.3 125.0  -8.0  38.0
2006 3 8.000   10857 A    Axx   37    3   20 0.319  49.2  73.0   5.0 -14.0
2006 3 9.000   10856 A    Axx   12    1   10 0.761 265.6 124.0  -8.0  50.0
2006 3 9.000   10857 A    Axx   38    3   20 0.280  -0.0  74.0   9.0   0.0
2006 310.000   10857 A    Axx   18    2   10 0.342 319.3  73.0   8.0  13.0
2006 311.000   10857 A    Axx   16    2   10 0.527 298.1  75.0   8.0  28.0
2006 313.000   10858 B    Cro   34    8   20 0.488  30.3   5.0  18.0 -15.0
2006 314.000   10858 B    Bxo   36    4   20 0.425 357.8   8.0  18.0   1.0
2006 315.000   10858 B    Bxo   17    2   10 0.480 331.4   8.0  18.0  14.0
2006 315.000   10859 A    Axx    4    1   10 0.979 264.3  73.0  -7.0  79.0
2006 315.000   10860 A    Hsx   12    1   10 0.766  87.9 304.0  -3.0 -50.0
2006 316.000   10860 A    Axx   32    1   20 0.587  87.0 305.0  -4.0 -36.0
2006 316.000   10861 A    Axx   14    1   10 0.714  99.8 295.0 -12.0 -46.0
2006 317.000   10860 A    Axx   18    1   10 0.376  83.1 306.0  -4.0 -22.0
2006 317.000   10861 A    Axx   16    1   10 0.542  99.3 295.0 -11.0 -33.0
2006 318.000   10860 A    Axx   39    2   20 0.181  73.4 305.0  -4.0 -10.0
2006 318.000   10861 A    Axx   18    2   10 0.344 102.7 295.0 -11.0 -20.0
2006 319.000   10860 A    Hrx   19    2   10 0.074 315.3 305.0  -4.0   3.0
2006 319.000   10862 B    Cso   39    5   20 0.052  89.4 299.0  -7.0  -3.0
2006 320.000   10860 A    Axx   19    2   10 0.279 279.9 305.0  -4.0  16.0
2006 320.000   10862 B    Dai  177   18   90 0.172 269.4 299.0  -7.0  10.0
2006 321.000   10862 BG   Dac  232   23  130 0.451 268.3 302.0  -7.0  27.0
2006 322.000   10862 BG   Dai  187   29  120 0.625 267.5 301.0  -7.0  39.0
2006 323.000   10862 BG   Dac  139   25  110 0.773 267.9 300.0  -6.0  51.0
2006 323.000   10863 B    Cso   23    4   20 0.808 285.2 301.0   8.0  52.0
2006 324.000   10862 B    Dai   49   14   60 0.910 265.4 302.0  -7.0  66.0
2006 324.000   10863 B    Cso   15    2   20 0.917 281.8 301.0   8.0  65.0
2006 325.000   10862 B    Bxo   28    7   60 0.972 265.4 300.0  -6.0  77.0
2006 325.000   10863 B    Bxo   10    3   30 0.985 278.4 302.0   7.0  79.0
2006 325.000   10864 B    Bxo   19    4   20 0.872 268.1 284.0  -5.0  61.0
2006 329.000   10865 A    Hsx   20    1   20 0.860 101.2 110.0 -13.0 -60.0
2006 330.000   10865 B    Dso  175   10  130 0.739 100.3 109.0 -12.0 -48.0
2006 330.000   10866 A    Hsx   51    1   70 0.931  93.9  88.0  -6.0 -69.0
2006 331.000   10865 BG   Dai  237   13  140 0.532 104.1 111.0 -13.0 -32.0
2006 331.000   10866 A    Hsx   79    2   70 0.824  95.2  87.0  -8.0 -56.0
2006 4 1.000   10865 B    Eai  392   18  210 0.354 109.8 110.0 -13.0 -20.0
2006 4 1.000   10866 A    Hsx  179    1  120 0.665  93.3  88.0  -7.0 -42.0
2006 4 2.000   10865 BGD  Eai  474   18  240 0.154 129.5 110.0 -12.0  -7.0
2006 4 2.000   10866 A    Hsx  141    1   80 0.467  90.7  89.0  -6.0 -28.0
2006 4 3.000   10865 BGD  Ehc  674   27  340 0.131 231.5 110.0 -11.0   6.0
2006 4 3.000   10866 A    Hax  192    3  100 0.274  89.6  88.0  -6.0 -16.0
2006 4 3.000   10867 B    Dso   94    8   50 0.316 122.9  88.0 -16.0 -16.0
2006 4 4.000   10865 BGD  Eki  615   31  330 0.363 255.8 112.0 -11.0  21.0
2006 4 4.000   10866 B    Cao  239    6  120 0.087  86.9  86.0  -6.0  -5.0
2006 4 4.000   10867 BG   Dao  196   12  100 0.176 163.4  88.0 -16.0  -3.0
2006 4 5.000   10865 BG   Dkc 1016   20  620 0.572 259.7 113.0 -11.0  35.0
2006 4 5.000   10866 B    Cao  196    3  100 0.190 270.6  89.0  -6.0  11.0
2006 4 5.000   10867 BG   Dso  251    9  130 0.251 226.9  89.0 -16.0  11.0
2006 4 6.000   10865 BG   Eki  823   22  600 0.728 260.7 111.0 -11.0  47.0
2006 4 6.000   10866 B    Cao  202    6  110 0.389 269.2  87.0  -6.0  23.0
2006 4 6.000   10867 BG   Esi  213   14  120 0.459 246.7  90.0 -16.0  26.0
2006 4 6.000   10868 B    Cao   59    6   30 0.105 261.7  70.0  -7.0   6.0
2006 4 7.000   10865 BG   Ekc  538   25  530 0.861 260.8 111.0 -11.0  60.0
2006 4 7.000   10866 B    Cao  194    6  120 0.585 268.2  87.0  -6.0  36.0
2006 4 7.000   10867 BG   Dsi  123   11   80 0.635 252.2  90.0 -16.0  39.0
2006 4 7.000   10868 B    Dso   75    6   40 0.324 266.2  70.0  -7.0  19.0
2006 4 7.000   10869 B    Bxo   54    7   30 0.413 105.7  27.0 -12.0 -24.0
2006 4 8.000   10865 B    Dko  102    7  230 0.975 260.1 116.0 -11.0  78.0
2006 4 8.000   10866 B    Dso  108    5   90 0.796 268.3  91.0  -5.0  53.0
2006 4 8.000   10867 B    Cho   90    5   80 0.826 255.9  94.0 -15.0  56.0
2006 4 8.000   10869 B    Dso   98    8   50 0.172 127.6  30.0 -12.0  -8.0
2006 4 9.000   10865 B    Cao    5    3  180 1.000 261.0 115.0  -9.0  90.0
2006 4 9.000   10866 B    Cso   73    4   80 0.888 266.3  88.0  -6.0  63.0
2006 4 9.000   10867 B    Cao   40    3   50 0.916 255.1  92.0 -16.0  67.0
2006 4 9.000   10869 B    Cao  138    7   70 0.126 212.9  29.0 -12.0   4.0
2006 410.000   10866 B    Cao   15    2   40 0.980 265.1  91.0  -6.0  79.0
2006 410.000   10867 A    Hrx    9    2   30 0.987 254.7  94.0 -16.0  82.0
2006 410.000   10869 B    Cai   95   12   50 0.291 247.8  28.0 -12.0  16.0
2006 411.000   10866 A    Axx    1    1   30 1.000 264.8  90.0  -5.0  92.0
2006 411.000   10867 A    Axx    4    1   30 0.997 254.4  94.0 -15.0  96.0
2006 411.000   10869 B    Eai  153   15   90 0.518 256.4  29.0 -12.0  31.0
2006 411.000   10870 A    Axx   18    1   10 0.374  97.0 336.0  -8.0 -22.0
2006 411.000   10871 B    Cao   62    2   50 0.784  95.6 306.0  -8.0 -52.0
2006 412.000   10869 B    Dao   86    7   60 0.693 258.6  29.0 -12.0  44.0
2006 412.000   10870 A    Hsx   39    3   20 0.160 104.7 336.0  -8.0  -9.0
2006 412.000   10871 A    Hax   62    2   40 0.626  95.6 306.0  -8.0 -39.0
2006 412.000   10872 A    Hsx   28    1   50 0.958  97.7 271.0  -9.0 -74.0
2006 412.000   10873 B    Dso   67   10   50 0.741  90.2 297.0  -4.0 -48.0
2006 413.000   10869 B    Cso   39    4   40 0.870 260.6  33.0 -11.0  61.0
2006 413.000   10870 B    Cso   39    5   20 0.096 244.5 337.0  -8.0   5.0
2006 413.000   10871 B    Cso   92    3   50 0.390  97.1 309.0  -8.0 -23.0
2006 413.000   10872 A    Hsx   31    1   30 0.854  94.8 273.0  -7.0 -59.0
2006 413.000   10873 B    Dai  147   16   90 0.572  88.9 297.0  -4.0 -35.0
2006 414.000   10869 A    Hax   20    1   40 0.967 262.1  35.0  -9.0  76.0
2006 414.000   10870 A    Axx   18    2   10 0.326 261.6 338.0  -8.0  19.0
2006 414.000   10871 B    Cao   59    6   30 0.140 100.5 311.0  -7.0  -8.0
2006 414.000   10872 A    Hsx   41    1   30 0.716  94.3 273.0  -7.0 -46.0
2006 414.000   10873 B    Dsc   92    9   50 0.374  86.8 297.0  -4.0 -22.0
2006 415.000   10869 A    Hax    4    1   40 0.999 259.2  34.0 -11.0  88.0
2006 415.000   10870 A    Axx    0    1    0 0.499 261.5 336.0  -9.0  30.0
2006 415.000   10871 B    Cso   59    3   30 0.074 249.2 310.0  -7.0   4.0
2006 415.000   10872 B    Cso   33    3   20 0.542  94.4 273.0  -7.0 -33.0
2006 415.000   10873 B    Cao   39    4   20 0.145  72.9 298.0  -3.0  -8.0
2006 416.000   10871 B    Cao  114    6   60 0.308 267.3 311.0  -6.0  18.0
2006 416.000   10872 B    Bxo  112    8   60 0.359  98.2 272.0  -8.0 -21.0
2006 416.000   10873 A    Hsx   39    1   20 0.097 295.8 298.0  -3.0   5.0
2006 417.000   10871 B    Cso  100    5   60 0.542 267.2 312.0  -6.0  33.0
2006 417.000   10872 B    Bxo   39    6   20 0.139  95.1 271.0  -6.0  -8.0
2006 417.000   10873 B    Bxo   19    4   10 0.311 290.0 296.0   1.0  17.0
2006 418.000   10870 A    Axx    5    1   10 0.959 265.3 340.0  -6.0  74.0
2006 418.000   10871 B    Cso   41    3   30 0.717 266.7 312.0  -6.0  46.0
2006 418.000   10872 B    Bxo   19    3   10 0.099 240.9 271.0  -8.0   5.0
2006 418.000   10873 A    Axx    0    1    0 0.600 270.3 303.0  -4.0  37.0
2006 419.000   10871 A    Hsx   10    1   10 0.854 266.1 312.0  -6.0  59.0
2006 419.000   10872 A    Axx    0    1    0 0.311 260.1 271.0  -8.0  18.0
2006 419.000   10873 A    Hsx   12    1   10 0.764 269.1 303.0  -4.0  50.0
2006 419.000   10874 A    Hsx   19    3   10 0.273  71.4 238.0   0.0 -15.0
2006 420.000   10871 A    Axx    8    1   10 0.911 265.7 306.0  -6.0  66.0
2006 420.000   10872 B    Bxo   17    3   10 0.514 262.9 271.0  -8.0  31.0
2006 420.000   10874 B    Cao   39    4   20 0.095  21.5 238.0   0.0  -2.0
2006 421.000   10871 A    Axx    3    1   10 0.980 264.9 306.0  -6.0  79.0
2006 421.000   10874 B    Dao  117    9   60 0.203 289.7 238.0  -1.0  11.0
2006 422.000   10874 B    Dro   54    4   30 0.427 278.1 238.0  -1.0  25.0
2006 423.000   10874 B    Bxo   15    5   10 0.630 272.8 239.0  -2.0  39.0
2006 424.000   10874 A    Axx    0    1    0 0.820 272.1 242.0  -1.0  55.0
2006 424.000   10875 B    Cao  180    3  270 0.942 100.0 116.0 -11.0 -71.0
2006 425.000   10875 BG   Dkc  408   16  430 0.880  98.9 112.0 -10.0 -62.0
2006 425.000   10876 A    Hax   56    2  150 0.982 103.4  94.0 -14.0 -80.0
2006 426.000   10875 BGD  Dki  667    9  480 0.718  99.5 115.0 -10.0 -46.0
2006 426.000   10876 B    Dao  131    4  180 0.931 105.4  92.0 -16.0 -69.0
2006 427.000   10875 BG   Dki  777   21  470 0.562 101.3 114.0 -10.0 -34.0
2006 427.000   10876 BG   Dko  315    7  290 0.840 106.2  91.0 -16.0 -57.0
2006 427.000   10877 A    Hrx   49    2   40 0.786  95.4  96.0  -7.0 -52.0
2006 428.000   10875 BG   Cai  579   21  310 0.357 109.7 114.0 -11.0 -20.0
2006 428.000   10876 BG   Dso  268   11  230 0.812 106.6  80.0 -16.0 -54.0
2006 428.000   10877 A    Axx   15    1   10 0.641  95.7  94.0  -7.0 -40.0
2006 429.000   10875 BG   Dac  750   23  380 0.156 139.0 115.0 -11.0  -6.0
2006 429.000   10876 B    Eai  341   13  200 0.521 112.1  91.0 -15.0 -30.0
2006 429.000   10877 A    Axx   18    2   10 0.406  92.8  97.0  -5.0 -24.0
2006 430.000   10875 BG   Dkc  553   31  280 0.147 234.7 115.0  -9.0   7.0
2006 430.000   10876 B    Eai  206   13  110 0.347 120.2  90.0 -14.0 -18.0
2006 5 1.000   10875 BG   Eki  633   20  340 0.362 258.3 116.0  -8.0  21.0
2006 5 1.000   10876 BG   Cao  137    9   70 0.183 131.7  87.0 -11.0  -8.0
2006 5 1.000   10878 B    Bxo   56    3   60 0.884  71.8  35.0  14.0 -60.0
2006 5 2.000   10875 BG   Dko  250    9  150 0.551 255.9 115.0 -11.0  33.0
2006 5 2.000   10876 B    Cso  136    9   70 0.226 211.5  89.0 -15.0   7.0
2006 5 2.000   10878 B    Cso   91    3   70 0.755  67.6  36.0  14.0 -46.0
2006 5 3.000   10875 B    Dao  190    7  140 0.734 257.2 115.0 -12.0  47.0
2006 5 3.000   10876 B    Cso   74    5   40 0.360 226.7  84.0 -18.0  16.0
2006 5 3.000   10878 B    Cso   98    2   60 0.575  60.8  37.0  13.0 -31.0
2006 5 3.000   10879 B    Dao   93    4   50 0.359  19.1  61.0  16.0  -7.0
2006 5 4.000   10875 B    Dao  180    3  180 0.865 258.3 115.0 -12.0  60.0
2006 5 4.000   10876 B    Bxo   34    2   20 0.521 242.9  84.0 -17.0  29.0
2006 5 4.000   10878 A    Hsx   72    1   40 0.425  44.8  37.0  14.0 -18.0
2006 5 4.000   10879 B    Dso  186    6  100 0.363 346.7  60.0  17.0   5.0
2006 5 5.000   10875 B    Dho  100    2  160 0.949 257.5 113.0 -13.0  72.0
2006 5 5.000   10878 A    Hsx   75    1   40 0.314  15.6  36.0  14.0  -5.0
2006 5 5.000   10879 B    Chi  125    6   70 0.446 318.3  59.0  16.0  18.0
2006 5 5.000   10880 A    Hhx   73    1   80 0.889  97.1 338.0  -8.0 -63.0
2006 5 6.000   10875 B    Cso   13    3   70 0.995 257.3 113.0 -13.0  85.0
2006 5 6.000   10878 A    Hsx   37    2   20 0.336 333.2  37.0  14.0   9.0
2006 5 6.000   10879 B    Cso   32    3   20 0.593 303.3  59.0  16.0  31.0
2006 5 6.000   10880 B    Cso  128    2  100 0.765  97.5 338.0  -8.0 -50.0
2006 5 6.000   10881 A    Axx    0    1    0 0.964 101.5 313.0 -12.0 -75.0
2006 5 7.000   10878 B    Cso   17    3   10 0.468 309.1  37.0  14.0  22.0
2006 5 7.000   10879 A    Axx   12    1   10 0.770 294.1  62.0  16.0  47.0
2006 5 7.000   10880 B    Cso   79    3   50 0.603  98.8 338.0  -8.0 -37.0
2006 5 7.000   10881 B    Dao   52    7   70 0.926 101.6 307.0 -12.0 -68.0
2006 5 7.000   10882 B    Dao   37    5   20 0.353 244.4  34.0 -12.0  19.0
2006 5 8.000   10878 A    Axx   15    1   10 0.616 294.3  36.0  12.0  35.0
2006 5 8.000   10880 A    Hsx   92    2   50 0.384 105.6 339.0  -9.0 -22.0
2006 5 8.000   10881 B    Cso   64    5   50 0.767 100.3 311.0 -10.0 -50.0
2006 5 8.000   10882 B    Cro   50    5   30 0.542 252.9  33.0 -12.0  32.0
2006 5 8.000   10883 A    Axx   22    1   20 0.828  92.6 305.0  -4.0 -56.0
2006 5 9.000   10880 A    Hax  118    1   60 0.171 126.5 340.0  -9.0  -8.0
2006 5 9.000   10881 A    Axx   16    2   10 0.551 103.4 315.0 -10.0 -33.0
2006 5 9.000   10882 B    Dao  182    7  130 0.712 256.3  33.0 -12.0  45.0
2006 5 9.000   10883 B    Bxo   14    3   10 0.681  92.4 305.0  -4.0 -43.0
2006 510.000   10880 A    Hax   79    3   40 0.124 213.7 339.0  -9.0   4.0
2006 510.000   10881 A    Axx   19    1   10 0.303 106.9 318.0  -8.0 -17.0
2006 510.000   10882 B    Dao  126   10  120 0.849 257.8  33.0 -12.0  58.0
2006 510.000   10883 B    Bxo   17    2   10 0.438  92.8 309.0  -4.0 -26.0
2006 511.000   10880 A    Hax   38    2   20 0.308 249.6 339.0  -9.0  17.0
2006 511.000   10882 B    Eao   75    5  110 0.939 258.3  32.0 -12.0  70.0
2006 512.000   10880 A    Hsx   34    2   20 0.492 256.7 338.0  -9.0  29.0
2006 512.000   10882 B    Dao   26    3   90 0.989 258.3  31.0 -12.0  82.0
2006 512.000   10883 A    Axx    0    1    0 0.040 119.8 307.0  -4.0  -2.0
2006 513.000   10880 B    Cso   29    3   20 0.672 259.6 338.0  -9.0  42.0
2006 513.000   10881 A    Axx    0    1    0 0.383 255.6 318.0  -8.0  22.0
2006 513.000   10883 B    Cao   19    4   10 0.175 262.6 307.0  -4.0  10.0
2006 514.000   10880 A    Hax   21    2   20 0.838 262.2 339.0  -8.0  57.0
2006 514.000   10883 B    Bxo   17    2   10 0.454 270.8 309.0  -2.0  27.0
2006 515.000   10880 A    Axx   19    1   30 0.945 261.3 340.0  -9.0  71.0
2006 520.000   10884 B    Bxo   26    5   20 0.741 105.8 156.0 -13.0 -47.0
2006 521.000   10884 B    Cso  148    7   90 0.567 110.5 157.0 -13.0 -33.0
2006 521.000   10885 B    Cro   56    2   40 0.704 105.3 146.0 -12.0 -44.0
2006 522.000   10884 B    Cso   90    5   50 0.422 120.6 154.0 -14.0 -22.0
2006 522.000   10885 B    Dro  100    5   60 0.550 109.5 144.0 -12.0 -32.0
2006 523.000   10884 B    Cso   77    6   40 0.240 145.6 155.0 -13.0  -8.0
2006 523.000   10885 B    Dso  112    6   60 0.339 122.5 146.0 -12.0 -17.0
2006 524.000   10884 B    Dso   39    4   20 0.217 203.0 155.0 -13.0   5.0
2006 524.000   10885 B    Dsi  117   11   60 0.190 164.4 147.0 -12.0  -3.0
2006 524.000   10886 B    Cro   41    3   30 0.729  77.6 104.0   8.0 -46.0
2006 525.000   10884 B    Cso   76    3   40 0.301 231.9 150.0 -12.0  14.0
2006 525.000   10885 B    Dso  116    4   60 0.240 219.6 145.0 -12.0   9.0
2006 525.000   10886 B    Dso  135    7   80 0.531  74.5 105.0   7.0 -31.0
2006 526.000   10885 B    Dso   89    8   50 0.449 247.5 148.0 -11.0  25.0
2006 526.000   10886 B    Cao   94    5   50 0.316  59.7 107.0   8.0 -16.0
2006 527.000   10885 B    Cro   61    3   40 0.632 252.2 148.0 -12.0  38.0
2006 527.000   10886 B    Cso  118    3   60 0.173  23.6 106.0   8.0  -4.0
2006 527.000   10887 B    Bxo   25    2   30 0.902 102.8  46.0 -12.0 -64.0
2006 527.000   10888 B    Cso   60    3   70 0.900 276.1 174.0   5.0  64.0
2006 528.000   10885 B    Cro   23    3   20 0.816 256.0 151.0 -12.0  54.0
2006 528.000   10886 B    Cso   96    6   50 0.258 307.1 109.0   8.0  12.0
2006 528.000   10887 B    Cro   60    4   50 0.797 105.6  45.0 -13.0 -52.0
2006 528.000   10888 B    Dao   39    4   90 0.975 276.4 174.0   6.0  77.0
2006 528.000   10889 B    Cro   39    2   20 0.211  99.7  90.0  -3.0 -12.0
2006 529.000   10886 B    Cso   54    5   30 0.426 288.6 108.0   7.0  24.0
2006 529.000   10887 B    Cao   46    5   30 0.633 108.0  46.0 -12.0 -38.0
2006 529.000   10888 B    Cao    2    2   60 1.000 275.0 175.0   5.0  91.0
2006 529.000   10889 B    Cso   79    6   40 0.106 259.3  90.0  -2.0   6.0
2006 529.000   10890 B    Cso   68   10   40 0.523 244.0 113.0 -14.0  29.0
2006 530.000   10886 A    Hsx   30    1   20 0.654 283.2 110.0   8.0  40.0
2006 530.000   10887 B    Cao   53    6   30 0.444 116.2  46.0 -12.0 -24.0
2006 530.000   10889 A    Hsx   18    2   10 0.342 269.1  90.0  -1.0  20.0
2006 530.000   10890 B    Cso   43    5   30 0.687 251.7 112.0 -13.0  42.0
2006 531.000   10886 B    Cro   47    3   40 0.804 280.4 110.0   8.0  53.0
2006 531.000   10887 A    Hrx   57    2   30 0.260 139.3  47.0 -12.0 -10.0
2006 531.000   10890 B    Cro   30    2   30 0.866 253.0 116.0 -15.0  59.0
2006 531.000   10891 B    Cso   55    4   30 0.383 124.1  38.0 -13.0 -19.0
2006 6 1.000   10886 A    Hrx   16    1   20 0.915 277.9 110.0   7.0  66.0
2006 6 1.000   10887 A    Axx   19    1   10 0.232 201.4  49.0 -13.0   5.0
2006 6 1.000   10890 A    Axx   11    1   20 0.958 255.5 117.0 -14.0  73.0
2006 6 1.000   10891 A    Axx   19    1   10 0.254 156.5  38.0 -14.0  -6.0
2006 6 2.000   10886 A    Axx   12    1   30 0.979 279.3 109.0   9.0  78.0
2006 6 5.000   10892 B    Dsi  178    7  230 0.922  98.7 284.0  -8.0 -67.0
2006 6 6.000   10892 BG   Eki  274   13  230 0.803 100.0 285.0  -8.0 -53.0
2006 6 7.000   10892 B    Eki  374   13  250 0.663 100.8 284.0  -7.0 -41.0
2006 6 7.000   10893 B    Cao   26    3   30 0.899  93.4 261.0  -3.0 -64.0
2006 6 8.000   10892 BD   Eki  433   24  250 0.498 104.8 282.0  -7.0 -29.0
2006 6 8.000   10893 B    Dao   73    4   60 0.788  91.5 259.0  -1.0 -52.0
2006 6 9.000   10892 BG   Eki  499   35  260 0.281 113.5 283.0  -6.0 -15.0
2006 6 9.000   10893 B    Dao  207   12  130 0.603  93.9 261.0  -2.0 -37.0
2006 610.000   10892 BG   Ehi  516   16  260 0.120 196.9 286.0  -6.0   2.0
2006 610.000   10893 B    Dao  182    6  100 0.409  96.2 260.0  -2.0 -24.0
2006 611.000   10892 BG   Eai  423   18  220 0.275 240.9 285.0  -7.0  14.0
2006 611.000   10893 BG   Cso  157    8   80 0.180 105.1 261.0  -2.0 -10.0
2006 612.000   10892 BG   Cao  211   11  120 0.470 253.4 285.0  -7.0  27.0
2006 612.000   10893 B    Cso   79    4   40 0.072 226.8 261.0  -2.0   3.0
2006 612.000   10894 A    Hsx   16    1   10 0.598 102.9 222.0  -7.0 -36.0
2006 613.000   10892 B    Cao  151    8  100 0.652 258.1 285.0  -7.0  40.0
2006 613.000   10893 B    Cso   38    4   20 0.280 259.6 261.0  -2.0  16.0
2006 614.000   10892 A    Hax  110    2  100 0.833 260.9 288.0  -7.0  56.0
2006 614.000   10893 A    Hsx   34    1   20 0.486 266.0 261.0  -1.0  29.0
2006 615.000   10892 A    Hsx   67    1  100 0.942 262.1 288.0  -7.0  70.0
2006 615.000   10893 A    Axx   14    2   10 0.683 267.3 261.0  -1.0  43.0
2006 615.000   10894 A    Axx   19    2   10 0.158 206.0 222.0  -7.0   4.0
2006 616.000   10892 A    Hsx   13    1   80 0.996 263.9 290.0  -6.0  85.0
2006 618.000   10894 B    Bxo   56    4   40 0.704 258.5 223.0  -7.0  44.0
2006 618.000   10895 A    Axx   19    1   10 0.159  99.5 170.0   0.0  -9.0
2006 618.000   10896 B    Cso   34    7   20 0.514 116.7 151.0 -12.0 -28.0
2006 619.000   10896 B    Cao   37   13   20 0.347 128.8 150.0 -11.0 -16.0
2006 620.000   10896 B    Dro   77   11   40 0.227 166.9 150.0 -11.0  -3.0
2006 621.000   10896 B    Dro   96   10   50 0.278 222.5 150.0 -10.0  11.0
2006 622.000   10896 B    Bxo  194    9  110 0.464 243.8 151.0 -10.0  25.0
2006 626.000   10897 B    Bxo   31    3   60 0.965  84.4 358.0   6.0 -75.0
2006 627.000   10897 B    Dao   87    4   80 0.838  84.5   3.0   6.0 -57.0
2006 628.000   10897 BG   Cai  100   23   70 0.694  84.1   3.0   6.0 -44.0
2006 629.000   10897 BG   Drc  192   17  110 0.485  84.7   5.0   5.0 -29.0
2006 629.000   10898 A    Hsx  119    1  150 0.917  97.8 328.0  -6.0 -66.0
2006 630.000   10897 BG   Ero  135   12   70 0.263  77.8   6.0   6.0 -15.0
2006 630.000   10898 B    Dso  301    3  260 0.814  98.2 327.0  -5.0 -54.0
2006 7 1.000   10897 B    Dro   79   10   40 0.078  26.4   6.0   7.0  -2.0
2006 7 1.000   10898 B    Dso  528    8  350 0.655 102.7 328.0  -6.0 -40.0
2006 7 2.000   10897 B    Bxo   58    6   30 0.213 284.0   6.0   6.0  12.0
2006 7 2.000   10898 B    Cho  372   10  210 0.462 109.3 328.0  -6.0 -26.0
2006 7 3.000   10897 A    Bxo   36    1   20 0.392 277.7   4.0   6.0  23.0
2006 7 3.000   10898 B    Cho  555   13  290 0.288 123.4 327.0  -6.0 -14.0
2006 7 4.000   10897 B    Cso   31    4   20 0.602 277.2   4.0   7.0  37.0
2006 7 4.000   10898 B    Dki  708   14  360 0.180 185.5 328.0  -7.0   1.0
2006 7 5.000   10897 B    Bxo   13    2   10 0.753 275.0   3.0   6.0  49.0
2006 7 5.000   10898 B    Dki  686   18  360 0.300 233.2 328.0  -7.0  14.0
2006 7 6.000   10898 B    Cki  743    6  430 0.503 247.5 329.0  -8.0  28.0
2006 7 6.000   10899 B    Dro   63    2   90 0.936  96.7 232.0  -5.0 -69.0
2006 7 7.000   10898 BGD  Cki  619    8  420 0.676 254.0 328.0  -8.0  41.0
2006 7 7.000   10899 B    Dso  110    6  100 0.835  98.4 231.0  -5.0 -56.0
2006 7 8.000   10898 BGD  Dkc  449    8  400 0.827 260.1 329.0  -6.0  55.0
2006 7 8.000   10899 B    Dao  120    7   80 0.655 102.1 234.0  -5.0 -40.0
2006 7 9.000   10898 BGD  Dkc  250    9  360 0.937 262.1 330.0  -6.0  69.0
2006 7 9.000   10899 B    Dao  105    5   60 0.475 108.0 234.0  -5.0 -27.0
2006 710.000   10898 A    Hkx   59    7  260 0.994 263.5 331.0  -6.0  83.0
2006 710.000   10899 B    Cao   76    6   40 0.309 123.5 233.0  -6.0 -15.0
2006 711.000   10899 B    Cso   58    8   30 0.195 206.4 240.0  -6.0   5.0
2006 712.000   10899 B    Bxo   37    3   20 0.353 240.6 240.0  -6.0  18.0
2006 713.000   10899 B    Bxo   17    2   10 0.492 252.0 236.0  -5.0  28.0
2006 714.000   10899 A    Axx    1    1    1 0.669 257.6 236.0  -5.0  41.0
2006 715.000   10900 B    Cso   57    5   40 0.694 101.9 139.0  -5.0 -43.0
2006 716.000   10900 B    Cao   85    7   50 0.522 107.3 139.0  -5.0 -30.0
2006 717.000   10900 B    Bxo   75   10   40 0.329 123.5 140.0  -6.0 -16.0
2006 718.000   10900 B    Bxo   78   13   40 0.172 168.4 140.0  -5.0  -2.0
2006 719.000   10900 B    Dsi  173   16   90 0.267 230.8 141.0  -5.0  12.0
2006 720.000   10900 B    Dso  161   14   90 0.446 250.8 141.0  -4.0  25.0
2006 721.000   10900 B    Bxo   31    4   20 0.629 257.3 141.0  -4.0  38.0
2006 722.000   10900 B    Bxo   12    2   10 0.800 258.6 142.0  -6.0  52.0
2006 723.000   10901 B    Cso   27    6   40 0.937  85.5   6.0   6.0 -70.0
2006 724.000   10901 B    Dao  146   11  130 0.826  86.3   7.0   6.0 -56.0
2006 725.000   10901 B    Dao  163    9  110 0.667  88.5   8.0   5.0 -42.0
2006 726.000   10901 B    Dao  176    6  100 0.467  87.4   9.0   6.0 -28.0
2006 727.000   10901 B    Cao  193   10  100 0.258  87.3   9.0   6.0 -15.0
2006 728.000   10901 B    Cso  139   13   70 0.010 180.0  11.0   5.0   0.0
2006 729.000   10901 B    Cso  136    7   70 0.207 272.3   9.0   6.0  12.0
2006 730.000   10901 B    Cso  143    9   80 0.436 271.9   9.0   6.0  26.0
2006 731.000   10901 A    Hsx   14    1   10 0.679 272.6  13.0   6.0  43.0
2006 731.000   10902 B    Cso   53    2   30 0.442 233.0 351.0 -10.0  21.0
2006 8 1.000   10901 B    Dso   23    4   20 0.806 273.1  11.0   6.0  54.0
2006 8 1.000   10902 A    Hsx   13    1   10 0.756 252.7   4.0  -9.0  47.0
2006 8 2.000   10902 A    Axx    8    1   10 0.894 258.0   6.0  -8.0  62.0
2006 8 3.000   10901 A    Axx   12    1   20 0.953 276.5   3.0   8.0  73.0
2006 8 3.000   10902 B    Cro   15    1   30 0.967 259.0   4.0  -9.0  74.0
2006 8 4.000   10901 B    Bxo    5    2   30 0.997 277.6   3.0   8.0  86.0
2006 8 4.000   10902 A    Axx    2    1   30 0.999 260.7   4.0  -9.0  87.0
2006 8 9.000   10903 B    Cro   42    2   40 0.847 104.8 154.0  -9.0 -56.0
2006 810.000   10903 B    Bxo   42    4   30 0.714 109.3 154.0  -9.0 -43.0
2006 810.000   10904 A    Hax   32    1   80 0.979 105.8 121.0 -14.0 -76.0
2006 811.000   10903 B    Bxo   16    6   10 0.542 117.9 155.0  -9.0 -29.0
2006 811.000   10904 BG   Ekc  248   11  300 0.910 107.5 121.0 -13.0 -63.0
2006 812.000   10903 B    Bxo   18    3   10 0.394 143.1 157.0 -12.0 -14.0
2006 812.000   10904 BG   Ekc  746   16  640 0.812 111.2 120.0 -13.0 -51.0
2006 813.000   10904 BG   Eki 1105   17  750 0.676 117.5 120.0 -13.0 -38.0
2006 814.000   10904 BG   Eko 1157   16  680 0.525 128.3 119.0 -13.0 -25.0
2006 815.000   10903 A    Axx   17    1   10 0.497 240.9 157.0  -8.0  26.0
2006 815.000   10904 BG   Eki 1274   24  690 0.383 151.0 120.0 -13.0 -11.0
2006 816.000   10904 BG   Eki 1307   22  700 0.358 188.2 121.0 -14.0   3.0
2006 817.000   10904 BG   Fko 1096   19  600 0.407 218.5 120.0 -12.0  15.0
2006 818.000   10904 BG   Fko  976   16  590 0.562 234.6 120.0 -13.0  28.0
2006 819.000   10904 BG   Fko  816   19  590 0.722 244.6 120.0 -13.0  42.0
2006 820.000   10904 B    Fko  580   11  540 0.844 248.5 120.0 -14.0  54.0
2006 821.000   10904 B    Cko  279    5  520 0.963 253.3 124.0 -14.0  72.0
2006 822.000   10904 A    Hhx    3    1  180 1.000 257.8 127.0 -12.0  88.0
2006 822.000   10905 B    Cao   50    3  100 0.967 100.2 325.0  -8.0 -74.0
2006 823.000   10905 B    Dso  210    2  220 0.879 101.9 326.0  -7.0 -60.0
2006 824.000   10905 BG   Dso  365   12  280 0.757 107.0 326.0  -8.0 -47.0
2006 825.000   10905 BG   Eai  468   12  290 0.590 114.0 326.0  -8.0 -33.0
2006 826.000   10905 BG   Eho  471   13  260 0.423 126.8 326.0  -8.0 -20.0
2006 827.000   10905 BG   Eko  634   11  330 0.274 161.7 328.0  -8.0  -5.0
2006 828.000   10905 BG   Eac  676   16  350 0.257 208.2 327.0  -6.0   7.0
2006 829.000   10905 BG   Eac  464   38  260 0.449 235.8 329.0  -8.0  22.0
2006 830.000   10905 B    Cao  283   20  180 0.616 247.1 328.0  -8.0  35.0
2006 831.000   10905 B    Cao  200    9  160 0.779 253.6 329.0  -8.0  49.0
2006 9 1.000   10905 B    Dso   70    7  100 0.937 258.6 335.0  -8.0  68.0
2006 9 1.000   10906 B    Cao  116   12  100 0.812 253.4 319.0  -9.0  52.0
2006 9 2.000   10905 A    Hax   24    2   90 0.991 260.8 335.0  -8.0  81.0
2006 9 2.000   10906 B    Dao   78   10  100 0.919 256.9 319.0  -9.0  65.0
2006 9 3.000   10905 A    Axx    7    1   30 0.993 262.8 337.0  -8.0  96.0
2006 9 3.000   10906 B    Bxo   33    6   90 0.983 259.4 319.0  -9.0  78.0
2006 9 6.000   10907 B    Bxo   26    5   20 0.745 114.7 157.0 -13.0 -44.0
2006 9 6.000   10908 A    Hax   62    1  110 0.958 105.9 130.0 -13.0 -71.0
2006 9 7.000   10907 B    Csi   48    7   30 0.600 123.2 157.0 -13.0 -31.0
2006 9 7.000   10908 A    Hax  189    1  200 0.881 107.8 129.0 -12.0 -59.0
2006 9 7.000   10909 B    Csi   87   15   50 0.488 121.0 163.0  -8.0 -25.0
2006 9 8.000   10907 B    Cso   35    3   20 0.444 140.1 158.0 -13.0 -17.0
2006 9 8.000   10908 A    Hax  275    1  210 0.756 114.2 130.0 -13.0 -45.0
2006 9 8.000   10909 B    Cao   56    5   30 0.318 151.0 166.0  -9.0  -9.0
2006 9 9.000   10907 A    Axx   18    1   10 0.350 171.6 159.0 -13.0  -3.0
2006 9 9.000   10908 A    Hkx  411    3  260 0.611 122.4 130.0 -13.0 -32.0
2006 9 9.000   10909 B    Dso  114   15   60 0.288 193.8 166.0  -9.0   4.0
2006 910.000   10907 B    Dso   37    4   20 0.370 201.5 156.0 -13.0   8.0
2006 910.000   10908 B    Cko  419    3  240 0.487 139.8 129.0 -15.0 -19.0
2006 910.000   10909 B    Dsi  147   14   80 0.387 228.4 165.0  -8.0  17.0
2006 911.000   10907 B    Bxo   17    5   10 0.464 226.1 155.0 -12.0  20.0
2006 911.000   10908 B    Cao  426    5  230 0.375 164.3 129.0 -14.0  -6.0
2006 911.000   10909 B    Dro  131   10   80 0.573 238.9 165.0 -11.0  30.0
2006 912.000   10907 A    Hax   18    3   10 0.385 211.9 159.0 -12.0  12.0
2006 912.000   10908 A    Hax  391    4  210 0.365 199.0 129.0 -13.0   7.0
2006 912.000   10909 B    Dro   39    5   30 0.754 250.0 168.0 -10.0  46.0
2006 913.000   10907 A    Axx   11    1   10 0.808 250.7 160.0 -11.0  51.0
2006 913.000   10908 B    Cao  340    7  190 0.442 223.1 127.0 -12.0  18.0
2006 913.000   10909 B    Bxo   18    3   20 0.883 255.8 169.0  -9.0  60.0
2006 914.000   10907 A    Axx   17    1   20 0.903 253.0 158.0 -12.0  62.0
2006 914.000   10908 B    Cao  293    5  190 0.634 239.2 130.0 -13.0  34.0
2006 914.000   10909 B    Bxo   18    2   60 0.989 259.7 176.0  -9.0  80.0
2006 915.000   10908 A    Hax  239    4  190 0.776 246.7 130.0 -13.0  47.0
2006 915.000   10909 A    Axx    6    1   30 0.995 262.6 178.0  -8.0  95.0
2006 916.000   10908 A    Hsx  163    3  180 0.890 251.4 129.0 -13.0  60.0
2006 917.000   10908 A    Hsx   96    3  190 0.967 254.5 129.0 -13.0  73.0
2006 918.000   10908 A    Hax    7    1  120 1.000 256.1 133.0 -14.0  90.0
2006 919.000   10910 A    Hsx   37    1   30 0.779 106.3 341.0  -8.0 -49.0
2006 920.000   10910 A    Hsx   45    1   30 0.646 113.0 340.0  -9.0 -37.0
2006 921.000   10910 A    Hrx   17    1   10 0.482 123.5 339.0  -9.0 -24.0
2006 922.000   10910 A    Hsx   18    1   10 0.323 148.0 340.0  -9.0 -10.0
2006 923.000   10910 B    Csi   95    7   50 0.300 193.2 341.0 -10.0   4.0
2006 924.000   10910 B    Cro   36    3   20 0.417 226.8 342.0 -10.0  18.0
2006 925.000   10910 A    Axx   48    3   30 0.583 243.9 343.0  -9.0  32.0
2006 926.000   10910 A    Axx   13    1   10 0.746 252.8 343.0  -8.0  46.0
2006 927.000   10911 B    Bxo   19    3   30 0.948  84.9 212.0   7.0 -72.0
2006 928.000   10911 A    Axx   20    1   20 0.853  85.9 212.0   7.0 -59.0
2006 929.000   10912 B    Bxo   34    3   40 0.903  86.5 193.0   6.0 -65.0
2006 929.000   10913 A    Hsx   38    2   60 0.948 111.6 190.0 -18.0 -68.0
2006 929.000   10914 A    Axx    9    1   20 0.971  99.0 183.0  -7.0 -75.0
2006 930.000   10912 A    Axx   24    1   20 0.787  91.4 193.0   3.0 -52.0
2006 930.000   10913 A    Hsx   70    2   70 0.863 115.4 190.0 -18.0 -55.0
2006 930.000   10914 A    Hrx   44    2   50 0.894 101.3 183.0  -7.0 -62.0
2006 930.000   10915 B    Cso   53    6   40 0.739 255.5 291.0  -6.0  46.0
200610 1.000   10913 BG   Cso   79    3   60 0.746 121.4 190.0 -18.0 -42.0
200610 1.000   10914 A    Hsx   37    1   30 0.774 104.7 183.0  -7.0 -49.0
200610 1.000   10915 B    Dso   89    4   90 0.868 259.2 291.0  -6.0  59.0
200610 2.000   10913 BG   Cso   63    2   40 0.601 134.4 191.0 -19.0 -27.0
200610 2.000   10914 A    Hsx   46    1   30 0.636 114.5 182.0 -10.0 -36.0
200610 2.000   10915 B    Dso   35    2   60 0.955 262.7 290.0  -5.0  72.0
200610 3.000   10913 A    Hsx   87    3   50 0.485 151.9 191.0 -19.0 -14.0
200610 3.000   10914 A    Hsx   35    1   20 0.461 126.9 183.0 -10.0 -22.0
200610 3.000   10915 B    Bxo    3    2   30 0.998 263.6 291.0  -6.0  86.0
200610 4.000   10913 A    Hax   90    2   50 0.431 177.8 191.0 -19.0  -1.0
200610 4.000   10914 A    Axx   19    1   10 0.308 149.8 183.0  -9.0  -9.0
200610 5.000   10913 A    Hsx   70    2   40 0.470 204.7 191.0 -19.0  12.0
200610 5.000   10914 A    Hrx   19    1   10 0.275 194.5 183.0  -9.0   4.0
200610 6.000   10913 B    Cso   82    6   50 0.570 220.1 189.0 -20.0  23.0
200610 6.000   10914 A    Hrx   18    1   10 0.411 227.7 184.0 -10.0  18.0
200610 7.000   10913 A    Hsx   42    2   30 0.713 232.0 189.0 -21.0  37.0
200610 7.000   10914 A    Axx   16    1   10 0.586 239.3 183.0 -12.0  31.0
200610 8.000   10913 B    Cso   33    3   30 0.831 242.1 189.0 -19.0  51.0
200610 8.000   10914 A    Hrx   26    1   20 0.754 249.5 184.0 -11.0  46.0
200610 9.000   10913 A    Hsx   14    1   20 0.928 245.5 189.0 -20.0  64.0
200610 9.000   10914 A    Axx    9    1   10 0.870 252.4 183.0 -12.0  58.0
20061010.000   10913 A    Axx   10    1   30 0.986 242.2 188.0 -26.0  76.0
20061011.000   10916 A    Axx   18    1   10 0.353 202.6 107.0 -13.0   8.0
20061020.000   10917 B    Bxo   58    4   30 0.193 201.1 344.0  -5.0   4.0
20061021.000   10917 B    Bxo   55    5   30 0.382 243.1 347.0  -5.0  20.0
20061022.000   10917 B    Cso  115    6   70 0.566 253.3 347.0  -5.0  33.0
20061023.000   10917 BG   Dac  272    8  200 0.732 258.3 346.0  -5.0  46.0
20061024.000   10917 BG   Dai  156   24  160 0.873 261.4 347.0  -5.0  60.0
20061024.000   10918 B    Cro   30    6   50 0.954 264.2 359.0  -4.0  72.0
20061025.000   10917 B    Cao   79   13  140 0.959 263.3 347.0  -5.0  73.0
20061025.000   10918 A    Hrx    4    2   30 0.997 265.6 359.0  -4.0  85.0
20061026.000   10917 B    Cao   12    5  100 0.998 264.7 347.0  -5.0  86.0
20061028.000   10919 B    Bxo   37    4   20 0.337 182.9 236.0 -15.0   1.0
20061029.000   10919 B    Bxo   36    3   20 0.416 217.0 236.0 -15.0  15.0
20061029.000   10920 B    Eso   38    5  150 0.992 262.3 303.0  -7.0  82.0
20061031.000   10921 B    Cro   51    5   50 0.856  99.7 137.0  -6.0 -58.0
200611 1.000   10921 BG   Dai  168   12  120 0.711 104.2 138.0  -7.0 -44.0
200611 1.000   10922 B    Cro   29    2   30 0.871 109.9 124.0 -15.0 -58.0
200611 2.000   10921 BG   Eai  458   22  270 0.529 110.3 139.0  -7.0 -30.0
200611 2.000   10922 B    Cso   54    4   40 0.734 113.4 125.0 -14.0 -44.0
200611 3.000   10921 BG   Ehi  700   31  370 0.323 122.1 139.0  -6.0 -16.0
200611 3.000   10922 B    Dso  146    8   90 0.583 121.0 124.0 -14.0 -31.0
200611 4.000   10921 BG   Esi  492   26  250 0.176 168.6 140.0  -6.0  -2.0
200611 4.000   10922 B    Dso  127   11   70 0.417 133.7 124.0 -13.0 -18.0
200611 5.000   10921 BG   Eai  618   22  320 0.254 228.2 140.0  -6.0  11.0
200611 5.000   10922 B    Dso  152   10   80 0.310 170.6 126.0 -14.0  -3.0
200611 6.000   10921 BG   Eso  518   26  290 0.449 243.9 140.0  -8.0  24.0
200611 6.000   10922 B    Cao  171   16   90 0.312 225.5 129.0  -9.0  13.0
200611 7.000   10921 BG   Eao  214    9  140 0.644 256.3 142.0  -6.0  39.0
200611 7.000   10922 A    Axx   35    1   20 0.448 244.1 127.0  -8.0  24.0
200611 8.000   10921 B    Dso   96    4   80 0.798 258.5 142.0  -7.0  52.0
200611 8.000   10922 A    Hsx   15    2   10 0.646 245.1 127.0 -13.0  37.0
200611 9.000   10921 B    Dso   79    6  100 0.918 262.0 142.0  -6.0  66.0
200611 9.000   10922 A    Axx   12    1   10 0.788 251.9 126.0 -12.0  50.0
200611 9.000   10923 A    Hkx  178    1  280 0.948  96.4   5.0  -5.0 -71.0
20061110.000   10921 B    Dso   25    3   70 0.983 263.3 142.0  -6.0  79.0
20061110.000   10923 A    Hkx  454    6  450 0.863  98.9   4.0  -6.0 -59.0
20061111.000   10923 A    Hkx  727    3  530 0.727  99.9   4.0  -5.0 -46.0
20061112.000   10923 A    Hkx 1019    3  620 0.569 101.5   3.0  -4.0 -34.0
20061113.000   10923 B    Dki 1122    8  610 0.392 107.4   3.0  -4.0 -22.0
20061114.000   10923 B    Cko 1258    7  640 0.182 138.2   3.0  -5.0  -7.0
20061114.000   10924 B    Cao   70    3   70 0.863  99.8 311.0  -7.0 -59.0
20061115.000   10923 B    Cko 1303    7  660 0.159 213.0   2.0  -5.0   5.0
20061115.000   10924 B    Dso   56    3   40 0.709 104.1 313.0  -8.0 -44.0
20061115.000   10925 A    Hax  121    1  100 0.795  99.6 305.0  -6.0 -52.0
20061116.000   10923 B    Cko 1136   11  610 0.364 249.2   4.0  -5.0  20.0
20061116.000   10924 B    Dso   52    5   30 0.498 111.0 316.0  -8.0 -28.0
20061116.000   10925 B    Cao   62    4   40 0.625 101.3 306.0  -5.0 -38.0
20061117.000   10923 B    Cko  963    5  580 0.556 257.2   3.0  -5.0  33.0
20061117.000   10924 B    Dao   94    5   50 0.327 123.4 315.0  -8.0 -16.0
20061117.000   10925 A    Hsx  106    2   60 0.454 106.0 305.0  -5.0 -26.0
20061118.000   10923 B    Cho  675    2  510 0.749 261.2   6.0  -5.0  48.0
20061118.000   10924 B    Cao   78    4   40 0.180 180.0 318.0  -8.0   0.0
20061118.000   10925 A    Hrx   38    2   20 0.229 123.8 307.0  -5.0 -11.0
20061119.000   10923 B    Cko  488    4  510 0.878 263.1   6.0  -5.0  61.0
20061119.000   10924 A    Cao   56    2   30 0.320 232.9 320.0  -9.0  15.0
20061119.000   10925 B    Cso   78    3   40 0.160 180.0 305.0  -7.0   0.0
20061120.000   10923 A    Hkx  276    2  510 0.963 264.2   5.0  -5.0  74.0
20061120.000   10924 B    Cso   33    2   20 0.528 249.2 321.0  -9.0  30.0
20061120.000   10925 A    Cso   38    4   20 0.293 229.2 305.0  -9.0  13.0
20061121.000   10923 A    Hhx   19    1  310 1.000 263.9   6.0  -6.0  88.0
20061121.000   10924 A    Hrx   28    1   20 0.698 254.9 321.0  -9.0  43.0
20061121.000   10925 A    Axx   17    1   10 0.476 251.3 305.0  -7.0  27.0
20061122.000   10924 A    Axx   10    1   10 0.837 258.0 321.0  -9.0  56.0
20061126.000   10926 A    Hkx  148    2  260 0.958  98.8 140.0  -8.0 -73.0
20061127.000   10926 A    Hkx  157    2  160 0.871  99.9 140.0  -8.0 -60.0
20061128.000   10926 B    Cko  336    6  250 0.740 101.9 140.0  -8.0 -47.0
20061128.000   10927 B    Cro   30    4   30 0.859  81.3 128.0   8.0 -59.0
20061129.000   10926 B    Cao  273    6  170 0.595 108.4 139.0 -10.0 -35.0
20061129.000   10927 B    Cso   96    8   70 0.727  77.1 128.0  10.0 -46.0
20061130.000   10926 B    Cao  389    5  210 0.371 120.3 141.0 -10.0 -19.0
20061130.000   10927 B    Cai  201    8  120 0.546  72.8 128.0  10.0 -32.0
200612 1.000   10926 B    Eao  388   12  200 0.241 140.4 138.0 -10.0  -9.0
200612 1.000   10927 B    Cai  223   14  120 0.359  63.2 128.0  10.0 -19.0
200612 1.000   10928 B    Cso   33    3   20 0.542 255.9 179.0  -7.0  32.0
200612 2.000   10926 B    Dai  334   13  170 0.180 202.5 138.0  -9.0   4.0
200612 2.000   10927 B    Dsi  216   12  110 0.179  35.2 128.0   9.0  -6.0
200612 2.000   10928 B    Cso   41    3   30 0.715 258.2 179.0  -8.0  45.0
200612 3.000   10926 BG   Eac  375   18  200 0.347 241.7 140.0  -9.0  18.0
200612 3.000   10927 B    Cso  117    6   60 0.202 317.2 129.0   9.0   8.0
200612 3.000   10928 A    Hsx   20    1   20 0.851 261.5 179.0  -7.0  58.0
200612 4.000   10926 BG   Eao  320   11  180 0.453 246.7 133.0 -10.0  25.0
200612 4.000   10927 B    Cso  111    3   60 0.379 290.6 129.0   8.0  21.0
200612 4.000   10928 A    Axx   12    2   20 0.952 262.5 180.0  -7.0  72.0
200612 5.000   10926 B    Eao  143   10  100 0.694 255.3 138.0 -10.0  43.0
200612 5.000   10927 A    Hax   97    1   60 0.584 283.5 130.0   8.0  35.0
200612 5.000   10929 B    Bxo   23    2   30 0.921  87.9  28.0   2.0 -67.0
200612 6.000   10926 B    Eao  150   11  140 0.843 259.3 138.0  -9.0  57.0
200612 6.000   10927 A    Hsx  101    1   80 0.771 280.3 131.0   8.0  50.0
200612 6.000   10929 B    Bxo   11    2   10 0.810  86.4  27.0   3.0 -54.0
200612 6.000   10930 B    Dko  239    5  390 0.952  96.3   9.0  -6.0 -72.0
200612 7.000   10926 B    Eao   47    5   70 0.941 261.5 138.0  -8.0  70.0
200612 7.000   10927 A    Hsx   55    1   60 0.885 279.1 130.0   8.0  62.0
200612 7.000   10930 BGD  Dkc  488    8  490 0.867  95.7   8.0  -5.0 -60.0
200612 8.000   10926 B    Bxo    5    2   20 0.990 261.9 137.0  -8.0  82.0
200612 8.000   10927 A    Hsx   33    2   70 0.971 277.3 131.0   7.0  76.0
200612 8.000   10930 BGD  Dki  605   14  430 0.711  98.3  10.0  -6.0 -45.0
200612 9.000   10927 A    Axx    3    1   50 0.999 278.0 130.0   8.0  88.0
200612 9.000   10930 BG   Cko  710   11  420 0.534  98.9  10.0  -5.0 -32.0
20061210.000   10930 B    Cko  717    3  380 0.331 100.9  10.0  -4.0 -19.0
20061211.000   10930 BGD  Cki  872   13  440 0.130 126.7   9.0  -5.0  -6.0
20061212.000   10930 BGD  Dki  950   18  480 0.143 238.2   9.0  -5.0   7.0
20061213.000   10930 BGD  Dki 1264   17  680 0.368 255.6  10.0  -6.0  21.0
20061214.000   10930 BGD  Dki 1121   11  670 0.548 262.3   9.0  -5.0  33.0
20061215.000   10930 BGD  Dkc  844   13  620 0.732 264.2  10.0  -5.0  47.0
20061216.000   10930 BGD  Dki  565    9  550 0.858 263.7   9.0  -6.0  59.0
20061217.000   10930 BGD  Dkc  297   10  480 0.951 264.1   7.0  -6.0  72.0
20061218.000   10930 BGD  Dkc   17    1  230 0.999 264.0  10.0  -6.0  88.0
20061226.000   10931 A    Axx   11    1   10 0.819  98.1 122.0  -8.0 -55.0
20061226.000   10932 B    Cso   32   10   20 0.576  98.7 142.0  -7.0 -35.0
20061227.000   10931 A    Axx   15    1   10 0.632  99.5 125.0  -8.0 -39.0
20061227.000   10932 B    Cso   37    4   20 0.365 102.7 143.0  -7.0 -21.0
20061228.000   10931 A    Axx   17    1   10 0.458 100.1 123.0  -7.0 -27.0
20061228.000   10932 B    Bxo   19    2   10 0.166 124.1 142.0  -8.0  -8.0
20061231.000   10933 A    Axx   25    1   60 0.978  93.4  33.0  -4.0 -78.0
