2018 1 5.000   12693 B    Cro   28    3   20 0.707 300.1 333.0  18.0  40.0
2018 1 6.000   12693 A    Axx   11    1   10 0.829 296.0 332.0  19.0  52.0
2018 1 7.000   12693 A    Axx    7    1   10 0.926 292.3 332.0  19.0  65.0
2018 1 8.000   12693 A    Axx    3    1   10 0.985 291.1 332.0  20.0  78.0
2018 1 9.000   12694 B    Bxo   17    3   10 0.471 185.4 244.0 -32.0   3.0
2018 110.000   12694 A    Axx   16    3   10 0.531 207.8 245.0 -32.0  17.0
2018 111.000   12694 A    Axx   15    1   10 0.636 221.8 244.0 -32.0  30.0
2018 112.000   12695 B    Bxo   10    2   10 0.855 263.3 260.0  -8.0  59.0
2018 116.000   12696 B    Bxo   36    2   20 0.431 105.7 123.0 -11.0 -25.0
2018 117.000   12696 B    Cro   58    3   30 0.248 125.3 123.0 -13.0 -12.0
2018 118.000   12696 B    Bxo   39    2   20 0.144 193.7 124.0 -13.0   2.0
2018 119.000   12696 B    Bxo   19    2   10 0.282 243.9 124.0 -12.0  15.0
2018 120.000   12696 A    Axx   17    1   10 0.492 254.6 124.0 -12.0  29.0
2018 131.000   12697 B    Bxo   13    5   10 0.739  98.0 263.0 -10.0 -48.0
2018 2 1.000   12697 A    Axx    0    3    0 0.542  97.1 265.0  -9.0 -33.0
2018 2 3.000   12698 A    Axx    4    1   10 0.973  91.6 194.0  -3.0 -77.0
2018 2 5.000   12699 A    Hsx   44    1   80 0.960  92.3 171.0  -4.0 -74.0
2018 2 6.000   12699 B    Cso  115    3  130 0.896  93.5 168.0  -6.0 -64.0
2018 2 7.000   12699 B    Dso  203    7  160 0.773  95.0 168.0  -8.0 -51.0
2018 2 8.000   12699 BG   Dso  312   10  200 0.625  94.6 167.0  -8.0 -39.0
2018 2 9.000   12699 BG   Dai  362   12  200 0.420  90.0 167.0  -6.0 -25.0
2018 210.000   12699 B    Dai  409   13  210 0.223  92.3 166.0  -7.0 -13.0
2018 211.000   12699 B    Dai  479   25  240 0.018 106.9 165.0  -7.0  -1.0
2018 212.000   12699 B    Dai  446   14  230 0.240 268.1 167.0  -7.0  14.0
2018 213.000   12699 B    Dai  403   16  230 0.482 267.8 169.0  -7.0  29.0
2018 214.000   12699 B    Dsi  260   10  180 0.690 267.0 171.0  -7.0  44.0
2018 215.000   12699 B    Dso  166    8  140 0.804 265.1 168.0  -8.0  54.0
2018 216.000   12699 B    Cao   77    5  100 0.923 264.2 168.0  -8.0  68.0
2018 217.000   12699 A    Hax   12    2   40 0.988 262.9 169.0  -8.0  82.0
2018 227.000   12700 B    Cro   56    6   30 0.317 315.2 328.0   6.0  13.0
2018 228.000   12700 A    Axx   14    1   10 0.686 288.3 330.0   7.0  41.0
2018 3 1.000   12700 A    Axx   14    1   10 0.686 288.3 330.0   7.0  41.0
2018 3 2.000   12700 A    Axx   10    1   10 0.838 284.5 330.0   8.0  55.0
2018 3 3.000   12700 A    Axx    7    1   10 0.935 280.3 330.0   7.0  68.0
2018 316.000   12701 A    Axx   19    1   10 0.161 237.7  99.0 -12.0   8.0
2018 318.000   12702 B    Bxo   11    5   10 0.809 302.4 112.0  21.0  47.0
2018 331.000   12703 A    Axx   10    1   10 0.861  95.5 192.0  -8.0 -60.0
2018 4 1.000   12703 A    Axx   13    2   10 0.727  94.9 193.0  -8.0 -47.0
2018 413.000   12704 B    Bxo   35    3   30 0.800  73.0  30.0  10.0 -51.0
2018 414.000   12704 B    Bxo   46    4   30 0.641  63.7  33.0  12.0 -36.0
2018 415.000   12704 A    Axx   17    1   10 0.494  53.6  31.0  12.0 -24.0
2018 420.000   12706 B    Bxo   14    4   20 0.931  83.7 281.0   4.0 -68.0
2018 421.000   12706 B    Cao   43    4   40 0.835  81.9 280.0   4.0 -56.0
2018 422.000   12706 B    Dao  158   13  110 0.693  79.0 280.0   4.0 -43.0
2018 422.000   12707 A    Axx   17    1   10 0.488 101.7 294.0 -10.0 -29.0
2018 423.000   12706 B    Dao  225   10  130 0.500  75.4 281.0   3.0 -29.0
2018 424.000   12706 B    Cao  152   12   80 0.298  67.5 281.0   2.0 -16.0
2018 425.000   12706 B    Cao   99    9   50 0.117   8.6 283.0   2.0  -1.0
2018 426.000   12706 B    Cro   97    7   50 0.217 306.9 280.0   3.0  10.0
2018 427.000   12706 A    Hrx   35    4   20 0.469 285.0 284.0   3.0  27.0
2018 428.000   12706 A    Axx   15    1   10 0.651 279.8 284.0   3.0  40.0
2018 5 5.000   12708 B    Cro   36    3   30 0.798  98.5 204.0  -9.0 -53.0
2018 5 6.000   12708 B    Bxo   15    4   10 0.630  98.3  99.0  -8.0 -39.0
2018 5 7.000   12708 B    Bxo   17    4   10 0.448 105.6  99.0 -10.0 -26.0
2018 5 8.000   12708 B    Bxo   19    4   10 0.245 123.5 100.0 -11.0 -12.0
2018 5 9.000   12708 B    Bxo   19    3   10 0.102 189.7 100.0  -9.0   1.0
2018 5 9.000   12709 A    Axx    8    2   10 0.910  83.0  34.0   5.0 -65.0
2018 510.000   12708 A    Axx   19    1   10 0.253 241.3  98.0 -10.0  13.0
2018 510.000   12709 A    Axx   12    1   10 0.794  81.3  33.0   5.0 -52.0
2018 511.000   12709 A    Axx   15    1   10 0.627  78.2  34.0   5.0 -38.0
2018 512.000   12709 A    Axx   18    1   10 0.426  71.9  35.0   5.0 -24.0
2018 513.000   12709 A    Axx   19    2   10 0.243  51.4  35.0   6.0 -11.0
2018 514.000   12709 A    Axx   19    1   10 0.121 343.3  34.0   4.0   2.0
2018 522.000   12710 B    Cro   16    2   20 0.911  71.6 223.0  16.0 -64.0
2018 523.000   12710 B    Bxo   23    2   20 0.814  67.7 221.0  17.0 -52.0
2018 524.000   12710 B    Bxo   14    2   10 0.671  60.7 222.0  18.0 -38.0
2018 524.000   12711 B    Dao   70    8   40 0.484 285.3 288.0   6.0  28.0
2018 525.000   12710 A    Axx    0    1    0 0.511  52.2 222.0  17.0 -25.0
2018 525.000   12711 B    Cai   89    6   60 0.664 280.6 288.0   6.0  41.0
2018 525.000   12712 B    Cso   39    2   80 0.969  76.2 172.0  13.0 -75.0
2018 526.000   12711 B    Cso   45    5   40 0.823 278.2 289.0   6.0  55.0
2018 526.000   12712 B    Cao   42    7   40 0.843  72.5 178.0  14.0 -56.0
2018 527.000   12711 B    Cro   20    3   30 0.942 277.8 291.0   7.0  70.0
2018 527.000   12712 B    Cao   56    3   40 0.713  67.5 178.0  15.0 -43.0
2018 528.000   12711 B    Bxo    2    2   10 0.995 275.1 291.0   5.0  84.0
2018 528.000   12712 B    Cro   67    5   40 0.530  58.9 179.0  15.0 -28.0
2018 529.000   12712 B    Csi  146   10   80 0.405  47.5 176.0  15.0 -18.0
2018 530.000   12712 B    Csi  133   12   70 0.300  16.2 176.0  16.0  -5.0
2018 531.000   12712 B    Cro   56    8   30 0.324 332.3 177.0  16.0   9.0
2018 6 1.000   12712 BG   Dro   88   11   50 0.471 307.1 177.0  16.0  23.0
2018 6 2.000   12712 BG   Dro   93   12   60 0.631 296.5 177.0  16.0  36.0
2018 6 3.000   12712 B    Cro   38   10   30 0.764 290.1 176.0  15.0  48.0
2018 6 4.000   12712 B    Bxo    8    6   10 0.898 285.7 178.0  14.0  63.0
2018 6 5.000   12712 A    Axx    4    1   10 0.976 284.4 178.0  14.0  77.0
2018 613.000   12713 B    Bxo    7    2   10 0.933  87.1 286.0   3.0 -69.0
2018 614.000   12713 B    Bxo   66    6   60 0.830  83.5 285.0   6.0 -56.0
2018 615.000   12713 B    Bxi   43    6   30 0.683  83.9 285.0   5.0 -43.0
2018 616.000   12713 B    Bxo   17    3   10 0.503  82.2 286.0   5.0 -30.0
2018 617.000   12713 A    Axx   19    3   10 0.266  76.1 288.0   5.0 -15.0
2018 618.000   12713 B    Bxo   39    5   20 0.070  29.7 287.0   5.0  -2.0
2018 619.000   12713 B    Bxo   19    6   10 0.232 284.9 289.0   5.0  13.0
2018 619.000   12714 B    Bxo   15    2   10 0.660 280.3 317.0   8.0  41.0
2018 620.000   12713 B    Bxo   18    2   10 0.410 278.4 287.0   5.0  24.0
2018 620.000   12714 B    Cao   46    5   40 0.810 278.6 317.0   8.0  54.0
2018 620.000   12715 B    Cro   50    4   30 0.535  79.6 231.0   7.0 -32.0
2018 621.000   12713 B    Dso   62    9   40 0.616 275.7 288.0   5.0  38.0
2018 621.000   12714 B    Cro   23    3   30 0.920 277.9 317.0   8.0  67.0
2018 621.000   12715 B    Dai  205   12  110 0.356  72.2 230.0   8.0 -20.0
2018 622.000   12713 B    Dso   86    8   70 0.788 274.8 288.0   5.0  52.0
2018 622.000   12714 B    Bxo    3    2   10 0.984 277.8 316.0   8.0  80.0
2018 622.000   12715 B    Dao  316   13  160 0.148  44.5 230.0   8.0  -6.0
2018 623.000   12713 B    Dao   61    6   70 0.898 274.5 287.0   5.0  64.0
2018 623.000   12715 B    Dac  216   15  110 0.172 306.9 231.0   8.0   8.0
2018 624.000   12713 B    Dao   27    6   70 0.981 274.7 289.0   5.0  79.0
2018 624.000   12715 BD   Dac  222    8  120 0.370 286.3 231.0   8.0  21.0
2018 625.000   12715 B    Dac  165    6  100 0.562 279.1 231.0   7.0  34.0
2018 626.000   12715 BG   Cai   53    4   40 0.744 278.6 231.0   8.0  48.0
2018 627.000   12715 A    Hrx   19    2   20 0.874 276.6 231.0   7.0  61.0
2018 722.000   12716 A    Axx   19    1   10 0.190  -0.0 199.0  16.0   0.0
2018 8 2.000   12717 A    Axx   17    1   10 0.525 113.7  25.0  -7.0 -29.0
2018 8 3.000   12717 A    Axx   18    1   10 0.338 134.9  27.0  -8.0 -14.0
2018 816.000   12718 B    Cro   15    2   10 0.622 110.3 192.0  -7.0 -36.0
2018 817.000   12718 B    Bxo   17    2   10 0.458 122.4 191.0  -8.0 -23.0
2018 818.000   12718 A    Hrx   38    1   20 0.293 144.0 191.0  -7.0 -10.0
2018 819.000   12718 A    Axx   19    1   10 0.245 192.2 192.0  -7.0   3.0
2018 820.000   12719 B    Bxo   14    5   10 0.705 105.7 133.0  -6.0 -43.0
2018 821.000   12719 B    Bxo   16    5   10 0.532 115.1 134.0  -7.0 -29.0
2018 822.000   12719 B    Bxo   18    5   10 0.409 141.7 135.0 -12.0 -15.0
2018 823.000   12719 A    Axx   19    2   10 0.231 167.0 133.0  -6.0  -3.0
2018 824.000   12719 BG   Cro   76    5   40 0.278 209.8 131.0  -7.0   8.0
2018 825.000   12719 B    Cro   54    4   30 0.435 234.6 131.0  -8.0  21.0
2018 825.000   12720 B    Dro   54    5   30 0.404 273.8 133.0   8.0  24.0
2018 826.000   12719 B    Cro   47    4   30 0.619 250.8 133.0  -6.0  36.0
2018 826.000   12720 B    Dao  156    7  100 0.625 274.0 136.0   8.0  39.0
2018 827.000   12719 A    Axx   11    1   10 0.814 257.4 136.0  -6.0  53.0
2018 827.000   12720 B    Cso   69    5   60 0.814 274.8 138.0   8.0  55.0
2018 828.000   12720 A    Hsx   38    2   50 0.923 275.7 137.0   8.0  68.0
2018 829.000   12720 A    Axx    2    1   10 0.991 276.1 139.0   7.0  83.0
2018 9 9.000   12721 B    Bxo   19    6   10 0.258 277.8 286.0   9.0  15.0
2018 910.000   12721 B    Bxo   17    2   10 0.467 277.7 286.0  10.0  28.0
2018 912.000   12722 B    Bxo   18    4   10 0.377 129.6 215.0  -7.0 -17.0
2018 913.000   12722 A    Axx    0    1    0 0.246 176.0 218.0  -7.0  -1.0
2018 930.000   12723 B    Bxo   19    3   10 0.255 183.9 355.0  -8.0   1.0
201810 1.000   12723 B    Dro   56    4   30 0.358 225.8 356.0  -8.0  15.0
201810 2.000   12723 B    Dso   50    4   30 0.536 243.6 357.0  -8.0  29.0
201810 3.000   12723 B    Cro   42    4   30 0.699 251.4 357.0  -8.0  42.0
201810 4.000   12723 B    Bxo   10    2   10 0.845 256.2 358.0  -8.0  56.0
201810 5.000   12723 A    Axx    5    1   10 0.956 255.3   0.0 -12.0  71.0
20181013.000   12724 A    Hrx   20    1   20 0.853 103.2 126.0  -8.0 -57.0
20181014.000   12724 A    Hsx   14    1   10 0.672 108.7 130.0  -8.0 -40.0
20181014.000   12725 A    Axx    9    1   10 0.874 104.9 111.0 -10.0 -59.0
20181015.000   12724 A    Axx   17    1   10 0.497 115.0 130.0  -7.0 -27.0
20181015.000   12725 A    Axx   13    1   10 0.730 111.0 113.0 -11.0 -44.0
20181016.000   12725 A    Axx    0    1    0 0.581 116.1 111.0 -10.0 -32.0
20181018.000   12725 A    Axx    0    1    0 0.297 163.3 112.0 -11.0  -5.0
20181113.000   12726 B    Bxo   19    5   10 0.056 341.9 134.0   6.0   1.0
20181114.000   12726 A    Axx   19    1   10 0.277 278.2 137.0   5.0  16.0
20181115.000   12726 A    Axx   16    1   10 0.529 273.2 139.0   4.0  32.0
20181116.000   12727 B    Cro   38    3   20 0.293 264.9 111.0   1.0  17.0
20181117.000   12727 B    Bxo   34    4   20 0.485 267.6 110.0   1.0  29.0
20181118.000   12727 B    Cao   89    3   60 0.669 268.9 110.0   1.0  42.0
20181119.000   12727 B    Cao   65    4   60 0.839 269.7 112.0   1.0  57.0
20181120.000   12727 A    Axx    6    2   10 0.945 270.3 113.0   1.0  71.0
20181125.000   12728 B    Bxo   39    4   20 0.094 326.4 339.0   6.0   3.0
20181126.000   12728 B    Bxo   38    5   20 0.302 285.7 340.0   6.0  17.0
201812 8.000   12729 B    Bxo   38    6   50 0.921 264.6 232.0  -5.0  67.0
201812 9.000   12729 B    Bxo    3    2   10 0.985 265.0 231.0  -5.0  80.0
20181210.000   12729 B    Bxo    1    2   10 0.999 265.0 231.0  -5.0  93.0
20181212.000   12730 A    Axx   18    1   10 0.326  62.6  94.0   8.0 -17.0
20181215.000   12731 B    Bxo   12    2   10 0.772  72.2  23.0  13.0 -49.0
20181216.000   12731 A    Axx   15    2   10 0.609  66.7  24.0  13.0 -35.0
