2016 1 1.000   12473 B    Cao  126    8  130 0.874 247.6 334.0 -21.0  60.0
2016 1 2.000   12473 B    Eso   64    8  110 0.956 249.0 334.0 -21.0  73.0
2016 1 2.000   12476 A    Axx    9    1   10 0.874 100.8 200.0 -11.0 -61.0
2016 1 2.000   12477 A    Hsx    9    1   20 0.971  76.8 186.0  12.0 -75.0
2016 1 3.000   12473 B    Cao    2    3   40 0.999 249.1 337.0 -21.0  89.0
2016 1 3.000   12476 B    Cro   27    6   20 0.733 100.6 201.0 -10.0 -47.0
2016 1 3.000   12477 A    Hsx   64    1   70 0.887  74.6 187.0  12.0 -61.0
2016 1 3.000   12478 B    Bxo   11    2   10 0.808  78.8 195.0   7.0 -53.0
2016 1 4.000   12476 B    Dai  132   16   80 0.565 102.7 201.0 -10.0 -34.0
2016 1 4.000   12477 A    Hsx   91    1   70 0.757  70.9 188.0  12.0 -47.0
2016 1 4.000   12478 B    Cro   30    3   20 0.634  74.6 197.0   7.0 -38.0
2016 1 5.000   12476 B    Dao  130   12   70 0.356 109.0 202.0 -10.0 -20.0
2016 1 5.000   12477 A    Hsx  112    1   70 0.592  64.1 189.0  12.0 -33.0
2016 1 5.000   12478 B    Bxo   17    3   10 0.441  66.2 198.0   7.0 -24.0
2016 1 5.000   12479 B    Bxo   19    4   10 0.265  18.8 217.0  11.0  -5.0
2016 1 6.000   12476 B    Cro   59    8   30 0.151 137.0 202.0 -10.0  -6.0
2016 1 6.000   12477 A    Hsx  127    1   70 0.415  50.1 189.0  12.0 -19.0
2016 1 7.000   12476 B    Bxo   19    3   10 0.165 236.3 203.0  -9.0   8.0
2016 1 7.000   12477 A    Hsx  134    1   70 0.285  17.4 190.0  12.0  -5.0
2016 1 7.000   12480 B    Cao   43    4   80 0.963  84.8 121.0   4.0 -74.0
2016 1 8.000   12476 A    Axx   18    2   10 0.382 255.8 204.0  -9.0  22.0
2016 1 8.000   12477 A    Hax  113    1   60 0.313 330.7 191.0  12.0   9.0
2016 1 8.000   12480 B    Dao  188    6  180 0.851  84.1 124.0   3.0 -58.0
2016 1 8.000   12481 B    Dao   56    8   50 0.825 250.8 237.0 -18.0  55.0
2016 1 9.000   12477 A    Hax   89    1   50 0.443 307.7 190.0  12.0  21.0
2016 1 9.000   12478 B    Bxo   17    3   10 0.501 291.4 197.0   7.0  28.0
2016 1 9.000   12480 B    Dao  260    6  180 0.689  81.4 126.0   3.0 -43.0
2016 1 9.000   12481 B    Dao   57    5   80 0.932 252.2 238.0 -18.0  69.0
2016 1 9.000   12482 B    Bxo   19    2   10 0.211 304.9 178.0   3.0  10.0
2016 1 9.000   12483 B    Bxo   13    3   10 0.742  64.2 125.0  16.0 -44.0
2016 110.000   12477 A    Hax   64    2   40 0.590 295.0 189.0  11.0  33.0
2016 110.000   12478 B    Bxo   15    3   10 0.659 284.0 196.0   6.0  40.0
2016 110.000   12480 B    Dao  302    7  180 0.541  78.0 124.0   3.0 -32.0
2016 110.000   12481 B    Dao   41    3  120 0.985 251.4 237.0 -19.0  81.0
2016 110.000   12482 B    Bxo   18    4   10 0.403 284.5 179.0   2.0  23.0
2016 110.000   12483 B    Cso   48    5   30 0.593  53.7 126.0  17.0 -30.0
2016 111.000   12477 A    Hsx   13    2   10 0.738 290.5 187.0  12.0  45.0
2016 111.000   12480 B    Eso  361    7  190 0.310  70.2 125.0   2.0 -17.0
2016 111.000   12482 B    Bxo   16    3   10 0.595 279.1 178.0   2.0  36.0
2016 111.000   12483 B    Dao   89    8   50 0.455  37.9 125.0  17.0 -17.0
2016 111.000   12484 B    Bxo   13    3   10 0.753  79.6  94.0   5.0 -48.0
2016 112.000   12477 A    Axx    0    1    0 0.874 286.3 187.0  12.0  59.0
2016 112.000   12480 B    Eso  335    3  170 0.154  34.4 123.0   3.0  -5.0
2016 112.000   12483 B    Dao  334    7  180 0.367   7.8 125.0  17.0  -3.0
2016 113.000   12480 B    Cso  294    4  150 0.189 312.7 123.0   3.0   8.0
2016 113.000   12483 B    Dao  238    5  130 0.394 337.7 124.0  17.0   9.0
2016 114.000   12480 B    Cso  255    3  140 0.410 287.7 126.0   3.0  23.0
2016 114.000   12483 B    Dao  239    3  140 0.519 316.7 125.0  18.0  22.0
2016 115.000   12480 A    Hax  215    2  140 0.639 280.3 128.0   3.0  39.0
2016 115.000   12483 B    Cao  135    2   90 0.660 304.2 124.0  18.0  35.0
2016 115.000   12485 B    Cro   28    2   30 0.884  72.7  29.0  13.0 -60.0
2016 116.000   12480 A    Hsx  157    2  130 0.795 278.7 129.0   4.0  52.0
2016 116.000   12483 A    Hsx  108    1   90 0.799 295.4 126.0  17.0  49.0
2016 116.000   12485 B    Dro   39    5   30 0.755  68.2  31.0  13.0 -46.0
2016 117.000   12480 A    Hsx  104    1  130 0.916 275.4 130.0   3.0  66.0
2016 117.000   12483 A    Hsx   45    1   60 0.926 290.6 129.0  17.0  65.0
2016 117.000   12485 B    Cro   31    6   20 0.618  61.8  30.0  13.0 -34.0
2016 118.000   12480 A    Hsx   51    1  140 0.983 274.0 129.0   3.0  79.0
2016 118.000   12483 A    Hax   24    1   70 0.985 288.2 128.0  17.0  78.0
2016 118.000   12485 B    Bxo   17    5   10 0.472  47.5  29.0  14.0 -21.0
2016 118.000   12486 A    Hax   31    1   40 0.919 109.7 343.0 -20.0 -67.0
2016 119.000   12480 A    Hsx   20    1  140 0.997 272.6 131.0   3.0  94.0
2016 119.000   12483 A    Hax    8    1   70 0.998 286.8 129.0  17.0  92.0
2016 119.000   12485 A    Axx   18    5   10 0.346  20.0  30.0  14.0  -7.0
2016 119.000   12486 A    Hsx   71    1   60 0.805 111.2 344.0 -20.0 -53.0
2016 120.000   12484 B    Cro    3    5   20 0.996 277.5 108.0   7.0  84.0
2016 120.000   12485 A    Axx   18    4   10 0.350 348.9  28.0  15.0   4.0
2016 120.000   12486 A    Hax   71    2   50 0.699 113.6 340.0 -20.0 -43.0
2016 120.000   12487 B    Cro   39    4   30 0.754 102.8 334.0 -13.0 -49.0
2016 121.000   12484 B    Dro    6    6   30 0.994 278.6  94.0   8.0  83.0
2016 121.000   12486 A    Hsx   83    1   50 0.553 119.0 338.0 -20.0 -31.0
2016 121.000   12487 B    Dao   96    7   60 0.593 104.9 334.0 -13.0 -36.0
2016 121.000   12488 B    Cro   48    5   40 0.796  81.0 317.0   4.0 -52.0
2016 122.000   12486 A    Hax   55    2   30 0.389 131.7 340.0 -20.0 -18.0
2016 122.000   12487 B    Dai  184   12  100 0.391 111.1 336.0 -13.0 -22.0
2016 122.000   12488 B    Dai  108   12   70 0.630  77.0 320.0   4.0 -38.0
2016 123.000   12486 A    Hax   38    1   20 0.282 163.2 339.0 -21.0  -5.0
2016 123.000   12487 B    Dao  136    8   70 0.229 125.9 333.0 -13.0 -11.0
2016 123.000   12488 B    Dai  158   11   90 0.478  71.4 317.0   4.0 -27.0
2016 124.000   12486 A    Hrx   19    1   10 0.278 212.1 340.0 -19.0   9.0
2016 124.000   12487 B    Cao   79   10   40 0.143 216.7 336.0 -12.0   5.0
2016 124.000   12488 B    Dai  232   13  120 0.253  55.1 319.0   3.0 -12.0
2016 125.000   12487 B    Cro   56    7   30 0.324 248.8 336.0 -12.0  18.0
2016 125.000   12488 B    Dai  394   20  200 0.167 354.0 319.0   4.0   1.0
2016 126.000   12487 A    Hsx   33    1   20 0.562 256.9 339.0 -12.0  34.0
2016 126.000   12488 B    Dai  459   10  240 0.289 296.5 320.0   2.0  15.0
2016 126.000   12489 B    Dso   67    6   60 0.827  75.1 251.0   9.0 -54.0
2016 126.000   12490 B    Bxo    5    1   10 0.961 107.1 230.0 -18.0 -75.0
2016 127.000   12487 A    Axx   13    1   10 0.741 259.0 340.0 -12.0  48.0
2016 127.000   12488 B    Dao  402   10  230 0.485 284.6 320.0   2.0  28.0
2016 127.000   12489 B    Dao  148    8  100 0.668  68.1 253.0  10.0 -39.0
2016 127.000   12490 B    Cro   21    2   20 0.838 107.8 235.0 -18.0 -57.0
2016 128.000   12487 A    Axx    9    2   10 0.886 259.5 342.0 -12.0  63.0
2016 128.000   12488 B    Dao  327   14  220 0.668 281.0 320.0   3.0  41.0
2016 128.000   12489 B    Dki  427   15  250 0.518  59.7 252.0  10.0 -27.0
2016 128.000   12490 B    Dro   29    4   20 0.664 109.2 238.0 -17.0 -41.0
2016 129.000   12488 BG   Dao  247   15  220 0.827 278.9 321.0   4.0  55.0
2016 129.000   12489 B    Dko  562   15  300 0.348  43.3 252.0   9.0 -14.0
2016 129.000   12490 B    Cro   34    4   20 0.512 115.8 237.0 -18.0 -29.0
2016 130.000   12488 B    Dao  109    8  150 0.931 276.7 320.0   4.0  68.0
2016 130.000   12489 B    Eko  576    6  300 0.275 356.4 253.0  10.0   1.0
2016 130.000   12490 B    Bxo   19    5   10 0.301 134.7 239.0 -18.0 -13.0
2016 131.000   12488 B    Cao   29    4  130 0.994 274.7 322.0   4.0  83.0
2016 131.000   12489 B    Dho  484    6  260 0.362 318.8 253.0  10.0  14.0
2016 2 1.000   12489 B    Cso  402    4  240 0.545 298.9 255.0  10.0  29.0
2016 2 1.000   12490 B    Bxo   18    3   10 0.356 226.6 242.0 -20.0  16.0
2016 2 1.000   12491 B    Bxo    6    2   10 0.942  85.7 156.0   2.0 -70.0
2016 2 2.000   12489 B    Cho  348    3  250 0.717 290.4 256.0  10.0  43.0
2016 2 2.000   12490 B    Bxo   17    5   10 0.526 239.3 242.0 -21.0  29.0
2016 2 2.000   12491 B    Dao   64    4   60 0.842  84.8 156.0   1.0 -57.0
2016 2 3.000   12489 A    Hax  220    1  220 0.866 285.3 258.0  10.0  58.0
2016 2 3.000   12490 B    Cro   29    5   20 0.682 247.2 242.0 -20.0  42.0
2016 2 3.000   12491 B    Dao   71    3   50 0.703  80.8 156.0   2.0 -44.0
2016 2 3.000   12492 B    Dao    9    3   10 0.892  69.7 140.0  15.0 -60.0
2016 2 4.000   12489 A    Hax  114    2  200 0.958 281.4 259.0   9.0  72.0
2016 2 4.000   12490 B    Dao   66   10   60 0.830 248.9 243.0 -21.0  56.0
2016 2 4.000   12491 B    Dro   51    6   30 0.520  73.6 157.0   3.0 -30.0
2016 2 4.000   12492 B    Dsi   72    5   60 0.799  65.9 138.0  15.0 -49.0
2016 2 4.000   12493 B    Dao   51    5   30 0.512 268.8 218.0  -6.0  31.0
2016 2 5.000   12489 A    Hsx   17    1  100 0.996 279.6 257.0   9.0  84.0
2016 2 5.000   12490 B    Dao   92    9  130 0.934 249.9 243.0 -21.0  70.0
2016 2 5.000   12491 B    Cro   38    6   20 0.309  62.9 157.0   2.0 -16.0
2016 2 5.000   12492 B    Dai   75    7   50 0.657  60.2 137.0  14.0 -36.0
2016 2 5.000   12493 B    Dao   69    5   50 0.715 266.4 219.0  -7.0  46.0
2016 2 5.000   12494 BGD  Dai  294    7  150 0.183 123.2 164.0 -12.0  -9.0
2016 2 6.000   12490 B    Cao   29    5   80 0.983 250.8 240.0 -20.0  81.0
2016 2 6.000   12491 A    Axx   19    2   10 0.155  19.7 156.0   2.0  -3.0
2016 2 6.000   12492 B    Dso   86    8   50 0.509  48.1 136.0  14.0 -23.0
2016 2 6.000   12493 B    Dro   10    5   10 0.845 268.1 217.0  -5.0  58.0
2016 2 6.000   12494 BG   Dai  456   16  230 0.119 214.9 163.0 -12.0   4.0
2016 2 6.000   12495 B    Bxo   13    6   10 0.715 266.5 205.0  -7.0  46.0
2016 2 6.000   12496 A    Axx   10    1   10 0.847  75.2 103.0   9.0 -56.0
2016 2 7.000   12492 B    Dri   74    8   40 0.372  27.0 136.0  13.0 -10.0
2016 2 7.000   12494 B    Dai  515    9  270 0.299 253.7 163.0 -11.0  17.0
2016 2 7.000   12495 B    Cro   29    4   30 0.870 264.4 208.0  -8.0  61.0
2016 2 7.000   12497 B    Dai   48   10   50 0.873  71.2  88.0  13.0 -58.0
2016 2 8.000   12492 B    Dro   55    7   30 0.373 349.6 137.0  15.0   4.0
2016 2 8.000   12494 BD   Dki  471    9  270 0.487 257.0 162.0 -12.0  29.0
2016 2 8.000   12495 B    Dao   40    5   70 0.958 263.6 207.0  -8.0  74.0
2016 2 8.000   12496 B    Bxi   31    4   20 0.600  67.3  98.0   8.0 -34.0
2016 2 8.000   12497 B    Dai   85    9   70 0.793  68.1  84.0  13.0 -49.0
2016 2 9.000   12492 B    Cro   35    7   20 0.468 317.5 140.0  14.0  19.0
2016 2 9.000   12494 BG   Dai  352    8  240 0.679 259.4 164.0 -12.0  43.0
2016 2 9.000   12495 B    Dao   18    2  180 0.999 262.3 209.0  -8.0  88.0
2016 2 9.000   12496 B    Bxo   18    5   10 0.405  52.7 102.0   8.0 -19.0
2016 2 9.000   12497 B    Dao  302   10  200 0.653  61.3  85.0  13.0 -36.0
2016 210.000   12492 B    Dao   45    4   30 0.648 300.8 143.0  14.0  35.0
2016 210.000   12494 B    Dao  132    6  120 0.833 260.0 165.0 -12.0  57.0
2016 210.000   12496 B    Bxo   19    2   10 0.266  18.9 103.0   8.0  -5.0
2016 210.000   12497 BG   Dai  313   14  180 0.491  48.1  86.0  13.0 -22.0
2016 210.000   12498 B    Bxo    9    3   10 0.888  64.6  50.0  19.0 -58.0
2016 211.000   12492 B    Cro   24    2   20 0.797 293.2 143.0  14.0  49.0
2016 211.000   12494 B    Dso   49    5   70 0.934 259.7 164.0 -12.0  70.0
2016 211.000   12496 B    Bxo   19    3   10 0.296 328.4 103.0   8.0   9.0
2016 211.000   12497 BG   Eac  447   23  240 0.362  22.0  86.0  13.0  -8.0
2016 211.000   12498 A    Axx   12    1   10 0.770  58.5  50.0  19.0 -44.0
2016 212.000   12492 A    Hrx   16    2   20 0.912 288.7 144.0  14.0  63.0
2016 212.000   12494 B    Dso   10    3   40 0.992 258.7 165.0 -12.0  84.0
2016 212.000   12497 BGD  Eac  336   22  180 0.352 343.2  87.0  13.0   6.0
2016 212.000   12498 A    Axx   15    1   10 0.603  47.8  52.0  18.0 -28.0
2016 213.000   12492 A    Axx    3    1   10 0.985 285.5 146.0  14.0  78.0
2016 213.000   12494 A    Axx    1    1   10 0.997 255.4 164.0 -14.0  96.0
2016 213.000   12497 BGD  Eac  444   20  250 0.459 316.3  87.0  13.0  19.0
2016 213.000   12498 A    Axx   17    1   10 0.483  30.7  53.0  18.0 -15.0
2016 213.000   12499 A    Axx   14    1   10 0.666  65.1  30.0  11.0 -38.0
2016 214.000   12497 BGD  Eac  339   23  220 0.637 298.3  89.0  12.0  35.0
2016 214.000   12500 B    Bxo   17    3   10 0.506 245.7  83.0 -18.0  29.0
2016 215.000   12497 BGD  Eac  249   18  200 0.781 291.4  89.0  12.0  48.0
2016 215.000   12500 B    Cro   29    3   20 0.674 250.7  83.0 -18.0  42.0
2016 215.000   12501 A    Hsx   27    1   60 0.973  84.2 325.0   4.0 -76.0
2016 216.000   12497 BGD  Eac  206   16  240 0.902 286.8  91.0  12.0  62.0
2016 216.000   12500 A    Axx   11    1   10 0.825 252.9  85.0 -18.0  56.0
2016 216.000   12501 A    Hsx   54    1   60 0.890  81.9 327.0   4.0 -62.0
2016 217.000   12497 BGD  Eac   91   14  220 0.978 284.9  91.0  13.0  76.0
2016 217.000   12501 A    Hsx   39    1   30 0.756  78.6 327.0   4.0 -48.0
2016 217.000   12502 B    Bxo   19    4   10 0.258  -0.0  15.0   8.0   0.0
2016 218.000   12497 BGD  Eac    4   14  220 1.000 283.0  91.0  13.0  89.0
2016 218.000   12501 A    Hsx   80    1   50 0.588  71.5 328.0   5.0 -34.0
2016 218.000   12502 B    Bxo   18    2   10 0.350 316.8  16.0   8.0  14.0
2016 218.000   12503 B    Cro   38    3   20 0.225  -0.0   2.0   6.0   0.0
2016 219.000   12501 A    Hsx   91    1   50 0.395  59.5 329.0   5.0 -20.0
2016 219.000   12502 B    Bxo   16    3   10 0.532 299.4  17.0   9.0  28.0
2016 219.000   12503 A    Axx   18    1   10 0.327 312.6   3.0   6.0  14.0
2016 220.000   12501 B    Cso  155    3   80 0.246  39.4 327.0   4.0  -9.0
2016 220.000   12503 B    Cro   34    6   20 0.493 293.4   2.0   5.0  27.0
2016 220.000   12504 B    Bxo   18    3   10 0.328 354.0 338.0  12.0   2.0
2016 221.000   12501 B    Cso  156    3   80 0.204 340.0 327.0   4.0   4.0
2016 221.000   12504 B    Cro   36    3   20 0.430 318.3 340.0  12.0  17.0
2016 221.000   12505 B    Dai  179   10  110 0.578 294.7 355.0   8.0  32.0
2016 222.000   12501 B    Cso  130    4   70 0.360 301.2 328.0   4.0  18.0
2016 222.000   12504 B    Bxo   16    3   10 0.587 303.9 340.0  13.0  30.0
2016 222.000   12505 B    Dac  243   10  180 0.735 287.8 355.0   8.0  45.0
2016 223.000   12501 A    Hsx   99    1   60 0.557 288.2 328.0   4.0  32.0
2016 223.000   12505 B    Dac  156    8  160 0.872 283.3 355.0   8.0  59.0
2016 224.000   12501 A    Hsx   94    1   70 0.737 283.5 329.0   5.0  46.0
2016 224.000   12505 B    Dac   86    6  160 0.963 280.4 356.0   8.0  73.0
2016 225.000   12501 A    Hsx   58    1   60 0.875 279.8 330.0   5.0  60.0
2016 225.000   12505 B    Dac   10    6  160 0.999 278.3 357.0   8.0  87.0
2016 225.000   12506 B    Bxo   13    2   10 0.739  93.0 222.0  -7.0 -48.0
2016 226.000   12501 A    Hax   11    1   20 0.960 276.3 330.0   4.0  73.0
2016 226.000   12506 B    Cao   49    5   30 0.570  91.9 222.0  -7.0 -35.0
2016 227.000   12501 A    Hax    2    1   20 0.998 274.5 330.0   4.0  86.0
2016 227.000   12506 B    Cro   55    7   30 0.372  90.9 222.0  -7.0 -22.0
2016 227.000   12507 B    Bxo    8    3   10 0.894 294.3 303.0  18.0  59.0
2016 228.000   12506 B    Dai  118   15   60 0.140  81.8 223.0  -6.0  -8.0
2016 228.000   12507 B    Bxo    4    2   10 0.972 291.6 304.0  19.0  73.0
2016 229.000   12506 BG   Dai  218   15  110 0.127 287.3 224.0  -5.0   7.0
2016 229.000   12508 B    Bxo   19    3   10 0.289  32.5 208.0   7.0  -9.0
2016 3 1.000   12506 B    Dai  244    9  130 0.340 272.4 223.0  -6.0  20.0
2016 3 1.000   12508 A    Axx   19    1   10 0.260 340.6 208.0   7.0   5.0
2016 3 1.000   12509 B    Bxo   36    4   20 0.398  46.5 186.0   9.0 -17.0
2016 3 2.000   12506 B    Dso  182    6  110 0.555 268.2 225.0  -7.0  34.0
2016 3 2.000   12508 A    Axx   18    1   10 0.397 301.0 211.0   5.0  20.0
2016 3 2.000   12509 B    Bxo   38    2   20 0.263  -0.0 189.0   8.0   0.0
2016 3 3.000   12506 B    Cso  148    5  110 0.739 267.1 226.0  -7.0  48.0
2016 3 3.000   12510 B    Cro   36    3   30 0.792  77.9 127.0   5.0 -51.0
2016 3 3.000   12511 B    Bxo   10    3   10 0.850  79.5 121.0   5.0 -57.0
2016 3 3.000   12512 B    Bxo   16    3   10 0.549  57.1 150.0  11.0 -28.0
2016 3 3.000   12513 A    Hsx    9    1   60 0.997  78.3  94.0  11.0 -84.0
2016 3 4.000   12506 A    Hsx   71    2   70 0.862 266.1 225.0  -7.0  60.0
2016 3 4.000   12510 B    Cro   42    3   30 0.702  75.3 124.0   5.0 -43.0
2016 3 4.000   12512 B    Bxo   36    4   20 0.394  34.0 152.0  12.0 -13.0
2016 3 4.000   12513 A    Hsx   25    1   30 0.908  74.3  12.0  11.0 -63.0
2016 3 5.000   12506 B    Cso   30    4   60 0.968 265.7 228.0  -6.0  76.0
2016 3 5.000   12510 B    Cro   50    3   30 0.535  68.6 122.0   5.0 -30.0
2016 3 5.000   12512 B    Cro   37    3   20 0.313  -0.0 152.0  11.0   0.0
2016 3 5.000   12513 A    Hsx   48    1   40 0.792  68.7 103.0  12.0 -49.0
2016 3 5.000   12514 B    Cro   36    9   20 0.405 332.8 163.0  14.0  11.0
2016 3 5.000   12515 B    Bxo   19    2   10 0.252 286.2 166.0  -3.0  14.0
2016 3 5.000   12516 B    Bxo   19    3   10 0.104 302.9 157.0  -4.0   5.0
2016 3 6.000   12506 B    Cso    3    3   40 0.999 264.3 226.0  -6.0  88.0
2016 3 6.000   12510 B    Cao   55    4   30 0.370  56.2 120.0   5.0 -18.0
2016 3 6.000   12512 A    Hrx   18    1   10 0.410 318.7 154.0  11.0  16.0
2016 3 6.000   12513 A    Hsx   75    1   50 0.651  62.0 102.0  12.0 -36.0
2016 3 6.000   12514 B    Cao   83    9   50 0.551 309.5 164.0  14.0  26.0
2016 3 7.000   12510 B    Cro   38    4   20 0.235  12.8 122.0   6.0  -3.0
2016 3 7.000   12512 B    Cao   49    7   30 0.573 301.1 155.0  11.0  30.0
2016 3 7.000   12513 A    Hsx   86    1   50 0.498  50.1 102.0  12.0 -23.0
2016 3 7.000   12514 B    Cao   43    4   30 0.697 298.8 164.0  14.0  39.0
2016 3 7.000   12517 B    Bxo   13    2   10 0.749 311.3 163.0  24.0  38.0
2016 3 8.000   12510 A    Axx   19    1   10 0.259 318.1 122.0   4.0  10.0
2016 3 8.000   12512 B    Cao   69    4   50 0.719 294.5 154.0  12.0  42.0
2016 3 8.000   12513 A    Hsx   75    1   40 0.347  26.2 103.0  11.0  -9.0
2016 3 8.000   12514 A    Axx   10    3   10 0.842 290.5 166.0  13.0  54.0
2016 3 8.000   12517 B    Bxo   10    2   10 0.855 303.8 162.0  24.0  51.0
2016 3 9.000   12511 B    Bxo   15    5   10 0.603 283.1 135.0   2.0  36.0
2016 3 9.000   12512 A    Hax   31    1   30 0.851 286.5 155.0  10.0  56.0
2016 3 9.000   12513 A    Hsx   76    1   40 0.300 350.1 102.0  10.0   3.0
2016 3 9.000   12514 A    Axx    6    1   10 0.947 285.3 168.0  12.0  69.0
2016 310.000   12511 B    Cao   25    2   20 0.776 279.8 136.0   3.0  50.0
2016 310.000   12512 A    Hsx   18    2   30 0.951 284.1 156.0  11.0  70.0
2016 310.000   12513 A    Hsx   72    1   40 0.409 315.3 103.0  10.0  17.0
2016 310.000   12518 B    Cao   51    5   30 0.516 290.3 115.0   4.0  29.0
2016 310.000   12519 A    Hsx   31    1   70 0.974  82.1  10.0   6.0 -76.0
2016 311.000   12511 A    Hrx   15    2   20 0.918 276.4 138.0   3.0  66.0
2016 311.000   12512 A    Hsx    5    1   30 0.996 282.8 155.0  12.0  83.0
2016 311.000   12513 A    Hsx   65    1   40 0.578 298.7 103.0  10.0  31.0
2016 311.000   12518 B    Cro   29    5   20 0.675 284.0 113.0   4.0  41.0
2016 311.000   12519 B    Cao   46    2   50 0.885  79.3  11.0   6.0 -61.0
2016 312.000   12511 A    Axx    3    2   10 0.983 273.4 138.0   2.0  79.0
2016 312.000   12513 A    Hsx   54    1   40 0.732 290.9 103.0  10.0  44.0
2016 312.000   12518 A    Axx   11    2   10 0.820 280.0 113.0   4.0  54.0
2016 312.000   12519 B    Cao   64    3   50 0.762  75.8  11.0   6.0 -48.0
2016 313.000   12513 A    Hsx   51    1   50 0.860 286.2 103.0  10.0  57.0
2016 313.000   12519 B    Cso  121    4   80 0.653  73.7   7.0   5.0 -39.0
2016 313.000   12520 B    Bxo   18    2   10 0.347  57.1  29.0   4.0 -17.0
2016 313.000   12521 B    Cao  119    9   70 0.524  33.9  28.0  19.0 -18.0
2016 314.000   12513 A    Hsx   22    1   40 0.959 281.6 105.0   9.0  72.0
2016 314.000   12519 B    Cso  140    5   80 0.479  65.6   7.0   5.0 -26.0
2016 314.000   12521 B    Dao  141    7   80 0.461   8.2  29.0  20.0  -4.0
2016 315.000   12513 A    Hsx    4    1   20 0.995 278.9 103.0   8.0  83.0
2016 315.000   12519 A    Hsx  154    1   80 0.251  33.6  12.0   5.0  -8.0
2016 315.000   12521 B    Dao  141   12   80 0.463 341.4  29.0  19.0   9.0
2016 315.000   12522 B    Cao   40    3   40 0.861 290.9  76.0  14.0  56.0
2016 316.000   12519 A    Hsx  116    1   60 0.227 337.5  12.0   5.0   5.0
2016 316.000   12521 B    Dai  116   10   70 0.549 321.9  28.0  19.0  21.0
2016 316.000   12522 B    Cao   22    3   40 0.959 286.9  78.0  14.0  71.0
2016 317.000   12519 B    Dso  168    4   90 0.356 305.0  10.0   5.0  17.0
2016 317.000   12521 B    Cro   28    5   20 0.692 303.7  30.0  17.0  37.0
2016 317.000   12523 B    Bxo   18    3   10 0.374 260.8  15.0 -10.0  22.0
2016 317.000   12524 A    Hsx   44    1   70 0.949  72.7 284.0  14.0 -69.0
2016 318.000   12519 B    Cso  131    3   80 0.570 287.6  13.0   4.0  33.0
2016 318.000   12521 A    Axx   11    2   10 0.814 298.1  29.0  18.0  49.0
2016 318.000   12523 A    Axx   16    3   10 0.569 264.4  15.0  -9.0  35.0
2016 318.000   12524 B    Eao  171    6  210 0.913  71.2 277.0  14.0 -63.0
2016 318.000   12525 A    Axx   18    2   10 0.391  34.2 327.0  12.0 -13.0
2016 319.000   12519 A    Hsx   91    2   70 0.757 281.5  15.0   4.0  48.0
2016 319.000   12524 B    Eao  274    7  230 0.802  65.4 278.0  15.0 -49.0
2016 320.000   12519 A    Hsx   63    1   70 0.890 278.2  15.0   4.0  62.0
2016 320.000   12524 B    Eho  416    5  280 0.668  58.2 277.0  15.0 -36.0
2016 321.000   12519 A    Hsx   37    1   70 0.964 275.1  14.0   3.0  74.0
2016 321.000   12524 B    Eso  414    4  240 0.504  43.4 278.0  15.0 -21.0
2016 322.000   12519 A    Hsx    0    1   20 1.000 274.1  16.0   4.0  89.0
2016 322.000   12524 B    Eso  366    4  200 0.401  22.1 278.0  15.0  -9.0
2016 323.000   12524 B    Eso  444    3  240 0.376 352.3 277.0  15.0   3.0
2016 324.000   12524 B    Eso  374    4  210 0.454 324.1 277.0  15.0  16.0
2016 325.000   12524 B    Eso  309    4  190 0.581 305.9 277.0  14.0  29.0
2016 325.000   12526 A    Hsx   75    1  120 0.949  93.0 176.0  -5.0 -72.0
2016 326.000   12524 B    Eso  133    3  100 0.743 294.3 278.0  13.0  44.0
2016 326.000   12526 A    Hsx  186    1  180 0.855  90.6 175.0  -4.0 -59.0
2016 327.000   12524 A    Hsx   70    1   80 0.899 289.2 282.0  14.0  61.0
2016 327.000   12526 A    Hsx  269    2  190 0.706  88.9 176.0  -4.0 -45.0
2016 328.000   12524 A    Hsx   35    1   80 0.975 286.0 283.0  14.0  75.0
2016 328.000   12526 A    Hsx  329    2  190 0.500  86.4 178.0  -4.0 -30.0
2016 329.000   12524 A    Hsx    0    1   60 1.000 284.1 283.0  14.0  88.0
2016 329.000   12526 A    Hsx  361    2  190 0.311  82.6 177.0  -4.0 -18.0
2016 330.000   12526 B    Cso  398    5  200 0.075  68.8 178.0  -5.0  -4.0
2016 331.000   12526 A    Hsx  375    2  190 0.158 279.1 178.0  -5.0   9.0
2016 4 1.000   12526 A    Hsx  371    1  200 0.374 272.6 178.0  -5.0  22.0
2016 4 2.000   12526 A    Hsx  291    1  180 0.586 270.3 178.0  -5.0  36.0
2016 4 3.000   12526 A    Hsx  255    1  190 0.740 269.0 177.0  -5.0  48.0
2016 4 4.000   12526 A    Hsx  156    1  160 0.872 267.8 177.0  -5.0  61.0
2016 4 4.000   12527 A    Axx    0    2    0 0.434 322.0 132.0  14.0  16.0
2016 4 4.000   12528 B    Bxo   19    5   10 0.236  26.1 110.0   6.0  -6.0
2016 4 5.000   12526 A    Hsx   73    1  150 0.969 268.5 179.0  -3.0  76.0
2016 4 5.000   12528 B    Bxo   19    2   10 0.275 325.7 112.0   7.0   9.0
2016 4 6.000   12526 A    Hsx    5    1  120 1.000 267.1 179.0  -3.0  89.0
2016 4 6.000   12528 BG   Cro   53    4   30 0.445 299.4 113.0   7.0  23.0
2016 4 7.000   12528 B    Dro   31    3   20 0.632 289.0 113.0   7.0  37.0
2016 4 8.000   12528 B    Cao   48    5   40 0.794 283.6 114.0   7.0  51.0
2016 4 8.000   12529 A    Hkx  133    1  330 0.979  78.5 346.0  10.0 -77.0
2016 4 9.000   12528 B    Bxo    8    2   10 0.907 280.6 114.0   7.0  64.0
2016 4 9.000   12529 B    Dhi  266    5  350 0.925  76.6 344.0  10.0 -66.0
2016 410.000   12528 A    Axx    3    1   10 0.984 278.2 116.0   7.0  79.0
2016 410.000   12529 B    Ehi  915    8  820 0.830  73.8 343.0  10.0 -54.0
2016 411.000   12529 B    Eki 1171   16  820 0.700  70.8 341.0   9.0 -42.0
2016 412.000   12529 B    Eki 1448   19  850 0.523  62.4 342.0   9.0 -28.0
2016 412.000   12530 B    Cso   55    3   30 0.397 332.4  21.0  15.0  11.0
2016 413.000   12529 B    Eho 1501   12  800 0.346  43.7 343.0   9.0 -14.0
2016 413.000   12530 B    Cro   33    2   20 0.534 310.1  22.0  15.0  25.0
2016 414.000   12529 B    Eko 1509    8  780 0.251  -0.0 344.0   9.0   0.0
2016 414.000   12530 A    Hrx   28    2   20 0.692 298.5  23.0  15.0  39.0
2016 414.000   12531 A    Axx    9    1   10 0.881  70.8 285.0  14.0 -59.0
2016 415.000   12529 B    Eki 1482   14  790 0.345 320.1 344.0  10.0  13.0
2016 415.000   12530 A    Axx   11    1   10 0.830 290.9  24.0  14.0  53.0
2016 415.000   12531 A    Axx   13    1   10 0.751  65.9 286.0  14.0 -45.0
2016 416.000   12529 BG   Eki 1301   36  740 0.476 302.7 341.0  10.0  24.0
2016 416.000   12530 A    Axx    7    2   10 0.934 286.2  24.0  13.0  67.0
2016 416.000   12531 A    Axx   15    1   10 0.622  61.2 283.0  13.0 -34.0
2016 417.000   12529 BG   Eki 1104   18  720 0.642 292.5 340.0  10.0  37.0
2016 417.000   12530 A    Axx    3    1   10 0.987 279.0  24.0   8.0  80.0
2016 417.000   12532 B    Cao   18    2   20 0.892  79.4 240.0   7.0 -62.0
2016 418.000   12529 BG   Eki  917   10  780 0.809 286.4 342.0  10.0  52.0
2016 418.000   12532 B    Cao   58    5   50 0.812  77.5 238.0   7.0 -53.0
2016 419.000   12529 B    Cko  448    5  610 0.930 282.9 344.0  10.0  67.0
2016 419.000   12532 A    Hax   44    3   30 0.662  74.9 237.0   6.0 -40.0
2016 420.000   12529 B    Cko  165    5  600 0.990 280.9 346.0  10.0  81.0
2016 420.000   12532 B    Cao   69    3   40 0.487  68.0 238.0   6.0 -27.0
2016 421.000   12532 B    Cao   57    3   30 0.292  50.0 239.0   6.0 -13.0
2016 421.000   12533 A    Hsx   45    1   60 0.927  90.1 184.0  -2.0 -68.0
2016 422.000   12532 B    Cro   39    3   20 0.189 354.7 239.0   6.0   1.0
2016 422.000   12533 A    Hsx   70    1   60 0.809  88.9 184.0  -2.0 -54.0
2016 423.000   12532 A    Axx   19    1   10 0.278 311.9 237.0   6.0  12.0
2016 423.000   12533 A    Hsx   87    1   60 0.682  87.8 182.0  -2.0 -43.0
2016 424.000   12533 A    Hsx  138    1   80 0.501  85.9 180.0  -2.0 -30.0
2016 425.000   12532 B    Cao   59    3   40 0.670 282.7 239.0   5.0  41.0
2016 425.000   12533 A    Hsx  193    1  100 0.262  80.7 182.0  -2.0 -15.0
2016 425.000   12534 A    Axx   13    1   10 0.756  78.0 149.0   6.0 -48.0
2016 425.000   12535 A    Hax   32    1   60 0.964  83.5 124.0   5.0 -74.0
2016 426.000   12532 B    Bxo   11    5   10 0.827 279.2 241.0   5.0  55.0
2016 426.000   12533 A    Hsx  199    1  100 0.047  21.8 185.0  -2.0  -1.0
2016 426.000   12535 A    Hax   30    1   30 0.863  81.5 127.0   5.0 -59.0
2016 427.000   12532 B    Bxo    7    4   10 0.932 278.2 240.0   6.0  68.0
2016 427.000   12533 A    Hsx  196    1  100 0.178 283.2 182.0  -2.0  10.0
2016 427.000   12535 A    Hax   41    1   30 0.721  77.3 127.0   6.0 -45.0
2016 427.000   12536 B    Dao   42    5   40 0.846  69.2 117.0  15.0 -55.0
2016 427.000   12537 B    Cro   32    4   20 0.586 264.1 208.0  -7.0  36.0
2016 428.000   12532 B    Cro    5    2   20 0.991 275.6 241.0   5.0  82.0
2016 428.000   12533 A    Hsx  201    1  110 0.407 272.3 183.0  -3.0  24.0
2016 428.000   12535 A    Hsx   34    2   20 0.525  71.2 129.0   6.0 -30.0
2016 428.000   12536 B    Dao  113    9   80 0.707  63.7 118.0  15.0 -41.0
2016 428.000   12537 B    Dao   51    9   40 0.764 264.5 209.0  -7.0  50.0
2016 428.000   12538 B    Bxo   16    3   10 0.558  90.8 125.0  -4.0 -34.0
2016 429.000   12533 A    Hsx  143    1   90 0.602 272.3 183.0  -2.0  37.0
2016 429.000   12535 B    Cao   56    5   30 0.334  55.0 130.0   7.0 -16.0
2016 429.000   12536 B    Dai  115    7   70 0.563  53.2 118.0  16.0 -28.0
2016 429.000   12537 B    Dai   68    9   80 0.904 264.2 211.0  -7.0  65.0
2016 429.000   12538 A    Axx    0    1    0 0.374  90.3 124.0  -4.0 -22.0
2016 429.000   12539 A    Hax   21    1   30 0.930  69.9  80.0  17.0 -66.0
2016 430.000   12533 A    Hsx  102    1   80 0.766 270.8 183.0  -2.0  50.0
2016 430.000   12535 B    Cao   59    5   30 0.179  11.2 131.0   6.0  -2.0
2016 430.000   12536 B    Dai  162    8   90 0.432  37.8 117.0  16.0 -16.0
2016 430.000   12537 B    Dso   32    5   70 0.973 261.7 210.0  -9.0  77.0
2016 430.000   12538 A    Axx    0    1    0 0.122  89.4 126.0  -4.0  -7.0
2016 430.000   12539 B    Cao   34    2   30 0.815  65.8  82.0  17.0 -51.0
2016 5 1.000   12533 A    Hsx   70    1   80 0.898 268.6 183.0  -3.0  64.0
2016 5 1.000   12535 B    Cao   57    3   30 0.269 309.8 131.0   6.0  12.0
2016 5 1.000   12536 B    Dai  187    9  100 0.344   5.6 117.0  16.0  -2.0
2016 5 1.000   12537 A    Hax    0    1   20 1.000 261.0 209.0  -9.0  90.0
2016 5 1.000   12539 B    Cao   73    6   50 0.682  59.7  81.0  17.0 -38.0
2016 5 1.000   12540 A    Hrx   22    2   20 0.828  61.2  68.0  21.0 -51.0
2016 5 2.000   12533 A    Hsx   29    1   70 0.978 267.8 184.0  -3.0  78.0
2016 5 2.000   12535 A    Hax   70    3   40 0.481 290.0 133.0   6.0  27.0
2016 5 2.000   12536 B    Dai  276   11  150 0.386 331.6 117.0  16.0  11.0
2016 5 2.000   12539 B    Eai  174    8  100 0.492  47.0  84.0  16.0 -22.0
2016 5 2.000   12540 A    Hrx   28    3   20 0.705  54.7  68.0  21.0 -38.0
2016 5 3.000   12535 B    Cao   43    3   30 0.686 284.4 135.0   7.0  42.0
2016 5 3.000   12536 B    Dao  151    9   90 0.537 308.3 119.0  16.0  26.0
2016 5 3.000   12539 B    Eai  130    7   70 0.358  19.1  86.0  16.0  -7.0
2016 5 3.000   12540 B    Bxo   16    3   10 0.572  41.3  69.0  22.0 -24.0
2016 5 3.000   12541 B    Bxo    8    3   10 0.902  83.7  29.0   4.0 -64.0
2016 5 4.000   12535 A    Hax   22    1   20 0.828 281.0 135.0   7.0  55.0
2016 5 4.000   12536 B    Dao  104    5   70 0.669 297.3 118.0  15.0  38.0
2016 5 4.000   12539 B    Eao   93    7   50 0.347 346.0  85.0  16.0   5.0
2016 5 4.000   12541 B    Cro   24    4   20 0.794  82.1  28.0   4.0 -52.0
2016 5 5.000   12535 A    Hax   14    1   20 0.932 278.9 135.0   7.0  68.0
2016 5 5.000   12536 B    Dao   82    8   70 0.807 291.5 118.0  15.0  51.0
2016 5 5.000   12539 B    Bxo   17    3   10 0.446 318.2  85.0  16.0  18.0
2016 5 5.000   12541 B    Cro   30    3   20 0.639  79.3  28.0   4.0 -39.0
2016 5 5.000   12542 B    Cko  163    2  250 0.945  79.2 356.0   9.0 -70.0
2016 5 6.000   12536 A    Hsx   15    2   20 0.925 286.7 119.0  14.0  66.0
2016 5 6.000   12539 A    Hrx   32    4   20 0.569 305.0  82.0  16.0  29.0
2016 5 6.000   12541 B    Dro   52    6   30 0.484  75.3  25.0   4.0 -28.0
2016 5 6.000   12542 B    Cso  129    3  120 0.842  75.8 357.0  10.0 -56.0
2016 5 7.000   12536 A    Hsx    3    1   10 0.983 286.0 117.0  15.0  78.0
2016 5 7.000   12539 A    Axx   14    2   10 0.678 299.7  77.0  17.0  38.0
2016 5 7.000   12541 B    Bxi   19   10   10 0.273  62.3  25.0   4.0 -14.0
2016 5 7.000   12542 B    Cso  216    3  150 0.694  71.8 357.0  10.0 -42.0
2016 5 8.000   12536 A    Hsx    0    1   10 0.999 284.9 119.0  15.0  92.0
2016 5 8.000   12539 A    Axx    0    1    0 0.809 292.5  78.0  16.0  51.0
2016 5 8.000   12541 B    Cro   39    5   20 0.126  -0.0  27.0   4.0   0.0
2016 5 8.000   12542 A    Hax  290    4  170 0.520  62.5 359.0  11.0 -28.0
2016 5 9.000   12541 A    Axx    0    1    0 0.271 297.0  28.0   4.0  14.0
2016 5 9.000   12542 B    Cao  185    8  100 0.374  46.1 358.0  12.0 -16.0
2016 5 9.000   12543 B    Bxo   19    3   10 0.213 103.8   2.0  -6.0 -12.0
2016 510.000   12541 A    Axx    0    1    0 0.497 283.5  29.0   4.0  29.0
2016 510.000   12542 BG   Dai  289   16  150 0.265  11.2 357.0  12.0  -3.0
2016 510.000   12543 B    Dso   59    7   30 0.062 236.7   3.0  -5.0   3.0
2016 510.000   12544 B    Cro   26    4   30 0.894  64.7 300.0  21.0 -60.0
2016 511.000   12542 BG   Cao  246   15  130 0.317 324.0 358.0  12.0  11.0
2016 511.000   12543 BG   Dao  173   10   90 0.261 261.7   2.0  -5.0  15.0
2016 511.000   12544 B    Dso   51    4   40 0.763  60.5 302.0  20.0 -45.0
2016 511.000   12545 A    Hrx   18    1   10 0.321 165.3 342.0 -21.0  -5.0
2016 512.000   12542 B    Cai  232   12  130 0.450 301.5 357.0  11.0  23.0
2016 512.000   12543 B    Dai  195    9  110 0.454 264.5   1.0  -5.0  27.0
2016 512.000   12544 B    Cso   45    6   30 0.645  52.1 301.0  21.0 -33.0
2016 512.000   12545 B    Cro   56    5   30 0.345 205.0 343.0 -21.0   9.0
2016 513.000   12542 BG   Dai  252   11  160 0.616 290.0 357.0  10.0  36.0
2016 513.000   12543 B    Dso  122    8   80 0.642 265.4   1.0  -5.0  40.0
2016 513.000   12544 B    Cro   34    3   20 0.510  41.3 300.0  20.0 -21.0
2016 513.000   12545 B    Dai  159    5   90 0.461 226.6 342.0 -21.0  21.0
2016 514.000   12542 B    Dac  199   16  160 0.781 285.0 358.0  10.0  50.0
2016 514.000   12543 B    Dao   47    6   40 0.808 265.7   2.0  -5.0  54.0
2016 514.000   12544 B    Cro   35    6   20 0.437  24.0 297.0  21.0 -11.0
2016 514.000   12545 B    Cao  109    8   70 0.626 238.9 343.0 -21.0  35.0
2016 515.000   12542 B    Dac  118   12  140 0.906 282.2 358.0  10.0  64.0
2016 515.000   12543 B    Cao   14    4   20 0.933 265.6   3.0  -5.0  69.0
2016 515.000   12544 B    Dao   73   10   40 0.399 357.7 294.0  21.0   1.0
2016 515.000   12545 B    Cao   75   11   60 0.779 244.8 343.0 -21.0  49.0
2016 515.000   12546 A    Hhx  164    1  250 0.945  96.6 223.0  -7.0 -71.0
2016 516.000   12542 B    Cai   46    4  110 0.977 281.8 358.0  11.0  77.0
2016 516.000   12543 B    Cro   10    3   30 0.984 265.3   1.0  -5.0  80.0
2016 516.000   12544 BG   Dai  265   14  150 0.463 328.6 296.0  21.0  15.0
2016 516.000   12545 B    Cao   57    4   70 0.913 248.0 346.0 -21.0  65.0
2016 516.000   12546 A    Hhx  447    2  410 0.838  96.8 224.0  -7.0 -57.0
2016 517.000   12542 A    Hsx    0    1   30 1.000 281.0 358.0  11.0  90.0
2016 517.000   12543 A    Hsx    0    1   10 1.000 265.0 359.0  -5.0  91.0
2016 517.000   12544 BG   Dai  263   20  160 0.568 311.3 295.0  20.0  27.0
2016 517.000   12545 B    Cro    7    2   20 0.981 250.1 347.0 -20.0  79.0
2016 517.000   12546 A    Hhx  788    2  540 0.683  97.8 225.0  -7.0 -43.0
2016 518.000   12544 BG   Cao  164   11  120 0.728 303.4 296.0  22.0  41.0
2016 518.000   12546 B    Cho  903    5  540 0.548  99.5 222.0  -7.0 -33.0
2016 519.000   12544 B    Cso  114    6  110 0.853 296.2 296.0  21.0  55.0
2016 519.000   12546 B    Cho  904    2  480 0.335 105.4 222.0  -7.0 -19.0
2016 520.000   12544 A    Hsx   48    1   80 0.953 293.8 298.0  22.0  70.0
2016 520.000   12546 B    Cho  870    4  440 0.150 126.4 221.0  -7.0  -7.0
2016 520.000   12547 B    Bxo   16    3   10 0.528 237.8 256.0 -18.0  28.0
2016 521.000   12544 A    Hsx   16    1   80 0.995 292.3 298.0  22.0  83.0
2016 521.000   12546 B    Cho 1028    9  520 0.151 233.0 222.0  -7.0   7.0
2016 521.000   12547 B    Bxo   14    3   10 0.695 247.1 257.0 -17.0  42.0
2016 522.000   12546 B    Cho 1022    7  550 0.368 255.1 223.0  -7.0  21.0
2016 523.000   12546 B    Cho  783    5  480 0.578 260.1 224.0  -7.0  35.0
2016 524.000   12546 A    Hhx  601    3  460 0.756 262.0 224.0  -7.0  49.0
2016 525.000   12546 A    Hhx  407    1  450 0.891 262.8 225.0  -7.0  63.0
2016 525.000   12548 B    Bxo   19    3   10 0.282 331.2 170.0  13.0   8.0
2016 526.000   12546 A    Hhx  171    1  330 0.966 263.1 224.0  -7.0  75.0
2016 526.000   12548 B    Dao   89    6   50 0.439 303.7 171.0  13.0  22.0
2016 527.000   12546 A    Hhx   22    1  300 0.999 263.0 224.0  -7.0  88.0
2016 527.000   12548 B    Dso  188    9  120 0.621 292.7 172.0  13.0  36.0
2016 528.000   12548 B    Dsi  165    9  130 0.772 287.8 171.0  13.0  49.0
2016 529.000   12548 B    Cso  108    8  120 0.891 285.1 171.0  13.0  62.0
2016 529.000   12549 B    Dro   37    3   20 0.377 127.3  91.0 -14.0 -18.0
2016 530.000   12548 A    Hsx   23    2   60 0.980 284.4 174.0  14.0  78.0
2016 530.000   12549 B    Cro   38    3   20 0.235 167.5  93.0 -14.0  -3.0
2016 531.000   12548 A    Hsx    1    1   40 1.000 283.0 174.0  13.0  91.0
2016 531.000   12549 B    Bxo   19    5   10 0.277 213.2  92.0 -14.0   9.0
2016 531.000   12550 B    Cro   33    6   20 0.565 298.3 114.0  15.0  31.0
2016 531.000   12551 B    Bxo   14    4   10 0.697 276.4 127.0   4.0  44.0
2016 6 1.000   12549 A    Axx    0    1    0 0.452 241.2  93.0 -13.0  24.0
2016 6 1.000   12550 B    Cro   27    4   20 0.732 291.2 114.0  15.0  45.0
2016 6 1.000   12551 B    Dso   42    5   40 0.849 275.0 127.0   4.0  58.0
2016 6 2.000   12550 B    Bxo   10    4   10 0.860 287.7 114.0  15.0  58.0
2016 6 2.000   12551 B    Cso   38    6   60 0.946 274.3 127.0   4.0  71.0
2016 6 3.000   12550 B    Bxo    5    4   10 0.955 285.8 115.0  15.0  72.0
2016 6 3.000   12551 B    Cso   15    3   90 0.996 274.0 128.0   4.0  85.0
2016 6 8.000   12552 B    Bxo   17    2   10 0.450 306.8 359.0  16.0  22.0
2016 6 9.000   12552 B    Cro   31    5   20 0.618 297.5 359.0  17.0  35.0
2016 610.000   12552 BD   Dac  181   12  140 0.761 289.3 358.0  15.0  48.0
2016 611.000   12552 BD   Dai   55    7   60 0.889 285.4 359.0  14.0  62.0
2016 611.000   12553 A    Hsx   77    1  120 0.947  96.6 226.0  -6.0 -71.0
2016 612.000   12552 B    Dao   76    5  150 0.967 285.3 359.0  15.0  75.0
2016 612.000   12553 A    Hhx  299    1  270 0.832  97.8 228.0  -6.0 -56.0
2016 612.000   12554 B    Dro   33    4   20 0.554 283.2 317.0   8.0  33.0
2016 613.000   12552 B    Cao    2    2   80 1.000 284.0   2.0  14.0  91.0
2016 613.000   12553 A    Hhx  478    1  330 0.688  99.8 228.0  -6.0 -43.0
2016 613.000   12554 B    Dao  126    6   90 0.712 280.3 316.0   8.0  45.0
2016 614.000   12553 A    Hhx  493    1  290 0.526 103.3 226.0  -6.0 -31.0
2016 614.000   12554 B    Dao  126    6  120 0.850 278.7 315.0   8.0  58.0
2016 615.000   12553 A    Hhx  545    1  290 0.338 114.8 226.0  -7.0 -18.0
2016 615.000   12554 B    Dso   61    5  100 0.951 278.0 316.0   8.0  72.0
2016 616.000   12553 A    Hhx  590    1  300 0.178 144.4 225.0  -7.0  -6.0
2016 616.000   12554 A    Hsx    8    1   50 0.996 277.9 316.0   8.0  85.0
2016 617.000   12553 A    Hhx  605    2  310 0.214 226.6 225.0  -7.0   9.0
2016 617.000   12555 B    Cao   32    4   30 0.846 258.4 273.0  -9.0  57.0
2016 618.000   12553 A    Hhx  549    1  300 0.400 248.4 226.0  -7.0  22.0
2016 618.000   12555 B    Cao   53    4   80 0.943 259.9 274.0  -9.0  70.0
2016 618.000   12556 A    Hsx   18    1   30 0.951  85.3 132.0   5.0 -72.0
2016 619.000   12553 A    Hhx  399    1  250 0.601 256.0 227.0  -7.0  36.0
2016 619.000   12555 B    Bxo    4    3   20 0.993 260.7 274.0  -9.0  83.0
2016 619.000   12556 A    Hsx   32    1   30 0.839  85.1 134.0   5.0 -57.0
2016 619.000   12557 A    Axx   19    1   10 0.188  39.6 184.0  10.0  -7.0
2016 620.000   12553 A    Hhx  336    1  260 0.762 259.2 227.0  -7.0  49.0
2016 620.000   12556 A    Hsx   43    1   30 0.683  83.1 135.0   6.0 -43.0
2016 620.000   12557 A    Axx   19    1   10 0.174 316.2 185.0   9.0   7.0
2016 620.000   12558 B    Cso   47    5   30 0.620 288.9 215.0  13.0  37.0
2016 621.000   12553 A    Hhx  223    1  250 0.894 262.3 228.0  -6.0  63.0
2016 621.000   12556 A    Hax   69    1   40 0.488  81.1 136.0   6.0 -29.0
2016 621.000   12558 B    Cao   25    3   20 0.774 285.3 215.0  13.0  50.0
2016 622.000   12553 A    Hsx   83    1  190 0.976 262.4 229.0  -7.0  77.0
2016 622.000   12556 A    Hax   19    1   10 0.283  75.6 136.0   6.0 -16.0
2016 623.000   12553 A    Hsx    1    1  150 1.000 264.0 228.0  -6.0  90.0
2016 623.000   12556 A    Hsx   19    1   10 0.072  46.3 135.0   5.0  -3.0
2016 7 6.000   12559 B    Bxo   18    2   10 0.356 288.9 346.0  10.0  20.0
2016 7 6.000   12560 A    Axx   11    1   10 0.830 102.1 270.0  -8.0 -55.0
2016 7 7.000   12560 A    Axx   14    1   10 0.688 105.7 270.0  -8.0 -42.0
2016 7 8.000   12561 B    Cro   39    4   30 0.751 244.8 344.0 -16.0  45.0
2016 7 8.000   12562 A    Hsx   16    1   30 0.963  96.3 225.0  -5.0 -74.0
2016 7 9.000   12561 B    Cro   19    5   20 0.880 249.5 345.0 -16.0  59.0
2016 7 9.000   12562 B    Cao   50    5   50 0.864  99.3 227.0  -6.0 -59.0
2016 7 9.000   12563 B    Bxo   10    4   10 0.835  69.8 230.0  19.0 -56.0
2016 7 9.000   12564 A    Hsx   15    1   40 0.980  80.6 207.0  10.0 -79.0
2016 710.000   12561 B    Bxo    5    3   10 0.961 252.1 345.0 -16.0  72.0
2016 710.000   12562 B    Cai   81    8   60 0.731 102.0 227.0  -6.0 -46.0
2016 710.000   12563 B    Cro   28    6   20 0.690  66.4 231.0  19.0 -42.0
2016 710.000   12564 B    Cao   73    6   80 0.889  81.9 210.0   9.0 -63.0
2016 711.000   12562 B    Cao   82    5   50 0.562 105.1 227.0  -5.0 -33.0
2016 711.000   12563 B    Bxo   32    4   20 0.568  61.9 228.0  19.0 -32.0
2016 711.000   12564 BG   Dai  151    7  120 0.776  81.7 209.0   9.0 -51.0
2016 712.000   12562 B    Cri   55    7   30 0.367 118.1 226.0  -6.0 -19.0
2016 712.000   12563 B    Bxo   36    6   20 0.403  49.9 227.0  19.0 -19.0
2016 712.000   12564 B    Dao  110    8   70 0.616  80.7 207.0   9.0 -38.0
2016 712.000   12565 A    Hsx   78    1  120 0.944  87.2 175.0   4.0 -71.0
2016 713.000   12562 A    Hax   98    8   50 0.198 154.1 229.0  -6.0  -5.0
2016 713.000   12563 B    Bxo   38    6   20 0.267  18.0 229.0  19.0  -5.0
2016 713.000   12564 A    Hax  109    8   60 0.411  77.6 210.0   9.0 -24.0
2016 713.000   12565 A    Hkx  181    1  170 0.847  88.0 174.0   4.0 -58.0
2016 714.000   12562 A    Hrx   58    5   30 0.237 220.9 229.0  -6.0   9.0
2016 714.000   12563 B    Bxo   19    2   10 0.293 329.7 228.0  19.0   9.0
2016 714.000   12564 B    Cro   58    6   30 0.190  64.6 210.0   9.0 -10.0
2016 714.000   12565 A    Hax  245    1  170 0.693  88.8 176.0   4.0 -44.0
2016 715.000   12562 A    Axx   18    4   10 0.384 242.5 227.0  -6.0  20.0
2016 715.000   12563 A    Axx   18    2   10 0.397 313.0 225.0  20.0  18.0
2016 715.000   12564 A    Axx   19    5   10 0.105 318.9 211.0   9.0   4.0
2016 715.000   12565 B    Cao  369    3  220 0.543  89.6 174.0   4.0 -33.0
2016 716.000   12562 A    Axx   16    3   10 0.595 253.5 229.0  -6.0  35.0
2016 716.000   12565 B    Cho  551    4  290 0.308  87.9 176.0   5.0 -18.0
2016 716.000   12566 A    Axx    0    1    0 0.273  69.1 179.0  10.0 -15.0
2016 716.000   12567 BGD  Dac  335   13  190 0.468  88.0 166.0   5.0 -28.0
2016 716.000   12568 B    Dro   29    2   20 0.686 117.6 155.0 -15.0 -39.0
2016 717.000   12565 B    Dho  636    5  320 0.105  96.2 175.0   4.0  -6.0
2016 717.000   12567 BG   Dsc  386   10  200 0.258  92.0 166.0   4.0 -15.0
2016 717.000   12568 B    Bxo   17    2   10 0.522 131.5 157.0 -16.0 -24.0
2016 718.000   12565 B    Cko  693    6  350 0.139 272.1 175.0   5.0   8.0
2016 718.000   12567 BG   Dhi  659   14  330 0.035  83.1 165.0   5.0  -2.0
2016 718.000   12568 A    Axx    0    1    0 0.348 150.9 157.0 -13.0 -10.0
2016 719.000   12565 B    Cko  560    6  300 0.357 271.3 175.0   5.0  21.0
2016 719.000   12566 A    Axx    0    1    0 0.427 283.2 179.0  10.0  25.0
2016 719.000   12567 B    Dki  647   15  330 0.190 271.2 165.0   5.0  11.0
2016 719.000   12569 B    Dao   51    6   30 0.500  63.9 126.0  17.0 -28.0
2016 720.000   12565 B    Cko  492    8  300 0.571 273.4 176.0   6.0  35.0
2016 720.000   12567 BG   Dki  713   14  390 0.405 271.2 165.0   5.0  24.0
2016 720.000   12569 B    Cso   57    6   30 0.307  54.6 126.0  15.0 -15.0
2016 721.000   12565 B    Cko  416    8  310 0.741 270.8 176.0   4.0  48.0
2016 721.000   12567 B    Dki  816   16  510 0.600 271.6 165.0   5.0  37.0
2016 721.000   12569 A    Hrx   59    2   30 0.173  -0.0 127.0  15.0   0.0
2016 722.000   12565 A    Hkx  235    5  250 0.882 270.7 176.0   3.0  62.0
2016 722.000   12567 BG   Dki  470   12  380 0.786 272.3 166.0   5.0  52.0
2016 722.000   12569 A    Axx   18    2   10 0.314 307.6 129.0  16.0  15.0
2016 723.000   12565 A    Hkx  131    4  250 0.965 272.7 176.0   4.0  75.0
2016 723.000   12567 B    Dko  272   12  330 0.911 274.2 167.0   6.0  66.0
2016 724.000   12565 A    Hkx    2    4  250 1.000 273.0 178.0   3.0  90.0
2016 724.000   12567 B    Dao   75   10  210 0.984 274.1 168.0   5.0  80.0
2016 725.000   12567 B    Dao    7    6  150 1.000 275.2 167.0   5.0  92.0
2016 729.000   12570 B    Bxo    8    3   10 0.909  80.5 316.0  11.0 -66.0
2016 730.000   12570 B    Bxo   12    3   10 0.784  81.8 317.0  10.0 -52.0
2016 731.000   12570 B    Bxo   15    3   10 0.641  79.8 315.0  11.0 -40.0
2016 8 1.000   12570 A    Axx   18    2   10 0.409  78.7 318.0  10.0 -24.0
2016 8 2.000   12570 A    Axx   19    3   10 0.233  71.8 314.0  10.0 -13.0
2016 8 3.000   12570 A    Axx   19    1   10 0.071 346.0 316.0  10.0   1.0
2016 8 5.000   12570 B    Bxo   16    3   10 0.539 288.3 321.0  15.0  32.0
2016 8 5.000   12571 B    Bxo   18    4   10 0.391  68.4 266.0  14.0 -22.0
2016 8 6.000   12571 B    Dro   39    7   20 0.193  52.0 266.0  13.0  -9.0
2016 8 6.000   12572 B    Dao   83    9   60 0.717 282.1 321.0  13.0  46.0
2016 8 7.000   12571 B    Dao   79    8   40 0.121 325.6 266.0  12.0   4.0
2016 8 7.000   12572 B    Dao   83    5   80 0.852 281.4 321.0  13.0  59.0
2016 8 8.000   12571 BG   Dai  282   12  150 0.335 288.1 268.0  12.0  19.0
2016 8 8.000   12572 B    Dao   71    7  110 0.946 281.6 322.0  13.0  72.0
2016 8 8.000   12573 B    Dso   39    2   60 0.944  88.0 179.0   4.0 -71.0
2016 8 8.000   12574 B    Dso   38    2   60 0.948  83.7 178.0   8.0 -72.0
2016 8 9.000   12571 BG   Dac  338   16  200 0.533 284.3 268.0  13.0  32.0
2016 8 9.000   12572 B    Cso   24    5  110 0.994 284.4 321.0  15.0  85.0
2016 8 9.000   12573 B    Cso   85    5   90 0.881  88.9 173.0   4.0 -62.0
2016 8 9.000   12574 B    Bxo   17    2   20 0.901  77.5 170.0  14.0 -65.0
2016 8 9.000   12575 B    Cso   25    2   30 0.908  75.3 170.0  16.0 -66.0
2016 8 9.000   12576 A    Hsx   19    1   40 0.969 103.1 162.0 -11.0 -74.0
2016 810.000   12571 BG   Dac  153    8  110 0.716 281.9 268.0  13.0  46.0
2016 810.000   12574 B    Dho  382    6  290 0.752  89.0 173.0   5.0 -49.0
2016 810.000   12575 B    Cso   61    2   50 0.785  74.7 170.0  16.0 -52.0
2016 810.000   12576 A    Hsx   37    1   40 0.885 106.1 163.0 -11.0 -60.0
2016 811.000   12571 B    Cao   71    5   70 0.860 280.1 270.0  12.0  60.0
2016 811.000   12574 B    Cao  393    6  240 0.571  90.6 175.0   5.0 -35.0
2016 811.000   12575 A    Hrx   15    1   10 0.606  73.7 173.0  15.0 -37.0
2016 811.000   12576 A    Hsx  164    2  140 0.809 113.9 160.0 -15.0 -50.0
2016 812.000   12571 A    Hrx   11    2   20 0.961 280.6 272.0  12.0  75.0
2016 812.000   12574 B    Cao  447    7  240 0.359  96.0 176.0   4.0 -21.0
2016 812.000   12575 A    Hrx   18    2   10 0.389  69.3 175.0  14.0 -22.0
2016 812.000   12576 A    Hsx  214    2  140 0.641 119.4 162.0 -13.0 -35.0
2016 812.000   12577 B    Cro   33    4   20 0.546  94.6 164.0   3.0 -33.0
2016 813.000   12571 A    Hrx    1    3   20 0.999 281.8 273.0  12.0  89.0
2016 813.000   12574 B    Cao  396    4  200 0.130 110.3 177.0   4.0  -7.0
2016 813.000   12575 A    Axx   19    2   10 0.187  46.2 176.0  14.0  -8.0
2016 813.000   12576 A    Hsx  245    2  140 0.479 133.2 162.0 -13.0 -21.0
2016 813.000   12577 B    Dso  245   10  130 0.330  99.9 164.0   3.0 -19.0
2016 814.000   12574 B    Cao  319    6  160 0.075 247.5 174.0   5.0   4.0
2016 814.000   12575 A    Axx   19    2   10 0.145 332.1 174.0  14.0   4.0
2016 814.000   12576 A    Hsx  242    2  130 0.361 151.9 160.0 -12.0 -10.0
2016 814.000   12577 B    Dao  178    8   90 0.130 110.6 165.0   4.0  -7.0
2016 815.000   12574 B    Cso  325    7  170 0.292 265.1 174.0   5.0  17.0
2016 815.000   12576 A    Hsx  189    2  100 0.325 189.1 160.0 -12.0   3.0
2016 815.000   12577 B    Dao  158    7   80 0.130 249.1 164.0   4.0   7.0
2016 816.000   12574 B    Cso  208    7  120 0.498 268.3 174.0   5.0  30.0
2016 816.000   12575 B    Bxo   17    3   10 0.462 287.4 171.0  14.0  27.0
2016 816.000   12576 A    Hax  180    2  100 0.427 222.1 161.0 -12.0  17.0
2016 816.000   12577 B    Cro   55    4   30 0.360 263.6 165.0   4.0  21.0
2016 816.000   12578 B    Cro   29    2   30 0.870  84.6  83.0   8.0 -61.0
2016 817.000   12574 A    Hsx  161    4  110 0.679 270.0 174.0   5.0  43.0
2016 817.000   12575 B    Bxo   15    3   10 0.642 283.7 171.0  14.0  40.0
2016 817.000   12576 A    Hax  115    3   70 0.565 237.0 160.0 -12.0  29.0
2016 817.000   12577 B    Bxo   16    3   10 0.559 267.1 165.0   4.0  34.0
2016 817.000   12578 B    Bxo   26    3   20 0.750  85.3  82.0   8.0 -49.0
2016 818.000   12574 A    Hsx  106    3  100 0.845 271.6 175.0   5.0  58.0
2016 818.000   12576 A    Hax   82    3   60 0.728 246.4 160.0 -12.0  43.0
2016 818.000   12577 A    Axx   12    1   10 0.764 269.5 167.0   4.0  50.0
2016 818.000   12578 A    Axx   16    2   10 0.541  84.0  84.0   9.0 -33.0
2016 819.000   12574 A    Hsx   60    2   90 0.943 274.0 175.0   6.0  71.0
2016 819.000   12576 A    Hax   51    3   50 0.855 251.5 160.0 -12.0  56.0
2016 819.000   12578 B    Cro   37    4   20 0.341  82.6  84.0   9.0 -20.0
2016 820.000   12574 A    Hsx   16    2   70 0.993 275.3 175.0   6.0  84.0
2016 820.000   12576 A    Hax   26    2   40 0.945 255.8 160.0 -11.0  69.0
2016 820.000   12578 B    Cro   39    3   20 0.126  72.8  84.0   9.0  -7.0
2016 821.000   12578 A    Axx   19    2   10 0.126 286.9  85.0   9.0   7.0
2016 822.000   12578 A    Axx   18    1   10 0.388 276.6  88.0   9.0  23.0
2016 823.000   12579 B    Dai  114   12   60 0.300  72.2  34.0  12.0 -17.0
2016 823.000   12580 A    Hsx   17    1   20 0.896 111.8 351.0 -16.0 -60.0
2016 824.000   12578 B    Bxo   13    5   10 0.749 275.8  87.0   9.0  49.0
2016 824.000   12579 B    Dao  178   11   90 0.110  38.3  34.0  12.0  -4.0
2016 824.000   12580 A    Hsx   24    1   20 0.782 118.4 352.0 -17.0 -46.0
2016 825.000   12578 B    Cro   19    3   20 0.878 276.4  87.0   9.0  62.0
2016 825.000   12579 B    Dao  158    9   80 0.153 297.0  33.0  11.0   8.0
2016 825.000   12580 A    Hsx   29    1   20 0.668 127.2 351.0 -18.0 -34.0
2016 826.000   12579 B    Cao   74    4   40 0.363 284.9  32.0  12.0  21.0
2016 826.000   12580 B    Cso   67    2   40 0.538 140.7 350.0 -18.0 -21.0
2016 826.000   12581 B    Cso   65    3   40 0.571  79.2 336.0  12.0 -35.0
2016 827.000   12579 A    Axx   16    3   10 0.599 280.5  35.0  12.0  37.0
2016 827.000   12580 A    Hsx   35    2   20 0.449 160.6 350.0 -18.0  -9.0
2016 827.000   12581 B    Dao  148    9   80 0.378  75.6 337.0  12.0 -22.0
2016 828.000   12580 A    Hsx   36    1   20 0.433 191.0 350.0 -18.0   5.0
2016 828.000   12581 B    Cai  197   17  100 0.161  57.8 337.0  12.0  -8.0
2016 828.000   12582 B    Bxo   15    4   10 0.625 273.9  24.0   8.0  39.0
2016 829.000   12580 A    Hrx   34    2   20 0.521 216.5 351.0 -18.0  19.0
2016 829.000   12581 B    Cao  218   10  110 0.120 314.8 337.0  12.0   5.0
2016 829.000   12582 B    Dao   50    8   40 0.772 274.5  23.0   8.0  51.0
2016 829.000   12583 B    Dao   38    4   30 0.771 281.0  23.0  13.0  51.0
2016 830.000   12580 A    Hrx   46    3   30 0.628 229.3 349.0 -18.0  30.0
2016 830.000   12581 B    Cso  245    8  130 0.331 285.9 338.0  12.0  19.0
2016 830.000   12582 B    Cso   48    6   60 0.916 275.6  26.0   8.0  67.0
2016 830.000   12583 B    Dao  109   10  130 0.907 281.0  25.0  13.0  66.0
2016 831.000   12580 B    Cao   39    8   30 0.754 239.9 349.0 -17.0  43.0
2016 831.000   12581 B    Cao  149    9   90 0.556 279.0 340.0  11.0  34.0
2016 831.000   12582 B    Cso   13    1   50 0.990 278.1  29.0   9.0  83.0
2016 831.000   12583 B    Cao   47    6  120 0.980 282.9  26.0  14.0  80.0
2016 9 1.000   12580 B    Cao   58    6   60 0.875 247.2 349.0 -16.0  57.0
2016 9 1.000   12581 B    Cso  121    9   90 0.737 278.3 340.0  11.0  48.0
2016 9 1.000   12583 B    Cao    8    6  120 0.999 284.4  26.0  14.0  94.0
2016 9 1.000   12584 B    Cao   67    7   75 0.893 100.5 230.0  -6.0 -62.0
2016 9 1.000   12585 B    Csi  155   13  230 0.941  84.1 221.0   8.0 -71.0
2016 9 2.000   12580 B    Cao   33    3   60 0.961 251.0 350.0 -16.0  71.0
2016 9 2.000   12581 A    Hsx  117    1  130 0.892 279.8 343.0  12.0  64.0
2016 9 2.000   12584 B    Bxo   14    2   10 0.690 109.7 238.0  -8.0 -41.0
2016 9 2.000   12585 B    Eai  588    8  520 0.824  86.4 223.0   7.0 -56.0
2016 9 2.000   12586 B    Bxo   19    2   10 0.054 284.8 282.0   8.0   3.0
2016 9 3.000   12581 A    Hsx   55    1  130 0.977 281.8 345.0  13.0  79.0
2016 9 3.000   12585 BG   Ekc  675   17  460 0.678  89.0 223.0   6.0 -43.0
2016 9 3.000   12586 B    Bxo   57    2   30 0.293 263.4 283.0   5.0  17.0
2016 9 4.000   12581 A    Hsx    0    1   90 1.000 283.1 345.0  13.0  92.0
2016 9 4.000   12585 BG   Ekc 1014   14  590 0.511  86.5 222.0   8.0 -31.0
2016 9 4.000   12586 A    Hrx   16    1   10 0.543 268.0 286.0   5.0  33.0
2016 9 5.000   12585 BG   Ekc 1058   25  550 0.274  86.2 224.0   8.0 -16.0
2016 9 5.000   12586 B    Bxo   13    2   10 0.727 272.8 287.0   7.0  47.0
2016 9 5.000   12587 A    Axx    0    2    0 0.467  82.3 212.0  10.0 -28.0
2016 9 6.000   12585 B    Eki  839   12  420 0.037  69.1 224.0   8.0  -2.0
2016 9 7.000   12585 BG   Eki  785   10  400 0.189 269.4 224.0   7.0  11.0
2016 9 7.000   12588 B    Bxo   19    2   10 0.160  58.3 205.0  12.0  -8.0
2016 9 8.000   12585 BG   Eki  780   12  430 0.419 273.4 225.0   8.0  25.0
2016 9 8.000   12586 A    Axx    0    2   10 0.999 276.8 289.0   7.0  89.0
2016 9 8.000   12588 B    Dso   59    6   30 0.132 309.2 206.0  12.0   6.0
2016 9 9.000   12585 BD   Eko  609   12  380 0.597 273.7 224.0   8.0  37.0
2016 9 9.000   12588 B    Bxo   18    4   10 0.331 285.7 206.0  12.0  19.0
2016 9 9.000   12589 B    Bxo   19    3   10 0.264  62.7 173.0  14.0 -14.0
2016 910.000   12585 BG   Eko  493   13  380 0.760 275.7 224.0   9.0  50.0
2016 910.000   12588 A    Axx   16    1   10 0.544 282.8 207.0  13.0  33.0
2016 910.000   12589 B    Cro   59    7   30 0.136 352.9 175.0  15.0   1.0
2016 910.000   12590 B    Bxo   18    4   10 0.339 273.5 193.0   8.0  20.0
2016 911.000   12585 BD   Eko  304    9  340 0.894 275.4 224.0   8.0  64.0
2016 911.000   12588 A    Axx   12    1   10 0.771 278.3 210.0  11.0  51.0
2016 911.000   12589 B    Dai  154   12   80 0.250 299.0 173.0  14.0  13.0
2016 911.000   12591 B    Cro   38    4   20 0.310  96.1 142.0   5.0 -18.0
2016 912.000   12585 B    Eso  106    7  240 0.975 276.6 225.0   8.0  78.0
2016 912.000   12588 A    Axx    4    1    5 0.900 278.8 212.0  11.0  65.0
2016 912.000   12589 B    Dso  123    8   70 0.477 288.3 175.0  15.0  28.0
2016 912.000   12591 B    Cro   49    7   25 0.065 126.5 144.0   5.0  -3.0
2016 913.000   12585 B    Eao    7    7  220 1.000 278.2 226.0   8.0  92.0
2016 913.000   12589 B    Cso   74    6   50 0.667 284.5 176.0  15.0  42.0
2016 913.000   12590 A    Axx    9    1   10 0.878 275.2 196.0   8.0  62.0
2016 913.000   12591 B    Bxo   19    3   10 0.194 259.2 145.0   5.0  11.0
2016 914.000   12589 B    Cso   23    2   20 0.803 282.1 175.0  14.0  54.0
2016 914.000   12591 B    Cso   73    5   40 0.408 263.7 145.0   4.0  24.0
2016 915.000   12589 A    Hsx   13    1   20 0.940 280.2 178.0  12.0  71.0
2016 915.000   12591 A    Axx   15    3   10 0.628 267.5 147.0   4.0  39.0
2016 916.000   12592 B    Bxo    8    2   10 0.907  77.9  28.0  14.0 -66.0
2016 917.000   12592 B    Bxo   12    3   10 0.793  77.8  27.0  14.0 -53.0
2016 918.000   12592 B    Bxo   15    4   10 0.628  76.5  29.0  14.0 -39.0
2016 919.000   12592 B    Bxo   17    5   10 0.460  73.2  27.0  14.0 -27.0
2016 919.000   12593 B    Cri   39    9   20 0.189  89.8  43.0   7.0 -11.0
2016 919.000   12594 B    Cro   19    3   10 0.206  64.8  43.0  12.0 -11.0
2016 920.000   12592 B    Cro   38    2   20 0.253  69.3  27.0  12.0 -14.0
2016 920.000   12593 B    Dao  119    8   60 0.077 296.3  45.0   9.0   4.0
2016 920.000   12594 A    Axx   19    1   10 0.100 329.3  45.0  12.0   3.0
2016 920.000   12595 B    Bxo   11    5   10 0.832 278.5  98.0  11.0  57.0
2016 921.000   12593 B    Cso   95    5   50 0.308 277.5  46.0   9.0  18.0
2016 921.000   12595 B    Dao   81    7  120 0.940 279.2  99.0  11.0  71.0
2016 922.000   12593 B    Dai  101   11   60 0.527 270.1  47.0   6.0  32.0
2016 922.000   12595 B    Dso    3    4  110 1.000 277.9 104.0   8.0  90.0
2016 923.000   12593 B    Dao   99    7   70 0.702 274.3  47.0   8.0  45.0
2016 923.000   12596 B    Cao   32    3   30 0.845 271.5  60.0   5.0  58.0
2016 924.000   12593 B    Eao   52    9   50 0.852 276.3  48.0   9.0  59.0
2016 924.000   12596 B    Cao   29    4   50 0.954 273.1  62.0   5.0  73.0
2016 924.000   12597 B    Cao   56    6   30 0.341 180.0 349.0 -13.0   0.0
2016 925.000   12593 B    Cro   19    4   30 0.948 275.1  48.0   7.0  72.0
2016 925.000   12596 A    Hrx    3    1   30 0.998 274.6  63.0   5.0  87.0
2016 925.000   12597 BG   Dsc  219   12  120 0.402 213.0 349.0 -13.0  13.0
2016 926.000   12597 B    Dao  101    8   60 0.527 231.4 347.0 -13.0  25.0
2016 927.000   12597 BG   Dac   99   13   70 0.705 242.2 349.0 -14.0  40.0
2016 928.000   12597 B    Dao  124    9  110 0.825 247.9 348.0 -14.0  52.0
2016 929.000   12597 B    Dao   72   10  100 0.932 252.1 349.0 -14.0  66.0
2016 930.000   12597 B    Cao   27    7  100 0.990 254.8 350.0 -14.0  80.0
201610 1.000   12597 A    Hsx    5    2   60 0.999 256.2 347.0 -14.0  91.0
201610 3.000   12598 B    Bxo   10    3   10 0.843  79.9 172.0  12.0 -58.0
201610 4.000   12598 B    Cao  173   10  120 0.692  78.0 173.0  13.0 -44.0
201610 4.000   12599 A    Hax  117    2  200 0.956 104.7 146.0 -12.0 -71.0
201610 5.000   12598 B    Cao  138    8   80 0.504  75.2 174.0  13.0 -30.0
201610 5.000   12599 B    Cho  372    5  400 0.885 110.7 145.0 -15.0 -59.0
201610 6.000   12598 B    Dai  152   12   80 0.294  66.0 174.0  13.0 -16.0
201610 6.000   12599 B    Cko  591    6  460 0.766 114.3 144.0 -14.0 -46.0
201610 7.000   12598 B    Dsi  178   20   90 0.127  23.6 174.0  13.0  -3.0
201610 7.000   12599 A    Hkx  651    4  410 0.607 125.0 146.0 -15.0 -31.0
201610 7.000   12600 A    Hsx   38    1   60 0.947  80.5 105.0  11.0 -72.0
201610 8.000   12598 B    Dai  273   15  140 0.217 309.0 174.0  14.0  10.0
201610 8.000   12599 A    Hkx  654    4  370 0.465 140.1 146.0 -15.0 -18.0
201610 8.000   12600 A    Hsx   61    1   60 0.861  80.9 104.0  11.0 -60.0
201610 9.000   12598 B    Dai  200   17  110 0.416 287.9 175.0  13.0  24.0
201610 9.000   12599 B    Cko  741   12  400 0.375 164.4 145.0 -15.0  -6.0
201610 9.000   12600 B    Cso  123    3   90 0.728  79.3 104.0  12.0 -47.0
20161010.000   12598 B    Cai  188   15  120 0.618 284.9 176.0  14.0  38.0
20161010.000   12599 B    Cko  734   10  400 0.396 205.1 146.0 -15.0  10.0
20161010.000   12600 B    Cso  184    3  110 0.548  75.6 105.0  13.0 -33.0
20161011.000   12598 B    Cai  113   11   90 0.775 284.4 175.0  15.0  51.0
20161011.000   12599 B    Cko  434    9  250 0.494 224.5 145.0 -15.0  21.0
20161011.000   12600 A    Hsx  150    1   80 0.333  73.9 105.0  11.0 -19.0
20161011.000   12601 B    Cro   21    3   20 0.835 273.2 181.0   6.0  57.0
20161012.000   12598 B    Bxo   17    5   20 0.894 283.8 174.0  15.0  64.0
20161012.000   12599 B    Cko  425    6  270 0.616 236.2 142.0 -15.0  32.0
20161012.000   12600 A    Hsx  198    1  100 0.135  49.3 104.0  11.0  -6.0
20161012.000   12601 B    Bxo    6    4   10 0.943 274.3 181.0   6.0  71.0
20161013.000   12599 B    Dao  231    5  190 0.794 247.3 147.0 -14.0  49.0
20161013.000   12600 A    Hsx  197    1  100 0.149 306.8 104.0  11.0   7.0
20161013.000   12602 B    Bxo   10    4   10 0.835  86.7  41.0   6.0 -57.0
20161014.000   12599 B    Dao  127    5  140 0.891 249.9 145.0 -15.0  60.0
20161014.000   12600 A    Hsx  168    1   90 0.349 286.0 105.0  11.0  20.0
20161014.000   12602 B    Cso   56    5   40 0.704  85.9  40.0   7.0 -45.0
20161015.000   12599 B    Dao   57    3  120 0.971 253.0 146.0 -15.0  74.0
20161015.000   12600 A    Hsx  149    1   90 0.560 281.2 106.0  11.0  34.0
20161015.000   12602 B    Cso   87    4   50 0.482  88.0  43.0   6.0 -29.0
20161016.000   12599 A    Hax    0    1   60 1.000 254.9 146.0 -15.0  88.0
20161016.000   12600 A    Hsx  121    1   90 0.740 279.7 106.0  11.0  48.0
20161016.000   12602 B    Cao   77    3   40 0.258  88.0  43.0   6.0 -15.0
20161017.000   12600 A    Hsx   88    1   90 0.870 279.5 106.0  11.0  61.0
20161017.000   12602 B    Cao   79    3   40 0.035  78.4  43.0   6.0  -2.0
20161018.000   12600 A    Hsx   30    1   50 0.952 281.9 105.0  13.0  73.0
20161018.000   12602 B    Cao   58    2   30 0.190 273.1  43.0   6.0  11.0
20161019.000   12600 A    Hsx    5    1   80 0.999 281.9 107.0  12.0  89.0
20161019.000   12602 B    Cao   71    3   40 0.452 274.8  45.0   7.0  27.0
20161020.000   12602 B    Dao  107   10   70 0.640 273.0  46.0   6.0  40.0
20161020.000   12603 A    Axx   17    1   10 0.523  73.8 335.0  13.0 -31.0
20161021.000   12602 B    Cao   60    6   50 0.796 273.5  46.0   6.0  53.0
20161022.000   12602 B    Cao   31    4   40 0.918 274.3  46.0   6.0  67.0
20161022.000   12603 B    Bxo   19    5   10 0.152  26.5 335.0  13.0  -4.0
20161023.000   12602 A    Axx    3    2   10 0.983 275.2  46.0   6.0  80.0
20161023.000   12603 B    Cro   58    5   30 0.206 312.3 335.0  13.0   9.0
20161024.000   12603 B    Cro   36    4   20 0.393 291.7 335.0  13.0  22.0
20161025.000   12603 B    Cro   31    3   20 0.607 285.0 337.0  13.0  37.0
20161026.000   12603 B    Dai   84    7   70 0.798 282.7 340.0  13.0  53.0
20161027.000   12603 B    Dao   63    5   80 0.917 282.1 340.0  13.0  67.0
20161028.000   12603 B    Dao   20    2   60 0.985 282.4 341.0  13.0  81.0
20161029.000   12604 B    Bxo   19    4   10 0.158 279.8 256.0   6.0   9.0
20161030.000   12604 B    Bxo   17    6   10 0.454 276.8 261.0   7.0  27.0
20161031.000   12604 B    Bxo   15    2   10 0.654 275.7 262.0   7.0  41.0
201611 1.000   12605 B    Cro   57    2   30 0.278  79.4 191.0   7.0 -16.0
201611 2.000   12605 B    Bxo   19    2   10 0.072  45.8 191.0   7.0  -3.0
201611 4.000   12605 B    Bxo   18    2   10 0.347 282.6 188.0   8.0  20.0
201611 4.000   12606 A    Axx    9    1   10 0.873  78.4 107.0  12.0 -61.0
201611 5.000   12605 B    Bxo   33    4   20 0.560 278.7 189.0   8.0  34.0
201611 5.000   12606 A    Axx   12    1   10 0.767  78.8 105.0  11.0 -50.0
201611 6.000   12605 B    Bxo   13    3   10 0.742 277.5 190.0   8.0  48.0
201611 6.000   12606 A    Axx   16    1   10 0.594  76.4 106.0  11.0 -36.0
201611 7.000   12605 B    Bxo    9    2   10 0.889 277.2 191.0   8.0  63.0
201611 7.000   12606 A    Axx   18    1   10 0.417  73.7 104.0  10.0 -24.0
201611 8.000   12605 B    Bxo    4    2   10 0.969 277.4 191.0   8.0  76.0
201611 8.000   12606 B    Bxo   19    2   10 0.216  52.2 105.0  11.0 -10.0
20161110.000   12607 B    Bxo   11    2   10 0.833 245.8 142.0 -18.0  53.0
20161111.000   12607 B    Cso   34    3   50 0.940 250.6 144.0 -17.0  68.0
20161112.000   12607 B    Dai   26    3  100 0.991 252.4 143.0 -17.0  81.0
20161112.000   12608 B    Bxo   19    3   20 0.872 260.2 122.0  -7.0  60.0
20161113.000   12608 B    Bxo   15    3   30 0.964 260.9 123.0  -8.0  74.0
20161113.000   12609 B    Bxo   58    2   30 0.189 180.0  49.0  -8.0   0.0
20161113.000   12610 B    Cro   52    3   30 0.488  63.9  22.0  15.0 -27.0
20161114.000   12608 A    Axx    0    1    0 0.997 261.7 121.0  -8.0  85.0
20161114.000   12609 B    Cro   37    4   20 0.326 231.6  51.0  -9.0  15.0
20161114.000   12610 B    Cro   37    3   20 0.319  52.0  21.0  14.0 -15.0
20161115.000   12609 B    Bxo   17    2   10 0.526 250.1  53.0  -8.0  30.0
20161115.000   12610 B    Bxo   39    4   20 0.197  -0.0  23.0  14.0   0.0
20161116.000   12609 B    Bxo   13    2   10 0.732 256.6  56.0  -8.0  46.0
20161116.000   12610 B    Cro   38    7   20 0.296 312.5  23.0  14.0  13.0
20161117.000   12610 B    Dai   72    8   40 0.424 301.4  19.0  15.0  22.0
20161118.000   12610 B    Dao   79    6   50 0.603 293.9  18.0  16.0  35.0
20161118.000   12611 A    Hrx   11    1   10 0.808  88.0 289.0   3.0 -54.0
20161119.000   12610 B    Bxo   13    5   10 0.755 288.1  17.0  15.0  48.0
20161119.000   12611 B    Cao   31    3   20 0.629  87.9 291.0   3.0 -39.0
20161120.000   12610 A    Axx   10    1   10 0.862 286.2  16.0  15.0  59.0
20161120.000   12611 A    Axx   17    1   10 0.485  87.5 288.0   3.0 -29.0
20161121.000   12611 A    Axx   19    1   10 0.294  82.7 287.0   4.0 -17.0
20161124.000   12612 A    Hsx   89    1  120 0.927  83.1 196.0   7.0 -68.0
20161125.000   12612 A    Hax  200    2  180 0.831  80.1 194.0   9.0 -56.0
20161126.000   12612 A    Hax  333    2  230 0.688  78.3 194.0   9.0 -43.0
20161127.000   12612 A    Hax  278    3  160 0.495  75.8 195.0   8.0 -29.0
20161128.000   12612 B    Cao  322    6  170 0.314  67.2 195.0   8.0 -17.0
20161128.000   12613 B    Cao   37    5   30 0.785 284.5 263.0  12.0  51.0
20161129.000   12612 B    Cao  336    4  170 0.134  22.8 195.0   8.0  -3.0
20161129.000   12613 B    Cao   43    3   50 0.902 282.9 262.0  12.0  64.0
20161129.000   12614 B    Cro   16    7   10 0.578  80.9 162.0   6.0 -35.0
20161130.000   12612 B    Cao  292    4  150 0.223 309.8 194.0   9.0  10.0
20161130.000   12614 B    Cro  148    7   80 0.365  78.3 163.0   5.0 -21.0
20161130.000   12615 B    Dsi   37    2   30 0.784 100.9 132.0  -8.0 -51.0
201612 1.000   12612 B    Dso  200   34  110 0.408 288.4 194.0   8.0  23.0
201612 1.000   12614 B    Dao  119    3   60 0.129  54.1 164.0   5.0  -6.0
201612 1.000   12615 B    Dai   94    8   60 0.612 102.4 134.0  -7.0 -37.0
201612 2.000   12612 B    Dao  192    5  120 0.599 284.4 195.0   9.0  36.0
201612 2.000   12614 B    Cao   59    4   30 0.141 312.4 165.0   6.0   6.0
201612 2.000   12615 B    Dai  202   10  110 0.394 109.4 137.0  -7.0 -22.0
201612 3.000   12612 B    Dao  116    5   90 0.761 281.5 195.0   9.0  49.0
201612 3.000   12614 B    Bxo   18    2   10 0.370 285.3 167.0   6.0  21.0
201612 3.000   12615 B    Dao  216    9  110 0.189 133.1 138.0  -7.0  -8.0
201612 3.000   12616 B    Bxo   36    3   20 0.411 314.0 164.0  17.0  18.0
201612 4.000   12612 B    Dao   65    4   70 0.886 280.0 194.0   9.0  62.0
201612 4.000   12614 B    Bxo   16    2   10 0.565 280.2 166.0   6.0  34.0
201612 4.000   12615 B    Dai  275   14  140 0.175 223.6 139.0  -7.0   7.0
201612 4.000   12616 A    Axx   15    2   10 0.601 300.5 165.0  18.0  33.0
201612 5.000   12612 B    Cao   10    2   20 0.967 279.3 194.0   9.0  75.0
201612 5.000   12615 B    Dai  316   15  170 0.362 249.9 139.0  -7.0  20.0
201612 6.000   12612 A    Hax    0    1   20 1.000 279.0 195.0   9.0  89.0
201612 6.000   12615 B    Dai  332   16  200 0.554 257.2 139.0  -7.0  33.0
201612 7.000   12615 B    Dsi  238   14  170 0.712 260.2 138.0  -7.0  45.0
201612 8.000   12615 B    Cso  168    8  170 0.868 262.1 138.0  -7.0  60.0
201612 9.000   12615 B    Cao   38    4   60 0.946 263.8 138.0  -6.0  71.0
20161210.000   12615 A    Hsx    4    2   60 0.999 264.0 141.0  -6.0  88.0
20161212.000   12617 B    Bxo   13    3   10 0.729 294.4  71.0  17.0  44.0
20161213.000   12617 B    Bxo    9    3   10 0.871 289.0  72.0  16.0  59.0
20161214.000   12617 B    Cao   40    4   70 0.956 287.1  73.0  16.0  72.0
20161215.000   12617 B    Cso    8    4   70 0.998 286.1  74.0  16.0  86.0
20161215.000   12618 B    Bxo   15    1   10 0.608 293.3  22.0  13.0  35.0
20161216.000   12618 A    Axx   12    2   10 0.765 289.5  22.0  14.0  48.0
20161219.000   12619 B    Dso   38    3   20 0.276  69.4 280.0   4.0 -15.0
20161220.000   12619 B    Bxo   19    2   10 0.100  -0.0 280.0   4.0   0.0
20161221.000   12620 B    Bxo   14    4   10 0.664 236.5 305.0 -23.0  37.0
20161222.000   12620 B    Cso   60    5   50 0.796 242.3 305.0 -23.0  50.0
20161223.000   12620 A    Hsx   16    2   20 0.909 245.6 306.0 -23.0  64.0
20161227.000   12621 B    Bxo   13    3   10 0.729 287.7 234.0  11.0  45.0
20161228.000   12621 B    Cro   28    4   30 0.883 282.8 237.0  10.0  61.0
20161229.000   12621 B    Bxo    5    4   10 0.965 281.2 237.0  10.0  74.0
20161231.000   12622 A    Axx    9    1   10 0.871 285.6 196.0  12.0  59.0
