2017 1 5.000   12624 A    Axx    0    1    0 0.837 262.8 141.0  -8.0  57.0
2017 113.000   12625 A    Hsx   18    1   30 0.953  85.4 254.0   3.0 -72.0
2017 114.000   12625 B    Cso   52    3   50 0.852  83.7 254.0   3.0 -58.0
2017 114.000   12626 A    Hsx   14    1   20 0.927  79.5 245.0   8.0 -67.0
2017 115.000   12625 B    Cso   69    3   50 0.715  81.2 254.0   3.0 -45.0
2017 115.000   12626 A    Hsx  155    2  140 0.832  77.2 244.0   8.0 -55.0
2017 116.000   12625 A    Hsx   67    1   40 0.529  76.6 255.0   3.0 -31.0
2017 116.000   12626 A    Hax  201    2  140 0.695  71.9 244.0   9.0 -42.0
2017 117.000   12625 A    Hsx  113    1   60 0.324  72.5 254.0   1.0 -18.0
2017 117.000   12626 A    Hax  204    3  120 0.525  66.2 243.0   8.0 -29.0
2017 118.000   12625 A    Hsx   98    2   50 0.147  45.4 252.0   1.0  -6.0
2017 118.000   12626 B    Cao  168    4   90 0.351  51.1 242.0   8.0 -16.0
2017 119.000   12625 B    Cao   79    2   40 0.150 305.5 252.0   0.0   7.0
2017 119.000   12626 A    Hax  117    3   60 0.215  14.0 243.0   7.0  -3.0
2017 120.000   12625 A    Hax   37    2   20 0.352 283.8 253.0   0.0  20.0
2017 120.000   12626 A    Hax  133    4   70 0.294 320.0 244.0   8.0  11.0
2017 121.000   12625 A    Hax   65    2   40 0.578 277.4 255.0   0.0  35.0
2017 121.000   12626 A    Hax   88    3   50 0.459 298.7 244.0   8.0  24.0
2017 121.000   12627 B    Dao  121   12   70 0.496  70.4 192.0   5.0 -28.0
2017 121.000   12628 B    Bxo   24    4   20 0.784  70.2 171.0  12.0 -49.0
2017 122.000   12625 A    Hax   39    3   30 0.747 276.1 255.0   1.0  48.0
2017 122.000   12626 A    Hsx   61    3   40 0.632 289.5 244.0   8.0  37.0
2017 122.000   12627 B    Dai  151   13   80 0.322  53.2 192.0   6.0 -15.0
2017 122.000   12628 BG   Dai  184    8  120 0.640  64.0 171.0  12.0 -36.0
2017 123.000   12625 A    Axx    0    1    0 0.885 274.0 256.0   1.0  62.0
2017 123.000   12626 A    Hax   37    1   30 0.784 284.7 244.0   8.0  50.0
2017 123.000   12627 B    Dai  215   11  110 0.198   5.0 193.0   6.0  -1.0
2017 123.000   12628 BG   Dao  373    8  210 0.457  50.1 173.0  12.0 -21.0
2017 124.000   12626 A    Hsx   26    2   30 0.901 281.6 244.0   8.0  63.0
2017 124.000   12627 B    Dai  134   13   70 0.285 313.6 193.0   6.0  12.0
2017 124.000   12628 B    Dso  416    8  220 0.322  21.7 174.0  12.0  -7.0
2017 125.000   12626 A    Axx    5    2   10 0.966 279.8 241.0   8.0  74.0
2017 125.000   12627 B    Cro   53    4   30 0.462 294.5 192.0   6.0  25.0
2017 125.000   12628 B    Eao  396    6  210 0.329 345.0 172.0  13.0   5.0
2017 125.000   12629 B    Cao   65    3   70 0.883  69.7 109.0  15.0 -59.0
2017 126.000   12627 B    Bxo   15    2   10 0.651 286.0 193.0   6.0  39.0
2017 126.000   12628 B    Cao  317    7  180 0.471 308.9 175.0  12.0  22.0
2017 126.000   12629 B    Dao  239    7  180 0.746  64.1 110.0  15.0 -44.0
2017 127.000   12628 B    Cao  189    5  120 0.612 296.3 175.0  11.0  34.0
2017 127.000   12629 B    Dao  239    6  150 0.603  55.6 110.0  15.0 -31.0
2017 128.000   12628 B    Cso  138    5  110 0.776 290.6 175.0  12.0  48.0
2017 128.000   12629 B    Dao  284    8  160 0.460  40.4 110.0  15.0 -18.0
2017 129.000   12628 A    Hsx   89    3  110 0.914 285.9 179.0  12.0  64.0
2017 129.000   12629 B    Dso  241    5  130 0.366  13.3 110.0  15.0  -5.0
2017 130.000   12628 A    Hsx   36    1  110 0.986 282.2 181.0  11.0  79.0
2017 130.000   12629 B    Cso  220    3  120 0.394 334.8 112.0  15.0  10.0
2017 131.000   12629 A    Hsx  103    1   60 0.504 314.2 111.0  15.0  22.0
2017 131.000   12630 A    Axx   10    1   10 0.846  66.8  35.0  16.0 -54.0
2017 131.000   12631 B    Bxo   18    3   10 0.407 273.7 113.0  -4.0  24.0
2017 2 1.000   12629 A    Hax   58    1   40 0.684 299.6 113.0  15.0  38.0
2017 2 1.000   12631 B    Bxo   15    5   10 0.613 269.7 113.0  -5.0  38.0
2017 2 1.000   12632 B    Bxo   18    6   10 0.368 338.5  83.0  14.0   8.0
2017 2 2.000   12629 A    Hax   46    1   40 0.817 293.3 113.0  15.0  51.0
2017 2 2.000   12632 B    Dao   86    7   50 0.496 312.8  84.0  14.0  22.0
2017 2 3.000   12629 A    Hax   29    1   40 0.927 290.1 114.0  16.0  65.0
2017 2 3.000   12632 B    Dao   90    6   60 0.657 299.7  85.0  14.0  36.0
2017 2 3.000   12633 B    Bxo   11    3   10 0.814 292.1 100.0  14.0  51.0
2017 2 4.000   12629 A    Hax   13    1   40 0.986 287.5 114.0  16.0  78.0
2017 2 4.000   12632 B    Cao   35    6   30 0.812 294.9  86.0  16.0  50.0
2017 2 4.000   12633 B    Bxo    7    2   10 0.920 289.3 100.0  15.0  64.0
2017 2 5.000   12629 A    Hax    3    1   30 0.998 285.7 115.0  16.0  92.0
2017 2 5.000   12632 A    Axx    7    1   10 0.922 290.4  87.0  16.0  64.0
2017 2 6.000   12632 A    Axx    4    1   10 0.979 285.8  86.0  14.0  76.0
2017 2 6.000   12634 A    Axx    6    1   10 0.942  85.6 300.0   2.0 -70.0
2017 2 7.000   12634 B    Bxo   10    5   10 0.839  79.7 300.0   5.0 -56.0
2017 2 8.000   12634 A    Axx   14    1   10 0.706  79.1 299.0   3.0 -44.0
2017 210.000   12635 B    Dao  128    5   70 0.399  33.3 303.0  13.0 -13.0
2017 211.000   12635 B    Dai  205    8  110 0.353  -0.0 304.0  14.0   0.0
2017 212.000   12635 B    Dai  164    7   90 0.406 321.4 304.0  12.0  15.0
2017 213.000   12635 B    Dai  151    8   90 0.541 304.9 303.0  12.0  27.0
2017 214.000   12635 B    Cso   86    6   60 0.695 295.2 304.0  12.0  40.0
2017 215.000   12635 B    Cso   55    5   50 0.829 289.5 304.0  12.0  53.0
2017 216.000   12635 A    Hrx   14    1   20 0.930 286.9 304.0  13.0  66.0
2017 216.000   12636 A    Axx   11    2   10 0.826  71.6 185.0  11.0 -53.0
2017 217.000   12635 A    Axx    0    1    0 0.990 284.3 305.0  13.0  80.0
2017 217.000   12636 A    Hrx   14    2   10 0.690  66.0 185.0  11.0 -40.0
2017 218.000   12636 B    Cro   33    4   20 0.535  56.4 185.0  11.0 -27.0
2017 219.000   12636 B    Bxo   36    3   20 0.397  39.8 183.0  11.0 -15.0
2017 220.000   12636 A    Axx   19    1   10 0.310   3.2 184.0  11.0  -1.0
2017 220.000   12637 A    Axx   19    2   20 0.873  89.5 124.0  -3.0 -61.0
2017 221.000   12637 A    Axx   13    1   10 0.730  88.9 125.0  -4.0 -47.0
2017 221.000   12638 B    Dao   73    4   80 0.887  65.4 114.0  18.0 -58.0
2017 222.000   12638 B    Dso  162    9  140 0.814  61.9 110.0  18.0 -49.0
2017 223.000   12638 B    Dso  218    7  150 0.685  52.3 111.0  19.0 -35.0
2017 224.000   12638 BG   Cso  254    8  150 0.530  37.9 113.0  18.0 -20.0
2017 225.000   12638 B    Cso  215    5  120 0.444  17.3 111.0  18.0  -8.0
2017 225.000   12639 A    Hrx   33    2   20 0.555 264.5 153.0  -9.0  34.0
2017 226.000   12638 B    Cso  180    2  100 0.428 353.3 109.0  18.0   3.0
2017 226.000   12639 B    Cro   26    3   20 0.738 265.7 154.0  -8.0  48.0
2017 227.000   12638 A    Hsx  173    1  100 0.496 328.1 109.0  18.0  16.0
2017 227.000   12639 B    Bxo    9    2   10 0.870 264.9 154.0  -8.0  61.0
2017 227.000   12640 B    Bxo   17    2   10 0.500  52.9  69.0  11.0 -24.0
2017 228.000   12638 A    Hsx  143    1   90 0.601 309.1 109.0  16.0  29.0
2017 228.000   12640 B    Bxo   37    4   20 0.335  34.2  69.0   9.0 -11.0
2017 228.000   12641 B    Cro   50    5   40 0.774  63.9  34.0  15.0 -46.0
2017 3 1.000   12638 A    Hsx  106    1   80 0.749 298.9 110.0  16.0  43.0
2017 3 1.000   12640 A    Axx   57    2   30 0.271 345.2  71.0   8.0   4.0
2017 3 1.000   12641 B    Cao  165    6  100 0.560  49.2  41.0  15.0 -26.0
2017 3 2.000   12638 A    Hsx   81    1   80 0.859 293.5 109.0  16.0  55.0
2017 3 2.000   12640 A    Axx   18    2   10 0.410 311.9  72.0   9.0  18.0
2017 3 2.000   12641 B    Dro  105    7   60 0.476  41.6  35.0  14.0 -19.0
2017 3 2.000   12642 B    Cro   73    5   40 0.405  27.2  43.0  14.0 -11.0
2017 3 3.000   12638 A    Hsx   49    1   80 0.952 289.4 109.0  16.0  69.0
2017 3 3.000   12640 A    Axx   16    1   10 0.591 294.2  73.0   8.0  33.0
2017 3 3.000   12641 B    Bxo   55    7   30 0.384  10.1  36.0  15.0  -4.0
2017 3 3.000   12642 B    Bxo   36    3   20 0.382 352.4  43.0  15.0   3.0
2017 3 4.000   12638 A    Hsx   13    1   80 0.997 286.8 110.0  16.0  83.0
2017 3 4.000   12641 B    Bxo   18    3   10 0.412 336.0  37.0  15.0  10.0
2017 3 4.000   12642 B    Bxo   17    2   10 0.468 322.9  44.0  15.0  17.0
2017 3 6.000   12641 A    Axx   14    1   10 0.691 300.7  39.0  15.0  38.0
2017 322.000   12643 A    Hrx   11    1   20 0.959  78.4  78.0   9.0 -72.0
2017 323.000   12643 A    Hsx   31    2   30 0.846  76.0  81.0   8.0 -56.0
2017 324.000   12643 A    Hrx   28    2   20 0.700  71.1  81.0   8.0 -42.0
2017 325.000   12643 A    Hrx   16    2   10 0.537  63.3  81.0   8.0 -29.0
2017 326.000   12643 A    Axx   18    1   10 0.371  47.4  81.0   8.0 -16.0
2017 327.000   12644 B    Dao   81   10   50 0.577  58.0  54.0  12.0 -30.0
2017 328.000   12644 BG   Dai  269   15  150 0.438  40.6  54.0  13.0 -17.0
2017 328.000   12645 B    Cso   31    3   30 0.852  96.5  12.0  -9.0 -59.0
2017 328.000   12646 A    Hrx   19    1   20 0.876 280.6 131.0   6.0  60.0
2017 329.000   12644 B    Dsi  453   12  240 0.327  12.1  54.0  12.0  -4.0
2017 329.000   12645 BG   Dai  101    8   70 0.690  96.1  14.0  -9.0 -44.0
2017 329.000   12646 A    Axx    5    1   10 0.966 279.1 132.0   7.0  74.0
2017 330.000   12644 B    Eso  411   10  220 0.353 334.3  53.0  12.0   9.0
2017 330.000   12645 B    Dsi  315   12  180 0.483  98.7  15.0 -10.0 -29.0
2017 330.000   12646 A    Axx    0    1    0 0.994 276.8 127.0   6.0  83.0
2017 331.000   12644 B    Eso  330    3  190 0.492 309.0  54.0  12.0  23.0
2017 331.000   12645 B    Dki  499   10  260 0.279 103.4  15.0 -10.0 -16.0
2017 4 1.000   12644 B    Eao  286    4  190 0.658 296.6  55.0  12.0  37.0
2017 4 1.000   12645 BG   Ekc  758   29  380 0.064 164.3  17.0 -10.0  -1.0
2017 4 1.000   12647 B    Bxo   19    2   10 0.301   3.3  17.0  11.0  -1.0
2017 4 2.000   12644 B    Eao  230    8  200 0.818 289.6  57.0  12.0  52.0
2017 4 2.000   12645 BG   Ekc 1010   25  520 0.236 249.5  17.0 -11.0  13.0
2017 4 2.000   12647 B    Bxo   18    4   10 0.370 323.4  18.0  11.0  13.0
2017 4 2.000   12648 B    Bxo    6    2   10 0.950  91.0 293.0  -3.0 -72.0
2017 4 3.000   12644 BG   Fkc  348   19  450 0.922 285.9  57.0  12.0  65.0
2017 4 3.000   12645 BGD  Ehc 1078   23  600 0.438 260.2  18.0 -10.0  26.0
2017 4 3.000   12648 B    Cro   19    3   20 0.873  89.9 291.0  -3.0 -61.0
2017 4 4.000   12644 BGD  Fkc  166   12  520 0.987 284.3  57.0  13.0  79.0
2017 4 4.000   12645 BGD  Ekc 1076   35  700 0.639 261.9  18.0 -10.0  40.0
2017 4 4.000   12648 B    Dro   38    6   30 0.765  88.6 288.0  -3.0 -50.0
2017 4 4.000   12649 B    Cro   19    4   20 0.877 290.9  36.0  15.0  58.0
2017 4 5.000   12644 B    Eao   17    7  150 0.998 282.7  57.0  13.0  92.0
2017 4 5.000   12645 BGD  Ekc  826   16  680 0.794 262.2  18.0 -10.0  53.0
2017 4 5.000   12648 B    Cro   47    8   30 0.602  86.7 288.0  -3.0 -37.0
2017 4 5.000   12649 B    Cro   18    4   30 0.953 286.9  35.0  14.0  70.0
2017 4 6.000   12645 BGD  Fkc  401   12  500 0.916 261.8  18.0 -10.0  67.0
2017 4 6.000   12648 B    Bxo   92    5   50 0.380  80.1 288.0  -2.0 -22.0
2017 4 7.000   12645 BG   Ekc  156   14  380 0.979 261.0  18.0 -10.0  79.0
2017 4 7.000   12648 B    Bxo   39    4   20 0.133  66.2 292.0  -3.0  -7.0
2017 4 8.000   12645 B    Cao    0    5   70 1.000 260.9  17.0  -9.0  91.0
2017 4 8.000   12648 A    Axx    0    2    0 0.088 307.3 290.0  -3.0   4.0
2017 410.000   12650 B    Cro   12    3   20 0.952  79.6 188.0   8.0 -71.0
2017 411.000   12650 B    Cao   42    3   40 0.846  75.5 190.0   9.0 -56.0
2017 412.000   12650 B    Cao   58    2   40 0.685  67.2 193.0  11.0 -40.0
2017 413.000   12650 B    Cso   34    3   20 0.517  59.8 193.0  10.0 -27.0
2017 414.000   12650 B    Cso   37    2   20 0.334  45.8 192.0   8.0 -14.0
2017 415.000   12650 A    Hrx   19    1   10 0.237 351.6 194.0   8.0   2.0
2017 416.000   12650 A    Axx   18    1   10 0.356 310.0 196.0   8.0  16.0
2017 419.000   12651 BG   Dso   14    2   20 0.932  75.0  72.0  12.0 -67.0
2017 420.000   12651 B    Dao  111    4  110 0.861  71.6  69.0  13.0 -57.0
2017 421.000   12651 B    Dao  177    5  130 0.731  68.4  70.0  12.0 -44.0
2017 421.000   12652 A    Hrx    9    1   10 0.885  72.5  54.0  13.0 -60.0
2017 422.000   12651 B    Cao  214    7  130 0.564  60.2  71.0  12.0 -30.0
2017 422.000   12652 A    Hrx   13    1   10 0.745  67.6  56.0  13.0 -45.0
2017 422.000   12653 A    Hax   20    1   40 0.968  98.0  25.0  -9.0 -76.0
2017 423.000   12651 B    Cao  256    7  140 0.405  45.0  71.0  12.0 -17.0
2017 423.000   12653 A    Hax  109    2  100 0.836  97.6  31.0  -9.0 -57.0
2017 424.000   12651 B    Cso  286    8  150 0.296  13.3  70.0  12.0  -4.0
2017 424.000   12652 B    Bxo   18    3   10 0.426  41.7  57.0  14.0 -17.0
2017 424.000   12653 A    Hax  141    2  100 0.705  98.0  29.0  -9.0 -45.0
2017 425.000   12651 A    Hax  209    6  110 0.310 330.3  70.0  11.0   9.0
2017 425.000   12652 B    Bxo   19    3   10 0.304   3.2  60.0  13.0  -1.0
2017 425.000   12653 A    Hax  149    2   90 0.558  97.4  27.0  -8.0 -34.0
2017 426.000   12651 A    Hsx  141    3   80 0.465 304.4  71.0  11.0  23.0
2017 426.000   12652 A    Axx   18    1   10 0.372 323.8  61.0  13.0  13.0
2017 426.000   12653 A    Hax  111    2   60 0.371 108.4  27.0 -11.0 -21.0
2017 427.000   12651 A    Hsx  125    2   80 0.617 294.2  70.0  11.0  35.0
2017 427.000   12652 A    Axx   17    3   10 0.526 306.0  61.0  14.0  26.0
2017 427.000   12653 A    Hsx   98    1   50 0.159 120.1  27.0  -9.0  -8.0
2017 428.000   12651 A    Hsx   86    2   70 0.786 286.4  72.0  10.0  50.0
2017 428.000   12653 A    Hax   79    1   40 0.131 231.9  28.0  -9.0   6.0
2017 429.000   12651 A    Hsx   51    2   60 0.904 285.4  71.0  12.0  63.0
2017 429.000   12653 A    Hsx   56    1   30 0.349 255.6  28.0  -9.0  20.0
2017 429.000   12654 A    Axx   11    2   10 0.806  74.3 316.0  10.0 -52.0
2017 430.000   12651 A    Hsx   17    2   40 0.975 283.3  71.0  12.0  76.0
2017 430.000   12653 A    Hsx   50    1   30 0.546 259.9  28.0  -9.0  33.0
2017 430.000   12654 A    Axx   15    1   10 0.653  67.8 317.0  11.0 -38.0
2017 5 1.000   12651 A    Hsx    0    1   30 1.000 283.0  72.0  13.0  90.0
2017 5 1.000   12653 A    Hrx   27    1   20 0.719 261.4  28.0  -9.0  46.0
2017 5 1.000   12654 A    Axx   17    1   10 0.486  58.6 317.0  11.0 -25.0
2017 5 2.000   12653 A    Hrx   20    1   20 0.855 263.1  27.0  -8.0  59.0
2017 5 3.000   12653 A    Axx    5    1   10 0.954 262.8  27.0  -8.0  73.0
2017 5 3.000   12654 B    Dao  115    4   60 0.257   3.8 314.0  11.0  -1.0
2017 5 4.000   12654 B    Dso  131    5   70 0.338 323.1 314.0  12.0  12.0
2017 5 5.000   12654 B    Dso  140    5   80 0.483 300.8 314.0  11.0  25.0
2017 5 5.000   12655 B    Bxo   15    4   10 0.647  64.9 252.0  13.0 -37.0
2017 5 6.000   12654 B    Cso   60    5   40 0.650 291.5 314.0  11.0  38.0
2017 5 6.000   12655 B    Dro   51    6   30 0.506  54.2 251.0  14.0 -25.0
2017 5 7.000   12654 A    Hsx   34    1   30 0.816 286.1 316.0  11.0  53.0
2017 5 7.000   12655 B    Cro   37    5   20 0.338  33.4 252.0  13.0 -11.0
2017 5 8.000   12654 A    Hsx   15    1   20 0.922 283.4 315.0  11.0  66.0
2017 5 8.000   12655 B    Bxo   19    2   10 0.306 347.2 253.0  14.0   4.0
2017 5 9.000   12654 A    Axx    5    1   20 0.992 281.5 318.0  11.0  82.0
2017 517.000   12656 A    Hrx   27    1   30 0.893  75.3  67.0  12.0 -62.0
2017 517.000   12657 A    Axx   18    2   10 0.390  65.8 109.0   7.0 -21.0
2017 518.000   12656 B    Cso   37    3   30 0.782  74.0  66.0  11.0 -50.0
2017 519.000   12656 A    Hax   31    1   20 0.622  67.6  68.0  12.0 -36.0
2017 519.000   12658 B    Bxo   15    3   10 0.620 100.3  66.0  -8.0 -38.0
2017 520.000   12656 A    Hax   35    1   20 0.438  56.9  69.0  12.0 -22.0
2017 520.000   12658 B    Bxo   18    3   10 0.417 105.0  67.0  -8.0 -24.0
2017 521.000   12656 A    Hax   38    1   20 0.261  31.5  69.0  11.0  -8.0
2017 521.000   12658 A    Hrx   19    1   10 0.179 120.0  69.0  -7.0  -9.0
2017 522.000   12656 A    Hax   38    1   20 0.243 335.1  70.0  11.0   6.0
2017 522.000   12658 A    Hrx   19    1   10 0.126 223.4  69.0  -7.0   5.0
2017 522.000   12659 B    Dao   69    3   40 0.503  57.7  38.0  14.0 -26.0
2017 523.000   12656 A    Axx   18    1   10 0.347 308.8  67.0  11.0  16.0
2017 523.000   12658 A    Hsx   18    2   10 0.326 249.9  69.0  -8.0  18.0
2017 523.000   12659 B    Cro   37    2   20 0.327  34.5  39.0  14.0 -11.0
2017 523.000   12660 B    Cro   22   10   12 0.302 237.2  66.0 -11.0  15.0
2017 524.000   12656 A    Axx   17    1   10 0.508 294.9  66.0  11.0  28.0
2017 524.000   12658 A    Axx   16    1   10 0.578 260.0  72.0  -7.0  35.0
2017 524.000   12659 A    Hrx   38    2   20 0.271 337.9  44.0  13.0   6.0
2017 524.000   12660 B    Bxo   17    3   10 0.462 248.8  64.0 -11.0  26.0
2017 525.000   12659 B    Cro   55    5   30 0.380 307.3  42.0  12.0  18.0
2017 526.000   12659 B    Dsi  131    9   80 0.571 295.2  42.0  13.0  32.0
2017 527.000   12659 B    Dai  231   12  170 0.732 290.4  43.0  14.0  45.0
2017 528.000   12659 B    Dai  189   11  180 0.850 286.0  42.0  13.0  57.0
2017 529.000   12659 B    Dao  145   10  220 0.944 284.1  41.0  13.0  70.0
2017 530.000   12659 B    Dso   23    6  180 0.998 283.1  44.0  13.0  86.0
2017 6 1.000   12661 A    Hrx   11    1   30 0.982  83.8 213.0   6.0 -79.0
2017 6 2.000   12661 B    Cai   52    8   60 0.900  84.2 214.0   5.0 -64.0
2017 6 3.000   12661 B    Dao  233    9  200 0.812  82.4 211.0   6.0 -54.0
2017 6 4.000   12661 BG   Eao  278   12  180 0.635  80.3 213.0   6.0 -39.0
2017 6 5.000   12661 B    Eao  232   13  130 0.449  76.4 213.0   6.0 -26.0
2017 6 6.000   12661 BD   Eao  329   12  170 0.247  65.1 211.0   6.0 -13.0
2017 6 7.000   12661 B    Cao  258    8  130 0.103 350.3 213.0   6.0   1.0
2017 6 8.000   12661 A    Hax   77    3   40 0.223 301.7 210.0   7.0  11.0
2017 6 9.000   12661 A    Axx   18    2   10 0.389 287.2 207.0   7.0  22.0
2017 614.000   12662 A    Hsx  114    1  170 0.941  77.6  50.0  12.0 -70.0
2017 615.000   12662 A    Hsx  180    1  160 0.825  76.2  51.0  12.0 -55.0
2017 616.000   12662 A    Hsx  146    1  100 0.682  73.6  50.0  12.0 -42.0
2017 616.000   12663 BG   Dso   97    7   50 0.221  -0.0  92.0  14.0   0.0
2017 617.000   12662 A    Hsx   86    1   50 0.496  67.8  51.0  12.0 -28.0
2017 617.000   12663 B    Dso  171    7   90 0.311 310.7  93.0  13.0  14.0
2017 618.000   12662 A    Hsx  133    1   70 0.304  56.8  52.0  11.0 -15.0
2017 618.000   12663 B    Dso  173    7  100 0.495 292.0  95.0  12.0  28.0
2017 619.000   12662 A    Hsx  157    1   80 0.184  10.7  52.0  12.0  -2.0
2017 619.000   12663 B    Dso  118    6   80 0.668 286.3  95.0  12.0  41.0
2017 620.000   12662 A    Hsx  154    2   80 0.271 311.4  52.0  12.0  12.0
2017 620.000   12663 B    Cso   67    4   60 0.825 284.6  95.0  13.0  55.0
2017 621.000   12662 A    Hsx   89    2   50 0.451 293.5  51.0  12.0  25.0
2017 621.000   12663 A    Hsx   24    1   40 0.952 284.1  98.0  14.0  72.0
2017 621.000   12664 B    Cso   48    1   80 0.953  71.7 314.0  18.0 -72.0
2017 622.000   12662 A    Hsx   62    3   40 0.632 288.3  51.0  13.0  38.0
2017 622.000   12663 A    Hsx    5    1   30 0.996 283.9  98.0  14.0  85.0
2017 622.000   12664 A    Hsx   48    1   50 0.873  71.6 314.0  17.0 -60.0
2017 623.000   12662 A    Hsx   37    2   30 0.784 285.0  51.0  13.0  51.0
2017 623.000   12664 A    Hsx   66    1   50 0.749  69.0 312.0  17.0 -47.0
2017 624.000   12662 A    Hrx   16    1   20 0.908 283.3  52.0  13.0  65.0
2017 624.000   12664 A    Hsx  110    1   70 0.613  62.9 312.0  18.0 -35.0
2017 625.000   12662 A    Axx    4    1   10 0.974 282.8  51.0  13.0  77.0
2017 625.000   12664 B    Cso  125    7   70 0.437  51.3 313.0  18.0 -21.0
2017 626.000   12664 B    Cso  172   10   90 0.293  23.3 314.0  18.0  -7.0
2017 627.000   12664 BG   Dsi  172    9   90 0.291 336.6 315.0  18.0   7.0
2017 628.000   12664 B    Dsi  182    7  100 0.409 310.8 313.0  18.0  19.0
2017 629.000   12664 B    Cso   97    3   60 0.584 297.6 314.0  18.0  33.0
2017 630.000   12664 B    Cso   67    2   50 0.738 292.0 314.0  18.0  46.0
2017 7 1.000   12664 A    Hsx   52    1   50 0.853 288.1 313.0  17.0  58.0
2017 7 2.000   12664 A    Hsx   13    1   20 0.945 288.0 313.0  18.0  71.0
2017 7 3.000   12664 A    Hsx    3    1   20 0.995 287.8 313.0  18.0  85.0
2017 7 6.000   12665 A    Hsx   28    1   70 0.980  95.8 109.0  -5.0 -78.0
2017 7 7.000   12665 B    Dao  119    6  140 0.904  98.4 111.0  -6.0 -64.0
2017 7 8.000   12665 B    Ekc  374   15  310 0.797 100.4 110.0  -6.0 -52.0
2017 7 9.000   12665 B    Ekc  744   14  480 0.632 104.3 111.0  -6.0 -38.0
2017 710.000   12665 BG   Ekc 1276   21  710 0.437 112.4 111.0  -6.0 -24.0
2017 711.000   12665 BG   Ekc 1333   22  690 0.257 132.3 110.0  -6.0 -11.0
2017 712.000   12665 BG   Ekc 1219   17  620 0.183 196.5 111.0  -6.0   3.0
2017 713.000   12665 B    Ehi 1072   17  570 0.339 239.1 112.0  -6.0  17.0
2017 713.000   12666 B    Cro   39    6   20 0.184 326.4 101.0  13.0   6.0
2017 714.000   12665 B    Ehi  746   26  440 0.530 249.4 113.0  -7.0  30.0
2017 714.000   12666 B    Cro   55    9   30 0.368 295.0 103.0  13.0  20.0
2017 715.000   12665 B    Ekc  659   18  460 0.697 256.7 113.0  -6.0  43.0
2017 715.000   12666 B    Bxo   33    9   20 0.538 285.5 102.0  12.0  32.0
2017 715.000   12667 A    Axx    2    1   10 0.995 281.6 155.0  12.0  85.0
2017 716.000   12665 B    Dki  405   12  380 0.845 261.2 113.0  -5.0  57.0
2017 716.000   12666 A    Axx   13    2   10 0.733 283.6 103.0  13.0  47.0
2017 717.000   12665 B    Dko  224    5  340 0.944 262.0 113.0  -6.0  70.0
2017 717.000   12666 A    Axx   11    1   10 0.829 285.0  99.0  15.0  56.0
2017 718.000   12665 B    Cho   54    3  450 0.998 263.7 115.0  -6.0  86.0
2017 726.000   12668 A    Axx   17    2   10 0.470 266.3 311.0   3.0  28.0
2017 730.000   12669 B    Bxo    8    2    5 0.459 298.9 256.0  18.0  25.0
2017 731.000   12669 A    Axx   15    1   10 0.617 292.0 255.0  18.0  37.0
2017 8 3.000   12670 B    Cso  165    2  160 0.857  99.5 119.0  -5.0 -58.0
2017 8 4.000   12670 A    Hsx  207    3  150 0.723 102.9 119.0  -5.0 -45.0
2017 8 5.000   12670 A    Hsx  250    3  150 0.552 106.8 119.0  -4.0 -32.0
2017 8 6.000   12670 A    Hsx  275    3  150 0.397 121.0 118.0  -6.0 -20.0
2017 8 7.000   12670 A    Hsx  273    3  140 0.207 160.4 120.0  -5.0  -4.0
2017 8 8.000   12670 A    Hsx  270    1  140 0.263 216.3 121.0  -6.0   9.0
2017 8 9.000   12670 A    Hsx  256    1  140 0.404 242.0 120.0  -5.0  21.0
2017 810.000   12670 A    Hsx  212    1  130 0.576 250.0 119.0  -6.0  33.0
2017 811.000   12670 A    Hsx  144    1  110 0.752 254.8 119.0  -7.0  47.0
2017 812.000   12670 A    Hsx  108    1  110 0.869 258.1 118.0  -7.0  59.0
2017 813.000   12670 A    Hsx   58    1  100 0.957 260.6 117.0  -7.0  72.0
2017 814.000   12670 A    Hsx   15    1  110 0.997 262.5 117.0  -7.0  85.0
2017 815.000   12671 A    Hax   43    2   70 0.952  80.6 306.0  11.0 -73.0
2017 816.000   12671 B    Eai  168   11  170 0.869  82.3 305.0  10.0 -61.0
2017 817.000   12671 BGD  Ehc  503   20  380 0.749  81.3 304.0  11.0 -49.0
2017 818.000   12671 BG   Fkc  465   20  280 0.557  80.4 306.0  11.0 -34.0
2017 819.000   12671 BG   Fkc  759   31  410 0.376  77.6 305.0  11.0 -22.0
2017 820.000   12671 BG   Fkc  710   23  360 0.163  56.5 305.0  12.0  -8.0
2017 821.000   12671 BG   Fkc  812   20  410 0.136 311.0 306.0  12.0   6.0
2017 821.000   12672 B    Dao   63    4  120 0.964  86.7 225.0   5.0 -75.0
2017 822.000   12671 BG   Fkc  816   18  430 0.313 284.1 305.0  11.0  18.0
2017 822.000   12672 B    Dao  157    5  160 0.870  85.9 226.0   7.0 -61.0
2017 823.000   12671 BG   Fsi  429   18  250 0.512 277.8 304.0  10.0  31.0
2017 823.000   12672 B    Dao  371   10  270 0.726  85.6 227.0   8.0 -47.0
2017 824.000   12671 BG   Fsi  313   12  220 0.702 278.6 306.0  11.0  45.0
2017 824.000   12672 BG   Esi  399    8  240 0.555  86.1 227.0   8.0 -34.0
2017 825.000   12671 BG   Fsi  227   11  200 0.823 278.5 303.0  11.0  56.0
2017 825.000   12672 BG   Esi  448   12  240 0.356  88.9 226.0   7.0 -21.0
2017 826.000   12671 BG   Fai  109    7  140 0.921 281.2 301.0  13.0  68.0
2017 826.000   12672 BG   Eai  277   12  140 0.121  90.3 227.0   7.0  -7.0
2017 827.000   12671 BG   Fai   31    5  120 0.991 283.3 304.0  14.0  84.0
2017 827.000   12672 BG   Eai  258   10  130 0.121 269.5 228.0   7.0   7.0
2017 828.000   12671 B    Cao    3    5   70 1.000 283.3 301.0  13.0  93.0
2017 828.000   12672 B    Eso  282   12  150 0.340 270.9 228.0   7.0  20.0
2017 829.000   12672 B    Cso  166    7  100 0.555 273.7 228.0   8.0  34.0
2017 830.000   12672 B    Cso   77    3   60 0.762 271.8 231.0   6.0  50.0
2017 830.000   12673 A    Hsx   62    1   70 0.896 102.6 119.0  -8.0 -62.0
2017 830.000   12674 B    Dko  185    1  260 0.934  80.9 111.0  11.0 -70.0
2017 831.000   12672 B    Dso   64    6   70 0.887 273.0 231.0   6.0  63.0
2017 831.000   12673 A    Hsx   89    1   70 0.768 106.7 120.0  -8.0 -48.0
2017 831.000   12674 B    Eko  443    5  490 0.892  77.9 104.0  14.0 -64.0
2017 9 1.000   12672 B    Dao   49    4   70 0.936 274.8 225.0   7.0  70.0
2017 9 1.000   12673 A    Hsx  124    1   80 0.629 112.3 119.0  -8.0 -36.0
2017 9 1.000   12674 B    Eho  939   10  770 0.792  79.1 102.0  13.0 -53.0
2017 9 1.000   12675 B    Dro   53    4   30 0.467 239.8 179.0  -7.0  24.0
2017 9 2.000   12672 B    Dao   14    2   60 0.993 277.2 226.0   8.0  84.0
2017 9 2.000   12673 A    Hsx  141    1   80 0.462 123.1 119.0  -8.0 -23.0
2017 9 2.000   12674 BG   Fhi 1216   15  770 0.613  78.1 104.0  13.0 -38.0
2017 9 2.000   12675 B    Cro   46    4   30 0.642 248.3 179.0  -8.0  37.0
2017 9 3.000   12673 B    Cso  113    4   60 0.332 152.4 119.0 -10.0  -9.0
2017 9 3.000   12674 BG   Fhc 1462   18  810 0.430  72.5 103.0  14.0 -25.0
2017 9 3.000   12675 B    Cro   36    4   30 0.799 254.3 179.0  -8.0  51.0
2017 9 3.000   12676 B    Bxo   30    5   20 0.640 244.8 164.0 -10.0  36.0
2017 9 4.000   12673 BG   Dsc  248   12  130 0.298 186.6 117.0 -10.0   2.0
2017 9 4.000   12674 B    Fhc 1807   21  930 0.235  59.2 103.0  14.0 -12.0
2017 9 4.000   12675 B    Cro   43    5   50 0.902 258.6 178.0  -7.0  63.0
2017 9 4.000   12676 B    Bxo   23    6   20 0.808 250.7 166.0 -11.0  51.0
2017 9 4.000   12677 A    Axx    9    2   10 0.892  72.3  51.0  19.0 -64.0
2017 9 5.000   12673 BGD  Dkc 1260   28  680 0.376 226.6 119.0  -8.0  16.0
2017 9 5.000   12674 B    Fhi 1469   34  740 0.119 351.8 104.0  14.0   1.0
2017 9 5.000   12675 B    Bxo    4    4   10 0.972 266.2 179.0  -2.0  76.0
2017 9 5.000   12676 B    Cro   23    4   30 0.919 256.9 168.0  -9.0  65.0
2017 9 5.000   12677 A    Axx   12    2   10 0.776  71.4  52.0  19.0 -51.0
2017 9 6.000   12673 BGD  Dkc 1458   33  880 0.560 242.0 119.0  -9.0  30.0
2017 9 6.000   12674 B    Fhi 1311   23  680 0.264 297.3 103.0  14.0  14.0
2017 9 6.000   12675 B    Bxo    2    1   10 0.993 262.0 171.0  -7.0  82.0
2017 9 6.000   12676 B    Bxo   13    2   30 0.976 259.1 165.0  -9.0  76.0
2017 9 6.000   12677 A    Axx   30    1   20 0.635  70.4  50.0  18.0 -39.0
2017 9 6.000   12678 B    Bxo   14    2   10 0.702  81.7  44.0  11.0 -45.0
2017 9 7.000   12673 BGD  Ekc 1292   24  960 0.740 250.8 120.0  -9.0  45.0
2017 9 7.000   12674 B    Fki 1197   10  680 0.474 286.1 104.0  14.0  28.0
2017 9 7.000   12677 A    Axx   17    1   10 0.448  63.8  51.0  18.0 -25.0
2017 9 7.000   12678 B    Cso   68    4   40 0.512  80.7  45.0  11.0 -31.0
2017 9 8.000   12673 BGD  Ekc  998   21 1000 0.866 255.2 120.0  -9.0  58.0
2017 9 8.000   12674 B    Fko  908   13  600 0.653 283.1 103.0  14.0  41.0
2017 9 8.000   12677 B    Bxo   19    3   10 0.263  49.1  50.0  17.0 -12.0
2017 9 8.000   12678 A    Hax   76    3   40 0.312  76.7  44.0  11.0 -18.0
2017 9 8.000   12679 B    Bxo   17    4   10 0.460 286.5  89.0  14.0  27.0
2017 9 9.000   12673 BGD  Dkc  668   19 1060 0.949 258.0 119.0  -9.0  70.0
2017 9 9.000   12674 B    Fko  775    9  650 0.803 280.8 103.0  13.0  54.0
2017 9 9.000   12677 A    Axx   19    3   10 0.173 348.9  51.0  17.0   2.0
2017 9 9.000   12678 B    Cro   59    5   30 0.108  52.4  44.0  11.0  -5.0
2017 9 9.000   12679 B    Bxo   15    3   10 0.655 284.6  90.0  15.0  41.0
2017 910.000   12673 BGD  Dkc  105    8  530 0.995 260.1 119.0  -9.0  83.0
2017 910.000   12674 B    Fko  454    7  560 0.914 281.0 103.0  13.0  67.0
2017 910.000   12678 B    Cro   39    4   20 0.137 299.0  43.0  11.0   7.0
2017 911.000   12674 B    Fko  117    4  300 0.981 281.9 103.0  13.0  80.0
2017 911.000   12678 B    Cro   37    3   20 0.375 281.5  45.0  11.0  22.0
2017 911.000   12680 A    Hsx   83    1  100 0.908  83.4 317.0   9.0 -66.0
2017 912.000   12674 A    Hrx    1    2   30 1.000 286.0 101.0  16.0  91.0
2017 912.000   12680 A    Hsx   97    1   80 0.793  84.2 317.0   9.0 -53.0
2017 913.000   12680 A    Hsx  218    1  140 0.624  84.6 317.0   9.0 -39.0
2017 914.000   12680 A    Hsx  216    1  120 0.435  84.2 317.0   9.0 -26.0
2017 915.000   12680 A    Hsx  233    1  120 0.223  85.6 317.0   8.0 -13.0
2017 916.000   12680 A    Hsx  159    3   80 0.014  -0.0 317.0   8.0   0.0
2017 917.000   12680 A    Hsx  175    3   90 0.223 274.6 317.0   8.0  13.0
2017 918.000   12680 A    Hax  142    3   80 0.450 273.6 317.0   8.0  27.0
2017 919.000   12680 A    Hsx  123    2   80 0.638 274.0 317.0   8.0  40.0
2017 920.000   12680 A    Hsx   60    1   50 0.793 274.7 317.0   8.0  53.0
2017 921.000   12680 A    Hsx   48    1   60 0.916 275.7 318.0   8.0  67.0
2017 921.000   12681 A    Hsx   30    1   60 0.966 104.5 178.0 -12.0 -73.0
2017 922.000   12680 A    Hsx   18    1   50 0.982 276.8 318.0   8.0  80.0
2017 922.000   12681 A    Hsx   75    1   80 0.882 108.8 179.0 -13.0 -59.0
2017 923.000   12680 A    Hsx    4    1   60 0.999 277.3 319.0   7.0  93.0
2017 923.000   12681 A    Hsx  103    1   80 0.765 113.6 180.0 -13.0 -46.0
2017 924.000   12681 B    Cso  142    2   90 0.609 122.1 179.0 -13.0 -32.0
2017 925.000   12681 A    Hsx  159    1   90 0.461 136.5 179.0 -13.0 -19.0
2017 925.000   12682 A    Hsx  108    1  180 0.954 101.7 127.0  -9.0 -71.0
2017 926.000   12681 B    Cso  188    3  100 0.331 168.1 179.0 -12.0  -4.0
2017 926.000   12682 A    Hax  193    1  200 0.876 105.4 126.0 -10.0 -59.0
2017 926.000   12683 A    Hkx  134    2  260 0.966  80.4 109.0  11.0 -76.0
2017 927.000   12681 B    Cso  219    7  120 0.400 202.2 181.0 -15.0   9.0
2017 927.000   12682 A    Hax  235    1  180 0.756 111.0 122.0 -11.0 -46.0
2017 927.000   12683 B    Dao  163    2  160 0.860  80.1 111.0  12.0 -60.0
2017 928.000   12681 A    Hsx  140    1   80 0.481 226.5 179.0 -13.0  21.0
2017 928.000   12682 A    Hax  294    2  180 0.576 118.3 127.0 -10.0 -31.0
2017 928.000   12683 A    Hkx  377    2  270 0.715  78.5 112.0  13.0 -46.0
2017 929.000   12681 A    Hsx  106    1   70 0.649 239.0 180.0 -14.0  35.0
2017 929.000   12682 B    Cao  233    7  130 0.442 126.7 124.0  -9.0 -21.0
2017 929.000   12683 A    Hkx  500    2  280 0.447  72.1 119.0  14.0 -26.0
2017 930.000   12681 A    Hsx   86    1   70 0.787 246.3 180.0 -14.0  48.0
2017 930.000   12682 B    Cao  228    6  120 0.303 153.0 124.0  -9.0  -8.0
2017 930.000   12683 A    Hkx  501    2  270 0.373  68.9 111.0  14.0 -21.0
201710 1.000   12681 A    Hsx   52    1   60 0.898 250.8 180.0 -14.0  61.0
201710 1.000   12682 B    Cso  208    5  110 0.315 195.8 124.0 -11.0   5.0
201710 1.000   12683 A    Hkx  531    2  270 0.175  50.6 111.0  13.0  -8.0
201710 2.000   12681 A    Hsx   28    1   60 0.971 253.8 180.0 -14.0  74.0
201710 2.000   12682 A    Hsx  181    1  100 0.425 225.6 124.0 -11.0  18.0
201710 2.000   12683 A    Hkx  534    2  270 0.140 322.7 111.0  13.0   5.0
201710 3.000   12682 A    Hsx  171    1  110 0.624 244.9 127.0 -10.0  35.0
201710 3.000   12683 A    Hkx  545    4  290 0.338 290.4 111.0  13.0  19.0
201710 4.000   12682 A    Hsx  155    1  120 0.762 250.9 126.0 -10.0  47.0
201710 4.000   12683 B    Cko  558    4  330 0.532 284.1 111.0  13.0  32.0
201710 5.000   12682 A    Hsx  118    1  130 0.891 255.3 127.0 -10.0  61.0
201710 5.000   12683 B    Cko  425    6  300 0.704 282.0 111.0  13.0  45.0
201710 6.000   12682 A    Hsx   60    1  120 0.968 257.9 127.0 -10.0  74.0
201710 6.000   12683 B    Cko  301    5  280 0.843 281.4 111.0  13.0  58.0
201710 7.000   12682 A    Hsx    7    1  120 1.000 258.7 127.0 -11.0  87.0
201710 7.000   12683 A    Hkx  183    1  270 0.940 281.6 111.0  13.0  71.0
201710 8.000   12683 A    Hax   55    1  220 0.992 282.4 111.0  13.0  84.0
20171016.000   12684 B    Bxo   16    2   10 0.531 281.6 312.0  11.0  32.0
20171022.000   12685 A    Hax   25    1   50 0.968 102.8 128.0 -11.0 -74.0
20171023.000   12685 A    Hax   71    3   70 0.862 103.6 131.0  -9.0 -58.0
20171024.000   12685 A    Hax   81    1   60 0.731 107.3 130.0  -9.0 -45.0
20171024.000   12686 A    Hax   23    2   30 0.917  79.1 108.0  12.0 -67.0
20171025.000   12685 A    Hsx   99    1   60 0.558 114.3 131.0  -9.0 -31.0
20171025.000   12686 A    Hax   36    2   30 0.797  78.7 109.0  12.0 -53.0
20171026.000   12685 A    Hsx   92    2   50 0.373 129.3 132.0  -9.0 -17.0
20171026.000   12686 A    Hsx   31    2   20 0.632  77.0 110.0  12.0 -39.0
20171027.000   12685 A    Hsx   58    1   30 0.248 163.9 132.0  -9.0  -4.0
20171027.000   12686 A    Hrx   35    2   20 0.464  73.2 109.0  12.0 -27.0
20171028.000   12685 A    Hrx   57    1   30 0.282 213.3 132.0  -9.0   9.0
20171028.000   12686 A    Hax   57    2   30 0.292  59.7 108.0  13.0 -15.0
20171029.000   12685 A    Hrx   18    1   10 0.427 240.2 131.0  -8.0  22.0
20171029.000   12686 A    Hrx   19    1   10 0.150  13.1 108.0  13.0  -2.0
20171030.000   12685 A    Axx   16    1   10 0.595 248.3 130.0  -9.0  34.0
20171030.000   12686 A    Hrx   19    2   10 0.252 306.4 108.0  13.0  12.0
20171031.000   12685 A    Axx    0    1    0 0.773 254.6 132.0  -9.0  49.0
20171031.000   12686 A    Axx   17    1   10 0.455 290.2 109.0  13.0  26.0
201711 1.000   12686 A    Axx    0    1    0 0.636 285.3 109.0  13.0  39.0
20171115.000   12687 B    Cao   42    4   50 0.904 100.2 181.0  -8.0 -64.0
20171116.000   12687 B    Cao  101    4   90 0.826 100.3 177.0  -7.0 -55.0
20171117.000   12687 B    Cao  137    5   90 0.647 105.5 178.0  -8.0 -39.0
20171118.000   12687 A    Hax  101    4   60 0.539 108.9 175.0  -8.0 -31.0
20171118.000   12688 B    Bxo   16    2   10 0.543 286.7 238.0  11.0  32.0
20171119.000   12687 A    Hrx   55    4   30 0.361 122.4 175.0  -9.0 -18.0
20171126.000   12689 B    Cso   38    3   20 0.243 326.0 108.0  13.0   8.0
20171127.000   12689 B    Cao  109    5   60 0.405 300.4 108.0  13.0  21.0
20171128.000   12689 B    Cso   97    5   60 0.583 291.0 108.0  13.0  34.0
20171129.000   12689 B    Cao   77    4   60 0.764 284.9 110.0  12.0  49.0
20171130.000   12689 A    Hax   33    2   40 0.909 282.8 113.0  12.0  65.0
201712 1.000   12689 A    Hrx   16    1   40 0.979 283.1 112.0  13.0  78.0
201712 7.000   12690 B    Bxo   18    3   10 0.315 292.8 332.0   7.0  17.0
201712 8.000   12690 A    Axx   16    1   10 0.538 281.4 334.0   6.0  32.0
20171211.000   12691 A    Axx   14    1   10 0.670  93.9 221.0  -3.0 -42.0
20171212.000   12691 B    Bxo   17    3   10 0.486  95.0 220.0  -3.0 -29.0
20171213.000   12691 B    Bxo   19    3   10 0.278  98.2 220.0  -3.0 -16.0
20171221.000   12692 B    Cao   93    6   70 0.742  66.4  86.0  16.0 -45.0
20171222.000   12692 B    Dao  113    8   70 0.582  54.7  88.0  18.0 -30.0
20171223.000   12692 B    Dao  126    8   70 0.430  37.5  89.0  18.0 -16.0
20171224.000   12692 B    Dao  168   12   90 0.348   8.2  87.0  18.0  -3.0
20171225.000   12692 B    Eai  296   12  160 0.377 336.7  87.0  18.0   9.0
20171226.000   12692 B    Eao  172    7  100 0.507 312.9  88.0  18.0  23.0
20171227.000   12692 B    Cro   45    4   30 0.644 302.1  87.0  18.0  35.0
20171228.000   12692 A    Axx   13    1   10 0.760 295.1  85.0  17.0  46.0
