2019 1 2.000   12732 B    Bxo   18    3   10 0.406 303.9 215.0  10.0  20.0
2019 1 3.000   12732 B    Dro   49    6   30 0.576 290.9 214.0   9.0  33.0
2019 1 4.000   12732 B    Cao  119    6   90 0.749 285.3 215.0   9.0  47.0
2019 1 5.000   12732 B    Cao   49    3   50 0.869 283.7 215.0  10.0  59.0
2019 1 6.000   12732 B    Bxo    5    3   10 0.966 281.4 217.0  10.0  74.0
2019 1 7.000   12732 B    Bxo    1    2   10 0.997 279.3 213.0   9.0  85.0
2019 124.000   12733 B    Cro   58    9   30 0.242  34.9 258.0   6.0  -8.0
2019 125.000   12733 B    Dro   58    9   30 0.234 328.8 259.0   6.0   7.0
2019 126.000   12733 B    Dri   91   17   50 0.393 300.0 259.0   6.0  20.0
2019 127.000   12733 B    Dsi  129   16   80 0.587 288.6 260.0   6.0  34.0
2019 128.000   12733 B    Dso  117   12   90 0.756 281.8 261.0   5.0  48.0
2019 129.000   12733 B    Cso   75    6   80 0.883 280.0 261.0   6.0  61.0
2019 130.000   12733 B    Cso   41    5   90 0.973 276.6 263.0   5.0  76.0
2019 131.000   12733 B    Cao    1    2   90 1.000 274.1 262.0   4.0  89.0
2019 3 6.000   12734 B    Cro   34    4   20 0.514  61.0  59.0   8.0 -27.0
2019 3 7.000   12734 B    Cro   56    7   30 0.355  38.8  60.0   9.0 -13.0
2019 3 8.000   12734 B    Cao   38    4   20 0.280 356.5  60.0   9.0   1.0
2019 3 9.000   12734 A    Hax   18    1   10 0.387 311.6  63.0   8.0  17.0
2019 310.000   12734 A    Hsx   16    1   10 0.553 296.4  63.0   8.0  30.0
2019 311.000   12734 A    Hsx   13    1   10 0.725 288.3  64.0   8.0  44.0
2019 312.000   12734 A    Axx    9    1   10 0.873 283.4  66.0   8.0  59.0
2019 313.000   12734 A    Axx    5    1   10 0.958 280.6  65.0   8.0  72.0
2019 319.000   12735 B    Bxo   18    3   10 0.337  59.9 257.0   3.0 -17.0
2019 320.000   12735 B    Cro   39    5   20 0.177  11.3 259.0   3.0  -2.0
2019 321.000   12735 A    Axx   19    2   10 0.258 306.4 260.0   2.0  12.0
2019 321.000   12736 B    Dac   78    6   50 0.621 294.1 283.0   9.0  35.0
2019 322.000   12735 A    Axx   17    1   10 0.446 288.8 260.0   2.0  25.0
2019 322.000   12736 BGD  Dac  267   28  210 0.771 287.8 283.0   9.0  48.0
2019 323.000   12736 BG   Eki  373   17  420 0.896 282.5 284.0   8.0  62.0
2019 324.000   12736 B    Eki  114   12  280 0.979 279.7 285.0   8.0  77.0
2019 325.000   12736 B    Dso    2    4   60 1.000 278.2 283.0   8.0  88.0
2019 4 1.000   12737 B    Bxo   13    4   10 0.726  66.7  59.0  12.0 -43.0
2019 4 2.000   12737 B    Cro   49    7   30 0.562  57.5  61.0  12.0 -29.0
2019 4 3.000   12737 B    Cao   73    8   40 0.391  37.2  63.0  12.0 -14.0
2019 4 4.000   12737 B    Bxo   18    7   10 0.332   5.9  61.0  13.0  -2.0
2019 4 8.000   12738 A    Hsx  176    1  300 0.956  81.8 298.0   6.0 -72.0
2019 4 9.000   12738 A    Hhx  241    2  250 0.875  79.8 297.0   6.0 -60.0
2019 410.000   12738 B    Cho  405    2  300 0.736  76.3 298.0   6.0 -46.0
2019 411.000   12738 B    Cho  573    3  350 0.574  70.8 298.0   6.0 -33.0
2019 412.000   12738 A    Hhx  478    3  260 0.393  59.9 298.0   6.0 -20.0
2019 413.000   12738 B    Cho  583    4  300 0.235  31.0 297.0   6.0  -7.0
2019 414.000   12738 B    Cho  584    4  300 0.226 332.6 297.0   6.0   6.0
2019 415.000   12738 A    Hhx  462    1  250 0.378 301.0 297.0   6.0  19.0
2019 416.000   12738 A    Hhx  486    1  300 0.585 288.1 299.0   6.0  34.0
2019 417.000   12738 A    Hhx  430    1  330 0.757 282.7 300.0   6.0  48.0
2019 418.000   12738 A    Hhx  364    1  400 0.890 279.5 301.0   6.0  62.0
2019 418.000   12739 B    Bxo   18    3   10 0.339 300.9 256.0   5.0  17.0
2019 419.000   12738 A    Hhx  119    1  260 0.973 277.4 301.0   6.0  76.0
2019 419.000   12739 B    Cro   32    2   20 0.566 286.6 258.0   5.0  33.0
2019 420.000   12738 A    Hhx    4    1  250 1.000 276.0 302.0   6.0  90.0
2019 420.000   12739 B    Bxo   26    2   20 0.755 281.1 260.0   5.0  48.0
2019 421.000   12739 A    Axx    7    1   10 0.926 278.6 263.0   6.0  67.0
2019 5 4.000   12740 A    Hhx   81    1  260 0.988  77.2 307.0  12.0 -80.0
2019 5 5.000   12740 A    Hhx  202    2  270 0.927  78.8 307.0   9.0 -67.0
2019 5 6.000   12740 BD   Dho  320    4  280 0.820  77.7 307.0   8.0 -54.0
2019 5 7.000   12740 BD   Cso  300    4  200 0.659  75.3 308.0   7.0 -40.0
2019 5 7.000   12741 A    Hsx   30    1  100 0.989  84.4 267.0   5.0 -81.0
2019 5 8.000   12740 B    Cso  415    6  240 0.502  67.9 306.0   8.0 -28.0
2019 5 8.000   12741 A    Hsx  135    1  170 0.917  83.1 268.0   5.0 -66.0
2019 5 9.000   12740 B    Cao  304    3  160 0.307  51.2 307.0   8.0 -14.0
2019 5 9.000   12741 A    Hsx  194    1  160 0.794  81.2 269.0   5.0 -52.0
2019 510.000   12740 B    Cao  235    4  120 0.192  -0.0 307.0   8.0   0.0
2019 510.000   12741 A    Hsx  248    1  160 0.630  76.5 270.0   6.0 -38.0
2019 511.000   12740 A    Hax  210    3  110 0.292 310.3 308.0   8.0  13.0
2019 511.000   12741 A    Hsx  286    1  160 0.447  70.2 270.0   6.0 -25.0
2019 512.000   12740 A    Hax  174    3  100 0.485 292.1 308.0   8.0  27.0
2019 512.000   12741 A    Hsx  310    3  160 0.244  51.1 270.0   6.0 -11.0
2019 513.000   12740 A    Hax  105    2   70 0.660 285.4 308.0   8.0  40.0
2019 513.000   12741 A    Hsx  414    2  210 0.156 347.1 270.0   6.0   2.0
2019 514.000   12740 A    Hrx   11    1   10 0.808 281.9 308.0   8.0  53.0
2019 514.000   12741 A    Hsx  285    2  150 0.304 295.5 271.0   5.0  16.0
2019 515.000   12740 A    Axx    7    1   10 0.925 279.7 309.0   8.0  67.0
2019 515.000   12741 A    Hsx  273    3  160 0.517 286.0 272.0   6.0  30.0
2019 516.000   12741 A    Hsx  213    3  150 0.702 279.6 272.0   5.0  44.0
2019 517.000   12741 A    Hax  161    3  150 0.843 277.4 272.0   5.0  57.0
2019 518.000   12741 A    Hax  101    3  150 0.941 276.1 272.0   5.0  70.0
2019 519.000   12741 A    Hax   33    1  140 0.993 275.3 272.0   5.0  83.0
2019 625.000   12742 A    Axx   16    1   10 0.544 273.7  92.0   4.0  33.0
2019 625.000   12743 A    Axx   12    3   10 0.787 272.0 111.0   3.0  52.0
2019 626.000   12743 A    Axx    7    2   10 0.920 272.2 113.0   3.0  67.0
2019 627.000   12743 A    Axx    0    1    0 0.987 272.6 114.0   3.0  81.0
2019 628.000   12743 A    Axx    2    1   10 0.995 273.3 115.0   3.0  96.0
2019 7 8.000   12744 B    Bxo   26    2   20 0.742 132.3 209.0 -27.0 -38.0
2019 723.000   12745 A    Axx    0    1    0 0.575 266.1  84.0   2.0  35.0
2019 8 6.000   12746 B    Bxo   19    2   10 0.238 144.4 219.0  -5.0  -8.0
2019 8 7.000   12747 A    Axx    0    1    0 0.190  90.8 199.0   6.0 -11.0
2019 9 2.000   12748 B    Bxo   18    2   10 0.385  70.8 205.0  14.0 -22.0
2019 9 3.000   12748 A    Hsx   39    2   20 0.168  44.9 205.0  14.0  -7.0
201910 2.000   12749 A    Axx    0    1    0 0.889 103.7 129.0  -9.0 -61.0
201910 3.000   12749 A    Axx    0    1    0 0.769 107.5 129.0  -9.0 -48.0
201911 2.000   12750 A    Axx   15    1   10 0.645 144.6 116.0 -28.0 -25.0
201911 3.000   12751 B    Bxo   17    3   10 0.437 273.1 154.0   5.0  26.0
20191225.000   12753 B    Bxo   12    2   10 0.761 127.1 119.0 -29.0 -44.0
20191225.000   12754 B    Bxo   17    2   10 0.450 349.8 168.0  24.0   5.0
20191226.000   12753 B    Bxo   15    2   10 0.610 137.7 122.0 -29.0 -28.0
20191226.000   12754 A    Axx   13    1   10 0.747 307.2 191.0  25.0  41.0
20191227.000   12753 A    Axx   17    1   10 0.515 150.2 120.0 -29.0 -17.0
