2010 1 1.000   11039 B    Dai  220    8  130 0.528 216.8  54.0 -28.0  21.0
2010 1 2.000   11039 B    Dso  181    6  120 0.656 231.2  54.0 -27.0  35.0
2010 1 3.000   11039 B    Dso  243   12  190 0.768 235.8  52.0 -28.0  46.0
2010 1 4.000   11039 B    Dso  210   10  220 0.878 238.7  52.0 -29.0  59.0
2010 1 5.000   11039 B    Dso   90    5  150 0.953 241.7  52.0 -28.0  72.0
2010 1 6.000   11039 B    Dro    5    3   90 1.000 241.1  56.0 -29.0  90.0
2010 1 8.000   11040 B    Bxo   67    5   80 0.907  56.6 241.0  28.0 -59.0
2010 1 9.000   11040 B    Bxo   44    4   40 0.828  50.6 240.0  29.0 -47.0
2010 110.000   11040 B    Cri   93   10   70 0.741  42.1 239.0  30.0 -35.0
2010 111.000   11040 B    Eao  203   15  130 0.621  25.5 243.0  30.0 -18.0
2010 112.000   11040 B    Dhc  493   25  300 0.570  15.5 237.0  29.0 -10.0
2010 113.000   11040 B    Eao  504   25  300 0.540 353.5 238.0  28.0   4.0
2010 114.000   11040 B    Eki  628   31  380 0.563 342.6 236.0  28.0  11.0
2010 115.000   11040 B    Eki  419   24  290 0.690 320.2 238.0  28.0  30.0
2010 116.000   11040 B    Eki  432   16  350 0.787 313.2 236.0  29.0  41.0
2010 117.000   11040 B    Cki  251   14  290 0.901 305.5 239.0  29.0  57.0
2010 118.000   11040 B    Dso   62    6  160 0.981 301.9 242.0  30.0  74.0
2010 119.000   11040 B    Dho   19    4  140 0.998 296.6 238.0  26.0  83.0
2010 121.000   11041 B    Cso   28    6   60 0.970 114.5  52.0 -25.0 -77.0
2010 122.000   11041 B    Cao  181    7  190 0.878 114.5  55.0 -24.0 -61.0
2010 123.000   11041 B    Eso  247    7  200 0.785 117.8  52.0 -25.0 -50.0
2010 123.000   11042 B    Cso   62    3   40 0.626 316.0 130.0  22.0  28.0
2010 124.000   11041 B    Eai  297    9  190 0.621 122.4  54.0 -24.0 -35.0
2010 124.000   11042 B    Cao  246   11  190 0.760 305.3 131.0  22.0  42.0
2010 125.000   11041 B    Dsi  298    7  170 0.481 132.1  53.0 -24.0 -23.0
2010 125.000   11042 B    Dai  155    5  160 0.875 297.8 132.0  21.0  56.0
2010 126.000   11041 B    Cai   92   11   50 0.383 150.5  52.0 -25.0 -12.0
2010 126.000   11042 B    Cro   24    3   50 0.969 290.2 137.0  18.0  73.0
2010 127.000   11041 B    Dso  113    7   60 0.317 188.7  53.0 -24.0   3.0
2010 127.000   11042 A    Hsx    6    1   90 0.999 288.3 136.0  18.0  86.0
2010 128.000   11041 B    Cso   72    5   40 0.416 217.0  53.0 -25.0  16.0
2010 129.000   11041 A    Hsx   48    3   30 0.596 233.1  55.0 -26.0  32.0
2010 130.000   11041 B    Bxo   28    2   20 0.708 237.3  52.0 -27.0  42.0
2010 131.000   11041 A    Axx   10    1   10 0.856 242.0  55.0 -27.0  58.0
2010 131.000   11043 B    Bxo   54    4   40 0.735  44.0 322.0  27.0 -35.0
2010 2 1.000   11043 B    Dso   93    4   60 0.628  35.9 320.0  25.0 -24.0
2010 2 2.000   11043 B    Cso  117    6   70 0.540  17.0 321.0  25.0 -10.0
2010 2 3.000   11043 A    Hsx   85    1   50 0.524 351.3 322.0  25.0   5.0
2010 2 4.000   11043 A    Hsx   81    1   50 0.586 331.5 322.0  25.0  18.0
2010 2 5.000   11043 A    Hsx   28    1   20 0.714 316.7 324.0  26.0  33.0
2010 2 6.000   11043 A    Hax   21    1   20 0.843 303.9 328.0  24.0  50.0
2010 2 6.000   11044 A    Axx   14    1   10 0.684 305.1 314.0  18.0  36.0
2010 2 7.000   11043 A    Axx   14    1   20 0.927 300.3 327.0  25.0  62.0
2010 2 7.000   11045 BG   Dkc  481    9  290 0.557  25.1 250.0  24.0 -15.0
2010 2 8.000   11043 A    Axx    4    1   10 0.975 295.4 325.0  23.0  73.0
2010 2 8.000   11045 BG   Fkc  556   18  320 0.493 358.1 253.0  23.0   1.0
2010 2 8.000   11046 B    Bxo   19    2   30 0.943  60.6 187.0  25.0 -65.0
2010 2 9.000   11045 BGD  Fkc  696   35  420 0.558 331.2 256.0  23.0  17.0
2010 2 9.000   11046 B    Bxo   30    4   30 0.859  56.9 186.0  24.0 -52.0
2010 2 9.000   11047 A    Axx    7    2   10 0.934 103.6 169.0 -15.0 -70.0
2010 210.000   11045 BGD  Fkc  465   25  300 0.630 320.2 252.0  23.0  26.0
2010 210.000   11046 B    Bxo   12    7   10 0.779  51.7 184.0  24.0 -42.0
2010 210.000   11047 A    Axx    9    1   10 0.869 105.8 165.0 -17.0 -61.0
2010 211.000   11045 B    Fai  322   16  240 0.741 308.0 252.0  22.0  39.0
2010 211.000   11046 B    Dso  195    8  130 0.657  40.7 185.0  24.0 -28.0
2010 211.000   11047 A    Axx   14    1   10 0.687 109.2 170.0 -18.0 -43.0
2010 212.000   11045 B    Fsi  156   11  150 0.852 301.0 252.0  22.0  52.0
2010 212.000   11046 BG   Eac  318   33  190 0.547  25.8 185.0  23.0 -15.0
2010 213.000   11045 BG   Fso   69    5   90 0.922 293.9 251.0  19.0  63.0
2010 213.000   11046 BG   Esc  223   13  130 0.512  -0.0 185.0  24.0   0.0
2010 214.000   11045 B    Bxo   55    4  100 0.961 297.4 242.0  24.0  69.0
2010 214.000   11046 B    Cso  221   13  130 0.526 340.5 184.0  23.0  11.0
2010 215.000   11046 B    Cao  110    6   70 0.618 324.7 183.0  24.0  23.0
2010 215.000   11048 B    Bxo    7    2   10 0.930  65.3  96.0  20.0 -64.0
2010 216.000   11046 B    Cao   54    4   40 0.729 312.5 183.0  24.0  36.0
2010 216.000   11048 B    Bxo   11    3   10 0.833  59.1  97.0  21.0 -50.0
2010 217.000   11046 B    Cro   44    3   40 0.830 302.5 183.0  22.0  49.0
2010 217.000   11048 B    Bxo   14    5   10 0.689  49.3 100.0  21.0 -34.0
2010 218.000   11046 A    Hsx   26    3   30 0.897 298.8 179.0  22.0  58.0
2010 218.000   11048 A    Axx   16    4   10 0.586  40.7  97.0  20.0 -24.0
2010 218.000   11049 B    Dso   78   12   40 0.211 171.0 119.0 -19.0  -2.0
2010 219.000   11049 B    Dao  114    7   60 0.299 225.3 121.0 -19.0  13.0
2010 220.000   11049 B    Dsi  106   13   60 0.455 241.4 120.0 -19.0  25.0
2010 221.000   11049 B    Dsi   93    9   60 0.626 248.3 120.0 -19.0  38.0
2010 222.000   11049 B    Cso   60    7   50 0.795 252.8 121.0 -18.0  53.0
2010 223.000   11049 B    Cso   16    4   20 0.913 253.4 122.0 -18.0  67.0
2010 224.000   11049 B    Bxo    4    3   10 0.972 253.1 120.0 -18.0  78.0
2010 224.000   11050 B    Bxo   38    8   20 0.275 226.0  54.0 -18.0  12.0
2010 225.000   11049 B    Bxo    0    2   10 1.000 251.0 120.0 -19.0  91.0
2010 225.000   11050 B    Bxo   17    5   10 0.481 243.1  55.0 -19.0  27.0
2010 225.000   11051 B    Cao   69    3  100 0.937  68.8 322.0  17.0 -66.0
2010 226.000   11050 B    Bxo   30    7   20 0.651 249.1  55.0 -19.0  40.0
2010 226.000   11051 B    Bxo   10    3   10 0.850  66.1 321.0  16.0 -54.0
2010 227.000   11050 B    Bxo   37    3   30 0.786 251.5  54.0 -19.0  52.0
2010 227.000   11051 B    Cso   55    3   40 0.723  61.2 321.0  15.0 -41.0
2010 228.000   11050 A    Axx    0    2    0 0.892 253.4  53.0 -18.0  64.0
2010 228.000   11051 B    Cao   49    4   30 0.571  50.2 322.0  15.0 -27.0
2010 3 1.000   11051 A    Hsx   18    3   10 0.426  28.1 324.0  15.0 -12.0
2010 3 2.000   11050 A    Axx    0    1    0 0.495 250.2 352.0 -16.0  29.0
2010 3 2.000   11051 A    Hsx   18    1   10 0.395 357.6 323.0  16.0   1.0
2010 3 2.000   11052 B    Bxo   35    3   20 0.462 244.5 348.0 -18.0  26.0
2010 3 2.000   11053 B    Bxo   30    2   20 0.636 243.9 360.0 -22.0  38.0
2010 3 3.000   11051 A    Hsx   17    1   10 0.455 329.3 323.0  16.0  14.0
2010 3 3.000   11052 B    Cso   30    4   20 0.660 250.9 350.0 -18.0  41.0
2010 3 3.000   11053 B    Cso   37    4   30 0.781 246.3 360.0 -23.0  51.0
2010 3 4.000   11051 A    Axx   16    2   10 0.582 308.8 324.0  15.0  28.0
2010 3 4.000   11052 B    Bxo   11    3   10 0.823 254.3 352.0 -17.0  56.0
2010 3 4.000   11053 B    Bxo    9    4   10 0.878 248.9 358.0 -22.0  62.0
2010 3 5.000   11051 A    Axx   13    1   10 0.729 300.1 324.0  16.0  41.0
2010 3 5.000   11052 B    Cro   28    5   40 0.932 254.5 353.0 -17.0  70.0
2010 3 5.000   11053 B    Cro   20    4   40 0.967 249.1 360.0 -22.0  77.0
2010 3 6.000   11051 A    Axx   10    1   10 0.842 294.3 323.0  16.0  53.0
2010 3 6.000   11052 B    Bxo    3    3   10 0.986 254.9 352.0 -16.0  82.0
2010 3 6.000   11053 A    Axx    1    1   10 0.998 248.3 359.0 -22.0  89.0
2010 311.000   11054 B    Bxo   10    2   10 0.856  71.3 148.0  12.0 -56.0
2010 312.000   11054 B    Dso  147    7  110 0.744  62.3 148.0  15.0 -43.0
2010 312.000   11055 B    Cso   55    4   30 0.365 220.8 206.0 -23.0  15.0
2010 313.000   11054 B    Dao  306   12  190 0.592  52.3 148.0  15.0 -29.0
2010 313.000   11055 B    Cso   51    4   30 0.513 234.0 204.0 -24.0  27.0
2010 314.000   11054 BG   Esc  410   22  230 0.449  33.8 149.0  15.0 -15.0
2010 315.000   11054 BG   Esi  428   20  230 0.361   2.7 149.0  14.0  -1.0
2010 316.000   11054 BG   Eai  434   18  240 0.427 326.7 151.0  14.0  14.0
2010 317.000   11054 B    Dai  150   11   90 0.548 311.8 149.0  15.0  25.0
2010 318.000   11054 B    Cai  102    4   70 0.679 301.2 148.0  15.0  37.0
2010 318.000   11056 B    Bxo   24    4   20 0.791  62.1  64.0  17.0 -47.0
2010 319.000   11054 B    Bxo   41    3   40 0.858 293.4 153.0  16.0  55.0
2010 319.000   11056 B    Bxo   74    5   50 0.667  52.8  64.0  18.0 -34.0
2010 320.000   11054 A    Hsx    5    1   10 0.961 288.9 156.0  16.0  71.0
2010 320.000   11056 B    Bxo   16    3   10 0.546  40.7  63.0  18.0 -22.0
2010 321.000   11054 A    Axx    1    1   10 0.995 286.9 154.0  16.0  82.0
2010 321.000   11056 B    Bxo   53    4   30 0.437  15.4  65.0  18.0  -7.0
2010 322.000   11056 B    Csi  126   15   70 0.433 346.7  65.0  18.0   6.0
2010 323.000   11056 B    Bxo   83    7   50 0.547 321.7  67.0  19.0  21.0
2010 324.000   11056 B    Bxo    7    3    5 0.666 307.0  66.0  18.0  34.0
2010 324.000   11057 B    Bxo    2    3    5 0.969  71.5 319.0  16.0 -73.0
2010 325.000   11057 BG   Dac  233    5  240 0.873  67.4 322.0  16.0 -57.0
2010 326.000   11057 B    Dhc  518    4  400 0.762  63.7 321.0  15.0 -45.0
2010 326.000   11058 A    Axx    1    1    1 0.563 350.5  12.0  27.0   6.0
2010 327.000   11057 B    Dki  512    6  320 0.599  53.7 323.0  15.0 -30.0
2010 327.000   11058 A    Axx    7    1    5 0.612 328.0  14.0  25.0  21.0
2010 328.000   11057 B    Dhi  677    9  380 0.452  36.1 324.0  15.0 -16.0
2010 328.000   11059 A    Hsx   75    1  120 0.950 110.0 267.0 -21.0 -73.0
2010 329.000   11057 B    Eki  760   12  410 0.375  10.4 322.0  15.0  -4.0
2010 329.000   11059 A    Hax   97    1  100 0.872 111.5 265.0 -22.0 -61.0
2010 330.000   11057 B    Dki  530   11  290 0.403 335.4 324.0  15.0  10.0
2010 330.000   11059 A    Hsx  197    1  150 0.754 114.9 265.0 -23.0 -48.0
2010 331.000   11057 B    Dhi  447   10  260 0.510 314.8 322.0  15.0  22.0
2010 331.000   11059 A    Hax  203    2  130 0.620 119.3 264.0 -23.0 -36.0
2010 4 1.000   11057 B    Cko  375    2  250 0.660 303.3 322.0  16.0  35.0
2010 4 1.000   11059 A    Hax  124    1   70 0.455 127.3 264.0 -22.0 -23.0
2010 4 2.000   11057 B    Cao  246    3  190 0.760 296.0 320.0  15.0  45.0
2010 4 2.000   11059 A    Hsx   94    2   50 0.315 149.2 264.0 -22.0 -10.0
2010 4 3.000   11057 A    Hhx  230    4  250 0.887 291.8 320.0  16.0  59.0
2010 4 3.000   11059 B    Cso   76    4   40 0.291 189.5 264.0 -23.0   3.0
2010 4 4.000   11057 A    Hsx  106    3  200 0.964 288.5 319.0  16.0  72.0
2010 4 4.000   11059 A    Hsx   93    4   50 0.364 221.2 262.0 -22.0  15.0
2010 4 5.000   11057 A    Hsx   12    3   90 0.998 286.6 318.0  16.0  84.0
2010 4 5.000   11059 A    Hsx   51    3   30 0.526 235.2 262.0 -23.0  28.0
2010 4 5.000   11060 B    Dro   78    4   90 0.899  59.5 176.0  24.0 -58.0
2010 4 6.000   11059 A    Hax   44    3   30 0.677 239.3 261.0 -25.0  40.0
2010 4 6.000   11060 B    Cro   71    4   60 0.806  52.7 176.0  25.0 -45.0
2010 4 6.000   11061 B    Dso   92    4   50 0.390 331.6 232.0  14.0  11.0
2010 4 7.000   11059 A    Axx   12    2   10 0.791 243.0 259.0 -25.0  51.0
2010 4 7.000   11060 B    Cro   42    3   30 0.703  42.7 176.0  26.0 -32.0
2010 4 7.000   11061 B    Dso  188    6  110 0.518 310.3 232.0  14.0  24.0
2010 4 8.000   11060 A    Axx   16    1   10 0.545  23.9 181.0  24.0 -14.0
2010 4 8.000   11061 B    Dso  102    4   70 0.684 296.3 234.0  13.0  39.0
2010 4 9.000   11060 A    Axx    0    1    0 0.515  -0.0 181.0  25.0   0.0
2010 4 9.000   11061 B    Cso   56    2   50 0.822 291.6 233.0  14.0  52.0
2010 410.000   11061 A    Hsx   25    1   40 0.946 285.9 237.0  13.0  69.0
2010 411.000   11061 A    Axx    1    1   10 0.995 283.7 238.0  13.0  83.0
2010 413.000   11062 B    Bxo   19    4   10 0.229 201.2 134.0 -18.0   5.0
2010 414.000   11062 B    Cro   36    4   20 0.393 235.9 135.0 -18.0  20.0
2010 415.000   11062 B    Bxo   16    2   10 0.580 246.4 136.0 -18.0  34.0
2010 429.000   11063 B    Bxo   18    2   10 0.415  34.1 264.0  16.0 -14.0
2010 5 1.000   11064 B    Bxo   33    2   20 0.554  54.9 223.0  15.0 -28.0
2010 5 2.000   11064 B    Cro   18    3   10 0.420  36.3 223.0  16.0 -15.0
2010 5 3.000   11064 A    Axx    0    1    0 0.325   6.0 223.0  15.0  -2.0
2010 5 3.000   11065 A    Axx    0    1    0 0.529 206.2 241.0 -32.0  16.0
2010 5 3.000   11066 A    Axx    0    1    0 0.466 148.2 209.0 -27.0 -16.0
2010 5 3.000   11067 B    Bxo   20    4   20 0.866  60.6 170.0  23.0 -55.0
2010 5 4.000   11063 B    Bxo   11    2   10 0.826 294.8 264.0  18.0  52.0
2010 5 4.000   11065 A    Axx    0    1    0 0.632 220.6 241.0 -32.0  29.0
2010 5 4.000   11066 B    Cro   36    5   20 0.403 168.9 207.0 -27.0  -5.0
2010 5 4.000   11067 B    Cso   27    2   20 0.716  52.4 174.0  23.0 -38.0
2010 5 4.000   11068 A    Axx    0    1    0 0.968 108.7 135.0 -19.0 -76.0
2010 5 5.000   11063 B    Bxo    7    3   10 0.930 291.0 264.0  18.0  66.0
2010 5 5.000   11066 B    Bxo   18    3   10 0.396 196.0 205.0 -26.0   7.0
2010 5 5.000   11067 B    Dro   32    3   20 0.580  40.2 174.0  23.0 -24.0
2010 5 5.000   11068 B    Bxo    8    2   10 0.908 109.3 133.0 -19.0 -65.0
2010 5 5.000   11069 BG   Dai   61    9   50 0.786 334.6 225.0  42.0  27.0
2010 5 6.000   11063 B    Bxo    2    2   10 0.989 288.8 264.0  18.0  80.0
2010 5 6.000   11066 A    Axx   17    1   10 0.512 221.1 206.0 -26.0  22.0
2010 5 6.000   11067 B    Bxo   17    3   10 0.491  24.9 171.0  23.0 -13.0
2010 5 6.000   11068 A    Axx   11    1   10 0.822 113.2 130.0 -21.0 -54.0
2010 5 6.000   11069 BG   Dai  182    7  170 0.844 324.9 224.0  41.0  40.0
2010 5 6.000   11070 B    Bxo   18    3   10 0.434 342.6 192.0  21.0   8.0
2010 5 7.000   11067 B    Bxo   17    2   10 0.447   6.2 168.0  23.0  -3.0
2010 5 7.000   11068 B    Bxo   14    4   10 0.685 115.9 130.0 -20.0 -41.0
2010 5 7.000   11069 BG   Esi   68    9   80 0.904 320.3 222.0  42.0  51.0
2010 5 8.000   11068 A    Axx    0    1    0 0.523 121.9 130.0 -19.0 -28.0
2010 5 8.000   11069 B    Cso   15    3   30 0.968 315.0 225.0  42.0  67.0
2010 5 9.000   11069 B    Cso    7    2   30 0.993 312.0 223.0  41.0  78.0
2010 5 9.000   11071 A    Axx    0    1    0 0.698 244.3 187.0 -20.0  42.0
2010 522.000   11072 B    Bxo   56    5   30 0.340 136.8 319.0 -16.0 -14.0
2010 523.000   11072 B    Cao  191   10  100 0.283 151.8 312.0 -16.0  -8.0
2010 524.000   11072 B    Dsi  249   13  130 0.279 212.8 315.0 -15.0   9.0
2010 525.000   11072 B    Cso  162    7   90 0.433 236.7 315.0 -15.0  22.0
2010 526.000   11072 B    Cso   94    6   60 0.617 246.9 316.0 -15.0  36.0
2010 527.000   11072 A    Hsx   57    1   50 0.819 242.4 319.0 -23.0  52.0
2010 528.000   11072 A    Hsx   33    1   40 0.911 254.0 318.0 -15.0  65.0
2010 529.000   11072 B    Hax   16    2   45 0.982 254.9 319.0 -15.0  79.0
2010 530.000   11073 B    Bxo   31    5   20 0.606  67.1 192.0  13.0 -35.0
2010 530.000   11074 B    Bxo   10    3   10 0.860 292.7 284.0  19.0  57.0
2010 530.000   11075 B    Bxo   37    5   20 0.331 185.7 229.0 -20.0   2.0
2010 531.000   11073 B    Bxo   36    6   20 0.421  56.0 193.0  13.0 -21.0
2010 531.000   11074 A    Axx    5    2   10 0.956 288.0 286.0  17.0  72.0
2010 531.000   11075 B    Bxo   18    2   10 0.421 218.0 230.0 -20.0  16.0
2010 6 1.000   11073 B    Bxo   19    3   10 0.265  35.2 192.0  12.0  -9.0
2010 6 1.000   11075 A    Axx    0    1    0 0.594 237.6 233.0 -19.0  32.0
2010 6 1.000   11076 B    Bxo   37    5   20 0.337 160.0 194.0 -19.0  -7.0
2010 6 2.000   11076 B    Bxo   37    4   20 0.350 196.3 193.0 -20.0   6.0
2010 6 3.000   11076 B    Dai   70    8   40 0.478 227.8 196.0 -19.0  22.0
2010 6 4.000   11076 B    Dho  299    7  190 0.616 222.8 189.0 -27.0  28.0
2010 6 5.000   11076 B    Dso   86    8   70 0.784 245.5 197.0 -19.0  49.0
2010 6 6.000   11076 B    Bxo   13    4   15 0.889 248.5 196.0 -19.0  61.0
2010 6 6.000   11077 A    Axx   12    1   10 0.767 296.4 181.0  20.0  47.0
2010 6 7.000   11076 B    Dro   46    2   90 0.966 250.2 195.0 -19.0  74.0
2010 6 8.000   11076 B    Bxo    2    2   20 0.998 250.9 193.0 -19.0  86.0
2010 6 9.000   11078 B    Cro  104    2   80 0.758 239.9 140.0 -22.0  45.0
2010 610.000   11078 BG   Dsi  166    6  180 0.886 245.8 141.0 -21.0  60.0
2010 610.000   11079 B    Bxo   14    2   10 0.691 229.9 117.0 -26.0  36.0
2010 611.000   11078 B    Dao  106    5  200 0.964 246.9 141.0 -22.0  73.0
2010 611.000   11079 A    Axx    0    1    0 0.860 238.9 123.0 -26.0  55.0
2010 611.000   11080 B    Bxo   13    5   10 0.715 232.9 107.0 -25.0  39.0
2010 612.000   11078 A    Axx    0    1    5 0.998 247.9 141.0 -22.0  86.0
2010 612.000   11080 B    Dai  107    4  100 0.845 241.9 109.0 -23.0  54.0
2010 612.000   11081 B    Bxo   68    8   50 0.730 300.0  98.0  22.0  43.0
2010 613.000   11079 B    Bxo    2    2   10 0.993 245.7 123.0 -24.0  82.0
2010 613.000   11080 B    Dro   35    4   50 0.936 244.9 108.0 -23.0  67.0
2010 613.000   11081 B    Dro   78   10   80 0.871 297.2  99.0  24.0  58.0
2010 614.000   11079 A    Axx    1    4   10 0.996 247.0 124.0 -23.0  95.0
2010 614.000   11080 A    Axx    3    4   10 0.980 245.2 105.0 -24.0  77.0
2010 614.000   11081 B    Dao   41    8   90 0.974 294.4 104.0  24.0  76.0
2010 615.000   11081 B    Bxo    1    2   10 0.997 295.0 101.0  25.0  86.0
2010 618.000   11082 B    Bxo   15    4   10 0.658  46.9 303.0  28.0 -33.0
2010 619.000   11082 A    Axx   16    6   10 0.566  35.4 300.0  29.0 -22.0
2010 620.000   11082 B    Cro   17    4   10 0.483  18.3 299.0  29.0 -10.0
2010 620.000   11083 B    Bxo   17    4   10 0.463 310.1 331.0  19.0  22.0
2010 621.000   11082 B    Dso   54    3   30 0.432 349.6 305.0  27.0   5.0
2010 622.000   11082 B    Dro   66    4   40 0.550 320.7 307.0  27.0  23.0
2010 623.000   11082 B    Cso   44    4   30 0.680 307.3 307.0  26.0  37.0
2010 624.000   11082 B    Cao   22    4   20 0.822 300.5 308.0  26.0  52.0
2010 625.000   11082 B    Bxo    7    3   10 0.919 298.5 308.0  27.0  65.0
2010 626.000   11082 A    Axx    0    2    0 0.975 296.1 307.0  26.0  77.0
2010 628.000   11084 A    Hsx   84    1   90 0.882 113.2 145.0 -19.0 -59.0
2010 629.000   11084 A    Hsx  115    1   90 0.768 117.7 144.0 -19.0 -46.0
2010 630.000   11084 A    Hsx  153    1  100 0.642 124.6 143.0 -19.0 -34.0
2010 630.000   11085 B    Cro   16    3   10 0.572 220.9 201.0 -23.0  24.0
2010 7 1.000   11084 A    Hsx  192    1  110 0.483 140.4 145.0 -19.0 -19.0
2010 7 2.000   11084 A    Hsx  202    1  110 0.393 163.0 144.0 -19.0  -7.0
2010 7 3.000   11084 A    Hsx  182    1  100 0.406 194.0 143.0 -20.0   6.0
2010 7 4.000   11084 A    Hsx  262    1  150 0.487 219.2 143.0 -19.0  19.0
2010 7 5.000   11084 A    Hsx  171    1  110 0.625 233.3 143.0 -19.0  32.0
2010 7 6.000   11084 A    Hsx  127    1  100 0.772 241.7 143.0 -19.0  46.0
2010 7 6.000   11086 B    Bxo   11    2   10 0.807 289.8 151.0  18.0  53.0
2010 7 7.000   11084 A    Hsx  102    1  110 0.885 246.3 143.0 -19.0  59.0
2010 7 7.000   11086 B    Bxo    8    2   10 0.907 288.2 150.0  18.0  65.0
2010 7 8.000   11084 A    Hsx   57    1  100 0.958 248.9 143.0 -19.0  71.0
2010 7 8.000   11086 A    Hrx    4    1   10 0.976 287.6 150.0  18.0  78.0
2010 7 9.000   11084 A    Hsx    4    1   50 0.999 250.8 144.0 -19.0  86.0
2010 710.000   11087 B    Dro   18    2   30 0.949  72.3 332.0  18.0 -72.0
2010 711.000   11087 B    Dro  107    8  100 0.844  70.0 334.0  19.0 -57.0
2010 712.000   11087 B    Ero  168   15  120 0.712  67.2 334.0  19.0 -44.0
2010 713.000   11087 BD   Dao  216   12  130 0.554  57.5 335.0  21.0 -30.0
2010 714.000   11087 B    Dso  126    7   70 0.432  47.7 332.0  21.0 -20.0
2010 714.000   11088 A    Axx   17    1   10 0.469 155.5 340.0 -21.0 -12.0
2010 715.000   11087 BG   Dso  190    6  100 0.299  25.9 331.0  20.0  -8.0
2010 716.000   11087 BG   Cso  115    5   60 0.263 341.8 330.0  19.0   5.0
2010 717.000   11087 BG   Eso   91    7   50 0.407 311.3 331.0  20.0  19.0
2010 718.000   11087 A    Hsx   32    3   20 0.598 303.0 332.0  23.0  33.0
2010 719.000   11087 A    Axx   12    2   10 0.766 297.5 334.0  24.0  48.0
2010 720.000   11087 A    Axx    9    1   10 0.873 286.7 334.0  17.0  61.0
2010 720.000   11089 B    Cso   72    4  130 0.960 115.7 203.0 -23.0 -70.0
2010 721.000   11087 A    Axx    4    3   10 0.975 285.3 337.0  16.0  78.0
2010 721.000   11089 B    Dao  134    9  150 0.895 120.0 201.0 -24.0 -58.0
2010 722.000   11087 A    Axx    2    2   10 0.994 287.6 331.0  18.0  85.0
2010 722.000   11089 B    Dsi  369   16  310 0.803 125.1 200.0 -24.0 -46.0
2010 723.000   11089 B    Dsi  352   29  240 0.679 132.5 200.0 -23.0 -33.0
2010 724.000   11089 B    Esi  327   35  200 0.576 147.1 200.0 -24.0 -20.0
2010 725.000   11089 B    Esi  280   20  160 0.484 168.5 201.0 -23.0  -6.0
2010 725.000   11090 A    Axx    0    1    0 0.853  66.2 149.0  23.0 -58.0
2010 726.000   11089 B    Dsi  241   16  140 0.506 194.5 202.0 -24.0   8.0
2010 726.000   11090 B    Bxo   14    3   10 0.707  62.6 151.0  23.0 -43.0
2010 727.000   11089 B    Dsi  162    7  100 0.586 213.9 201.0 -24.0  21.0
2010 727.000   11090 A    Axx    0    1    0 0.538  56.7 151.0  22.0 -29.0
2010 727.000   11091 A    Axx    0    1    0 0.952 280.9 253.0  12.0  73.0
2010 728.000   11089 B    Dso   98    5   70 0.709 227.7 202.0 -24.0  35.0
2010 729.000   11089 B    Eao  102    9   90 0.823 235.6 202.0 -24.0  48.0
2010 729.000   11092 B    Cso   93    2  180 0.966  74.9  78.0  16.0 -76.0
2010 730.000   11089 B    Cao  108    9  140 0.922 241.0 202.0 -24.0  62.0
2010 730.000   11092 B    Cso  194    2  210 0.887  77.2  77.0  14.0 -63.0
2010 731.000   11089 B    Bxo   18    5   40 0.974 244.7 200.0 -23.0  73.0
2010 731.000   11092 B    Cso  223    4  170 0.754  75.1  79.0  15.0 -49.0
2010 8 1.000   11092 A    Hkx  375    2  230 0.577  75.7  79.0  13.0 -35.0
2010 8 2.000   11092 A    Hkx  538    3  290 0.372  69.6  79.0  13.0 -21.0
2010 8 3.000   11092 B    Cho  543    7  280 0.242  43.6  76.0  16.0 -10.0
2010 8 4.000   11092 B    Cho  374    3  190 0.169 336.6  77.0  15.0   4.0
2010 8 5.000   11092 B    Cso  344    4  180 0.288 299.2  75.0  14.0  15.0
2010 8 5.000   11093 B    Cao   86    3  100 0.902  81.8 355.0  10.0 -65.0
2010 8 6.000   11092 A    Hsx  334    1  200 0.548 284.3  80.0  13.0  33.0
2010 8 6.000   11093 B    Cao  182    4  170 0.843  80.9 348.0  11.0 -58.0
2010 8 6.000   11094 B    Cso   52    7   50 0.852 295.6 104.0  25.0  58.0
2010 8 6.000   11095 B    Bxo   12    2   10 0.782 119.0   0.0 -18.0 -46.0
2010 8 7.000   11092 A    Hhx  293    1  210 0.716 280.7  79.0  12.0  46.0
2010 8 7.000   11093 B    Cso  255    3  180 0.704  79.3 348.0  12.0 -45.0
2010 8 7.000   11094 B    Bxo   20    3   30 0.941 295.4 104.0  26.0  71.0
2010 8 7.000   11095 A    Hax   14    2   10 0.669 127.7 359.0 -19.0 -34.0
2010 8 8.000   11092 A    Hsx  132    1  130 0.861 281.4  80.0  13.0  60.0
2010 8 8.000   11093 A    Hsx  225    1  130 0.499  80.9 350.0  10.0 -30.0
2010 8 8.000   11094 B    Bxo    7    3   30 0.992 294.5 105.0  25.0  85.0
2010 8 8.000   11095 A    Axx   17    2   10 0.511 142.7   1.0 -18.0 -19.0
2010 8 9.000   11092 A    Hsx  105    1  180 0.956 281.7  81.0  13.0  74.0
2010 8 9.000   11093 B    Cso  269    2  140 0.268  71.7 350.0  11.0 -15.0
2010 8 9.000   11095 A    Hrx   18    2   10 0.418 161.4   0.0 -17.0  -8.0
2010 8 9.000   11096 A    Axx    0    1    0 0.281 343.3  12.0  22.0   5.0
2010 810.000   11092 A    Hsx   29    1  200 0.997 281.6  81.0  12.0  87.0
2010 810.000   11093 A    Hsx  299    2  150 0.071  28.9 352.0  10.0  -2.0
2010 810.000   11095 A    Hsx   18    2   10 0.425 193.5 360.0 -18.0   6.0
2010 810.000   11096 B    Bxo   36    8   20 0.419 310.9  14.0  22.0  20.0
2010 811.000   11093 A    Hsx  253    2  130 0.214 287.2 353.0  10.0  12.0
2010 811.000   11095 A    Axx   17    1   10 0.511 219.8   1.0 -17.0  20.0
2010 811.000   11096 B    Cri   98   12   60 0.575 297.7  14.0  21.0  33.0
2010 811.000   11097 A    Axx    6    1   10 0.943  57.2 270.0  33.0 -71.0
2010 812.000   11093 A    Hsx  199    2  110 0.422 279.6 352.0  10.0  25.0
2010 812.000   11095 A    Axx   15    1   10 0.646 233.7 360.0 -17.0  33.0
2010 812.000   11096 B    Bxo   54    7   40 0.728 292.8  13.0  21.0  46.0
2010 812.000   11097 A    Axx   10    1   10 0.842  54.7 272.0  33.0 -55.0
2010 812.000   11098 B    Dro   52    5   30 0.481  70.6 299.0  15.0 -28.0
2010 813.000   11093 A    Hkx  395    2  250 0.612 277.8 352.0  10.0  38.0
2010 813.000   11096 A    Axx    0    1    0 0.821 292.3   9.0  22.0  55.0
2010 813.000   11097 A    Axx    0    1    0 0.745  52.2 270.0  32.0 -44.0
2010 813.000   11098 B    Cro   77    6   40 0.269  60.6 300.0  14.0 -14.0
2010 814.000   11093 A    Hsx  114    2   90 0.772 278.8 352.0  11.0  51.0
2010 814.000   11098 B    Cro   39    6   20 0.146   6.6 301.0  15.0  -1.0
2010 814.000   11099 B    Bxo   15   13   10 0.661 288.2 347.0  17.0  41.0
2010 815.000   11093 A    Hsx   69    3   80 0.901 279.0 353.0  11.0  65.0
2010 815.000   11099 B    Cro   75    8   70 0.844 287.1 346.0  18.0  58.0
2010 816.000   11093 A    Hsx   18    2   40 0.974 279.8 353.0  11.0  78.0
2010 816.000   11099 B    Cri   56   11   90 0.950 286.8 347.0  18.0  73.0
2010 817.000   11098 B    Cro   45    4   30 0.656 285.1 302.0  15.0  41.0
2010 817.000   11099 B    Bxo   16    4   60 0.991 286.3 345.0  17.0  84.0
2010 817.000   11100 A    Axx    8    1   10 0.908 120.4 202.0 -24.0 -59.0
2010 818.000   11098 B    Bxo   11    5   10 0.814 282.4 303.0  14.0  55.0
2010 818.000   11100 A    Axx   11    1   10 0.833 123.5 199.0 -23.0 -49.0
2010 819.000   11098 B    Bxo    8    2   10 0.914 282.3 302.0  14.0  67.0
2010 819.000   11100 A    Axx   13    1   10 0.714 130.3 199.0 -22.0 -36.0
2010 820.000   11100 A    Axx    0    1    0 0.600 144.9 200.0 -23.0 -22.0
2010 821.000   11100 A    Axx    0    1    0 0.563 172.1 204.0 -27.0  -5.0
2010 825.000   11101 A    Hrx   12    1   30 0.978  79.2   0.0  12.0 -79.0
2010 826.000   11100 A    Axx    7    2   10 0.929 246.2 207.0 -19.0  64.0
2010 826.000   11101 A    Hsx   89    1   90 0.868  80.2  82.0  12.0 -61.0
2010 827.000   11100 A    Axx    3    2   10 0.988 248.4 205.0 -20.0  78.0
2010 827.000   11101 A    Hsx  121    1   90 0.738  78.9  83.0  13.0 -48.0
2010 828.000   11101 A    Hsx  166    1  100 0.557  79.1  84.0  12.0 -34.0
2010 829.000   11101 A    Hsx  242    1  130 0.363  75.2  81.0  12.0 -21.0
2010 830.000   11101 A    Hrx  276    1  140 0.146  54.5  84.0  12.0  -7.0
2010 830.000   11102 B    Cro   55    4   30 0.396 329.6 104.0  27.0  13.0
2010 831.000   11101 A    Hrx  217    1  110 0.144 315.0  85.0  13.0   6.0
2010 831.000   11102 B    Dro  118    7   70 0.533 313.4 103.0  28.0  26.0
2010 9 1.000   11101 A    Hrx  264    1  140 0.331 285.8  83.0  12.0  19.0
2010 9 1.000   11102 B    Cro  116    6   80 0.684 303.9 104.0  28.0  40.0
2010 9 2.000   11101 B    Cso  254    2  150 0.528 281.1  83.0  12.0  32.0
2010 9 2.000   11102 B    Cao  120    5  100 0.797 297.3 103.0  26.0  52.0
2010 9 2.000   11103 B    Bxo   16    2   10 0.579 303.9  83.0  25.0  32.0
2010 9 2.000   11104 B    Bxo   17    2   10 0.513 306.0  75.0  24.0  27.0
2010 9 3.000   11101 A    Hsx  170    2  120 0.702 279.8  82.0  12.0  45.0
2010 9 3.000   11102 B    Cro   27    3   30 0.889 296.7 100.0  27.0  63.0
2010 9 3.000   11103 B    Cro   26    3   20 0.756 297.0  85.0  25.0  48.0
2010 9 3.000   11105 B    Bxo   19    4   10 0.253 324.2  49.0  19.0   9.0
2010 9 4.000   11101 B    Cso  144    3  130 0.832 279.6  81.0  12.0  57.0
2010 9 4.000   11102 A    Axx    5    1   10 0.963 295.0 100.0  26.0  76.0
2010 9 4.000   11103 B    Cro    9    2   10 0.887 294.5  87.0  25.0  63.0
2010 9 4.000   11105 B    Bxo   54    8   30 0.406 298.7  50.0  18.0  22.0
2010 9 5.000   11101 A    Hsx   78    1  110 0.934 280.1  83.0  12.0  70.0
2010 9 5.000   11103 A    Axx   10    2   20 0.963 295.0  88.0  26.0  76.0
2010 9 5.000   11105 B    Dri  112   20   70 0.597 290.5  50.0  18.0  36.0
2010 9 6.000   11101 A    Hsx   14    1  120 0.998 282.7  89.0  13.0  88.0
2010 9 6.000   11103 A    Axx    1    1   10 0.999 294.8  87.0  25.0  90.0
2010 9 6.000   11105 B    Dri  160   26  130 0.786 288.5  48.0  19.0  52.0
2010 9 7.000   11105 B    Cai  135   14  150 0.892 287.7  49.0  19.0  64.0
2010 9 8.000   11105 A    Hax   20    6   40 0.968 287.8  53.0  19.0  77.0
2010 9 9.000   11105 A    Axx    0    1   10 0.999 288.9  49.0  19.0  90.0
2010 912.000   11106 A    Hsx   37    1   50 0.927 112.8 215.0 -18.0 -64.0
2010 913.000   11106 B    Cso   75    5   80 0.883 116.1 209.0 -19.0 -57.0
2010 913.000   11107 A    Axx    9    1   10 0.888  56.5 204.0  33.0 -62.0
2010 914.000   11106 B    Cso  126    7  100 0.773 121.9 209.0 -19.0 -44.0
2010 915.000   11106 B    Fao  169   14  110 0.636 132.0 209.0 -19.0 -30.0
2010 916.000   11106 B    Fao  151   10   90 0.536 147.2 208.0 -20.0 -18.0
2010 917.000   11106 B    Fso  194   21  110 0.463 169.8 208.0 -20.0  -5.0
2010 917.000   11108 B    Cko  148    5  290 0.967 121.5 144.0 -28.0 -69.0
2010 918.000   11106 B    Fsi  140   16   80 0.473 196.0 208.0 -20.0   8.0
2010 918.000   11108 B    Eho  220    5  280 0.920 124.6 141.0 -28.0 -59.0
2010 919.000   11106 B    Fso  165   14  100 0.560 216.9 207.0 -20.0  21.0
2010 919.000   11108 B    Eso  382    8  370 0.856 128.9 138.0 -28.0 -49.0
2010 920.000   11106 B    Fso  131   17   90 0.682 230.4 207.0 -20.0  34.0
2010 920.000   11108 B    Fho  532   13  420 0.774 138.9 137.0 -30.0 -36.0
2010 921.000   11106 B    Bxo   20    7   20 0.858 240.3 213.0 -21.0  53.0
2010 921.000   11108 B    Fko  550   11  380 0.690 149.3 136.0 -30.0 -24.0
2010 922.000   11106 A    Axx    1    1    2 0.959 244.5 217.0 -22.0  69.0
2010 922.000   11108 B    Fho  417    5  270 0.635 160.7 133.0 -30.0 -14.0
2010 922.000   11109 A    Hrx   16    1   30 0.959  72.2  72.0  19.0 -75.0
2010 923.000   11108 A    Hhx  535    2  340 0.615 192.7 142.0 -30.0   9.0
2010 923.000   11109 B    Dko  162    4  200 0.914  69.0  67.0  22.0 -67.0
2010 924.000   11108 A    Hkx  382    2  260 0.676 208.7 142.0 -30.0  22.0
2010 924.000   11109 B    Dso  246   12  210 0.810  67.8  67.0  22.0 -54.0
2010 925.000   11108 A    Hkx  365    2  280 0.758 219.7 141.0 -30.0  34.0
2010 925.000   11109 B    Eho  414   12  280 0.673  64.7  66.0  22.0 -41.0
2010 926.000   11108 A    Hhx  222    2  210 0.848 226.6 140.0 -31.0  46.0
2010 926.000   11109 BG   Ehi  484   18  280 0.502  57.0  67.0  22.0 -27.0
2010 927.000   11108 A    Hsx  171    2  220 0.921 232.1 140.0 -31.0  58.0
2010 927.000   11109 B    Esi  678   22  360 0.335  42.3  66.0  21.0 -14.0
2010 927.000   11110 A    Axx   19    3   10 0.227 338.7  85.0  19.0   5.0
2010 928.000   11108 A    Hsx   95    1  230 0.978 237.3 141.0 -30.0  72.0
2010 928.000   11109 B    Eki  810   20  420 0.264   7.0  65.0  22.0  -2.0
2010 928.000   11110 A    Axx    0    1    0 0.385 307.5  86.0  20.0  19.0
2010 929.000   11108 A    Hsx   12    1  140 0.999 239.4 138.0 -30.0  83.0
2010 929.000   11109 B    Eai  530   12  280 0.319 326.3  65.0  22.0  11.0
2010 929.000   11110 A    Axx   16    6   10 0.542 296.8  85.0  20.0  31.0
2010 930.000   11109 B    Ehi  548   13  310 0.466 305.9  65.0  22.0  24.0
2010 930.000   11110 B    Dso   70    7   50 0.712 290.1  87.0  19.0  45.0
2010 930.000   11111 A    Axx   11    1   10 0.822  66.6 346.0  23.0 -55.0
201010 1.000   11109 B    Dhi  365   11  240 0.647 294.8  67.0  21.0  39.0
201010 1.000   11110 B    Bxo   30    3   30 0.862 288.2  90.0  19.0  60.0
201010 1.000   11111 A    Axx   14    1   10 0.692  62.0 345.0  24.0 -42.0
201010 2.000   11109 B    Dho  337   11  270 0.781 291.7  65.0  21.0  51.0
201010 2.000   11110 A    Axx    0    1    0 0.939 288.9  86.0  20.0  71.0
201010 2.000   11111 B    Bxo   16    2   10 0.530  62.4 343.0  20.0 -30.0
201010 3.000   11109 B    Cko  277    8  320 0.901 290.2  66.0  21.0  65.0
201010 3.000   11110 A    Axx    0    1    0 0.990 290.4  85.0  21.0  84.0
201010 3.000   11111 B    Cro   53    3   30 0.449  46.9 340.0  24.0 -21.0
201010 4.000   11109 A    Hax   88    3  220 0.980 289.1  68.0  20.0  80.0
201010 4.000   11111 B    Dro   56    5   30 0.316  17.6 341.0  24.0  -6.0
201010 5.000   11109 A    Hax    1    1   90 1.000 291.2  69.0  21.0  93.0
201010 5.000   11111 B    Dso   37    2   20 0.312 345.2 341.0  24.0   5.0
201010 6.000   11111 A    Axx    0    1    0 0.397 313.7 341.0  22.0  18.0
201010 9.000   11111 A    Axx    0    1    0 0.834 294.7 339.0  24.0  56.0
20101010.000   11112 A    Hrx   29    2   40 0.930 112.1 204.0 -18.0 -65.0
20101011.000   11112 A    Hrx   52    3   50 0.852 115.5 202.0 -18.0 -54.0
20101012.000   11112 A    Hrx   41    1   30 0.727 123.3 202.0 -19.0 -40.0
20101013.000   11112 A    Hsx   32    1   20 0.584 134.8 203.0 -19.0 -26.0
20101014.000   11112 B    Cro   17    3   10 0.450 149.0 202.0 -17.0 -14.0
20101014.000   11113 A    Hax   62    1  120 0.966  73.9 141.0  17.0 -76.0
20101015.000   11112 B    Cro   36    2   20 0.403 180.0 202.0 -18.0   0.0
20101015.000   11113 A    Hsx   92    1  100 0.887  73.8 141.0  17.0 -63.0
20101015.000   11114 A    Axx    0    1    0 0.753 233.9 244.0 -22.0  41.0
20101016.000   11112 B    Dro  122    7   70 0.482 210.5 203.0 -19.0  15.0
20101016.000   11113 A    Hsx  166    1  130 0.768  72.6 140.0  17.0 -50.0
20101016.000   11114 B    Bxo    9    2   10 0.868 241.8 244.0 -21.0  55.0
20101016.000   11115 A    Hsx  119    1  170 0.936 122.8 130.0 -28.0 -63.0
20101017.000   11112 BG   Dsi  193   16  120 0.593 228.9 205.0 -18.0  28.0
20101017.000   11113 A    Hsx  207    1  130 0.602  69.1 141.0  17.0 -36.0
20101017.000   11115 A    Hsx  176    1  170 0.855 127.7 127.0 -28.0 -50.0
20101018.000   11112 BG   Eai  230   16  180 0.769 238.1 208.0 -20.0  44.0
20101018.000   11113 A    Hsx  288    2  160 0.433  59.0 141.0  18.0 -23.0
20101018.000   11115 A    Hsx  183    1  140 0.754 135.2 127.0 -28.0 -37.0
20101018.000   11116 B    Bxo   37    2   20 0.363 321.9 178.0  22.0  14.0
20101019.000   11112 BG   Eai  130   11  140 0.884 245.1 208.0 -19.0  58.0
20101019.000   11113 B    Cso  288    5  150 0.274  37.1 141.0  18.0 -10.0
20101019.000   11115 A    Hsx  240    1  160 0.659 145.5 126.0 -28.0 -25.0
20101019.000   11116 A    Axx    0    1    0 0.526 304.1 179.0  22.0  28.0
20101020.000   11112 BG   Cso   34    8   60 0.958 247.2 208.0 -20.0  70.0
20101020.000   11113 A    Hsx  254    2  130 0.208 346.1 141.0  17.0   3.0
20101020.000   11115 B    Cso  305    3  190 0.596 160.7 125.0 -29.0 -13.0
20101020.000   11117 A    Hsx   28    1   50 0.958  65.5  63.0  25.0 -74.0
20101020.000   11118 A    Axx    0    1    0 0.872  74.7  76.0  16.0 -61.0
20101021.000   11112 A    Hsx    1    2   10 0.998 249.5 208.0 -20.0  84.0
20101021.000   11113 B    Cso  206    3  110 0.339 304.0 141.0  16.0  17.0
20101021.000   11115 B    Cso  177    2  110 0.592 181.4 125.0 -31.0   1.0
20101021.000   11117 A    Hsx   68    2   70 0.870  65.4  64.0  24.0 -60.0
20101021.000   11118 A    Axx    0    2    0 0.732  75.8  77.0  14.0 -47.0
20101022.000   11113 A    Hax  135    2   80 0.534 292.0 142.0  16.0  31.0
20101022.000   11115 A    Hsx  225    1  140 0.594 199.4 124.0 -29.0  13.0
20101022.000   11117 A    Hsx  103    1   80 0.761  64.0  63.0  23.0 -48.0
20101023.000   11113 A    Hsx  136    2   90 0.652 288.7 140.0  16.0  40.0
20101023.000   11115 A    Hsx  166    1  110 0.656 209.7 116.0 -30.0  22.0
20101023.000   11117 A    Hsx  108    1   70 0.630  59.2  63.0  23.0 -36.0
20101024.000   11113 A    Hsx  114    2  100 0.819 286.0 140.0  16.0  55.0
20101024.000   11115 A    Hsx  185    1  140 0.749 223.3 121.0 -29.0  36.0
20101024.000   11117 B    Cso  203   10  120 0.529  55.3  57.0  22.0 -28.0
20101025.000   11113 A    Hsx   58    1   80 0.930 285.3 141.0  16.0  69.0
20101025.000   11115 A    Hsx  119    1  120 0.866 231.0 123.0 -30.0  51.0
20101025.000   11117 B    Dso  393   13  210 0.353  33.2  60.0  22.0 -12.0
20101025.000   11119 B    Bxo   69    2   40 0.494 307.5  97.0  22.0  25.0
20101026.000   11113 A    Hsx   30    2  100 0.988 282.4 139.0  13.0  82.0
20101026.000   11115 A    Hsx  107    1  160 0.942 235.7 121.0 -30.0  64.0
20101026.000   11117 B    Dsi  496   12  260 0.297 353.7  59.0  22.0   2.0
20101026.000   11119 B    Cro   30    2   20 0.655 300.1  95.0  23.0  38.0
20101027.000   11113 A    Hsx    1    1   60 1.000 287.1 136.0  17.0  92.0
20101027.000   11115 A    Hsx   42    1  120 0.984 237.3 120.0 -31.0  75.0
20101027.000   11117 BG   Ehi  668   31  360 0.372 319.5  59.0  21.0  15.0
20101027.000   11119 A    Axx    0    1    0 0.771 294.8  94.0  22.0  49.0
20101028.000   11115 A    Hsx    6    1   80 0.999 241.1 124.0 -29.0  90.0
20101028.000   11117 B    Ekc  761   21  450 0.533 305.2  59.0  22.0  28.0
20101028.000   11119 A    Axx    9    1   10 0.873 295.0  91.0  24.0  60.0
20101029.000   11117 B    Dkc  756   17  520 0.686 297.6  60.0  22.0  41.0
20101030.000   11117 B    Dsi  620   14  550 0.826 291.2  60.0  20.0  55.0
20101031.000   11117 B    Dho  302    9  480 0.949 289.6  65.0  20.0  72.0
20101031.000   11120 B    Bxo    6    3   10 0.946  50.1 283.0  39.0 -69.0
201011 1.000   11117 B    Dho  143    8  510 0.990 291.6  60.0  22.0  83.0
201011 1.000   11120 B    Cro   40    4   40 0.862  45.2 286.0  40.0 -53.0
201011 2.000   11117 B    Cho   25    3  180 0.998 292.4  63.0  22.0  96.0
201011 2.000   11120 B    Eso  151    7  120 0.776  41.1 285.0  39.0 -41.0
201011 3.000   11120 B    Eso  114    7   80 0.697  35.6 283.0  38.0 -31.0
201011 4.000   11120 B    Cao   78    8   50 0.620  21.5 281.0  39.0 -17.0
201011 5.000   11120 B    Bxo   16    7   10 0.564   5.6 282.0  38.0  -4.0
201011 5.000   11121 A    Axx    5    7   10 0.955 112.3 218.0 -20.0 -70.0
201011 6.000   11120 B    Bxo   16    2   10 0.577 347.7 282.0  38.0   9.0
201011 6.000   11121 B    Cro   67    7   70 0.876 112.9 215.0 -18.0 -58.0
201011 7.000   11120 A    Axx    0    2    0 0.632 344.4 273.0  41.0  13.0
201011 7.000   11121 B    Eai   98    9   80 0.788 116.3 211.0 -18.0 -48.0
201011 7.000   11122 B    Cso   19    2   10 0.167 348.2 262.0  13.0   2.0
201011 8.000   11121 BG   Esi  134   11   90 0.662 122.5 211.0 -18.0 -36.0
201011 8.000   11122 B    Cao   18    3   10 0.352 301.7 263.0  14.0  18.0
201011 9.000   11121 BG   Ero   86   12   50 0.497 139.4 213.0 -19.0 -20.0
201011 9.000   11122 B    Dro   50    4   30 0.531 289.2 263.0  13.0  31.0
20101110.000   11121 B    Eao   91    9   50 0.396 163.1 212.0 -19.0  -7.0
20101110.000   11122 B    Bxo   28    6   20 0.692 286.9 263.0  14.0  43.0
20101111.000   11121 A    Axx   18    3   10 0.394 182.4 207.0 -20.0   1.0
20101111.000   11122 A    Axx   11    2   10 0.802 283.9 260.0  13.0  53.0
20101111.000   11123 B    Dro   51    8   30 0.507 150.0 193.0 -23.0 -16.0
20101111.000   11124 B    Dro   31    2   20 0.630  71.6 168.0  14.0 -38.0
20101112.000   11125 B    Cro   24    3   15 0.600  61.8 160.0  19.0 -34.0
20101112.000   11123 B    Dai  144   12   80 0.426 173.5 190.0 -22.0  -3.0
20101112.000   11124 B    Cao   26    3   15 0.493  62.3 164.0  16.0 -27.0
20101113.000   11123 B    Dai   89   15   50 0.451 200.9 192.0 -22.0  10.0
20101113.000   11124 B    Dao   57    8   30 0.279  46.3 169.0  14.0 -12.0
20101113.000   11125 B    Bxo   17    3   10 0.464  52.8 156.0  19.0 -23.0
20101113.000   11126 B    Dso    4    2   10 0.972 119.7 108.0 -28.0 -73.0
20101114.000   11123 B    Cro   82    7   50 0.571 220.9 191.0 -23.0  24.0
20101114.000   11124 B    Dsi  156   11   80 0.200 345.3 171.0  14.0   3.0
20101114.000   11125 B    Cro   57    3   30 0.309  25.2 160.0  19.0  -8.0
20101114.000   11126 B    Cro   16    2   20 0.907 125.1 109.0 -30.0 -59.0
20101115.000   11123 B    Bxo   14    7   10 0.692 233.7 191.0 -22.0  37.0
20101115.000   11124 B    Dsi  187   15  100 0.346 304.9 171.0  14.0  17.0
20101115.000   11125 B    Bxo   19    5   10 0.282 339.4 160.0  18.0   6.0
20101115.000   11126 B    Cro   33    2   30 0.824 129.8 108.0 -30.0 -47.0
20101116.000   11123 A    Axx   12    1   10 0.798 239.7 189.0 -22.0  48.0
20101116.000   11124 B    Dki  442   13  260 0.526 292.8 170.0  14.0  30.0
20101116.000   11125 A    Axx   18    1   10 0.434 308.2 162.0  18.0  21.0
20101116.000   11126 B    Dro   69    7   50 0.719 139.5 108.0 -31.0 -33.0
20101117.000   11124 B    Dso  369    7  260 0.704 286.0 172.0  13.0  44.0
20101117.000   11125 A    Axx   14    2   10 0.713 296.0 159.0  20.0  43.0
20101117.000   11126 B    Dao  123    5   80 0.634 152.8 107.0 -32.0 -20.0
20101117.000   11127 A    Hsx   75    1  120 0.950  64.5  55.0  25.0 -71.0
20101118.000   11123 A    Axx    0    1    0 0.988 244.2 193.0 -25.0  79.0
20101118.000   11124 B    Esi  230    9  220 0.852 285.0 172.0  14.0  58.0
20101118.000   11126 B    Dai  149   10   90 0.559 169.2 108.0 -31.0  -7.0
20101118.000   11127 A    Hsx   94    1   90 0.852  61.9  59.0  25.0 -56.0
20101119.000   11124 B    Eso   97    5  150 0.946 284.0 172.0  14.0  71.0
20101119.000   11126 B    Dso   66    4   40 0.558 190.8 108.0 -31.0   7.0
20101119.000   11127 A    Hsx   81    1   60 0.734  57.3  58.0  25.0 -43.0
20101120.000   11124 B    Eso   37    2  200 0.996 288.9 173.0  19.0  85.0
20101120.000   11126 B    Dso   63    4   40 0.612 207.1 107.0 -31.0  19.0
20101120.000   11127 A    Hsx  145    1   90 0.593  50.4  58.0  24.0 -30.0
20101121.000   11126 B    Cao   71    3   50 0.698 217.4 105.0 -32.0  30.0
20101121.000   11127 A    Hsx  123    1   70 0.471  36.9  57.0  24.0 -18.0
20101122.000   11126 B    Bxo   23    4   20 0.806 227.0 106.0 -32.0  44.0
20101122.000   11127 A    Hsx  109    1   60 0.401  11.4  57.0  25.0  -5.0
20101123.000   11126 B    Bxo    9    2   10 0.889 232.3 104.0 -32.0  56.0
20101123.000   11127 A    Hsx  145    1   80 0.415 342.3  56.0  25.0   8.0
20101124.000   11127 A    Hsx  102    2   60 0.514 320.8  57.0  25.0  21.0
20101125.000   11127 A    Hsx   76    1   50 0.647 308.5  56.0  25.0  34.0
20101126.000   11127 A    Hrx   51    1   40 0.765 300.8  56.0  24.0  46.0
20101126.000   11128 A    Axx    9    1   10 0.873 109.2 310.0 -16.0 -59.0
20101127.000   11127 A    Hsx   28    1   30 0.876 295.7  59.0  23.0  59.0
20101127.000   11128 B    Bxo   13    2   10 0.744 110.2 310.0 -14.0 -46.0
20101128.000   11127 A    Hsx   18    1   30 0.952 294.9  54.0  24.0  71.0
20101129.000   11129 B    Bxo   12    3   30 0.977 244.1  46.0 -25.0  76.0
20101129.000   11130 B    Csi  117   11   60 0.208  -0.0 330.0  13.0   0.0
20101130.000   11129 A    Axx    0    1   10 1.000 244.0  44.0 -26.0  88.0
20101130.000   11130 B    Dai  151   10   80 0.316 311.8 331.0  13.0  14.0
201012 1.000   11130 B    Dsi  332   14  190 0.486 293.9 330.0  12.0  27.0
201012 2.000   11130 B    Dai  372   15  250 0.666 290.6 331.0  14.0  40.0
201012 3.000   11130 B    Dri  287   11  240 0.800 287.2 330.0  14.0  52.0
201012 3.000   11131 A    Hsx  157    1  240 0.944  58.2 208.0  30.0 -68.0
201012 4.000   11130 B    Cro  115    6  150 0.924 282.9 331.0  12.0  67.0
201012 4.000   11131 A    Hhx  404    1  390 0.855  53.2 211.0  31.0 -53.0
201012 5.000   11130 A    Hsx   19    1   80 0.993 282.1 336.0  12.0  83.0
201012 5.000   11131 B    Cho  465    2  350 0.747  48.2 211.0  30.0 -40.0
201012 5.000   11132 B    Cro   58    4   30 0.188 354.8 251.0  11.0   1.0
201012 5.000   11133 A    Hhx   60    1  100 0.954  75.4 180.0  14.0 -72.0
201012 6.000   11130 A    Hsx    5    1   40 0.998 282.0 331.0  12.0  94.0
201012 6.000   11131 A    Hax  469    1  310 0.653  38.1 210.0  31.0 -28.0
201012 6.000   11132 B    Bxo  113    4   60 0.317 306.7 252.0  11.0  15.0
201012 6.000   11133 A    Hso   82    1   80 0.857  73.7 180.0  14.0 -58.0
201012 7.000   11131 A    Hhx  678    1  410 0.561  23.3 209.0  31.0 -15.0
201012 7.000   11132 B    Bxo   17    2   10 0.522 289.5 251.0  10.0  30.0
201012 7.000   11133 A    Hsx  224    2  160 0.711  67.2 178.0  16.0 -43.0
201012 8.000   11131 B    Cho  734   12  430 0.519   5.0 208.0  31.0  -3.0
201012 8.000   11133 A    Hsx  330    2  200 0.562  62.3 181.0  15.0 -31.0
201012 9.000   11131 A    Hax  555    1  330 0.540 344.0 209.0  31.0  10.0
201012 9.000   11133 A    Hrx  221    1  120 0.388  50.6 179.0  14.0 -18.0
20101210.000   11131 A    Hhx  481    1  310 0.630 328.3 208.0  32.0  23.0
20101210.000   11133 A    Hsx  172    1   90 0.279  17.6 178.0  15.0  -5.0
20101211.000   11131 A    Hhx  446    1  320 0.717 316.7 207.0  31.0  35.0
20101211.000   11132 A    Axx    0    1    0 0.993 281.1 255.0  11.0  83.0
20101211.000   11133 A    Hsx  171    1   90 0.308 330.6 181.0  15.0   9.0
20101212.000   11131 B    Cho  347    2  300 0.816 309.8 205.0  31.0  47.0
20101212.000   11133 B    Cso  196    3  110 0.451 306.7 180.0  15.0  22.0
20101213.000   11131 B    Dho  259    2  290 0.895 305.6 204.0  31.0  58.0
20101213.000   11133 A    Hsx  145    1   90 0.586 295.6 179.0  14.0  33.0
20101214.000   11131 A    Hhx  140    1  270 0.966 301.5 204.0  30.0  72.0
20101214.000   11133 A    Hsx  103    1   80 0.764 289.3 179.0  14.0  48.0
20101214.000   11134 B    Cao   31    3   20 0.610 301.9 164.0  18.0  33.0
20101214.000   11135 A    Axx    0    1    0 0.850  68.1  75.0  18.0 -56.0
20101215.000   11131 A    Hsx   30    1  240 0.998 302.2 203.0  32.0  85.0
20101215.000   11133 A    Hsx   74    1   80 0.886 287.6 179.0  15.0  61.0
20101215.000   11134 A    Axx    0    1    0 0.756 295.1 162.0  18.0  46.0
20101216.000   11133 A    Hsx   26    1   50 0.965 283.8 180.0  13.0  74.0
20101217.000   11133 A    Hsx    8    1   60 0.997 285.9 186.0  16.0  94.0
20101217.000   11135 B    Bxo   35    2   20 0.443  38.6  76.0  19.0 -17.0
20101218.000   11135 A    Axx    0    1    0 0.351   5.4  78.0  19.0  -2.0
20101226.000   11136 B    Bxo   10    3   10 0.854 245.6  30.0 -22.0  57.0
20101226.000   11137 B    Cro   34    5   20 0.508  47.1 311.0  18.0 -23.0
20101227.000   11136 B    Bxo    6    2   10 0.948 247.6  31.0 -22.0  71.0
20101227.000   11137 B    Bxo   18    6   10 0.387  25.2 310.0  18.0 -10.0
20101228.000   11138 B    Dao   94    4   50 0.337 323.0 320.0  13.0  12.0
20101229.000   11138 BG   Dai  103    9   60 0.504 302.0 320.0  13.0  26.0
20101230.000   11138 BG   Dro   59    4   40 0.667 293.2 321.0  13.0  39.0
20101230.000   11139 B    Bxo   12    2   10 0.782 121.4 233.0 -26.0 -48.0
20101231.000   11138 A    Hrx   21    3   20 0.836 286.5 323.0  12.0  55.0
20101231.000   11139 A    Axx    0    1    0 0.631 129.1 235.0 -26.0 -33.0
