2025 1 1.000   13932 A    Axx    4    2   10 0.969 255.3 153.0 -15.0  76.0
2025 1 1.000   13935 A    Hax   85    1   70 0.791 248.3 128.0 -19.0  51.0
2025 1 1.000   13936 BGD  Fkc  242   20  360 0.942 285.0 146.0  13.0  69.0
2025 1 1.000   13937 A    Hsx   29    1   20 0.663 255.4 118.0 -12.0  41.0
2025 1 1.000   13938 BG   Dai  228   14  140 0.578 309.9 105.0  19.0  28.0
2025 1 1.000   13939 BD   Dac  250   14  130 0.267 205.9  84.0 -17.0   7.0
2025 1 1.000   13941 B    Cai  159   10   80 0.050 180.0  77.0  -6.0   0.0
2025 1 1.000   13943 B    Dao   84    6   90 0.884 105.3  15.0 -15.0 -62.0
2025 1 1.000   13944 BG   Dao  231    4  140 0.564 110.5  44.0 -14.0 -33.0
2025 1 2.000   13935 A    Hsx   43    1   50 0.902 250.5 129.0 -19.0  64.0
2025 1 2.000   13936 BD   Ekc   60    8  340 0.996 283.4 148.0  13.0  84.0
2025 1 2.000   13937 A    Axx   11    1   10 0.810 257.5 118.0 -12.0  54.0
2025 1 2.000   13938 BG   Cai  169    9  120 0.709 301.1 104.0  19.0  40.0
2025 1 2.000   13939 BG   Cai  237    9  130 0.406 233.6  84.0 -17.0  20.0
2025 1 2.000   13941 B    Cai  155   10   80 0.229 257.5  77.0  -6.0  13.0
2025 1 2.000   13943 B    Cao  118    6   90 0.751 107.2  16.0 -15.0 -48.0
2025 1 2.000   13944 B    Dai  316    9  170 0.369 121.0  45.0 -14.0 -19.0
2025 1 2.000   13945 B    Eai  170    6  170 0.865  99.7   4.0 -10.0 -60.0
2025 1 3.000   13935 A    Hsx   21    1   50 0.977 251.3 128.0 -19.0  78.0
2025 1 3.000   13938 B    Dao   83   13   80 0.853 294.7 105.0  19.0  55.0
2025 1 3.000   13939 B    Cso  212   10  130 0.576 244.8  83.0 -17.0  33.0
2025 1 3.000   13941 B    Cso  143    7   80 0.439 263.2  76.0  -6.0  26.0
2025 1 3.000   13943 B    Dao  208    7  130 0.597 112.6  15.0 -16.0 -35.0
2025 1 3.000   13944 B    Dai  430   12  220 0.211 151.3  44.0 -14.0  -6.0
2025 1 3.000   13945 BG   Eki  430   12  310 0.720  99.3   4.0  -9.0 -46.0
2025 1 3.000   13946 B    Dao  191    6  160 0.800 257.5 103.0 -12.0  53.0
2025 1 3.000   13947 BG   Dao   61    4  100 0.951  78.3 339.0  10.0 -71.0
2025 1 3.000   13948 A    Axx   14    1   10 0.693  51.3  14.0  23.0 -36.0
2025 1 4.000   13935 A    Hsx    0    1   60 1.000 252.0 128.0 -18.0  91.0
2025 1 4.000   13938 A    Hax   31    3   50 0.948 291.4 106.0  19.0  69.0
2025 1 4.000   13939 B    Cso  160    8  120 0.744 250.2  84.0 -17.0  47.0
2025 1 4.000   13941 B    Cso  122    6   80 0.642 266.3  77.0  -5.0  40.0
2025 1 4.000   13943 BG   Dao  238   13  130 0.402 120.5  16.0 -15.0 -21.0
2025 1 4.000   13944 B    Dao  390   14  200 0.215 219.2  45.0 -13.0   8.0
2025 1 4.000   13945 BG   Dki  584   15  350 0.550 103.0   4.0 -10.0 -33.0
2025 1 4.000   13946 B    Dao   94    4  120 0.919 259.5 104.0 -11.0  67.0
2025 1 4.000   13947 BD   Dac  250    8  240 0.853  74.9 340.0  11.0 -57.0
2025 1 4.000   13948 B    Bxo   15    2   10 0.616  58.3   4.0  16.0 -33.0
2025 1 4.000   13949 B    Bxo   18    6   10 0.399 255.3  60.0  -9.0  23.0
2025 1 5.000   13938 A    Hax    9    3   50 0.996 289.5 107.0  19.0  83.0
2025 1 5.000   13939 A    Hsx   86    2   90 0.877 252.6  85.0 -17.0  61.0
2025 1 5.000   13941 B    Dso  108    3   90 0.797 267.7  77.0  -4.0  53.0
2025 1 5.000   13943 BG   Eso  154   14   80 0.268 150.2  16.0 -17.0  -8.0
2025 1 5.000   13944 B    Dao  256   13  140 0.402 245.3  46.0 -13.0  22.0
2025 1 5.000   13945 BG   Dai  300   16  160 0.341 109.8   5.0 -10.0 -19.0
2025 1 5.000   13946 B    Dao   39    4  120 0.986 260.4 105.0 -10.0  81.0
2025 1 5.000   13947 BGD  Dkc  446   10  310 0.694  71.6 342.0  10.0 -42.0
2025 1 5.000   13948 A    Axx    8    1    5 0.456  43.3   5.0  16.0 -19.0
2025 1 5.000   13949 B    Cso   63    5   40 0.603 261.5  61.0  -8.0  37.0
2025 1 5.000   13950 A    Hsx   87    1  100 0.900 108.3 320.0 -18.0 -64.0
2025 1 5.000   13951 A    Hsx   89    1   50 0.451 114.5 359.0 -14.0 -25.0
2025 1 5.000   13952 B    Bxo   18    2   10 0.384 357.5  25.0  19.0   1.0
2025 1 6.000   13939 A    Hsx   45    2   80 0.959 253.4  85.0 -17.0  74.0
2025 1 6.000   13941 B    Dso   39    2   50 0.919 265.0  78.0  -6.0  67.0
2025 1 6.000   13943 A    Hsx  116    5   60 0.236 205.2  16.0 -16.0   6.0
2025 1 6.000   13944 B    Dao  161   12  100 0.588 251.1  46.0 -14.0  35.0
2025 1 6.000   13945 B    Cai  158   12   80 0.127 137.2   6.0  -9.0  -5.0
2025 1 6.000   13946 B    Dao   17    4  120 0.997 259.7 106.0 -10.0  95.0
2025 1 6.000   13947 BGD  Eac  388   12  230 0.536  62.7 342.0  11.0 -29.0
2025 1 6.000   13948 B    Bxo   18    1   10 0.347  14.0   6.0  16.0  -5.0
2025 1 6.000   13949 B    Cro   37    2   30 0.776 264.0  62.0  -7.0  51.0
2025 1 6.000   13950 A    Hsx   51    1   40 0.766 110.5 322.0 -18.0 -49.0
2025 1 6.000   13951 A    Hrx   38    2   20 0.247 131.2 360.0 -13.0 -11.0
2025 1 6.000   13952 A    Axx   17    3   10 0.442 326.2  26.0  18.0  15.0
2025 1 7.000   13939 A    Hsx    1    1   60 1.000 252.9  90.0 -17.0  92.0
2025 1 7.000   13941 B    Dso   19    3   60 0.987 264.5  79.0  -6.0  81.0
2025 1 7.000   13943 B    Cso   91    4   50 0.406 238.0  19.0 -16.0  21.0
2025 1 7.000   13944 B    Dao   92    8   70 0.748 254.6  46.0 -14.0  48.0
2025 1 7.000   13945 B    Cai  156    5   80 0.194 241.9   8.0  -9.0  10.0
2025 1 7.000   13947 BGD  Ehc  535   17  290 0.382  48.7 341.0  11.0 -17.0
2025 1 7.000   13948 B    Bxo   18    2   10 0.370 336.0   7.0  16.0   9.0
2025 1 7.000   13949 A    Axx    9    1   10 0.881 261.8  60.0  -9.0  62.0
2025 1 7.000   13950 A    Hsx   94    1   60 0.615 114.7 322.0 -18.0 -36.0
2025 1 7.000   13951 A    Hrx   39    1   20 0.178 185.5 359.0 -14.0   1.0
2025 1 7.000   13952 A    Axx   16    1   10 0.563 312.6  24.0  19.0  26.0
2025 1 8.000   13943 A    Hsx   65    1   40 0.572 245.5  18.0 -17.0  33.0
2025 1 8.000   13944 B    Cro   19    2   20 0.875 255.0  46.0 -15.0  61.0
2025 1 8.000   13945 B    Cao   73    6   40 0.397 256.3   6.0  -9.0  23.0
2025 1 8.000   13947 BGD  Eki  691   19  360 0.279  10.6 342.0  12.0  -3.0
2025 1 8.000   13948 B    Bxo   17    2   10 0.503 311.8   8.0  16.0  23.0
2025 1 8.000   13950 A    Hsx   72    1   40 0.434 124.9 323.0 -18.0 -22.0
2025 1 8.000   13951 A    Hsx   38    1   20 0.299 237.6 359.0 -13.0  15.0
2025 1 8.000   13952 A    Axx   13    1   10 0.724 301.0  26.0  19.0  41.0
2025 1 9.000   13943 B    Cso   40    2   30 0.741 250.6  18.0 -17.0  47.0
2025 1 9.000   13944 B    Bxo    5    2   10 0.954 257.6  44.0 -13.0  73.0
2025 1 9.000   13945 B    Cro   47    6   30 0.604 258.7   8.0 -10.0  37.0
2025 1 9.000   13947 BGD  Ekc  702   12  370 0.315 330.9 340.0  12.0   9.0
2025 1 9.000   13948 A    Axx   14    1   10 0.704 299.2  11.0  17.0  40.0
2025 1 9.000   13950 B    Cso  134    3   70 0.284 148.5 322.0 -18.0  -9.0
2025 1 9.000   13952 A    Axx    9    1   10 0.871 294.5  28.0  19.0  57.0
2025 1 9.000   13953 B    Bxi   17    6   10 0.497 324.3 348.0  20.0  18.0
2025 110.000   13943 A    Hsx   30    2   30 0.858 253.8  17.0 -16.0  59.0
2025 110.000   13945 B    Cro   26    4   20 0.754 260.3   7.0 -10.0  49.0
2025 110.000   13947 BG   Ekc  569   23  320 0.457 306.6 340.0  12.0  22.0
2025 110.000   13948 A    Axx   10    1   10 0.839 292.1  12.0  16.0  54.0
2025 110.000   13950 B    Cso  116    3   60 0.254 199.0 323.0 -18.0   5.0
2025 110.000   13951 B    Bxo   59    3   40 0.666 252.0 359.0 -15.0  41.0
2025 110.000   13953 B    Cri  138    6   90 0.638 308.7 350.0  20.0  32.0
2025 110.000   13954 B    Cso   27    4   30 0.891 299.6  16.0  24.0  58.0
2025 111.000   13945 B    Bxo   20    2   20 0.855 264.4   6.0  -7.0  59.0
2025 111.000   13947 BG   Dko  379   15  250 0.651 295.7 342.0  13.0  37.0
2025 111.000   13948 A    Hsx    7    1   10 0.934 287.8  12.0  15.0  67.0
2025 111.000   13950 B    Cso   74    3   40 0.354 237.5 323.0 -15.0  18.0
2025 111.000   13953 B    Dao  110    5   90 0.789 302.3 351.0  22.0  46.0
2025 111.000   13955 B    Bxo   22    2   20 0.820 237.2 357.0 -29.0  52.0
2025 111.000   13956 B    Dao  386    7  220 0.480  60.1 280.0  10.0 -25.0
2025 112.000   13947 BG   Dao  261    8  220 0.804 289.7 343.0  13.0  51.0
2025 112.000   13948 A    Axx    2    1   10 0.989 284.9  12.0  14.0  80.0
2025 112.000   13950 A    Hax   33    1   20 0.548 249.0 324.0 -15.0  32.0
2025 112.000   13953 B    Dso   75    6   90 0.908 296.7 353.0  22.0  61.0
2025 112.000   13955 A    Axx    8    1   10 0.915 239.0 357.0 -30.0  65.0
2025 112.000   13956 B    Dao  380    5  200 0.310  37.4 281.0  10.0 -11.0
2025 113.000   13947 BG   Dao  206    7  240 0.903 284.4 342.0  11.0  63.0
2025 113.000   13950 A    Axx   13    2   10 0.720 249.2 324.0 -18.0  45.0
2025 113.000   13953 B    Dso   43    3   90 0.970 294.0 352.0  22.0  73.0
2025 113.000   13956 B    Dao  491   12  250 0.184 349.1 281.0   6.0   2.0
2025 113.000   13957 B    Bxo   27    3   20 0.728 304.5 319.0  21.0  40.0
2025 113.000   13958 A    Axx    6    1    5 0.752  94.1 230.0  -6.0 -49.0
2025 113.000   13959 A    Hsx   79    1  150 0.964  68.9 207.0  19.0 -72.0
2025 114.000   13947 BD   Dho  102    7  250 0.979 282.2 343.0  11.0  77.0
2025 114.000   13950 A    Axx   10    1   10 0.859 251.7 325.0 -18.0  59.0
2025 114.000   13953 B    Dso    3    3   90 1.000 291.2 353.0  21.0  87.0
2025 114.000   13956 B    Dao  360    7  190 0.314 305.0 281.0   6.0  15.0
2025 114.000   13957 B    Cro   21    3   20 0.847 298.3 319.0  21.0  53.0
2025 114.000   13959 B    Cho  313    3  360 0.900  67.5 205.0  18.0 -61.0
2025 114.000   13960 B    Cao   16    6   50 0.986 259.6 347.0 -11.0  81.0
2025 115.000   13947 B    Dao   19    7  200 0.999 280.8 343.0  11.0  92.0
2025 115.000   13950 A    Axx    6    1   10 0.948 252.6 324.0 -18.0  72.0
2025 115.000   13956 B    Dao  277    7  160 0.499 290.6 280.0   6.0  28.0
2025 115.000   13957 A    Axx    5    1   10 0.955 291.5 322.0  19.0  70.0
2025 115.000   13959 BG   Dko  497    5  400 0.783  62.6 205.0  18.0 -47.0
2025 115.000   13960 A    Hsx    2    1   30 0.999 258.8 345.0 -11.0  93.0
2025 115.000   13961 B    Dao  125    3  180 0.937  97.9 181.0  -9.0 -70.0
2025 115.000   13962 A    Hsx    8    1   40 0.994  72.3 170.0  17.0 -82.0
2025 116.000   13956 B    Cao  233    5  160 0.683 282.5 281.0   5.0  42.0
2025 116.000   13957 A    Axx    1    1   10 0.997 289.5 323.0  19.0  84.0
2025 116.000   13959 BGD  Dki  600   10  400 0.660  55.7 204.0  18.0 -35.0
2025 116.000   13961 BG   Eac  235   15  220 0.845  97.7 181.0  -9.0 -58.0
2025 116.000   13962 BGD  Eai   53    6   80 0.943  70.1 171.0  17.0 -68.0
2025 116.000   13963 B    Cao   34    5   20 0.490  11.2 233.0  24.0  -6.0
2025 117.000   13956 A    Hax   85    1   80 0.845 277.8 283.0   4.0  57.0
2025 117.000   13959 BGD  Dki  710   10  430 0.564  47.7 200.0  18.0 -26.0
2025 117.000   13961 BG   Eki  482   15  340 0.705  97.9 181.0  -9.0 -45.0
2025 117.000   13962 B    Dso  128    4  120 0.845  66.4 172.0  17.0 -54.0
2025 117.000   13964 B    Dai  326   14  180 0.422 298.1 248.0   7.0  22.0
2025 117.000   13965 A    Hsx   63    1   90 0.935  72.0 159.0  15.0 -67.0
2025 118.000   13956 A    Hax   57    2   90 0.948 275.9 284.0   4.0  71.0
2025 118.000   13959 BG   Eko  990   14  550 0.435  27.0 201.0  18.0 -12.0
2025 118.000   13961 BG   Eki 1017   25  600 0.530  99.1 181.0  -9.0 -32.0
2025 118.000   13962 B    Dso  166    6  120 0.720  60.6 172.0  17.0 -41.0
2025 118.000   13964 BG   Dki  771   17  475 0.583 287.5 247.0   6.0  34.0
2025 118.000   13965 A    Hsx  111    1  100 0.831  68.3 160.0  15.0 -53.0
2025 118.000   13966 B    Bxo   19    2   10 0.208  42.0 205.0   4.0  -8.0
2025 118.000   13967 A    Hax   19    2   30 0.948 107.4 141.0 -18.0 -72.0
2025 119.000   13956 A    Hax    3    1   20 0.997 274.4 284.0   4.0  85.0
2025 119.000   13959 B    Eko 1022   10  560 0.407 357.7 201.0  19.0   1.0
2025 119.000   13961 BGD  Ekc 1359   22  720 0.330 103.0 181.0  -9.0 -19.0
2025 119.000   13962 B    Cso  161    6  100 0.587  49.5 172.0  18.0 -28.0
2025 119.000   13964 BGD  Dki  599   14  450 0.745 282.7 247.0   6.0  47.0
2025 119.000   13965 B    Cso  204    3  140 0.683  63.3 161.0  14.0 -39.0
2025 119.000   13967 B    Dao   65    2   60 0.839 107.0 143.0 -17.0 -57.0
2025 120.000   13959 B    Cko  873    8  500 0.487 322.9 205.0  18.0  18.0
2025 120.000   13961 BGD  Ekc 1547   22  780 0.124 123.5 181.0  -9.0  -6.0
2025 120.000   13962 B    Cso  196    5  110 0.453  30.5 173.0  18.0 -14.0
2025 120.000   13964 BG   Eki  364   12  400 0.890 279.4 249.0   6.0  62.0
2025 120.000   13965 B    Cso  228    3  140 0.579  56.9 157.0  14.0 -30.0
2025 120.000   13967 B    Dso   89    2   60 0.667 109.9 146.0 -17.0 -41.0
2025 120.000   13968 B    Bxo   13    6   20 0.942 251.6 258.0 -19.0  71.0
2025 120.000   13969 B    Bxo   20    5   20 0.854  93.9 128.0  -6.0 -59.0
2025 121.000   13959 B    Cko  721   12  460 0.621 307.9 204.0  18.0  31.0
2025 121.000   13961 BGD  Fkc 1581   70  800 0.153 244.0 181.0  -9.0   8.0
2025 121.000   13962 BG   Csi  220   20  120 0.395   4.8 171.0  18.0  -2.0
2025 121.000   13964 BGD  Ekc  197   15  400 0.969 277.6 248.0   6.0  75.0
2025 121.000   13965 B    Cao  256    6  140 0.402  35.7 159.0  14.0 -14.0
2025 121.000   13967 B    Cso  105    5   60 0.470 117.0 147.0 -17.0 -26.0
2025 121.000   13968 BD   Cai   15   11   70 0.994 252.4 258.0 -18.0  85.0
2025 121.000   13969 BG   Dri   56   25   40 0.704  93.3 128.0  -6.0 -45.0
2025 121.000   13970 B    Bxi   17    6   10 0.495  44.1 152.0  16.0 -21.0
2025 121.000   13971 B    Cri   57    7   30 0.300   9.8 170.0  12.0  -3.0
2025 122.000   13959 B    Cko  538    4  420 0.767 298.8 205.0  18.0  45.0
2025 122.000   13961 BG   Ekc 1443   45  780 0.379 256.5 182.0 -10.0  22.0
2025 122.000   13962 B    Cao  215    8  120 0.440 333.3 172.0  18.0  12.0
2025 122.000   13964 BG   Dai    4    6  240 1.000 276.0 250.0   6.0  90.0
2025 122.000   13965 B    Cao  188    6  100 0.330  -0.0 160.0  14.0   0.0
2025 122.000   13967 BG   Eai  210   12  110 0.286 135.9 148.0 -17.0 -12.0
2025 122.000   13969 BG   Dri   68    9   40 0.513  92.8 129.0  -6.0 -31.0
2025 122.000   13970 B    Bxi   36    6   20 0.398  24.8 153.0  16.0 -10.0
2025 122.000   13971 A    Axx   18    2   10 0.378 321.2 174.0  12.0  14.0
2025 123.000   13959 B    Cko  366    4  400 0.889 293.4 206.0  18.0  59.0
2025 123.000   13961 BG   Ekc 1147   32  700 0.573 260.2 182.0 -10.0  35.0
2025 123.000   13962 B    Cao  159    4  100 0.601 309.9 176.0  18.0  29.0
2025 123.000   13965 B    Cao  146    6   80 0.404 324.5 161.0  14.0  14.0
2025 123.000   13967 B    Cri   78   10   40 0.187 190.3 149.0 -16.0   2.0
2025 123.000   13969 B    Dri  114   12   60 0.291  92.9 130.0  -6.0 -17.0
2025 123.000   13970 B    Bxo   18    3   10 0.370 349.6 151.0  16.0   4.0
2025 123.000   13972 B    Csi   77    7   40 0.241 155.6 141.0 -18.0  -6.0
2025 124.000   13959 A    Hkx  178    4  340 0.965 290.4 206.0  18.0  72.0
2025 124.000   13961 BG   Ekc  887   27  660 0.740 261.4 182.0 -10.0  48.0
2025 124.000   13962 A    Hax   82    3   60 0.723 299.8 175.0  17.0  41.0
2025 124.000   13965 B    Cao  100    3   60 0.546 306.3 161.0  14.0  27.0
2025 124.000   13967 B    Bxi   95    6   50 0.302 236.0 149.0 -15.0  15.0
2025 124.000   13969 B    Dri  159   14   80 0.070  97.9 130.0  -6.0  -4.0
2025 124.000   13970 A    Axx   18    1   10 0.418 326.0 148.0  15.0  14.0
2025 124.000   13971 BG   Dao   92   11   60 0.640 299.6 169.0  14.0  35.0
2025 124.000   13972 B    Dso  154   10   80 0.262 206.1 141.0 -19.0   7.0
2025 125.000   13959 A    Hax   11    2  160 0.999 288.3 207.0  18.0  86.0
2025 125.000   13961 BG   Eki  438   15  460 0.879 261.6 183.0 -10.0  62.0
2025 125.000   13962 A    Hax   31    2   30 0.850 295.2 175.0  18.0  54.0
2025 125.000   13965 A    Hax   41    3   30 0.724 296.8 163.0  15.0  42.0
2025 125.000   13967 B    Cro   35    4   20 0.458 247.7 147.0 -15.0  26.0
2025 125.000   13969 B    Dro   59    6   30 0.173 266.9 131.0  -6.0  10.0
2025 125.000   13971 BG   Dai  208   13  170 0.789 291.2 170.0  13.0  49.0
2025 125.000   13972 B    Dao   72    6   40 0.414 234.8 142.0 -19.0  21.0
2025 126.000   13961 BG   Eki  233   15  460 0.967 261.1 184.0 -10.0  76.0
2025 126.000   13962 A    Hax   19    2   30 0.946 291.2 176.0  18.0  68.0
2025 126.000   13965 B    Cao   30    3   30 0.859 291.2 164.0  15.0  56.0
2025 126.000   13967 B    Cso   30    4   20 0.648 253.4 148.0 -15.0  40.0
2025 126.000   13969 B    Cao   54    6   30 0.421 267.9 133.0  -6.0  25.0
2025 126.000   13971 BG   Dac  142   13  170 0.908 287.1 171.0  13.0  63.0
2025 126.000   13972 B    Dao   64    6   40 0.596 245.4 143.0 -19.0  35.0
2025 126.000   13973 B    Dao   56    2   30 0.321 353.9 109.0  13.0   2.0
2025 127.000   13961 BG   Eki   11   12  320 1.000 260.0 184.0 -10.0  90.0
2025 127.000   13962 A    Hax    6    2   30 0.995 288.8 176.0  18.0  82.0
2025 127.000   13965 A    Axx    6    2   10 0.953 287.7 164.0  15.0  70.0
2025 127.000   13967 B    Dso   23    4   20 0.807 255.6 148.0 -15.0  54.0
2025 127.000   13969 B    Cao   46    6   30 0.640 267.5 134.0  -6.0  40.0
2025 127.000   13971 BG   Dai   66   13  170 0.981 284.5 171.0  13.0  77.0
2025 127.000   13972 B    Cao   25    6   20 0.760 249.8 143.0 -19.0  49.0
2025 127.000   13973 B    Cao   36    3   20 0.415 319.7 110.0  13.0  16.0
2025 127.000   13974 A    Hax   45    2   70 0.946 107.1  22.0 -18.0 -72.0
2025 128.000   13962 A    Hax    7    2   30 0.992 287.5 177.0  18.0  96.0
2025 128.000   13965 A    Axx    2    1   10 0.992 284.0 162.0  13.0  81.0
2025 128.000   13967 B    Dro   25    4   30 0.902 253.9 146.0 -17.0  65.0
2025 128.000   13971 BG   Dai    1   13  170 1.000 283.0 170.0  13.0  89.0
2025 128.000   13972 B    Cro   21    6   20 0.838 251.1 138.0 -19.0  57.0
2025 128.000   13974 B    Cao   88   12   90 0.871 106.3  20.0 -17.0 -61.0
2025 128.000   13975 B    Bxi   21    8   20 0.851 291.6 136.0  15.0  55.0
2025 128.000   13976 B    Dai   28    8  125 0.994  76.2   1.0  13.0 -82.0
2025 128.000   13977 B    Cao   11    2   40 0.989  70.8   2.0  18.0 -79.0
2025 129.000   13967 B    Dro   12    4   30 0.977 253.8 147.0 -17.0  79.0
2025 129.000   13972 B    Cao   27   10   40 0.941 251.9 139.0 -19.0  71.0
2025 129.000   13974 BD   Dai  119   13   90 0.746 107.6  20.0 -17.0 -48.0
2025 129.000   13975 B    Bxo   12    3   20 0.953 287.8 138.0  15.0  70.0
2025 129.000   13976 B    Dac   84   16  130 0.946  74.1  12.0  13.0 -69.0
2025 129.000   13977 BG   Cao   33   11   50 0.942  67.4   1.0  19.0 -67.0
2025 129.000   13978 A    Hax   30    1  100 0.989  77.9  12.0  11.0 -80.0
2025 130.000   13967 B    Dro    0    4   30 1.000 252.9 147.0 -17.0  92.0
2025 130.000   13972 B    Cao   10    7   40 0.991 251.6 139.0 -19.0  84.0
2025 130.000   13974 BD   Dac  147   15   90 0.574 111.3  21.0 -17.0 -34.0
2025 130.000   13975 B    Bxo    1    2   10 0.996 285.7 138.0  15.0  83.0
2025 130.000   13976 BG   Dac  134   30  130 0.855  70.9 359.0  13.0 -56.0
2025 130.000   13977 BG   Dac   98   16  100 0.870  64.2 359.0  19.0 -56.0
2025 130.000   13978 A    Hax   75    2  100 0.926  75.5 349.0  11.0 -66.0
2025 130.000   13979 B    Dro   77    5   40 0.233 251.7  68.0 -10.0  13.0
2025 131.000   13974 B    Dac  221   15  120 0.382 121.0  22.0 -17.0 -20.0
2025 131.000   13976 BGD  Dac  208   30  150 0.717  65.3 360.0  13.0 -42.0
2025 131.000   13977 B    Cao  146   16  110 0.747  57.9 360.0  19.0 -42.0
2025 131.000   13978 B    Cao  151    2  130 0.814  71.9 350.0  11.0 -52.0
2025 131.000   13979 B    Cso   53    5   30 0.454 259.8  69.0 -10.0  27.0
2025 131.000   13980 B    Cao    9    5   10 0.870  98.1 341.0 -10.0 -61.0
2025 131.000   13981 A    Hsx    7    1   10 0.919  81.9 336.0   5.0 -66.0
2025 2 1.000   13973 A    Axx    0    1   10 0.999 283.4 115.0  13.0  86.0
2025 2 1.000   13974 B    Cao  214    9  110 0.215 152.2  23.0 -17.0  -6.0
2025 2 1.000   13976 BGD  Eac  382   33  230 0.555  55.5   1.0  13.0 -28.0
2025 2 1.000   13977 BG   Cao  175   16  110 0.606  47.1   1.0  19.0 -28.0
2025 2 1.000   13978 BG   Dao  269    6  180 0.663  65.8 351.0  11.0 -38.0
2025 2 1.000   13980 B    Cao   13    5   10 0.727  98.0 342.0 -10.0 -47.0
2025 2 1.000   13981 A    Hsx   12    1   10 0.789  78.8 338.0   5.0 -51.0
2025 2 2.000   13974 B    Cao  214    9  110 0.231 215.1  23.0 -17.0   8.0
2025 2 2.000   13976 BGD  Eac  421   33  230 0.401  36.0   1.0  13.0 -14.0
2025 2 2.000   13977 BG   Cao  192   16  110 0.480  28.5   1.0  19.0 -14.0
2025 2 2.000   13978 BG   Dai  313    6  180 0.491  54.4 351.0  11.0 -24.0
2025 2 2.000   13979 B    Bxo   11    2   10 0.814 262.1  70.0 -10.0  55.0
2025 2 2.000   13980 B    Dro   16    5   10 0.543  98.9 342.0 -10.0 -33.0
2025 2 2.000   13981 B    Dso   15    4   10 0.611  73.5 341.0   5.0 -36.0
2025 2 3.000   13974 B    Cao  166    9   90 0.380 239.4  22.0 -17.0  20.0
2025 2 3.000   13976 BG   Ekc  490   21  260 0.331   5.9   1.0  13.0  -2.0
2025 2 3.000   13977 BG   Cao  217   12  120 0.426  -0.0   2.0  19.0   0.0
2025 2 3.000   13978 BG   Dai  373   10  200 0.358  34.8 350.0  11.0 -12.0
2025 2 3.000   13979 B    Bxo    7    2   10 0.929 261.7  71.0 -10.0  69.0
2025 2 3.000   13980 A    Axx   18    1   10 0.329 102.6 343.0 -10.0 -19.0
2025 2 3.000   13981 BGD  Dsi  340   15  190 0.446  65.4 338.0   5.0 -24.0
2025 2 3.000   13982 B    Cao   49    6   30 0.556  32.9 343.0  22.0 -19.0
2025 2 4.000   13974 B    Bxo   16    9   10 0.572 249.1  23.0 -17.0  34.0
2025 2 4.000   13976 BG   Eki  479   21  260 0.385 328.3   1.0  13.0  12.0
2025 2 4.000   13977 BG   Dai  210   12  120 0.482 331.7   3.0  19.0  14.0
2025 2 4.000   13978 BG   Dai  381   10  200 0.299 353.4 351.0  11.0   2.0
2025 2 4.000   13979 B    Bxo    2    2   10 0.990 260.7  72.0 -10.0  83.0
2025 2 4.000   13980 A    Axx   19    1   10 0.108 127.2 344.0 -10.0  -5.0
2025 2 4.000   13981 BGD  Ekc  484   15  250 0.249  38.7 340.0   5.0  -9.0
2025 2 4.000   13982 B    Cao   52    3   30 0.480   9.7 344.0  22.0  -5.0
2025 2 5.000   13974 B    Bxo   13    2   10 0.733 252.7  23.0 -17.0  47.0
2025 2 5.000   13976 BG   Eki  449   25  260 0.502 307.5   1.0  12.0  24.0
2025 2 5.000   13977 BG   Eai  242   22  150 0.589 312.9   3.0  18.0  27.0
2025 2 5.000   13978 BG   Dko  458   12  250 0.401 320.9 351.0  12.0  15.0
2025 2 5.000   13981 BGD  Ekc  777   20  400 0.236 347.3 339.0   7.0   3.0
2025 2 5.000   13982 B    Bxo   17    3   10 0.476 344.2 344.0  21.0   8.0
2025 2 5.000   13983 A    Hsx   37    1   40 0.884  79.8 275.0   6.0 -61.0
2025 2 5.000   13984 BG   Dai  151   15   85 0.451 326.5 351.0  16.0  15.0
2025 2 5.000   13985 B    Bxo   16    4   10 0.591  37.8 313.0  22.0 -23.0
2025 2 6.000   13974 A    Axx   10    2   10 0.861 254.0  23.0 -17.0  60.0
2025 2 6.000   13976 B    Dai  118    6   80 0.670 295.9   1.0  12.0  38.0
2025 2 6.000   13977 BG   Dai  162    9  120 0.734 301.8   4.0  18.0  41.0
2025 2 6.000   13978 B    Dao  330    7  200 0.562 302.5 352.0  12.0  29.0
2025 2 6.000   13981 BGD  Ekc  795   32  430 0.381 306.4 341.0   7.0  18.0
2025 2 6.000   13983 A    Hsx   52    1   40 0.749  76.1 275.0   6.0 -47.0
2025 2 6.000   13984 B    Cai   82    7   50 0.572 310.3 350.0  16.0  27.0
2025 2 6.000   13985 B    Bxo   17    4   10 0.485  11.5 317.0  22.0  -6.0
2025 2 6.000   13986 A    Hsx   34    1   50 0.939  82.3 254.0   5.0 -69.0
2025 2 7.000   13976 B    Csi   70    6   60 0.809 289.9   1.0  12.0  51.0
2025 2 7.000   13977 B    Cao   62    7   60 0.854 295.7   4.0  18.0  54.0
2025 2 7.000   13978 A    Hax   71    4   50 0.699 293.0 351.0  11.0  41.0
2025 2 7.000   13980 B    Bxo   16    3   10 0.587 258.5 346.0 -12.0  36.0
2025 2 7.000   13981 BGD  Ekc  678   37  410 0.561 294.6 341.0   8.0  31.0
2025 2 7.000   13983 A    Hsx   49    1   30 0.577  69.9 277.0   6.0 -33.0
2025 2 7.000   13984 B    Cai   69    7   50 0.719 298.2 351.0  15.0  41.0
2025 2 7.000   13985 B    Bxo   17    2   10 0.511 343.6 319.0  23.0   9.0
2025 2 7.000   13986 A    Hsx   54    1   50 0.841  78.6 254.0   6.0 -56.0
2025 2 7.000   13987 A    Hsx   25    1   30 0.902  96.9 245.0  -9.0 -65.0
2025 2 8.000   13974 A    Axx    0    1   10 0.999 255.2  25.0 -15.0  89.0
2025 2 8.000   13976 A    Hsx   54    1   80 0.939 284.3   4.0  11.0  68.0
2025 2 8.000   13977 A    Axx    6    1   10 0.948 291.5   4.0  18.0  68.0
2025 2 8.000   13978 BG   Cko  309    6  280 0.833 291.6 349.0  14.0  53.0
2025 2 8.000   13981 BD   Ekc  600   40  420 0.699 288.5 338.0   8.0  42.0
2025 2 8.000   13983 B    Cao   74    2   40 0.373  55.5 278.0   6.0 -18.0
2025 2 8.000   13984 B    Dao   67    8   60 0.828 293.1 348.0  15.0  52.0
2025 2 8.000   13985 B    Dro   31    3   20 0.603 323.4 319.0  23.0  23.0
2025 2 8.000   13986 A    Hsx  245    1  170 0.691  74.2 254.0   6.0 -42.0
2025 2 8.000   13987 A    Hrx   25    2   20 0.761  96.3 246.0  -9.0 -50.0
2025 2 8.000   13988 B    Bxo   19    4   10 0.277 212.1 305.0 -20.0   9.0
2025 2 9.000   13976 A    Hsx   18    1   80 0.993 281.9   5.0  11.0  82.0
2025 2 9.000   13977 A    Axx    1    1   10 0.995 288.9   5.0  18.0  82.0
2025 2 9.000   13978 BG   Cko  195    6  280 0.937 287.6 350.0  14.0  67.0
2025 2 9.000   13981 BD   Eac  213   40  200 0.845 283.8 339.0   8.0  56.0
2025 2 9.000   13983 B    Cso   77    2   40 0.228  17.7 279.0   6.0  -4.0
2025 2 9.000   13984 B    Dao   43    8   60 0.933 288.9 349.0  15.0  66.0
2025 2 9.000   13985 B    Bxo    6    3    5 0.728 310.5 320.0  23.0  37.0
2025 2 9.000   13986 A    Hsx  295    1  170 0.496  65.5 256.0   6.0 -27.0
2025 2 9.000   13987 A    Hrx   32    2   20 0.584  96.3 247.0  -9.0 -36.0
2025 2 9.000   13988 B    Bxo    9    4    5 0.432 238.8 306.0 -19.0  23.0
2025 210.000   13976 A    Hsx   19    1   80 0.992 280.3   6.0  11.0  96.0
2025 210.000   13977 A    Axx    2    1   10 0.991 287.3   6.0  18.0  96.0
2025 210.000   13978 A    Hrx    8    1   30 0.989 282.2 350.0  11.0  80.0
2025 210.000   13981 BG   Esi  128    8  190 0.941 279.9 339.0   7.0  69.0
2025 210.000   13983 B    Cso   77    3   40 0.249 330.9 277.0   6.0   7.0
2025 210.000   13984 B    Cao    6    8   50 0.998 280.5 350.0  10.0  85.0
2025 210.000   13985 A    Axx    5    1    5 0.855 302.0 322.0  23.0  52.0
2025 210.000   13986 A    Hsx  263    2  140 0.335  50.2 255.0   6.0 -15.0
2025 210.000   13987 A    Hrx   18    3   10 0.405  97.3 246.0  -9.0 -24.0
2025 210.000   13988 BG   Cro   15    3   10 0.613 249.0 307.0 -18.0  37.0
2025 210.000   13989 A    Hsx   90    1  120 0.926  67.4 206.0  18.0 -64.0
2025 211.000   13978 A    Hrx    5    1   30 0.996 280.5 351.0  11.0  94.0
2025 211.000   13981 BG   Esi   33    8  190 0.996 277.7 341.0   7.0  84.0
2025 211.000   13983 B    Dso  144    4   80 0.428 299.5 279.0   6.0  22.0
2025 211.000   13986 A    Hsx  273    2  140 0.220  -0.0 257.0   6.0   0.0
2025 211.000   13987 B    Bxo   19    2   10 0.177 103.8 247.0  -9.0 -10.0
2025 211.000   13988 B    Bxo   12    3   10 0.776 252.2 308.0 -18.0  51.0
2025 211.000   13989 A    Hsx  182    1  160 0.821  62.6 207.0  18.0 -50.0
2025 211.000   13990 B    Cao  169    3  220 0.923  97.0 189.0  -9.0 -68.0
2025 212.000   13983 B    Dao   93    5   60 0.630 288.2 281.0   6.0  37.0
2025 212.000   13986 A    Hsx  282    2  150 0.336 310.1 259.0   6.0  15.0
2025 212.000   13987 B    Bxo   19    6   10 0.080 239.9 248.0  -9.0   4.0
2025 212.000   13988 A    Axx    8    3   10 0.900 253.2 309.0 -18.0  65.0
2025 212.000   13989 A    Hsx  247    1  170 0.686  54.6 208.0  18.0 -36.0
2025 212.000   13990 BG   Dko  309    3  260 0.804  96.2 190.0  -9.0 -54.0
2025 212.000   13991 A    Hsx   21    1   30 0.934 100.3 174.0 -12.0 -70.0
2025 213.000   13983 B    Dro   23    4   20 0.803 282.7 283.0   6.0  52.0
2025 213.000   13986 A    Hsx  236    2  140 0.538 292.4 261.0   6.0  30.0
2025 213.000   13989 A    Hsx  335    1  200 0.544  40.9 209.0  18.0 -22.0
2025 213.000   13990 BG   Dko  400    7  260 0.638  95.9 191.0  -9.0 -40.0
2025 213.000   13991 B    Cso   32    3   30 0.842  99.9 173.0 -12.0 -58.0
2025 213.000   13992 BG   Dai  294   11  150 0.190 273.4 242.0  -6.0  11.0
2025 214.000   13983 A    Axx    7    1   10 0.921 279.5 283.0   6.0  66.0
2025 214.000   13986 A    Hsx  167    1  120 0.716 285.3 261.0   6.0  44.0
2025 214.000   13989 A    Hhx  450    1  250 0.435  15.5 210.0  18.0  -7.0
2025 214.000   13990 BG   Cki  558    7  310 0.436  96.6 191.0  -9.0 -26.0
2025 214.000   13991 A    Hrx   28    2   20 0.690 100.2 173.0 -12.0 -44.0
2025 214.000   13992 BG   Dai  377   16  210 0.436 270.3 243.0  -6.0  26.0
2025 214.000   13993 A    Hhx  116    1  250 0.972  72.7 143.0  15.0 -74.0
2025 214.000   13994 B    Dro   57    3   30 0.295 146.7 207.0 -21.0 -10.0
2025 215.000   13986 A    Hsx   85    1   70 0.793 283.0 255.0   6.0  51.0
2025 215.000   13989 A    Hhx  453    1  250 0.420  -0.0 204.0  18.0   0.0
2025 215.000   13990 BG   Dki  603    8  310 0.229 104.6 191.0 -10.0 -13.0
2025 215.000   13991 A    Hrx   34    1   20 0.515 101.9 173.0 -12.0 -31.0
2025 215.000   13992 BG   Eai  138   11   90 0.639 267.3 244.0  -7.0  40.0
2025 215.000   13993 A    Hhx  190    1  220 0.901  69.7 143.0  15.0 -61.0
2025 215.000   13994 B    Dao   58    3   30 0.221 197.4 208.0 -19.0   4.0
2025 215.000   13995 B    Cro   50    5   30 0.540 239.2 234.0 -22.0  30.0
2025 216.000   13986 A    Hsx   72    1   80 0.893 280.3 253.0   6.0  62.0
2025 216.000   13989 A    Hhx  474    1  270 0.477 331.2 205.0  18.0  14.0
2025 216.000   13990 BG   Cki  619   18  310 0.037 180.0 191.0  -9.0   0.0
2025 216.000   13991 A    Axx   19    2   10 0.306 111.3 174.0 -13.0 -17.0
2025 216.000   13992 BG   Eao   71    7   60 0.806 268.9 245.0  -5.0  54.0
2025 216.000   13993 A    Hsx  271    2  220 0.786  63.4 144.0  16.0 -47.0
2025 216.000   13994 B    Cro   55    6   30 0.363 233.6 209.0 -19.0  18.0
2025 216.000   13995 B    Cso   28    2   20 0.707 245.6 235.0 -22.0  44.0
2025 216.000   13996 B    Eso   78    9   90 0.901  98.9 126.0 -11.0 -65.0
2025 216.000   13997 B    Cao   43    5   30 0.683  78.1 149.0   3.0 -42.0
2025 217.000   13986 A    Hsx   41    1   90 0.973 276.8 254.0   5.0  76.0
2025 217.000   13989 A    Hhx  429    1  270 0.605 312.4 206.0  18.0  28.0
2025 217.000   13990 BG   Cki  543   42  280 0.241 264.7 192.0  -8.0  14.0
2025 217.000   13991 B    Cro   39    6   20 0.117 154.2 175.0 -13.0  -3.0
2025 217.000   13992 BG   Eao   55    5   70 0.918 267.5 245.0  -5.0  67.0
2025 217.000   13993 A    Hsx  320    3  210 0.646  56.8 144.0  15.0 -34.0
2025 217.000   13994 B    Cao   66    9   40 0.559 242.3 208.0 -21.0  32.0
2025 217.000   13995 B    Cao   42    2   40 0.847 247.2 236.0 -23.0  58.0
2025 217.000   13996 BG   Eai  126   17  100 0.774 106.3 127.0 -17.0 -51.0
2025 217.000   13997 B    Cai   69   56   40 0.495  71.3 150.0   3.0 -28.0
2025 217.000   13998 B    Cao   75    4   90 0.907 102.2 112.0 -14.0 -66.0
2025 217.000   13999 B    Cro   23    5   20 0.811  78.7 125.0   5.0 -53.0
2025 218.000   13986 A    Hsx    2    1   80 1.000 276.0 254.0   6.0  90.0
2025 218.000   13989 A    Hhx  344    1  250 0.724 304.7 204.0  19.0  39.0
2025 218.000   13990 BG   Cko  460   17  250 0.389 263.4 188.0  -9.0  23.0
2025 218.000   13991 A    Axx   19    1   10 0.209 233.6 175.0 -14.0  10.0
2025 218.000   13992 BG   Eai   30   17   90 0.986 265.1 246.0  -6.0  81.0
2025 218.000   13993 A    Hhx  422    2  250 0.536  47.2 141.0  15.0 -24.0
2025 218.000   13994 B    Bxo   13    4   10 0.722 250.3 211.0 -19.0  46.0
2025 218.000   13995 A    Hrx   17    1   30 0.954 250.1 239.0 -21.0  74.0
2025 218.000   13996 BG   Eko  542   21  350 0.632 106.8 126.0 -16.0 -39.0
2025 218.000   13997 B    Cai   94   10   50 0.323  58.5 149.0   3.0 -16.0
2025 218.000   13998 BD   Dai  178   16  150 0.803 102.3 111.0 -14.0 -54.0
2025 218.000   13999 B    Cro   45    7   30 0.644  72.0 127.0   6.0 -38.0
2025 219.000   13989 A    Hhx  262    1  250 0.851 297.5 205.0  19.0  53.0
2025 219.000   13990 BG   Cko  400   12  250 0.597 264.3 189.0  -9.0  37.0
2025 219.000   13992 BG   Eai   16   17   90 0.996 263.3 248.0  -6.0  96.0
2025 219.000   13993 A    Hhx  456    1  250 0.409  24.2 142.0  15.0 -10.0
2025 219.000   13994 A    Axx    5    1    5 0.861 252.0 212.0 -19.0  60.0
2025 219.000   13995 A    Hrx    4    1   30 0.997 249.3 240.0 -21.0  88.0
2025 219.000   13996 BG   Eki  646   18  360 0.439 112.4 127.0 -16.0 -25.0
2025 219.000   13997 B    Cao   59    8   30 0.181  16.7 149.0   3.0  -3.0
2025 219.000   13998 BD   Dai  260   19  170 0.641 103.5 112.0 -14.0 -40.0
2025 219.000   13999 B    Cro   53    9   30 0.444  61.0 129.0   6.0 -23.0
2025 220.000   13989 A    Hhx  178    1  250 0.934 293.5 203.0  19.0  65.0
2025 220.000   13990 B    Cko  324    6  250 0.761 264.2 188.0  -9.0  50.0
2025 220.000   13993 A    Hhx  462    1  250 0.381 349.8 142.0  15.0   4.0
2025 220.000   13994 A    Axx    2    1    5 0.954 252.2 212.0 -19.0  74.0
2025 220.000   13996 BG   Eki  640   12  330 0.242 130.7 127.0 -16.0 -11.0
2025 220.000   13997 B    Bxo   19    3   10 0.245 314.9 148.0   3.0  10.0
2025 220.000   13998 BD   Dai  358   12  200 0.446 107.4 112.0 -14.0 -26.0
2025 220.000   13999 B    Cro   38    3   20 0.283  37.7 128.0   6.0 -10.0
2025 221.000   13989 A    Hhx   69    1  250 0.990 290.4 204.0  19.0  79.0
2025 221.000   13990 B    Cko  224    6  250 0.894 263.4 189.0  -9.0  64.0
2025 221.000   13993 B    Cho  439    3  250 0.475 321.1 143.0  15.0  18.0
2025 221.000   13994 A    Axx    0    1    5 0.997 251.3 213.0 -19.0  88.0
2025 221.000   13996 BG   Fko  651    8  330 0.163 197.9 128.0 -16.0   3.0
2025 221.000   13997 B    Bxo   17    3   10 0.453 291.2 150.0   3.0  25.0
2025 221.000   13998 BG   Dai  427   18  220 0.236 121.4 113.0 -14.0 -12.0
2025 221.000   13999 B    Cro   38    3   20 0.242 339.0 130.0   6.0   5.0
2025 222.000   13989 A    Hhx   44    1  250 0.996 288.6 205.0  19.0  93.0
2025 222.000   13990 B    Cso   53    3  120 0.975 262.3 190.0  -9.0  78.0
2025 222.000   13993 B    Cso  265    3  170 0.625 305.0 144.0  15.0  32.0
2025 222.000   13996 B    Fko  624    8  330 0.323 240.4 129.0 -16.0  17.0
2025 222.000   13997 B    Bxo   15    2   10 0.658 282.9 152.0   3.0  40.0
2025 222.000   13998 BGD  Eai  436   22  220 0.125 195.7 114.0 -14.0   2.0
2025 222.000   13999 B    Cro   36    3   20 0.405 302.8 132.0   6.0  20.0
2025 222.000   14000 B    Dai  217   16  120 0.424  16.0 104.0  17.0  -7.0
2025 223.000   13990 B    Cso    0    2  120 1.000 260.9 190.0  -9.0  91.0
2025 223.000   13991 A    Axx    4    2   10 0.973 258.3 176.0 -13.0  78.0
2025 223.000   13993 A    Hax  232    1  180 0.764 296.6 144.0  15.0  45.0
2025 223.000   13996 B    Fao  383   12  230 0.552 251.7 132.0 -16.0  33.0
2025 223.000   13998 BG   Eki  539   28  280 0.265 242.3 113.0 -14.0  14.0
2025 223.000   13999 B    Bxo   16    3   10 0.570 287.7 132.0   4.0  33.0
2025 223.000   14000 BGD  Dai  326   20  180 0.420 346.2 105.0  17.0   6.0
2025 223.000   14001 B    Cao   13    3   40 0.986 295.9 175.0  24.0  76.0
2025 223.000   14002 B    Cro   35    6   20 0.474  44.7  79.0  13.0 -20.0
2025 223.000   14003 B    Bxo   12    2   10 0.785  71.2  50.0  10.0 -49.0
2025 223.000   14004 A    Hsx   20    1   30 0.939 103.4  27.0 -15.0 -71.0
2025 223.000   14005 B    Cro   11    2   10 0.806  91.0  44.0  -5.0 -54.0
2025 223.000   14006 B    Dao   59    3  110 0.962  70.0  27.0  17.0 -71.0
2025 224.000   13991 B    Cro    2    3   10 0.994 261.6 171.0  -9.0  85.0
2025 224.000   13993 A    Hsx  171    1  180 0.880 291.4 144.0  15.0  58.0
2025 224.000   13996 B    Fao  301    5  220 0.729 254.7 133.0 -16.0  47.0
2025 224.000   13998 BG   Ekc  510   28  290 0.475 253.7 114.0 -14.0  28.0
2025 224.000   14000 BGD  Dai  307   20  180 0.518 320.9 106.0  17.0  20.0
2025 224.000   14001 B    Dai    5    4   50 0.999 293.8 176.0  24.0  90.0
2025 224.000   14002 B    Cro   37    6   20 0.359  16.5  80.0  13.0  -6.0
2025 224.000   14003 B    Bxo   15    2   10 0.627  64.2  51.0  10.0 -35.0
2025 224.000   14004 A    Hsx   33    1   30 0.832 103.3  29.0 -15.0 -57.0
2025 224.000   14005 B    Cro   15    2   10 0.627  89.1  47.0  -5.0 -39.0
2025 224.000   14006 B    Dai  144    4  150 0.877  66.1  29.0  17.0 -57.0
2025 225.000   13993 A    Hsx   73    1  140 0.965 287.7 145.0  15.0  72.0
2025 225.000   13996 B    Fao  178    3  180 0.868 255.6 134.0 -16.0  61.0
2025 225.000   13998 BGD  Ekc  641   34  430 0.666 257.0 115.0 -14.0  42.0
2025 225.000   13999 B    Cro   17    2   20 0.894 286.2 134.0  11.0  61.0
2025 225.000   14000 BGD  Dai  270   20  180 0.661 306.0 107.0  17.0  34.0
2025 225.000   14002 B    Bxo   18    6   10 0.369 338.5  81.0  13.0   8.0
2025 225.000   14004 A    Hrx   29    1   20 0.680 104.4  30.0 -15.0 -43.0
2025 225.000   14005 A    Axx   18    1   10 0.422  86.4  48.0  -5.0 -25.0
2025 225.000   14006 B    Dhi  459   10  380 0.796  60.9  26.0  18.0 -47.0
2025 225.000   14007 B    Cao   54    4   40 0.738  99.7  25.0 -12.0 -48.0
2025 226.000   13993 A    Hsx    8    1  120 0.999 285.4 145.0  15.0  86.0
2025 226.000   13996 B    Fso  112    3  180 0.950 255.5 132.0 -16.0  73.0
2025 226.000   13998 BGD  Ekc  454   28  400 0.823 257.9 115.0 -14.0  56.0
2025 226.000   13999 B    Bxo    4    2   10 0.974 283.1 134.0  11.0  75.0
2025 226.000   14000 BG   Dai  167   14  140 0.801 297.5 107.0  17.0  48.0
2025 226.000   14004 A    Hrx   17    1   10 0.506 107.5  29.0 -15.0 -30.0
2025 226.000   14006 BG   Dko  572   10  380 0.658  51.9  26.0  18.0 -33.0
2025 226.000   14007 B    Cao   49    5   30 0.557 100.9  25.0 -12.0 -34.0
2025 226.000   14008 A    Hsx   16    1   20 0.914  81.2 354.0   5.0 -65.0
2025 227.000   13996 B    Fso   23    3  140 0.996 254.4 133.0 -16.0  87.0
2025 227.000   13998 BG   Ekc  230   22  320 0.933 257.7 116.0 -14.0  70.0
2025 227.000   14000 BG   Cai   81   11  100 0.913 292.3 108.0  17.0  62.0
2025 227.000   14004 A    Hrx   19    1   10 0.301 117.8  30.0 -15.0 -16.0
2025 227.000   14006 BG   Dki  648   10  380 0.521  36.4  27.0  18.0 -19.0
2025 227.000   14007 B    Cao   56    5   30 0.347 105.2  26.0 -12.0 -20.0
2025 227.000   14008 A    Hsx   24    1   20 0.781  77.7 356.0   5.0 -50.0
2025 228.000   13998 BG   Ekc   83   22  320 0.991 256.7 117.0 -14.0  84.0
2025 228.000   14000 BG   Cai   38   11  100 0.981 289.0 109.0  17.0  76.0
2025 228.000   14002 B    Bxo   13    3   10 0.760 295.4  78.0  14.0  45.0
2025 228.000   14004 B    Bxo   19    3   10 0.204 132.2  24.0 -15.0  -9.0
2025 228.000   14006 BG   Dki  630   16  350 0.434  11.0  28.0  18.0  -5.0
2025 228.000   14007 B    Cro   39    3   20 0.132 129.4  27.0 -12.0  -6.0
2025 228.000   14008 A    Hsx   31    1   20 0.602  71.7 358.0   5.0 -35.0
2025 3 1.000   14002 B    Bxo    9    3   10 0.875 289.2  78.0  13.0  58.0
2025 3 1.000   14004 A    Axx   19    2   10 0.168 224.9  24.0 -14.0   7.0
2025 3 1.000   14006 BG   Dai  324   14  180 0.434 349.0  26.0  18.0   5.0
2025 3 1.000   14007 B    Dro   59    5   30 0.108 232.3  26.0 -11.0   5.0
2025 3 1.000   14008 A    Hrx   35    1   20 0.480  65.5 355.0   5.0 -26.0
2025 3 1.000   14009 B    Dao   34    5   20 0.501  52.9 356.0  11.0 -24.0
2025 3 1.000   14010 B    Cro   27    4   20 0.723  46.5 345.0  24.0 -35.0
2025 3 2.000   14002 B    Cao   12    4   20 0.947 289.7  75.0  16.0  68.0
2025 3 2.000   14004 A    Axx   18    1   10 0.315 243.6  24.0 -15.0  17.0
2025 3 2.000   14006 B    Eao  255   10  150 0.522 330.2  23.0  20.0  16.0
2025 3 2.000   14007 B    Dao  133    7   70 0.309 259.9  25.0 -10.0  18.0
2025 3 2.000   14008 A    Hrx   38    1   20 0.283  42.2 356.0   5.0 -11.0
2025 3 2.000   14009 B    Dso  243    8  130 0.355  28.7 357.0  11.0 -10.0
2025 3 2.000   14010 B    Bxo   16    4   10 0.592  30.1 348.0  24.0 -19.0
2025 3 3.000   14002 B    Cao    5    3   20 0.989 287.4  72.0  16.0  79.0
2025 3 3.000   14004 A    Axx   17    2   10 0.477 251.8  21.0 -15.0  28.0
2025 3 3.000   14006 B    Cao   72   10   50 0.686 307.8  28.0  19.0  35.0
2025 3 3.000   14007 B    Dao  257    8  150 0.511 262.6  24.0 -10.0  31.0
2025 3 3.000   14009 B    Dao  281   12  150 0.344 342.7 359.0  12.0   6.0
2025 3 3.000   14010 B    Bxo   16    2   10 0.544  11.7 346.0  25.0  -7.0
2025 3 3.000   14011 B    Cao   28    4   20 0.698 109.9 309.0 -19.0 -44.0
2025 3 3.000   14012 B    Dao   99    7  100 0.868 100.9 292.0 -13.0 -61.0
2025 3 3.000   14013 A    Axx   10    1   10 0.864  90.4 293.0  -4.0 -60.0
2025 3 4.000   14006 B    Cai   68    9   60 0.819 299.3  29.0  19.0  49.0
2025 3 4.000   14007 BGD  Dai  289    6  200 0.689 263.1  24.0 -10.0  44.0
2025 3 4.000   14009 B    Cao  173    7  100 0.498 309.9   3.0  12.0  23.0
2025 3 4.000   14011 B    Bxo   34    4   20 0.508 115.5 311.0 -19.0 -29.0
2025 3 4.000   14012 BG   Dai  275    9  200 0.726 101.1 293.0 -13.0 -47.0
2025 3 4.000   14014 B    Dao  135    4   80 0.528 317.0   2.0  16.0  22.0
2025 3 5.000   14006 B    Bxo    7    5   10 0.927 292.8  30.0  18.0  64.0
2025 3 5.000   14007 BG   Dai  232   14  210 0.832 261.6  24.0 -11.0  57.0
2025 3 5.000   14009 B    Cao   74    6   50 0.663 297.4   4.0  12.0  37.0
2025 3 5.000   14011 B    Bxo   18    2   10 0.360 125.6 309.0 -19.0 -18.0
2025 3 5.000   14012 BG   Ekc  419   16  250 0.544 102.7 294.0 -13.0 -33.0
2025 3 5.000   14014 B    Bxo   14    4   10 0.676 303.3   3.0  16.0  36.0
2025 3 5.000   14015 B    Cro   27    3   20 0.722 321.0 358.0  28.0  31.0
2025 3 5.000   14016 B    Bxo    0    4    0 0.756 117.0 278.0 -25.0 -48.0
