2020 1 3.000   12755 B    Bxo   21    3   20 0.837 130.4 353.0 -35.0 -51.0
2020 1 4.000   12755 B    Bxo   28    3   20 0.711 136.7 355.0 -34.0 -36.0
2020 1 5.000   12755 A    Axx   15    1   10 0.602 150.8 357.0 -35.0 -21.0
2020 1 6.000   12755 A    Axx   16    1   10 0.536 166.2 355.0 -35.0  -9.0
2020 1 7.000   12755 A    Axx   17    1   10 0.520 184.7 354.0 -35.0   3.0
2020 110.000   12756 B    Cro   21    4   30 0.931 295.5  17.0  22.0  65.0
2020 111.000   12756 A    Axx    3    1   10 0.987 294.2  17.0  23.0  78.0
2020 125.000   12757 B    Bxo   17    2   10 0.522  73.0  85.0   4.0 -30.0
2020 126.000   12757 B    Bxo   38    4   20 0.283  58.7  87.0   3.0 -14.0
2020 127.000   12757 B    Cao  118    8   60 0.169 354.1  89.0   4.0   1.0
2020 128.000   12757 B    Cso  190    2  100 0.303 307.4  89.0   5.0  14.0
2020 129.000   12757 A    Hsx  121    1   70 0.495 288.8  90.0   4.0  28.0
2020 130.000   12757 A    Hsx   87    1   60 0.683 282.3  91.0   4.0  42.0
2020 131.000   12757 A    Hsx   65    1   60 0.837 278.8  92.0   4.0  56.0
2020 2 1.000   12757 A    Hrx   13    1   20 0.943 276.4  93.0   4.0  70.0
2020 2 2.000   12757 A    Axx    1    1   10 0.995 273.6  94.0   3.0  84.0
2020 3 9.000   12758 B    Cro   33    3   20 0.541 134.9 229.0 -29.0 -26.0
2020 310.000   12758 A    Hrx   18    2   10 0.429 155.2 230.0 -30.0 -12.0
2020 4 1.000   12759 A    Axx    9    2   10 0.866  52.4 261.0  28.0 -51.0
2020 4 2.000   12759 A    Hrx   25    3   20 0.769  45.0 261.0  28.0 -38.0
2020 4 3.000   12759 A    Hrx   45    2   30 0.648  30.7 263.0  28.0 -22.0
2020 4 4.000   12759 A    Hrx   49    3   30 0.569  15.8 262.0  27.0 -10.0
2020 4 5.000   12759 A    Axx   16    1   10 0.562 358.4 260.0  28.0   1.0
2020 426.000   12760 A    Axx   15    1   10 0.600  95.7 305.0  -7.0 -37.0
2020 427.000   12760 B    Bxo   18    4   10 0.407  97.3 305.0  -7.0 -24.0
2020 428.000   12760 A    Axx   19    2   10 0.179 105.6 304.0  -7.0 -10.0
2020 430.000   12760 B    Cro   38    2   20 0.293 262.9 306.0  -6.0  17.0
2020 430.000   12762 B    Bxo   11    2   10 0.814 303.5 336.0  24.0  48.0
2020 5 1.000   12760 B    Cro   34    2   20 0.515 263.1 307.0  -7.0  31.0
2020 5 1.000   12762 A    Axx    8    1   10 0.909 297.6 337.0  23.0  61.0
2020 5 1.000   12763 B    Bxo   15    2   10 0.631  21.8 260.0  32.0 -16.0
2020 6 2.000   12764 A    Axx    0    1    0 0.832  46.1 165.0  35.0 -47.0
2020 6 4.000   12765 A    Hsx   41    2   70 0.954 115.2 115.0 -24.0 -71.0
2020 6 5.000   12765 A    Hsx   96    2  100 0.875 117.7 115.0 -24.0 -58.0
2020 6 6.000   12765 B    Cao  170    3  130 0.755 122.7 116.0 -24.0 -44.0
2020 6 7.000   12765 B    Dso  170    5  110 0.631 126.8 114.0 -22.0 -33.0
2020 6 8.000   12765 B    Cao  172    6  100 0.506 141.5 113.0 -23.0 -20.0
2020 6 9.000   12765 B    Cso  180    7  100 0.429 165.0 113.0 -24.0  -7.0
2020 610.000   12765 B    Cso  126    4   70 0.427 192.9 113.0 -24.0   6.0
2020 611.000   12765 A    Hsx   84    1   50 0.531 218.1 114.0 -24.0  21.0
2020 612.000   12765 A    Hsx   75    1   50 0.657 234.0 115.0 -22.0  35.0
2020 613.000   12765 A    Hsx   61    1   50 0.787 235.2 113.0 -26.0  46.0
2020 614.000   12765 A    Hsx   53    1   60 0.896 241.2 114.0 -25.0  60.0
2020 615.000   12765 A    Hsx   10    1   20 0.967 243.7 114.0 -25.0  73.0
2020 616.000   12765 A    Hrx    1    1   10 0.999 243.9 113.0 -26.0  86.0
2020 7 5.000   12766 B    Bxo   18    2   10 0.327  81.7 117.0   6.0 -19.0
2020 7 6.000   12766 A    Axx   19    1   10 0.074  70.2 119.0   5.0  -4.0
2020 711.000   12766 B    Bxo    8    2   10 0.905 273.6 122.0   5.0  65.0
2020 722.000   12767 A    Hsx   40    1   80 0.968 114.3 197.0 -22.0 -72.0
2020 723.000   12767 A    Hsx  109    1  120 0.890 118.0 200.0 -22.0 -58.0
2020 724.000   12767 A    Hsx  151    1  120 0.777 124.0 200.0 -22.0 -44.0
2020 725.000   12767 A    Hsx  183    1  120 0.646 131.9 200.0 -21.0 -31.0
2020 726.000   12767 A    Hsx  203    1  120 0.527 146.8 200.0 -21.0 -18.0
2020 727.000   12767 A    Hsx  213    1  120 0.454 169.7 200.0 -21.0  -5.0
2020 728.000   12767 A    Hsx  125    1   70 0.446 194.9 198.0 -20.0   7.0
2020 729.000   12767 A    Hsx   67    1   40 0.544 218.3 198.0 -20.0  21.0
2020 729.000   12768 A    Axx    8    1   10 0.906  65.0 113.0  25.0 -65.0
2020 730.000   12767 A    Hsx  120    1   80 0.655 237.4 200.0 -16.0  35.0
2020 730.000   12768 A    Axx    5    1    5 0.812  69.5 110.0  20.0 -54.0
2020 731.000   12767 A    Hsx   51    1   60 0.904 243.5 198.0 -21.0  60.0
2020 731.000   12768 B    Bxo   16    2   10 0.541  49.0 111.0  26.0 -27.0
2020 8 1.000   12767 A    Hsx   51    1   60 0.904 243.4 198.0 -21.0  60.0
2020 8 1.000   12768 B    Bxo   16    2   10 0.540  49.1 111.0  26.0 -27.0
2020 8 2.000   12767 A    Hsx   23    1   50 0.972 246.7 198.0 -21.0  73.0
2020 8 2.000   12768 A    Axx   18    1   10 0.408  32.2 111.0  26.0 -14.0
2020 8 3.000   12767 A    Hsx    4    1   50 0.999 247.6 197.0 -22.0  85.0
2020 8 3.000   12769 A    Axx   11    1   10 0.812  62.2  59.0  26.0 -53.0
2020 8 4.000   12769 A    Axx   14    2   10 0.697  57.0  58.0  27.0 -41.0
2020 8 4.000   12770 A    Hsx   38    1   60 0.946  69.9  25.0  21.0 -72.0
2020 8 5.000   12770 B    Cso   49    2   50 0.866  67.0  26.0  23.0 -60.0
2020 8 6.000   12770 B    Cso  206    3  160 0.764  66.4  24.0  22.0 -49.0
2020 8 7.000   12770 B    Cso  109    4   70 0.622  60.4  23.0  23.0 -36.0
2020 8 8.000   12770 B    Cso  124    4   70 0.453  49.5  24.0  23.0 -22.0
2020 8 9.000   12770 A    Hsx   95    1   50 0.299  25.6  24.0  22.0  -8.0
2020 810.000   12770 B    Cso   57    3   30 0.276 346.4  24.0  22.0   4.0
2020 811.000   12770 A    Hrx   36    2   20 0.394 317.0  24.0  23.0  17.0
2020 812.000   12770 A    Axx   16    2   10 0.548 302.8  23.0  23.0  30.0
2020 813.000   12770 A    Axx   14    1   10 0.711 296.0  23.0  23.0  44.0
2020 813.000   12771 B    Bxo   13    3   10 0.755 120.8 297.0 -18.0 -43.0
2020 814.000   12771 A    Axx   15    1   10 0.633 129.3 296.0 -18.0 -31.0
2020 819.000   12772 B    Bxo   16    2   10 0.599 291.0 296.0  18.0  36.0
2020 820.000   12772 B    Cro   40    5   30 0.732 288.2 295.0  18.0  47.0
2020 821.000   12772 B    Bxo    9    3   10 0.885 285.6 297.0  17.0  63.0
2020 924.000   12773 B    Bxo    9    3   10 0.884  61.9  83.0  28.0 -62.0
2020 926.000   12773 A    Axx   16    1   10 0.594  52.6  87.0  27.0 -32.0
20201010.000   12774 A    Axx   16    2   10 0.565 204.6 308.0 -25.0  15.0
20201010.000   12775 B    Bxo   15    2   10 0.607 141.9 269.0 -23.0 -24.0
20201011.000   12774 A    Axx   15    1   10 0.659 222.2 310.0 -24.0  29.0
20201011.000   12775 B    Cro   85    5   50 0.520 164.0 272.0 -24.0  -9.0
20201012.000   12774 A    Axx   12    1   10 0.783 232.7 310.0 -24.0  43.0
20201012.000   12775 B    Bxo   52    5   30 0.488 187.6 272.0 -23.0   4.0
20201013.000   12775 B    Bxo   49    5   30 0.557 210.7 273.0 -23.0  18.0
20201015.000   12776 A    Axx    6    2   10 0.940 106.1 160.0 -13.0 -68.0
20201016.000   12776 B    Cao   85    4   60 0.698 116.7 162.0 -14.0 -40.0
20201017.000   12776 B    Cao   85    4   60 0.698 116.7 162.0 -14.0 -40.0
20201018.000   12776 B    Cao  133    5   80 0.551 123.8 161.0 -13.0 -28.0
20201019.000   12776 B    Cso  183    6  100 0.396 146.5 162.0 -14.0 -13.0
20201019.000   12777 B    Bxo    3    2   10 0.986 244.5 252.0 -24.0  77.0
20201020.000   12776 B    Cso  151    2   80 0.319 189.2 165.0 -13.0   3.0
20201021.000   12776 A    Hsx  109    1   60 0.410 220.9 164.0 -13.0  16.0
20201022.000   12776 A    Hsx  112    1   70 0.591 237.7 166.0 -14.0  31.0
20201023.000   12776 A    Hsx   79    1   60 0.750 246.3 167.0 -14.0  45.0
20201024.000   12776 A    Hsx   60    1   60 0.863 250.6 167.0 -14.0  57.0
20201025.000   12776 A    Hsx   24    1   40 0.951 253.5 166.0 -14.0  70.0
20201026.000   12776 A    Hsx    7    1   40 0.995 255.4 166.0 -14.0  83.0
20201027.000   12778 B    Cai  139    7   80 0.485 214.7  87.0 -19.0  17.0
20201028.000   12778 BG   Dai  221   12  140 0.613 230.4  86.0 -19.0  30.0
20201029.000   12778 BG   Dai  194   11  150 0.763 238.9  86.0 -20.0  44.0
20201029.000   12779 B    Cai  125    5   80 0.617 238.5  76.0 -15.0  33.0
20201030.000   12778 B    Eko  298    8  300 0.867 243.9  86.0 -20.0  56.0
20201030.000   12779 B    Dai  182    7  140 0.759 243.1  75.0 -17.0  45.0
20201031.000   12778 B    Eao   94    6  160 0.956 247.5  87.0 -20.0  70.0
20201031.000   12779 B    Cao  101    6  100 0.863 249.8  74.0 -15.0  57.0
202011 1.000   12778 A    Hax   26    2  100 0.991 247.1  84.0 -22.0  80.0
202011 1.000   12779 B    Bxo   11    4   20 0.961 252.0  76.0 -16.0  72.0
202011 2.000   12779 B    Bxo    1    2   10 0.998 252.7  76.0 -17.0  85.0
202011 3.000   12780 B    Bxo   10    1   10 0.845  68.8 279.0  20.0 -57.0
202011 4.000   12781 B    Cso  104    5  150 0.938 116.3 257.0 -23.0 -66.0
202011 5.000   12781 B    Ehi  402    8  410 0.871 121.6 255.0 -25.0 -55.0
202011 6.000   12780 A    Axx   18    1   10 0.373  40.7 283.0  20.0 -15.0
202011 6.000   12781 B    Dki  546    7  450 0.795 124.2 252.0 -24.0 -46.0
202011 7.000   12780 A    Hrx   19    2   10 0.284  20.4 281.0  19.0  -6.0
202011 7.000   12781 BG   Eki  732   13  475 0.637 133.7 255.0 -23.0 -30.0
202011 8.000   12780 B    Bxo   19    2   10 0.301 341.0 278.0  20.0   6.0
202011 8.000   12781 BG   Dki  481   15  280 0.511 150.2 256.0 -23.0 -16.0
202011 9.000   12780 B    Bxo   18    2   10 0.399 316.4 276.0  20.0  17.0
202011 9.000   12781 B    Ehi  447   18  250 0.446 173.8 256.0 -23.0  -3.0
20201110.000   12781 B    Esi  407   17  230 0.464 198.1 254.0 -23.0   9.0
20201111.000   12781 B    Eso  379   17  230 0.566 219.5 255.0 -23.0  23.0
20201112.000   12781 B    Cso  146    2  100 0.681 230.9 254.0 -23.0  35.0
20201112.000   12782 B    Cro   13    3   20 0.937 124.7 154.0 -31.0 -64.0
20201113.000   12781 A    Hsx   86    1   80 0.841 238.9 257.0 -24.0  52.0
20201113.000   12782 B    Cro   31    6   30 0.852 129.5 155.0 -31.0 -50.0
20201114.000   12781 A    Hsx   56    1   80 0.935 244.1 258.0 -23.0  66.0
20201114.000   12782 B    Bxo   26    3   20 0.752 136.7 156.0 -31.0 -37.0
20201115.000   12781 A    Hsx   17    1   50 0.985 245.1 257.0 -24.0  78.0
20201118.000   12783 A    Hsx   19    1   30 0.943 114.3  71.0 -22.0 -68.0
20201119.000   12783 A    Hsx   86    1   80 0.843 119.2  72.0 -23.0 -53.0
20201120.000   12783 A    Hsx   97    1   70 0.718 123.9  72.0 -22.0 -40.0
20201121.000   12783 A    Hsx  112    1   70 0.591 135.0  73.0 -23.0 -27.0
20201122.000   12783 A    Hsx  140    1   80 0.482 150.4  72.0 -23.0 -15.0
20201122.000   12784 B    Cro   45    2   30 0.653  37.1  59.0  33.0 -28.0
20201123.000   12783 A    Hsx  127    1   70 0.419 175.6  72.0 -23.0  -2.0
20201123.000   12784 B    Bxo   50    3   30 0.545  22.1  60.0  32.0 -14.0
20201123.000   12785 A    Hsx   29    1   60 0.970 114.2 359.0 -23.0 -74.0
20201124.000   12783 B    Dso  168    6   90 0.354 199.1  67.0 -18.0   7.0
20201124.000   12785 B    Cso  118    1  120 0.869 116.5   2.0 -22.0 -57.0
20201124.000   12786 A    Hsx   73    1  120 0.952 107.4 349.0 -16.0 -71.0
20201125.000   12783 B    Cso  175    4  100 0.476 220.0  66.0 -20.0  19.0
20201125.000   12785 A    Hsx  186    1  140 0.745 118.8   2.0 -20.0 -44.0
20201125.000   12786 B    Cko  373    2  380 0.871 108.1 347.0 -15.0 -59.0
20201126.000   12783 B    Cso  122    3   80 0.643 234.2  68.0 -21.0  34.0
20201126.000   12785 A    Hsx  158    1  100 0.611 128.1   2.0 -21.0 -31.0
20201126.000   12786 B    Cko 1137    6 1000 0.823 111.8 343.0 -17.0 -53.0
20201127.000   12783 B    Cso   99    3   80 0.781 240.2  68.0 -22.0  47.0
20201127.000   12785 A    Hsx  176    1  100 0.475 142.6   3.0 -21.0 -18.0
20201127.000   12786 BG   Fko 1202    9  840 0.699 116.1 340.0 -17.0 -41.0
20201128.000   12783 B    Cso   56    3   60 0.882 244.2  67.0 -22.0  59.0
20201128.000   12785 B    Cso  197    2  110 0.436 153.8 356.0 -22.0 -12.0
20201128.000   12786 BG   Fko 1321   14  800 0.564 125.1 339.0 -18.0 -29.0
20201128.000   12787 A    Axx    7    1   10 0.920  58.7 304.0  29.0 -64.0
20201129.000   12783 A    Hsx   23    1   50 0.972 247.1  70.0 -22.0  75.0
20201129.000   12785 B    Fso  215    8  120 0.438 182.1 356.0 -25.0   1.0
20201129.000   12786 BG   Fko 1425   17  780 0.407 142.8 340.0 -18.0 -15.0
20201129.000   12787 A    Axx   11    1   10 0.830  55.0 304.0  29.0 -51.0
20201130.000   12783 A    Hsx    0    1   20 1.000 248.0  71.0 -22.0  89.0
20201130.000   12785 A    Hsx  152    1   90 0.530 220.6   4.0 -23.0  22.0
20201130.000   12786 BG   Fki 1464   13  770 0.310 170.7 339.0 -17.0  -3.0
20201130.000   12787 A    Axx   14    1   10 0.709  47.9 305.0  29.0 -37.0
20201130.000   12788 B    Cro   53    7   30 0.464 193.7 349.0 -26.0   7.0
202012 1.000   12785 A    Hsx  152    1  100 0.645 233.5   2.0 -22.0  34.0
202012 1.000   12786 B    Cki 1107   17  590 0.346 208.7 338.0 -17.0  10.0
202012 1.000   12787 A    Axx   15    1   10 0.604  35.7 303.0  30.0 -24.0
202012 1.000   12788 A    Axx   16    3   10 0.564 208.6 346.0 -29.0  18.0
202012 2.000   12785 A    Hsx  111    1   90 0.787 241.1   2.0 -22.0  48.0
202012 2.000   12786 B    Cko  730   12  430 0.528 235.3 341.0 -17.0  27.0
202012 2.000   12790 B    Cso   85    3  100 0.904 115.9 253.0 -23.0 -62.0
202012 3.000   12785 A    Hsx   73    1   80 0.888 244.8   2.0 -22.0  60.0
202012 3.000   12786 A    Hkx  540    6  370 0.683 244.1 342.0 -17.0  40.0
202012 3.000   12790 B    Cao   94    4   80 0.808 119.3 251.0 -23.0 -50.0
202012 4.000   12785 A    Hsx   75    1  160 0.972 246.2   3.0 -23.0  75.0
202012 4.000   12786 A    Hkx  425    3  410 0.855 249.8 345.0 -17.0  57.0
202012 4.000   12790 A    Hsx  164    6  110 0.664 124.8 252.0 -22.0 -36.0
202012 5.000   12785 A    Hsx    7    1  120 1.000 248.0   4.0 -22.0  88.0
202012 5.000   12786 A    Hkx  285    3  460 0.951 252.0 347.0 -17.0  71.0
202012 5.000   12790 B    Cao  167    4  100 0.543 136.4 252.0 -23.0 -24.0
202012 6.000   12786 B    Cko   58    3  350 0.997 252.9 348.0 -17.0  85.0
202012 6.000   12790 B    Cso  126    4   70 0.436 153.9 251.0 -23.0 -12.0
202012 6.000   12791 B    Bxo   27    5   20 0.734 112.1 218.0 -16.0 -45.0
202012 7.000   12790 A    Hsx  110    1   60 0.391 184.7 252.0 -23.0   2.0
202012 7.000   12791 B    Bxo   33    4   20 0.553 119.7 220.0 -16.0 -30.0
202012 8.000   12790 A    Hsx   89    1   50 0.442 212.9 251.0 -22.0  15.0
202012 9.000   12790 A    Hsx  114    1   70 0.574 232.0 252.0 -21.0  29.0
20201210.000   12790 A    Hsx   68    1   50 0.726 238.0 251.0 -23.0  42.0
20201211.000   12790 A    Hsx   85    1   80 0.844 244.1 252.0 -22.0  55.0
20201212.000   12790 A    Hsx   41    1   60 0.937 245.6 252.0 -23.0  68.0
20201213.000   12790 A    Hrx    5    1   20 0.991 246.9 252.0 -23.0  82.0
20201213.000   12792 B    Bxo    7    3   10 0.931 114.5 103.0 -23.0 -67.0
20201214.000   12792 B    Bxo   11    4   10 0.817 116.5 105.0 -22.0 -52.0
20201215.000   12792 B    Bxo   14    3   10 0.686 121.7 105.0 -22.0 -39.0
20201215.000   12793 A    Axx    9    2   10 0.874 107.7  84.0 -16.0 -60.0
20201216.000   12792 B    Bxo   16    2   10 0.541 131.3 103.0 -22.0 -26.0
20201216.000   12793 B    Cro   25    3   20 0.769 108.6  81.0 -15.0 -49.0
20201217.000   12793 B    Cro   47    2   30 0.604 113.4  82.0 -15.0 -35.0
20201218.000   12793 B    Bxo   18    2   10 0.432 123.1  81.0 -15.0 -22.0
20201221.000   12794 A    Hsx   49    1  120 0.978 107.0 347.0 -17.0 -78.0
20201222.000   12794 A    Hsx  125    1  170 0.929 106.4 344.0 -16.0 -68.0
20201223.000   12794 A    Hsx  199    1  170 0.810 109.5 346.0 -17.0 -53.0
20201224.000   12794 A    Hsx  268    1  180 0.665 111.8 346.0 -16.0 -40.0
20201224.000   12795 B    Cro   30    6   40 0.923 107.5 319.0 -17.0 -67.0
20201225.000   12794 A    Hsx  261    1  150 0.492 121.5 346.0 -17.0 -26.0
20201225.000   12795 B    Dao  228    4  200 0.821 110.4 318.0 -18.0 -54.0
20201226.000   12794 A    Hsx  415    1  220 0.331 135.3 345.0 -16.0 -14.0
20201226.000   12795 B    Dao  264    9  180 0.679 112.6 318.0 -17.0 -41.0
20201227.000   12794 A    Hsx  408    1  210 0.232 175.9 345.0 -16.0  -1.0
20201227.000   12795 B    Dao  305   10  180 0.529 118.7 317.0 -17.0 -29.0
20201228.000   12794 A    Hsx  399    1  210 0.305 220.9 345.0 -16.0  12.0
20201228.000   12795 B    Dso  280    5  150 0.351 135.1 318.0 -17.0 -15.0
20201229.000   12794 A    Hsx  315    1  180 0.481 241.1 346.0 -16.0  26.0
20201229.000   12795 B    Dao  232    5  120 0.247 172.2 318.0 -17.0  -2.0
20201230.000   12794 A    Hsx  272    1  180 0.653 247.1 346.0 -17.0  39.0
20201230.000   12795 B    Cao  246    5  130 0.322 210.6 317.0 -19.0  10.0
20201231.000   12794 A    Hsx  197    1  170 0.814 253.7 347.0 -15.0  54.0
20201231.000   12795 B    Cro   70    5   40 0.480 236.9 318.0 -18.0  25.0
