2021 1 1.000   12794 A    Hsx  134    1  180 0.927 254.0 344.0 -16.0  68.0
2021 1 1.000   12795 B    Bxo   45    4   30 0.644 245.4 316.0 -18.0  38.0
2021 1 2.000   12794 A    Hsx   65    1  180 0.983 254.3 347.0 -16.0  80.0
2021 1 2.000   12795 B    Bxo   12    2   10 0.787 250.9 318.0 -17.0  51.0
2021 1 3.000   12794 A    Hsx    8    1  120 0.999 253.8 347.0 -16.0  93.0
2021 1 3.000   12795 A    Axx    0    1    0 0.928 251.9 321.0 -18.0  68.0
2021 116.000   12796 B    Cro   38    3   20 0.303 202.1  89.0 -21.0   7.0
2021 117.000   12796 B    Bxo   18    5   10 0.427 228.4  89.0 -21.0  20.0
2021 118.000   12796 A    Axx   16    1   10 0.573 239.7  88.0 -21.0  32.0
2021 118.000   12797 A    Hsx   46    2   90 0.967 107.3 340.0 -18.0 -76.0
2021 119.000   12797 B    Cao   95    3  120 0.917 106.4 336.0 -17.0 -67.0
2021 120.000   12797 B    Cao  137    4  120 0.820 107.2 335.0 -17.0 -55.0
2021 121.000   12797 A    Hsx   78    2   50 0.620 112.6 340.0 -18.0 -37.0
2021 121.000   12798 B    Cao   82    3   60 0.726 108.6 331.0 -17.0 -46.0
2021 122.000   12797 A    Hax  126    2   70 0.422 122.4 341.0 -18.0 -22.0
2021 122.000   12798 B    Cao   65    4   40 0.574 110.5 329.0 -16.0 -34.0
2021 123.000   12797 A    Hax  134    2   70 0.265 145.9 341.0 -18.0  -9.0
2021 123.000   12798 B    Cro   37    5   20 0.352 122.4 332.0 -16.0 -18.0
2021 123.000   12799 B    Bxo   15    2   10 0.636 312.8  20.0  21.0  30.0
2021 124.000   12797 A    Hax   97    2   50 0.211 198.4 341.0 -17.0   4.0
2021 124.000   12798 A    Axx   19    1   10 0.201 155.4 332.0 -16.0  -5.0
2021 124.000   12799 A    Axx   12    1   10 0.787 303.6  22.0  22.0  45.0
2021 125.000   12797 A    Hax   94    2   50 0.332 232.5 340.0 -17.0  16.0
2021 125.000   12799 A    Axx    8    1   10 0.901 298.9  23.0  23.0  59.0
2021 126.000   12797 A    Hrx   34    2   20 0.513 243.9 340.0 -18.0  29.0
2021 126.000   12799 B    Dro   11    4   20 0.960 294.9  21.0  22.0  70.0
2021 127.000   12797 A    Axx   14    2   10 0.677 251.0 340.0 -17.0  42.0
2021 127.000   12799 A    Axx    0    1    0 0.997 293.6  21.0  23.0  83.0
2021 128.000   12797 A    Axx   11    2   10 0.828 252.2 341.0 -18.0  56.0
2021 128.000   12800 B    Bxo   17    4   10 0.525 322.0 305.0  19.0  20.0
2021 2 3.000   12801 B    Bxo   11    2   10 0.823 314.8 249.0  31.0  43.0
2021 2 4.000   12801 A    Axx    0    1    0 0.921 306.3 250.0  30.0  59.0
2021 219.000   12802 B    Bxo   20    2   15 0.714 305.4  33.0  19.0  38.0
2021 220.000   12803 A    Axx   23    2   30 0.920  63.6 280.0  21.0 -62.0
2021 221.000   12803 A    Axx   11    2   10 0.826  58.5 280.0  21.0 -49.0
2021 222.000   12803 A    Axx   13    1   10 0.721  53.3 277.0  20.0 -38.0
2021 223.000   12804 B    Cro   53    3   30 0.444 342.6 310.0  18.0   8.0
2021 223.000   12805 B    Bxo   19    3   10 0.275 186.7 304.0 -23.0   2.0
2021 224.000   12804 B    Cso   84    5   50 0.541 323.3 309.0  19.0  20.0
2021 224.000   12805 B    Cao   93    6   50 0.343 220.8 303.0 -22.0  14.0
2021 225.000   12804 B    Dai  179   10  120 0.666 309.3 309.0  19.0  33.0
2021 225.000   12805 B    Cso   51    3   30 0.512 238.2 304.0 -22.0  28.0
2021 226.000   12804 B    Dsi  234   10  190 0.787 299.6 309.0  18.0  46.0
2021 227.000   12804 B    Dsi  156    6  170 0.887 294.6 307.0  18.0  58.0
2021 228.000   12804 B    Dso   79    4  190 0.978 293.4 309.0  21.0  74.0
2021 3 1.000   12804 B    Dso    2    3  120 1.000 288.2 309.0  18.0  87.0
2021 3 3.000   12806 B    Bxo   18    4   10 0.403 182.1 198.0 -31.0   1.0
2021 3 3.000   12807 B    Bxo   29    4   20 0.683 107.2 154.0 -17.0 -43.0
2021 3 4.000   12806 B    Cro   53    6   30 0.456 207.1 198.0 -31.0  14.0
2021 3 4.000   12807 B    Cro   51    4   30 0.503 113.6 155.0 -18.0 -29.0
2021 3 5.000   12806 B    Bxo   16    6   10 0.569 223.2 197.0 -31.0  27.0
2021 3 5.000   12807 B    Cro   56    6   30 0.324 126.1 154.0 -18.0 -16.0
2021 3 6.000   12807 B    Bxo   19    4   10 0.193 165.1 153.0 -18.0  -3.0
2021 3 7.000   12806 A    Axx   11    1   10 0.833 237.4 199.0 -31.0  55.0
2021 3 7.000   12807 A    Axx   19    2   10 0.230 215.2 151.0 -18.0   8.0
2021 3 8.000   12806 B    Bxo    8    4   10 0.898 240.1 196.0 -30.0  64.0
2021 3 9.000   12806 B    Cro   10    2   20 0.967 239.8 195.0 -31.0  77.0
2021 310.000   12807 B    Bxo   12    2   10 0.764 252.5 155.0 -18.0  50.0
2021 310.000   12808 A    Hsx   12    1   20 0.951  67.3  37.0  19.0 -68.0
2021 311.000   12808 A    Hsx   19    1   20 0.868  63.2  37.0  19.0 -55.0
2021 312.000   12808 A    Hsx   65    1   50 0.755  57.0  36.0  19.0 -42.0
2021 312.000   12809 B    Bxo   18    2   10 0.320 139.0  65.0 -21.0 -13.0
2021 313.000   12808 B    Cao   45    5   30 0.656  49.8  33.0  19.0 -32.0
2021 314.000   12808 A    Hax   17    2   10 0.524  33.9  34.0  19.0 -18.0
2021 315.000   12808 A    Axx   17    1   10 0.445   8.5  35.0  19.0  -4.0
2021 315.000   12809 B    Cso   34    3   20 0.487 236.6  65.0 -22.0  26.0
2021 316.000   12808 A    Axx   17    1   10 0.445 351.5  34.0  19.0   4.0
2021 316.000   12809 B    Bxo   15    3   10 0.648 244.2  64.0 -22.0  39.0
2021 317.000   12808 A    Axx   16    1   10 0.532 324.6  31.0  19.0  19.0
2021 317.000   12810 A    Hrx   22    2   30 0.925  68.3 308.0  17.0 -64.0
2021 318.000   12810 A    Hax   54    2   50 0.840  63.2 307.0  18.0 -52.0
2021 319.000   12810 A    Hax  284    2  200 0.702  57.0 307.0  17.0 -38.0
2021 320.000   12810 A    Hrx   48    4   30 0.586  45.4 307.0  18.0 -26.0
2021 321.000   12810 A    Axx   17    2   10 0.471  27.0 307.0  18.0 -13.0
2021 322.000   12811 B    Bxo    8    2   10 0.894  62.3 248.0  21.0 -58.0
2021 323.000   12811 B    Bxo   47    2   40 0.804  58.8 246.0  20.0 -47.0
2021 324.000   12811 B    Cao   74    5   50 0.663  50.9 245.0  19.0 -33.0
2021 324.000   12812 A    Hsx   30    1   30 0.857  60.4 225.0  21.0 -53.0
2021 325.000   12811 B    Bxo   16    5   10 0.557  37.2 245.0  20.0 -21.0
2021 325.000   12812 A    Hsx   39    1   30 0.754  54.3 224.0  21.0 -41.0
2021 326.000   12811 B    Bxo   35    3   20 0.442  10.7 248.0  19.0  -5.0
2021 326.000   12812 A    Hsx   47    1   30 0.621  43.0 227.0  21.0 -27.0
2021 327.000   12811 B    Bxo   17    3   10 0.464 345.7 248.0  20.0   7.0
2021 327.000   12812 A    Hax   51    1   30 0.521  27.6 226.0  21.0 -15.0
2021 328.000   12812 A    Hax   53    1   30 0.465   2.0 226.0  21.0  -1.0
2021 329.000   12812 A    Hrx   17    1   10 0.501 337.2 226.0  21.0  12.0
2021 330.000   12812 B    Bxo   32    3   20 0.585 323.6 223.0  22.0  22.0
2021 4 5.000   12813 A    Axx   14    1   10 0.712 307.9 159.0  21.0  37.0
2021 4 6.000   12813 A    Axx    5    1    5 0.826 299.4 158.0  20.0  50.0
2021 4 7.000   12813 A    Axx    0    1    0 0.934 294.2 160.0  20.0  65.0
2021 413.000   12814 B    Bxo   18    6   10 0.317 152.8   7.0 -22.0  -9.0
2021 414.000   12814 B    Bxo   57    6   30 0.294 196.0   8.0 -22.0   5.0
2021 415.000   12814 B    Cro  164    7   90 0.406 224.9   8.0 -22.0  18.0
2021 416.000   12814 B    Dro   82   12   50 0.562 238.1   7.0 -22.0  31.0
2021 417.000   12814 B    Bxo   27    8   20 0.715 244.3   7.0 -22.0  44.0
2021 417.000   12815 B    Bxo   18    3   10 0.433 230.6 344.0 -21.0  21.0
2021 417.000   12816 B    Cao   81    3   80 0.862 114.7 264.0 -24.0 -59.0
2021 418.000   12814 B    Bxo   10    4   10 0.860 247.5   9.0 -22.0  59.0
2021 418.000   12816 B    Cao   26    4   20 0.743 117.8 264.0 -24.0 -46.0
2021 419.000   12816 B    Cao   78    5   50 0.617 124.8 263.0 -25.0 -34.0
2021 420.000   12816 B    Dai  212    8  120 0.464 135.1 262.0 -24.0 -21.0
2021 420.000   12817 B    Bxo   75    8   60 0.776 298.2 329.0  18.0  46.0
2021 421.000   12816 B    Cao  206   10  110 0.350 158.7 262.0 -24.0  -8.0
2021 421.000   12817 B    Dai  116   13  140 0.909 292.5 333.0  18.0  62.0
2021 421.000   12818 A    Hsx   74    1   90 0.911 106.4 203.0 -17.0 -66.0
2021 422.000   12816 B    Cao  188    9  100 0.340 196.3 263.0 -24.0   6.0
2021 422.000   12817 B    Dao   55    7  180 0.988 289.1 336.0  18.0  79.0
2021 422.000   12818 A    Hsx   48    1   40 0.791 107.7 205.0 -17.0 -52.0
2021 423.000   12816 B    Cro   90    6   50 0.436 220.4 261.0 -24.0  18.0
2021 423.000   12817 B    Cso    1    5  140 1.000 288.1 331.0  18.0  88.0
2021 423.000   12818 A    Hsx   76    1   50 0.644 110.8 204.0 -17.0 -39.0
2021 424.000   12816 B    Cro   81    8   50 0.581 234.1 262.0 -24.0  31.0
2021 424.000   12818 A    Hsx   88    1   50 0.460 118.5 206.0 -17.0 -25.0
2021 425.000   12816 B    Cro   41    7   30 0.726 241.0 262.0 -24.0  44.0
2021 425.000   12818 A    Hsx   76    1   40 0.281 134.7 206.0 -16.0 -12.0
2021 425.000   12819 B    Bxo   15    3   10 0.628 318.7 245.0  24.0  27.0
2021 425.000   12820 B    Dai  132   11   70 0.325 156.6 210.0 -22.0  -8.0
2021 426.000   12816 A    Axx    8    1   10 0.907 247.8 270.0 -22.0  65.0
2021 426.000   12818 A    Hsx   78    1   40 0.199 184.8 205.0 -16.0   1.0
2021 426.000   12820 B    Dso  151   12   80 0.315 197.9 211.0 -22.0   6.0
2021 426.000   12821 B    Cro   55    3   30 0.396 220.2 221.0 -22.0  16.0
2021 427.000   12818 A    Hsx   76    1   40 0.296 227.0 204.0 -16.0  13.0
2021 427.000   12820 B    Dsi  200   15  110 0.408 225.1 209.0 -21.0  18.0
2021 427.000   12821 B    Dsi  118    8   70 0.527 236.3 219.0 -21.0  28.0
2021 428.000   12818 A    Hsx   17    1   10 0.490 242.5 204.0 -17.0  27.0
2021 428.000   12820 B    Esi  114   11   70 0.577 239.0 210.0 -21.0  32.0
2021 428.000   12821 B    Dai   84    5   60 0.713 241.7 220.0 -23.0  43.0
2021 429.000   12818 A    Hsx   15    1   10 0.646 248.6 203.0 -17.0  39.0
2021 429.000   12820 B    Dao   41    6   30 0.721 243.3 208.0 -22.0  44.0
2021 429.000   12821 B    Cao   32    5   30 0.838 246.5 220.0 -22.0  56.0
2021 430.000   12818 A    Hsx   23    1   20 0.802 253.1 205.0 -16.0  53.0
2021 430.000   12820 B    Cro   31    5   30 0.847 246.6 209.0 -22.0  57.0
2021 430.000   12821 A    Hsx   11    1   20 0.959 249.3 226.0 -21.0  74.0
2021 5 1.000   12818 A    Hsx   15    1   20 0.919 254.3 205.0 -16.0  67.0
2021 5 1.000   12820 B    Bxo   13    3   20 0.945 248.1 209.0 -22.0  71.0
2021 5 1.000   12821 A    Hsx    2    1   30 0.999 249.1 227.0 -21.0  89.0
2021 5 2.000   12818 A    Axx    3    1   10 0.983 254.5 205.0 -16.0  80.0
2021 5 8.000   12822 B    Cso   79    5  130 0.952  69.9 335.0  18.0 -70.0
2021 5 9.000   12822 B    Csi  179    7  180 0.866  67.0 336.0  18.0 -57.0
2021 510.000   12822 BG   Dsi  235    8  180 0.756  62.8 335.0  18.0 -45.0
2021 511.000   12822 BG   Dao  202   10  130 0.626  55.9 333.0  18.0 -33.0
2021 511.000   12823 B    Cao   59    6   40 0.669 118.5 326.0 -21.0 -39.0
2021 512.000   12822 BD   Dao  337    9  190 0.461  39.7 335.0  18.0 -18.0
2021 512.000   12823 B    Cso   69    2   40 0.502 131.3 329.0 -22.0 -24.0
2021 513.000   12822 BD   Dao  353    9  190 0.365  13.1 335.0  18.0  -5.0
2021 513.000   12823 B    Cso   74    2   40 0.374 151.8 329.0 -22.0 -11.0
2021 514.000   12822 BD   Dao  184    3  100 0.389 334.9 335.0  18.0  10.0
2021 514.000   12823 A    Hrx   18    1   10 0.331 180.0 326.0 -22.0   0.0
2021 515.000   12822 B    Cao  104    3   60 0.488 312.8 335.0  17.0  22.0
2021 515.000   12823 A    Axx   18    1   10 0.415 212.5 327.0 -23.0  14.0
2021 516.000   12822 B    Cao   77    3   50 0.632 299.3 334.0  16.0  35.0
2021 516.000   12823 A    Axx   17    1   10 0.526 227.7 325.0 -23.0  25.0
2021 517.000   12822 A    Hsx   61    1   50 0.789 293.8 335.0  17.0  49.0
2021 518.000   12822 A    Hsx   32    1   40 0.913 289.7 336.0  17.0  64.0
2021 519.000   12822 A    Hsx   16    1   40 0.979 288.9 337.0  18.0  77.0
2021 519.000   12824 B    Cao   92    3  120 0.922  68.4 194.0  19.0 -65.0
2021 520.000   12822 A    Hsx    2    1   40 1.000 288.0 338.0  18.0  91.0
2021 520.000   12824 A    Hsx  148    3  130 0.821  65.1 195.0  19.0 -52.0
2021 521.000   12824 A    Hsx  217    3  150 0.690  59.6 194.0  19.0 -39.0
2021 522.000   12824 A    Hsx  247    3  150 0.563  49.2 194.0  20.0 -27.0
2021 523.000   12824 BG   Csi  341    9  190 0.438  28.7 195.0  21.0 -13.0
2021 524.000   12824 BG   Csi  355    9  190 0.351  -0.0 194.0  19.0   0.0
2021 524.000   12825 A    Axx   11    1   10 0.821  69.2 141.0  16.0 -53.0
2021 525.000   12824 BG   Csi  328    8  180 0.408 328.6 194.0  19.0  13.0
2021 525.000   12825 A    Axx   14    1   10 0.677  62.7 142.0  17.0 -39.0
2021 526.000   12824 B    Cso  199    8  120 0.559 310.2 195.0  20.0  27.0
2021 526.000   12826 B    Cri   24    8   20 0.790 302.2 214.0  24.0  47.0
2021 527.000   12824 B    Cso  351    5  250 0.712 300.0 196.0  20.0  41.0
2021 527.000   12826 B    Dai  215    9  240 0.894 297.7 215.0  24.0  60.0
2021 528.000   12824 B    Dho  266    5  250 0.846 294.6 196.0  20.0  55.0
2021 528.000   12826 B    Dko  136    9  280 0.970 295.1 215.0  24.0  74.0
2021 529.000   12824 B    Dho  174    4  250 0.937 290.7 196.0  19.0  68.0
2021 529.000   12826 B    Dko   23    4  280 0.999 293.1 214.0  23.0  87.0
2021 530.000   12824 B    Cao   42    4  120 0.984 288.5 194.0  18.0  79.0
2021 530.000   12827 B    Bxo   14    2   10 0.711  73.6  71.0  11.0 -44.0
2021 531.000   12827 B    Cro  102    5   60 0.517  67.1  73.0  11.0 -29.0
2021 531.000   12828 A    Axx   14    2   10 0.696 138.5  69.0 -32.0 -33.0
2021 6 1.000   12827 BG   Cai  207   10  110 0.334  49.4  73.0  12.0 -15.0
2021 6 1.000   12828 A    Axx   16    1   10 0.579 151.2  69.0 -31.0 -19.0
2021 6 2.000   12827 B    Csi  195   10  100 0.205  14.5  71.0  11.0  -3.0
2021 6 3.000   12827 B    Csi  132    8   70 0.319 312.0  74.0  12.0  14.0
2021 6 3.000   12829 A    Hrx   12    2   10 0.780 113.1  12.0 -18.0 -49.0
2021 6 4.000   12827 B    Cso  122    4   70 0.486 293.5  76.0  11.0  27.0
2021 6 4.000   12829 B    Cro   15    4   10 0.626 119.3  14.0 -18.0 -35.0
2021 6 5.000   12827 B    Dso   74    5   50 0.672 286.6  78.0  11.0  41.0
2021 6 5.000   12829 B    Cao   35    5   20 0.482 129.6  12.0 -18.0 -23.0
2021 6 6.000   12827 A    Hsx  131    3  120 0.837 284.4  78.0  12.0  56.0
2021 6 6.000   12829 B    Cro   56    7   30 0.351 151.9  12.0 -18.0 -10.0
2021 6 7.000   12827 A    Hsx   60    1  100 0.953 282.6  81.0  12.0  72.0
2021 6 7.000   12829 B    Bxo   18    5   10 0.319 192.0  13.0 -18.0   4.0
2021 6 7.000   12830 B    Cao   64    6   70 0.889 239.2  68.0 -27.0  59.0
2021 6 8.000   12827 A    Hsx    6    1   50 0.998 282.0  82.0  12.0  86.0
2021 6 8.000   12829 B    Dso  108    8   60 0.419 221.6  13.0 -18.0  17.0
2021 6 8.000   12830 B    Cao   26    3   50 0.965 242.9  69.0 -26.0  73.0
2021 6 8.000   12831 A    Hrx    2    1   10 0.994 294.1  79.0  24.0  83.0
2021 6 9.000   12829 B    Dso   83   12   50 0.551 237.3  11.0 -17.0  29.0
2021 6 9.000   12830 B    Cao    4    2   40 0.998 244.9  68.0 -25.0  86.0
2021 610.000   12829 B    Dso   29    3   20 0.686 239.5   8.0 -20.0  39.0
2021 610.000   12832 B    Bxo   19    4   10 0.250  -0.0 328.0  15.0   0.0
2021 611.000   12829 A    Axx   11    3   10 0.827 245.1   9.0 -20.0  53.0
2021 611.000   12832 B    Bxo   19    6   10 0.307 318.9 328.0  14.0  12.0
2021 612.000   12832 A    Axx   17    3   10 0.484 298.4 329.0  14.0  26.0
2021 614.000   12832 A    Axx    0    1    0 0.778 287.3 326.0  14.0  50.0
2021 614.000   12833 A    Hsx  122    1  140 0.900  81.6 211.0   8.0 -64.0
2021 615.000   12833 A    Hsx  114    1  100 0.819  58.5 211.0  26.0 -51.0
2021 616.000   12833 A    Hsx   86    1   60 0.691  53.9 211.0  25.0 -38.0
2021 617.000   12833 A    Hsx  217    1  130 0.547  44.9 211.0  24.0 -25.0
2021 618.000   12833 A    Hsx  235    2  130 0.421  24.4 211.0  24.0 -11.0
2021 619.000   12833 A    Hsx  224    2  120 0.349  -0.0 210.0  22.0   0.0
2021 619.000   12834 B    Bxo    6    2   10 0.949 290.6 281.0  20.0  71.0
2021 620.000   12833 B    Cso  216    5  120 0.432 331.6 210.0  24.0  13.0
2021 621.000   12833 B    Cso  147    3   90 0.572 314.0 210.0  25.0  27.0
2021 622.000   12833 A    Hsx  177    1  120 0.675 302.9 208.0  23.0  38.0
2021 623.000   12833 A    Hsx  155    2  130 0.802 300.0 207.0  25.0  50.0
2021 624.000   12833 A    Hsx  112    1  140 0.916 295.3 208.0  24.0  65.0
2021 625.000   12833 A    Hsx   66    1  140 0.971 294.2 206.0  24.0  76.0
2021 626.000   12833 A    Hsx    0    1   70 1.000 294.0 207.0  24.0  91.0
2021 626.000   12835 B    Dso  116    4  150 0.921 110.7  52.0 -18.0 -65.0
2021 627.000   12835 B    Dso  151    6  130 0.811 114.4  53.0 -18.0 -51.0
2021 628.000   12835 B    Dso  337    7  230 0.679 120.4  53.0 -18.0 -38.0
2021 628.000   12836 B    Cro   28    5   20 0.697 134.4  57.0 -27.0 -34.0
2021 629.000   12835 BG   Dsi  402   12  240 0.544 130.0  52.0 -18.0 -26.0
2021 629.000   12836 B    Cro   32    7   20 0.599 148.1  57.0 -28.0 -21.0
2021 629.000   12837 A    Hsx   14    1   20 0.934  72.8   9.0  17.0 -69.0
2021 630.000   12835 BGD  Eki  673   16  370 0.414 148.9  52.0 -18.0 -13.0
2021 630.000   12836 B    Cro   34    8   20 0.524 168.1  58.0 -28.0  -7.0
2021 630.000   12837 A    Hrx   21    2   20 0.836  71.5   9.0  17.0 -56.0
2021 7 1.000   12835 BGD  Eki  933   18  500 0.358 182.7  52.0 -18.0   1.0
2021 7 1.000   12836 B    Cro   34    3   20 0.508 190.6  57.0 -27.0   6.0
2021 7 1.000   12837 A    Hrx   28    2   20 0.689  68.2   9.0  17.0 -42.0
2021 7 2.000   12835 BG   Ekc 1380   20  770 0.443 216.3  53.0 -18.0  16.0
2021 7 2.000   12836 A    Hsx   32    1   20 0.588 214.9  59.0 -26.0  22.0
2021 7 2.000   12837 B    Bxo   34    5   20 0.525  61.9   8.0  17.0 -29.0
2021 7 3.000   12835 BD   Dkc  911   31  560 0.582 232.4  54.0 -18.0  29.0
2021 7 3.000   12836 A    Axx   14    2   10 0.712 227.9  61.0 -26.0  36.0
2021 7 3.000   12837 B    Dro   56    9   30 0.345  45.8  10.0  17.0 -15.0
2021 7 4.000   12835 BD   Dkc  839   33  620 0.736 241.8  55.0 -18.0  43.0
2021 7 4.000   12836 A    Axx   11    1   10 0.834 235.6  62.0 -26.0  50.0
2021 7 4.000   12837 B    Bxo   38    4   20 0.238   4.0  11.0  17.0  -1.0
2021 7 4.000   12838 B    Cro    3    3   30 0.998 293.9 100.0  24.0  88.0
2021 7 5.000   12835 B    Dkc  553   17  540 0.859 246.7  54.0 -18.0  56.0
2021 7 5.000   12837 B    Bxo   38    9   20 0.309 320.0  10.0  17.0  12.0
2021 7 5.000   12839 B    Cro   46    4   30 0.634  63.8 321.0  19.0 -37.0
2021 7 6.000   12835 B    Cko  316    7  470 0.942 249.5  53.0 -18.0  68.0
2021 7 6.000   12837 A    Axx   17    1   10 0.456 301.5   9.0  17.0  24.0
2021 7 6.000   12839 B    Cao   88    5   50 0.459  53.6 321.0  19.0 -23.0
2021 7 7.000   12835 A    Hkx   67    3  300 0.994 251.4  54.0 -18.0  82.0
2021 7 7.000   12837 A    Axx    0    1    0 0.612 293.4   8.0  17.0  36.0
2021 7 7.000   12839 B    Cro   37    6   20 0.313  31.6 322.0  19.0 -10.0
2021 7 7.000   12840 B    Bxo    8    2   10 0.902 298.3  34.0  27.0  63.0
2021 7 8.000   12839 A    Axx   19    1   10 0.268 349.4 322.0  19.0   3.0
2021 7 8.000   12840 B    Bxo    4    4   10 0.970 296.9  35.0  27.0  76.0
2021 7 9.000   12839 A    Axx   18    1   10 0.349 319.1 319.0  19.0  14.0
2021 7 9.000   12840 B    Bxo    0    2   10 1.000 296.9  35.0  27.0  90.0
2021 710.000   12839 A    Axx   17    1   10 0.518 301.1 320.0  19.0  28.0
2021 710.000   12841 B    Bxo   17    2   20 0.899 112.2 231.0 -18.0 -61.0
2021 711.000   12841 B    Bxo   25    3   20 0.761 117.8 234.0 -18.0 -45.0
2021 711.000   12842 A    Hsx   24    1   60 0.979  66.3 200.0  24.0 -79.0
2021 712.000   12841 B    Bxo   15    2   10 0.601 127.7 236.0 -18.0 -30.0
2021 712.000   12842 A    Hsx   51    1   60 0.903  65.3 202.0  24.0 -64.0
2021 713.000   12841 A    Axx   17    1   10 0.449 146.8 236.0 -18.0 -15.0
2021 713.000   12842 A    Hsx   72    1   60 0.798  62.9 201.0  24.0 -51.0
2021 714.000   12842 A    Hsx   76    1   50 0.647  58.9 201.0  23.0 -37.0
2021 715.000   12842 A    Hsx  102    1   60 0.516  48.5 201.0  24.0 -25.0
2021 715.000   12843 A    Axx   13    2   10 0.748 242.6 270.0 -17.0  44.0
2021 716.000   12842 A    Hsx   55    1   30 0.394  31.5 200.0  24.0 -13.0
2021 716.000   12843 A    Axx    0    1    0 0.860 247.2 269.0 -17.0  56.0
2021 717.000   12842 A    Hsx   37    1   20 0.349  -0.0 199.0  25.0   0.0
2021 717.000   12843 B    Bxo   16    3   30 0.963 250.9 271.0 -17.0  72.0
2021 717.000   12844 A    Axx   12    1   20 0.947 138.6 140.0 -43.0 -59.0
2021 718.000   12842 B    Cso   72    5   40 0.434 327.6 201.0  26.0  15.0
2021 718.000   12843 A    Axx    0    1   10 0.999 251.7 272.0 -18.0  86.0
2021 718.000   12844 A    Axx    8    1   10 0.906 142.5 137.0 -43.0 -49.0
2021 718.000   12845 B    Bxi   56    6   30 0.351 196.7 192.0 -15.0   6.0
2021 719.000   12842 B    Dso   66    5   40 0.551 312.2 200.0  26.0  27.0
2021 719.000   12844 A    Axx   10    1   10 0.842 150.1 138.0 -43.0 -35.0
2021 719.000   12845 B    Cso   53    6   30 0.448 221.7 191.0 -15.0  18.0
2021 720.000   12842 B    Dsi  128   10   90 0.701 302.7 201.0  26.0  41.0
2021 720.000   12845 A    Hrx   15    4   10 0.637 237.5 193.0 -16.0  34.0
2021 720.000   12846 A    Hsx   15    1   30 0.967  65.4  84.0  25.0 -76.0
2021 721.000   12842 B    Dai  158   10  140 0.824 297.1 201.0  25.0  54.0
2021 721.000   12845 A    Axx    0    1    0 0.803 247.2 196.0 -15.0  50.0
2021 721.000   12846 B    Cso   80    5   90 0.895  64.5  84.0  25.0 -63.0
2021 721.000   12847 B    Cro    7    3   20 0.980 120.9  73.0 -29.0 -74.0
2021 722.000   12842 BG   Dsi   64    7   80 0.915 295.1 200.0  25.0  66.0
2021 722.000   12845 B    Dso   53    4   60 0.896 250.5 195.0 -15.0  61.0
2021 722.000   12846 B    Cso  113    7   90 0.777  61.7  85.0  25.0 -49.0
2021 722.000   12847 B    Cro   15    3   20 0.923 123.2  73.0 -28.0 -61.0
2021 722.000   12848 B    Bxo   18    4   10 0.368  44.8 118.0  20.0 -16.0
2021 722.000   12849 A    Axx    0    1    0 0.976 109.7  58.0 -18.0 -75.0
2021 723.000   12842 B    Cso   31    4   80 0.981 294.5 200.0  25.0  80.0
2021 723.000   12845 B    Cro   17    4   40 0.975 252.3 195.0 -16.0  75.0
2021 723.000   12846 B    Cro  154    4  100 0.635  54.3  85.0  26.0 -35.0
2021 723.000   12847 A    Hrx   44    1   40 0.830 128.9  73.0 -28.0 -47.0
2021 723.000   12848 B    Bxo   19    2   10 0.275   6.8 118.0  21.0  -2.0
2021 723.000   12849 A    Axx   17    2   20 0.902 112.8  58.0 -18.0 -61.0
2021 724.000   12846 B    Cro   71    3   40 0.444  48.5  84.0  22.0 -21.0
2021 724.000   12847 A    Hrx   25    1   20 0.771 151.3  78.0 -38.0 -28.0
2021 724.000   12848 A    Axx   18    1   10 0.318 329.3 116.0  21.0  10.0
2021 724.000   12849 A    Axx   12    1   10 0.785 120.6  59.0 -20.0 -46.0
2021 725.000   12846 B    Cro   56    3   30 0.355  18.1  85.0  25.0  -7.0
2021 725.000   12847 A    Hrx   15    1   10 0.640 145.5  77.0 -27.0 -24.0
2021 726.000   12846 B    Cro   56    3   30 0.345 346.8  85.0  25.0   5.0
2021 726.000   12847 A    Axx    0    1    0 0.570 159.4  67.0 -27.0 -13.0
2021 727.000   12846 B    Bxo   17    4   10 0.450 316.0  87.0  24.0  20.0
2021 727.000   12847 A    Axx   16    1   10 0.551 180.0  66.0 -28.0   0.0
2021 728.000   12846 B    Bxo    0    4    0 0.598 303.6  87.0  24.0  33.0
2021 728.000   12847 A    Axx    0    1    0 0.590 201.2  68.0 -28.0  14.0
2021 8 3.000   12850 B    Cro   27    3   20 0.731 214.2   4.0 -32.0  29.0
2021 8 4.000   12850 B    Cso   45    5   40 0.821 223.7   5.0 -32.0  42.0
2021 8 5.000   12850 B    Bxo    8    4   10 0.901 231.2   3.0 -31.0  55.0
2021 8 6.000   12850 A    Axx    5    1   10 0.963 236.5   3.0 -30.0  68.0
2021 8 6.000   12851 B    Bxo   19    2   10 0.194 322.6 302.0  15.0   7.0
2021 8 6.000   12852 B    Bxo   14    3   10 0.709 112.2 253.0 -11.0 -42.0
2021 812.000   12854 A    Axx   14    1   10 0.676 228.8 249.0 -21.0  33.0
2021 812.000   12855 A    Axx    9    1   10 0.869  78.7 155.0  13.0 -61.0
2021 813.000   12855 A    Axx   13    1   10 0.728  78.3 156.0  13.0 -47.0
2021 815.000   12853 A    Axx   17    1   10 0.454 307.0 199.0  22.0  23.0
2021 815.000   12855 A    Axx   18    1   10 0.384  72.0 154.0  13.0 -22.0
2021 815.000   12856 B    Bxo    9    3   10 0.869 282.3 237.0  14.0  61.0
2021 815.000   12857 B    Bxo   19    2   10 0.196  -0.0 175.0  18.0   0.0
2021 816.000   12856 A    Axx    5    1   10 0.956 282.6 237.0  14.0  74.0
2021 816.000   12857 B    Bxo   19    2   10 0.304 310.8 177.0  18.0  14.0
2021 817.000   12857 B    Dro   52    4   30 0.474 293.6 177.0  17.0  27.0
2021 818.000   12857 B    Bxo   15    3   10 0.660 288.1 177.0  17.0  41.0
2021 819.000   12858 B    Cro   39    6   20 0.090  -0.0 123.0  12.0   0.0
2021 820.000   12857 A    Axx    7    1   10 0.934 282.4 179.0  14.0  70.0
2021 820.000   12858 B    Cro   57    4   30 0.275 293.6 124.0  13.0  15.0
2021 821.000   12858 B    Bxo   17    4   10 0.473 284.6 124.0  13.0  28.0
2021 822.000   12858 A    Axx   14    2   10 0.666 281.7 124.0  13.0  42.0
2021 822.000   12859 B    Cao   52    3   80 0.944  71.2  12.0  20.0 -72.0
2021 823.000   12859 B    Cao  146    6  140 0.852  72.0  10.0  19.0 -59.0
2021 824.000   12859 B    Cao  221    4  160 0.722  70.4  11.0  19.0 -46.0
2021 825.000   12859 A    Hsx  250    4  150 0.549  65.9  12.0  19.0 -32.0
2021 825.000   12860 B    Bxo  132    5  110 0.797 133.4   2.0 -28.0 -41.0
2021 826.000   12859 A    Hsx  130    3   70 0.361  54.0  13.0  19.0 -18.0
2021 826.000   12860 B    Dao  246    6  170 0.689 142.6   3.0 -27.0 -28.0
2021 827.000   12859 B    Dso   98    4   50 0.185  32.9  11.0  16.0  -6.0
2021 827.000   12860 B    Dao  231   12  150 0.636 160.8   3.0 -30.0 -14.0
2021 827.000   12861 B    Bxo   12    1   10 0.793  76.5 323.0  15.0 -53.0
2021 828.000   12859 B    Cso   97    6   50 0.208 325.9  11.0  17.0   7.0
2021 828.000   12860 BG   Eki  538   22  330 0.577 175.4   1.0 -28.0  -3.0
2021 828.000   12861 A    Axx   15    1   10 0.616  74.7 326.0  15.0 -38.0
2021 828.000   12862 B    Bxo   28    4   50 0.959 238.0  71.0 -28.0  67.0
2021 829.000   12859 B    Cao   74    7   40 0.352 303.4   9.0  18.0  18.0
2021 829.000   12860 BG   Eki  540   27  340 0.608 194.5   1.0 -29.0  10.0
2021 829.000   12861 A    Axx   17    1   10 0.481  69.6 323.0  16.0 -28.0
2021 829.000   12862 B    Bxo    1    2   10 0.997 241.0  72.0 -28.0  81.0
2021 830.000   12859 A    Hrx   16    1   10 0.571 291.4  12.0  18.0  34.0
2021 830.000   12860 BG   Ekc  472   23  320 0.675 210.4   1.0 -29.0  23.0
2021 831.000   12859 A    Axx    0    1    0 0.731 288.0  12.0  18.0  47.0
2021 831.000   12860 BG   Eac  307   20  240 0.767 222.1   1.0 -29.0  36.0
2021 9 1.000   12859 A    Axx   10    1   10 0.860 286.7  10.0  18.0  60.0
2021 9 1.000   12860 B    Dai  239   16  240 0.866 233.1   1.0 -27.0  51.0
2021 9 2.000   12859 A    Axx    6    1   10 0.949 286.6  11.0  18.0  73.0
2021 9 2.000   12860 B    Dsi  145   14  220 0.944 238.0   2.0 -27.0  64.0
2021 9 3.000   12860 B    Dai   59    6  220 0.991 239.3   2.0 -29.0  77.0
2021 9 3.000   12863 B    Cao  113    7   70 0.590 130.1 256.0 -16.0 -28.0
2021 9 4.000   12863 B    Dso  283    9  160 0.463 147.5 257.0 -16.0 -15.0
2021 9 4.000   12864 B    Cro   47    4   30 0.603 145.1 250.0 -23.0 -22.0
2021 9 5.000   12863 B    Cso  165    5   90 0.396 175.1 256.0 -16.0  -2.0
2021 9 5.000   12864 B    Dao   94    7   50 0.331  28.7 248.0  24.0 -10.0
2021 9 5.000   12865 B    Bxo   17    3   10 0.473  55.9 233.0  22.0 -25.0
2021 9 5.000   12866 B    Bxo   31    2   40 0.921 113.1 195.0 -18.0 -63.0
2021 9 5.000   12867 A    Axx    4    1   10 0.975 249.6 332.0 -18.0  74.0
2021 9 6.000   12863 B    Cso   72    4   40 0.427 203.0 255.0 -16.0  10.0
2021 9 6.000   12864 B    Dao  171    8   90 0.299 344.6 250.0  24.0   5.0
2021 9 6.000   12866 B    Dai   95    8   80 0.802 117.6 197.0 -17.0 -48.0
2021 9 6.000   12868 B    Dso   87    6   60 0.682 131.8 212.0 -21.0 -33.0
2021 9 7.000   12863 B    Cso  161    4  100 0.590 229.9 258.0 -16.0  28.0
2021 9 7.000   12864 B    Dao  326   10  180 0.419 314.7 251.0  24.0  19.0
2021 9 7.000   12866 B    Dai  334   15  220 0.649 129.0 200.0 -18.0 -32.0
2021 9 7.000   12868 B    Dso  361   11  220 0.569 148.0 212.0 -22.0 -19.0
2021 9 8.000   12863 A    Hsx  110    2   80 0.724 238.1 258.0 -17.0  40.0
2021 9 8.000   12864 B    Cso  364   10  220 0.561 302.9 249.0  24.0  31.0
2021 9 8.000   12866 B    Dkc  723   23  430 0.540 140.8 197.0 -18.0 -21.0
2021 9 8.000   12868 B    Dso  421   10  240 0.480 170.2 213.0 -21.0  -5.0
2021 9 9.000   12863 A    Hsx   84    1   80 0.851 246.1 259.0 -16.0  54.0
2021 9 9.000   12864 A    Hsx  152    1  110 0.722 296.5 250.0  24.0  45.0
2021 9 9.000   12866 B    Dkc  897   15  500 0.441 164.8 197.0 -18.0  -7.0
2021 9 9.000   12868 B    Dhi  523   17  300 0.490 195.4 213.0 -21.0   8.0
2021 9 9.000   12869 B    Bxo   14    3   10 0.691 165.7 194.0 -35.0 -12.0
2021 910.000   12863 A    Hsx   63    2   90 0.936 249.8 258.0 -16.0  66.0
2021 910.000   12864 A    Hsx   95    4  100 0.879 293.4 253.0  24.0  62.0
2021 910.000   12866 B    Dkc  899   29  500 0.437 193.1 199.0 -18.0   6.0
2021 910.000   12868 B    Dhi  431   18  260 0.557 213.1 212.0 -21.0  19.0
2021 910.000   12869 B    Cao  105   10   70 0.659 181.3 194.0 -34.0   1.0
2021 910.000   12870 A    Axx    8    1   10 0.912 128.8 136.0 -31.0 -56.0
2021 911.000   12863 A    Hsx   16    1   70 0.993 253.9 260.0 -15.0  81.0
2021 911.000   12864 B    Cso   43    2   80 0.963 293.0 255.0  24.0  76.0
2021 911.000   12866 B    Dkc  784   17  460 0.522 216.4 198.0 -18.0  19.0
2021 911.000   12868 B    Dki  357   20  250 0.699 227.9 213.0 -22.0  34.0
2021 911.000   12869 B    Cao   87    9   60 0.686 197.0 193.0 -34.0  14.0
2021 912.000   12863 A    Hsx    4    1   30 0.998 253.3 258.0 -17.0  92.0
2021 912.000   12864 A    Hsx    5    1   50 0.999 293.8 256.0  24.0  90.0
2021 912.000   12866 B    Dkc  601   17  400 0.659 231.8 199.0 -18.0  33.0
2021 912.000   12868 B    Dki  298   21  260 0.819 240.7 215.0 -19.0  49.0
2021 912.000   12869 B    Cao   51    3   40 0.764 210.2 192.0 -35.0  28.0
2021 913.000   12866 B    Dai  219   10  180 0.792 239.2 199.0 -19.0  46.0
2021 913.000   12868 B    Dao  157    6  200 0.919 244.6 215.0 -20.0  62.0
2021 913.000   12869 A    Axx   10    1   10 0.841 221.3 195.0 -34.0  42.0
2021 914.000   12866 B    Dao   85    7  100 0.904 245.0 199.0 -19.0  60.0
2021 914.000   12868 B    Cao   33    5  100 0.986 248.2 216.0 -20.0  77.0
2021 915.000   12866 A    Hsx   32    3   60 0.963 249.0 197.0 -18.0  71.0
2021 919.000   12871 A    Hsx   11    1   30 0.980 120.5   1.0 -28.0 -73.0
2021 920.000   12871 B    Dao   44    3   60 0.930 123.9 359.0 -28.0 -61.0
2021 921.000   12871 B    Dao  239    6  240 0.867 129.4 357.0 -29.0 -50.0
2021 921.000   12872 B    Cro   44    7   30 0.671  72.4   4.0  17.0 -42.0
2021 921.000   12873 B    Bxi   18    8   10 0.343 341.4  54.0  26.0   7.0
2021 922.000   12871 BD   Dko  409    8  310 0.751 135.8 357.0 -27.0 -36.0
2021 922.000   12872 B    Bxo   17    4   10 0.472  66.8   6.0  17.0 -27.0
2021 922.000   12873 B    Dao  193    8  110 0.474 314.7  56.0  26.0  22.0
2021 923.000   12871 BD   Dko  368    7  250 0.676 146.5 355.0 -28.0 -25.0
2021 923.000   12872 B    Cai  133    9   70 0.305  54.3   5.0  17.0 -15.0
2021 923.000   12873 B    Dao  126    5   80 0.610 300.8  55.0  24.0  35.0
2021 923.000   12874 A    Hrx   15    2   10 0.653 217.4  46.0 -25.0  26.0
2021 923.000   12875 B    Bxo   12    3   10 0.774 217.8  55.0 -32.0  34.0
2021 924.000   12871 BGD  Dao  337   11  210 0.596 163.6 356.0 -28.0 -11.0
2021 924.000   12872 B    Cai  236   15  120 0.177  10.8   5.0  17.0  -2.0
2021 924.000   12873 B    Bxo   13    6   10 0.760 298.5  55.0  26.0  48.0
2021 924.000   12875 B    Bxo   10    3   10 0.860 226.1  55.0 -32.0  47.0
2021 925.000   12871 B    Dao  229    8  140 0.573 178.5 353.0 -28.0  -1.0
2021 925.000   12872 B    Cao  154   10   80 0.266 311.7   5.0  17.0  12.0
2021 925.000   12873 B    Bxo   10    2   10 0.858 295.1  53.0  25.0  59.0
2021 925.000   12875 B    Bxo    7    2   10 0.932 230.5  53.0 -33.0  59.0
2021 925.000   12876 B    Bxo   17    3   10 0.488 172.4 350.0 -22.0  -4.0
2021 926.000   12871 B    Dac  223    9  140 0.603 199.2 354.0 -28.0  13.0
2021 926.000   12872 B    Cro  107    9   60 0.437 297.6   5.0  18.0  24.0
2021 927.000   12871 BG   Dai  130   10   90 0.689 215.6 355.0 -28.0  27.0
2021 927.000   12872 B    Cro   62    7   40 0.622 288.8   6.0  17.0  38.0
2021 927.000   12877 B    Bxo   18    4   10 0.404 180.0 328.0 -17.0   0.0
2021 927.000   12878 B    Cro   42    6   30 0.703 132.9 294.0 -23.0 -34.0
2021 928.000   12871 BG   Cso   87    6   70 0.782 227.1 355.0 -27.0  40.0
2021 928.000   12877 B    Cro   35    4   20 0.469 207.2 328.0 -18.0  13.0
2021 929.000   12871 A    Hrx   28    1   30 0.881 233.1 354.0 -28.0  53.0
2021 929.000   12877 B    Cro   48   10   30 0.593 226.7 329.0 -18.0  27.0
2021 929.000   12880 B    Cro   11    5   10 0.825  58.1 246.0  30.0 -54.0
2021 929.000   12881 A    Axx   18    1   10 0.369 297.0 321.0  16.0  20.0
2021 930.000   12871 A    Axx    6    1   10 0.949 237.5 353.0 -28.0  65.0
2021 930.000   12877 BG   Dai  181   14  130 0.715 239.8 327.0 -16.0  40.0
2021 930.000   12880 BG   Dkc  539   18  390 0.722  55.7 244.0  29.0 -43.0
2021 930.000   12881 A    Axx   16    1   10 0.553 288.9 321.0  16.0  33.0
202110 1.000   12877 BG   Dao  218   13  200 0.838 243.4 327.0 -18.0  52.0
202110 1.000   12880 B    Dao  332   13  210 0.612  43.9 245.0  32.0 -30.0
202110 2.000   12877 BG   Dao  130    4  200 0.946 246.2 329.0 -20.0  67.0
202110 2.000   12880 B    Dho  462    4  260 0.459  29.3 247.0  30.0 -15.0
202110 3.000   12877 B    Dao   46    2  150 0.988 248.5 327.0 -20.0  78.0
202110 3.000   12880 B    Eso  414    3  230 0.434   7.8 245.0  32.0  -4.0
202110 4.000   12877 A    Hsx    5    1   30 0.996 249.4 328.0 -21.0  93.0
202110 4.000   12880 B    Dso  415    6  230 0.428 345.9 243.0  31.0   7.0
202110 4.000   12882 A    Hax   87    1  180 0.970  77.2 158.0  14.0 -77.0
202110 5.000   12880 B    Eso  274    8  160 0.513 325.1 243.0  31.0  20.0
202110 5.000   12882 A    Hhx  209    1  250 0.908  75.3 157.0  16.0 -66.0
202110 6.000   12880 B    Cso  185    6  120 0.636 312.7 242.0  31.0  33.0
202110 6.000   12882 A    Hsx  247    1  200 0.785  74.7 157.0  16.0 -52.0
202110 7.000   12880 A    Hrx   24    1   20 0.800 305.7 246.0  32.0  50.0
202110 7.000   12882 BG   Cso  350    1  240 0.684  73.3 153.0  16.0 -43.0
202110 8.000   12882 BG   Dso  400    3  230 0.491  66.2 155.0  17.0 -28.0
202110 9.000   12882 BG   Dso  454    3  240 0.320  41.3 156.0  20.0 -13.0
20211010.000   12882 BG   Dho  549    4  280 0.189 354.9 157.0  17.0   1.0
20211011.000   12882 B    Dho  494    4  260 0.311 312.3 157.0  18.0  14.0
20211011.000   12883 B    Bxo   29    2   30 0.871 297.6 203.0  27.0  60.0
20211011.000   12884 B    Bxo   15    2   10 0.605 224.8 170.0 -20.0  27.0
20211012.000   12882 B    Dho  436    3  250 0.488 292.3 158.0  16.0  28.0
20211012.000   12883 A    Axx    5    1   10 0.956 296.4 204.0  27.0  74.0
20211012.000   12884 A    Axx   13    1   10 0.733 235.5 170.0 -20.0  40.0
20211013.000   12882 BG   Dho  398    5  270 0.676 288.7 159.0  17.0  42.0
20211013.000   12883 A    Axx    1    1   10 0.996 295.7 204.0  26.0  87.0
20211014.000   12882 B    Cho  287    4  250 0.818 286.7 159.0  17.0  55.0
20211014.000   12885 B    Cro   16    3   20 0.916 283.8 171.0  15.0  67.0
20211015.000   12882 B    Cho  193    3  250 0.922 283.9 157.0  15.0  68.0
20211015.000   12885 A    Axx    3    1   10 0.981 284.2 169.0  15.0  80.0
20211016.000   12882 A    Hhx  129    1  250 0.966 284.0 154.0  15.0  76.0
20211017.000   12882 A    Hsx    2    1  120 1.000 285.0 154.0  15.0  91.0
20211019.000   12886 A    Hsx  144    1  170 0.905 114.0 337.0 -19.0 -61.0
20211020.000   12886 A    Hsx  226    1  185 0.791 119.1 338.0 -19.0 -47.0
20211021.000   12886 A    Hsx  190    1  130 0.682 125.4 336.0 -19.0 -36.0
20211022.000   12886 A    Hsx  168    1  100 0.538 138.8 336.0 -19.0 -22.0
20211023.000   12886 A    Hsx  179    1  100 0.440 158.1 335.0 -19.0 -10.0
20211023.000   12887 B    Dao  104    7  150 0.938 118.0 280.0 -24.0 -65.0
20211024.000   12886 A    Hsx  218    1  120 0.409 184.6 334.0 -19.0   2.0
20211024.000   12887 B    Dki  420   11  420 0.866 124.0 279.0 -26.0 -53.0
20211025.000   12886 A    Hsx  193    1  110 0.472 211.2 334.0 -19.0  15.0
20211025.000   12887 B    Dki  576   14  440 0.756 129.6 278.0 -25.0 -40.0
20211025.000   12888 A    Hsx   14    1   20 0.929 108.3 253.0 -15.0 -66.0
20211026.000   12886 A    Hsx  175    1  110 0.605 229.3 335.0 -19.0  29.0
20211026.000   12887 BG   Dki  501   20  330 0.649 141.1 279.0 -26.0 -27.0
20211026.000   12888 A    Axx   11    1   10 0.818 110.9 254.0 -14.0 -52.0
20211026.000   12889 B    Bxo    8    3   10 0.897 121.0 248.0 -25.0 -58.0
20211026.000   12890 B    Bxo   17    6   10 0.442 204.1 317.0 -19.0  11.0
20211027.000   12886 A    Hsx  135    1  100 0.735 237.0 333.0 -20.0  41.0
20211027.000   12887 B    Dhi  613   20  370 0.560 155.5 277.0 -26.0 -15.0
20211027.000   12888 A    Axx   14    1   10 0.677 115.1 253.0 -13.0 -39.0
20211027.000   12889 B    Bxo   25    4   20 0.770 125.4 249.0 -23.0 -43.0
20211027.000   12890 B    Cro   66    5   40 0.553 226.6 317.0 -18.0  25.0
20211027.000   12891 B    Dso  125    4  280 0.975  70.6 214.0  20.0 -78.0
20211028.000   12886 A    Hsx   92    1   90 0.858 244.5 334.0 -19.0  55.0
20211028.000   12887 BG   Dhi  428   26  250 0.514 173.0 275.0 -26.0  -4.0
20211028.000   12889 B    Bxo   59    6   40 0.665 134.9 248.0 -24.0 -31.0
20211028.000   12890 B    Bxo   42    4   30 0.703 238.4 318.0 -18.0  39.0
20211028.000   12891 B    Cao  198    4  250 0.918  73.5 212.0  17.0 -67.0
20211029.000   12886 A    Hsx   65    1  100 0.945 248.1 334.0 -19.0  68.0
20211029.000   12887 BG   Dkc  545   28  320 0.523 193.8 274.0 -26.0   8.0
20211029.000   12889 B    Bxo   50    4   30 0.533 149.7 249.0 -23.0 -17.0
20211029.000   12890 B    Bxo   33    3   30 0.829 244.7 318.0 -18.0  52.0
20211029.000   12891 B    Cai  244   10  220 0.832  71.4 210.0  18.0 -56.0
20211030.000   12886 A    Hsx   24    1  100 0.993 250.2 334.0 -19.0  81.0
20211030.000   12887 BG   Dhi  401   22  250 0.597 212.6 274.0 -26.0  21.0
20211030.000   12889 B    Bxo   17    3   10 0.464 174.0 250.0 -23.0  -3.0
20211030.000   12891 B    Dki  519   16  350 0.670  69.5 212.0  17.0 -41.0
20211031.000   12887 BG   Dso  294   13  210 0.712 222.5 273.0 -28.0  33.0
20211031.000   12889 A    Axx   17    1   10 0.486 199.2 250.0 -23.0  10.0
20211031.000   12891 B    Eac  412   20  240 0.511  65.7 211.0  16.0 -29.0
20211031.000   12892 B    Bxo   17    2   10 0.450 329.2 255.0  27.0  15.0
202111 1.000   12887 B    Cso  169    8  150 0.825 231.5 273.0 -28.0  47.0
202111 1.000   12889 A    Axx    0    1    0 0.572 214.9 250.0 -24.0  21.0
202111 1.000   12891 B    Dac  375   20  200 0.345  49.8 210.0  17.0 -16.0
202111 1.000   12892 B    Bxo   16    3   10 0.577 311.0 255.0  26.0  29.0
202111 1.000   12893 A    Hsx   83    1  120 0.937  74.5 156.0  16.0 -70.0
202111 2.000   12887 BG   Cso  114    5  160 0.934 239.0 276.0 -27.0  64.0
202111 2.000   12891 B    Dai  449   17  230 0.211  13.8 210.0  16.0  -3.0
202111 2.000   12893 A    Hsx  195    1  180 0.839  74.8 155.0  15.0 -57.0
202111 3.000   12887 A    Hax   37    1  120 0.988 242.9 277.0 -26.0  78.0
202111 3.000   12891 B    Dai  228   10  120 0.300 313.9 212.0  16.0  13.0
202111 3.000   12893 A    Hsx  227    1  160 0.705  71.3 155.0  16.0 -44.0
202111 4.000   12887 A    Hsx    3    2   40 0.999 245.1 278.0 -25.0  91.0
202111 4.000   12891 B    Dao  176    7  100 0.473 297.0 213.0  16.0  26.0
202111 4.000   12893 A    Hsx  270    2  160 0.532  63.9 157.0  17.0 -30.0
202111 5.000   12891 BD   Cao  135    7   90 0.658 290.0 214.0  16.0  40.0
202111 5.000   12893 A    Hsx  223    1  120 0.362  50.6 157.0  17.0 -17.0
202111 6.000   12891 B    Dro   37    6   30 0.783 287.5 211.0  16.0  51.0
202111 6.000   12893 B    Cso  290    3  150 0.244  20.0 155.0  17.0  -5.0
202111 6.000   12894 A    Hsx   66    1  100 0.943 120.4  95.0 -27.0 -66.0
202111 7.000   12891 A    Axx    8    1   10 0.899 286.0 211.0  16.0  64.0
202111 7.000   12893 A    Hsx  270    4  140 0.253 328.0 155.0  16.0   8.0
202111 7.000   12894 B    Cso  173    6  180 0.877 123.6  92.0 -27.0 -55.0
202111 8.000   12893 A    Hsx  215    4  120 0.437 305.5 156.0  18.0  22.0
202111 8.000   12894 B    Cso  151    4  120 0.774 129.7  91.0 -27.0 -42.0
202111 9.000   12893 A    Hsx  179    1  110 0.580 296.7 154.0  18.0  33.0
202111 9.000   12894 B    Cso  229    4  150 0.643 139.0  92.0 -26.0 -28.0
202111 9.000   12895 B    Dao   60    6   50 0.798  59.7  70.0  26.0 -50.0
20211110.000   12893 A    Hsx  174    1  130 0.742 288.6 155.0  16.0  47.0
20211110.000   12894 A    Hsx  242    2  150 0.587 159.1  93.0 -30.0 -14.0
20211110.000   12895 B    Dso  197    7  130 0.648  55.9  71.0  24.0 -36.0
20211111.000   12893 A    Hsx  128    1  130 0.869 286.6 154.0  16.0  60.0
20211111.000   12894 A    Hsx  261    1  150 0.488 178.2  93.0 -26.0  -1.0
20211111.000   12895 B    Dso  227    5  130 0.485  42.4  73.0  24.0 -21.0
20211112.000   12893 A    Hsx   53    1  110 0.970 290.9 157.0  21.0  76.0
20211112.000   12894 A    Hax  273    3  160 0.520 195.5  91.0 -27.0   9.0
20211112.000   12895 B    Cro   56    5   30 0.349  21.7  72.0  22.0  -8.0
20211113.000   12893 A    Hsx    4    1   70 1.000 285.9 157.0  16.0  89.0
20211113.000   12894 BG   Dao  215    5  130 0.562 207.6  85.0 -27.0  17.0
20211113.000   12895 B    Bxo   37    3   20 0.356 344.3  74.0  23.0   6.0
20211114.000   12894 B    Cso  143    3  100 0.698 223.5  87.0 -28.0  33.0
20211114.000   12895 A    Axx   17    1   10 0.458 316.2  74.0  22.0  20.0
20211115.000   12894 A    Hsx  119    2  110 0.839 233.7  91.0 -28.0  50.0
20211115.000   12896 A    Hsx   33    1   60 0.960 109.6 329.0 -18.0 -72.0
20211116.000   12894 A    Hsx   54    2   70 0.920 238.0  91.0 -28.0  62.0
20211116.000   12896 A    Hsx   58    1   60 0.872 112.4 331.0 -18.0 -58.0
20211117.000   12894 A    Hsx   67    2  160 0.978 241.7  91.0 -27.0  75.0
20211117.000   12896 A    Hsx  120    1   90 0.742 117.1 332.0 -18.0 -44.0
20211117.000   12897 A    Hsx   74    2   80 0.886  74.4 314.0  15.0 -62.0
20211118.000   12894 A    Hsx    0    1  100 1.000 242.0  91.0 -28.0  89.0
20211118.000   12896 A    Hsx  142    1   90 0.609 124.2 330.0 -18.0 -32.0
20211118.000   12897 A    Hsx  104    1   80 0.756  70.8 314.0  16.0 -48.0
20211119.000   12896 A    Hsx   35    1   20 0.453 139.5 331.0 -18.0 -18.0
20211119.000   12897 A    Hsx   33    1   20 0.557  62.2 318.0  17.0 -31.0
20211120.000   12896 A    Hsx   37    1   20 0.338 165.7 331.0 -17.0  -5.0
20211120.000   12897 A    Hsx   37    1   20 0.370  49.4 319.0  16.0 -17.0
20211121.000   12896 A    Hsx   37    1   20 0.352 202.2 331.0 -17.0   8.0
20211121.000   12897 A    Hsx   38    1   20 0.267  14.5 318.0  17.0  -4.0
20211122.000   12896 A    Hrx   17    1   10 0.491 226.5 331.0 -18.0  22.0
20211122.000   12897 A    Hsx   19    1   10 0.273 326.3 318.0  15.0   9.0
20211123.000   12896 A    Hsx   15    1   10 0.628 237.9 330.0 -18.0  34.0
20211123.000   12897 A    Hsx   35    1   20 0.442 301.5 319.0  15.0  23.0
20211124.000   12896 A    Axx   25    1   20 0.776 246.4 331.0 -17.0  48.0
20211124.000   12897 B    Bxo   47    3   30 0.602 293.1 318.0  15.0  35.0
20211124.000   12898 B    Cro   38    5   30 0.773 123.4 238.0 -24.0 -45.0
20211125.000   12896 A    Axx    8    1   10 0.898 250.2 332.0 -17.0  62.0
20211125.000   12897 A    Axx   13    1   10 0.757 288.6 318.0  15.0  48.0
20211125.000   12898 B    Cro   46    7   30 0.636 132.3 239.0 -24.0 -31.0
20211126.000   12898 B    Dro  155   10   90 0.505 148.0 240.0 -24.0 -17.0
20211127.000   12898 B    Dao  216   10  120 0.432 171.5 240.0 -24.0  -4.0
20211127.000   12899 B    Bxo   17    5   20 0.903 245.9 306.0 -21.0  62.0
20211127.000   12900 B    Cro   85    7   50 0.522 200.6 256.0 -28.0  12.0
20211128.000   12898 B    Dao  252   10  140 0.436 192.7 236.0 -24.0   6.0
20211128.000   12899 B    Bxo   18    4   50 0.982 248.4 308.0 -21.0  78.0
20211128.000   12900 B    Dso  209    9  130 0.594 217.6 254.0 -27.0  24.0
20211129.000   12898 B    Cso  151    7   90 0.543 219.0 239.0 -24.0  22.0
20211129.000   12900 B    Dso  230   15  160 0.695 229.5 253.0 -26.0  36.0
20211129.000   12901 A    Hsx   17    1   20 0.905  72.8 153.0  16.0 -64.0
20211130.000   12898 B    Cso  131    5   90 0.681 232.1 240.0 -24.0  36.0
20211130.000   12900 B    Dao  268   11  240 0.829 237.4 255.0 -26.0  51.0
20211130.000   12901 A    Hsx   37    1   30 0.781  71.4 153.0  15.0 -50.0
202112 1.000   12898 A    Hsx  110    1  100 0.834 238.9 242.0 -25.0  52.0
202112 1.000   12900 B    Dao  184    3  240 0.923 240.2 254.0 -27.0  64.0
202112 1.000   12901 A    Axx   15    1   10 0.632  66.9 153.0  15.0 -37.0
202112 1.000   12902 B    Cro   56    5   30 0.312 341.4 196.0  18.0   6.0
202112 1.000   12903 A    Axx   14    1   10 0.696 115.7 148.0 -17.0 -41.0
202112 2.000   12898 A    Hsx   83    1  110 0.926 242.5 242.0 -25.0  65.0
202112 2.000   12900 B    Dao   88    2  210 0.978 242.2 253.0 -27.0  76.0
202112 2.000   12902 B    Dro   54    4   30 0.430 314.0 197.0  18.0  19.0
202112 3.000   12898 A    Hsx   36    1  100 0.983 244.4 243.0 -25.0  78.0
202112 3.000   12900 A    Axx    0    1    0 1.000 243.0 254.0 -27.0  90.0
202112 3.000   12902 B    Dsi  160   13  100 0.599 300.2 198.0  18.0  33.0
202112 4.000   12898 B    Cso    4    4   80 1.000 244.0 239.0 -26.0  88.0
202112 4.000   12902 B    Cro   79    5   60 0.749 294.0 197.0  18.0  46.0
202112 5.000   12901 B    Bxo   17    2   10 0.467 319.4 157.0  21.0  19.0
202112 5.000   12902 A    Hrx   18    2   20 0.891 286.7 200.0  15.0  62.0
202112 5.000   12904 A    Axx   10    1   10 0.850 121.2  84.0 -26.0 -54.0
202112 6.000   12902 A    Axx    5    1   10 0.968 283.4 200.0  13.0  75.0
202112 6.000   12903 B    Bxo   17    2   10 0.496 231.2 149.0 -18.0  24.0
202112 6.000   12904 B    Bxo   37    3   30 0.777 125.9  80.0 -27.0 -45.0
202112 7.000   12904 B    Bxo   15    4   10 0.627 136.4  81.0 -27.0 -29.0
202112 8.000   12904 B    Bxo   17    3   10 0.502 150.4  81.0 -26.0 -16.0
20211213.000   12905 B    Cro   42    2   30 0.706 104.9 349.0 -11.0 -44.0
20211214.000   12905 B    Cro   33    3   20 0.536 109.4 349.0 -11.0 -31.0
20211214.000   12906 B    Bxo   13    4   10 0.717 131.4 343.0 -29.0 -38.0
20211214.000   12907 B    Bxo    9    3   10 0.881 113.5 320.0 -21.0 -60.0
20211215.000   12905 A    Hrx   18    1   10 0.322 122.8 351.0 -11.0 -16.0
20211215.000   12906 B    Cso   80    4   50 0.590 142.9 343.0 -29.0 -24.0
20211215.000   12907 BG   Dsc   61    5   50 0.786 116.3 318.0 -21.0 -49.0
20211216.000   12905 A    Axx    0    1    0 0.179 163.3 350.0 -11.0  -3.0
20211216.000   12906 B    Dao  209    4  120 0.487 163.7 344.0 -29.0  -9.0
20211216.000   12907 BG   Dki  380   12  260 0.681 120.3 314.0 -21.0 -39.0
20211216.000   12908 B    Dko  301    6  300 0.865 113.8 295.0 -21.0 -58.0
20211216.000   12909 B    Dao   97    6  150 0.945 111.9 283.0 -21.0 -70.0
20211217.000   12905 A    Axx   19    1   10 0.264 225.0 351.0 -12.0  11.0
20211217.000   12906 B    Cso  105    9   60 0.469 187.5 344.0 -29.0   4.0
20211217.000   12907 BG   Dai  306   23  180 0.524 128.1 314.0 -20.0 -26.0
20211217.000   12908 B    Dao  291   10  210 0.719 117.0 297.0 -20.0 -43.0
20211217.000   12909 B    Dao  150    5  150 0.865 113.7 282.0 -21.0 -58.0
20211217.000   12910 B    Cro   37    6   20 0.364 312.4 356.0  13.0  16.0
20211217.000   12911 B    Cro   12    3   20 0.949  69.5 270.0  19.0 -70.0
20211218.000   12906 B    Cso   85    7   50 0.523 207.4 343.0 -29.0  16.0
20211218.000   12907 BG   Dhi  522   19  280 0.361 147.0 315.0 -19.0 -12.0
20211218.000   12908 BG   Dki  443   18  270 0.570 124.4 297.0 -20.0 -30.0
20211218.000   12909 B    Dso  294    6  210 0.712 118.7 285.0 -21.0 -42.0
20211218.000   12910 B    Cro   51    5   30 0.526 300.0 355.0  14.0  28.0
20211218.000   12911 B    Cao   87    4   80 0.837  66.1 273.0  19.0 -54.0
20211219.000   12906 B    Cro   30    4   20 0.638 223.3 344.0 -29.0  30.0
20211219.000   12907 BG   Dki  591   24  310 0.301 183.1 315.0 -19.0   1.0
20211219.000   12908 BG   Dki  497   15  270 0.388 140.9 298.0 -19.0 -15.0
20211219.000   12909 B    Dao  346    6  210 0.564 126.6 285.0 -21.0 -29.0
20211219.000   12910 B    Bxo   13    2   10 0.716 288.4 356.0  12.0  44.0
20211219.000   12911 B    Cao  115    6   80 0.693  58.6 275.0  20.0 -39.0
20211220.000   12906 A    Hrx   25    1   20 0.775 232.9 345.0 -29.0  45.0
20211220.000   12907 BG   Dki  457   15  250 0.402 214.2 314.0 -21.0  14.0
20211220.000   12908 B    Eai  452   13  240 0.333 174.4 298.0 -21.0  -2.0
20211220.000   12909 B    Cao  217    4  120 0.420 142.3 284.0 -21.0 -16.0
20211220.000   12910 A    Hsx   23    2   20 0.815 287.3 353.0  13.0  53.0
20211220.000   12911 A    Hax   84    3   50 0.540  47.3 275.0  20.0 -25.0
20211220.000   12912 A    Hsx   34    1   40 0.901 102.5 236.0 -12.0 -64.0
20211221.000   12906 A    Axx    9    1   10 0.871 237.4 344.0 -29.0  57.0
20211221.000   12907 BG   Dai  254   13  150 0.527 230.9 313.0 -21.0  26.0
20211221.000   12908 B    Cai  185   10  100 0.375 208.4 298.0 -21.0  11.0
20211221.000   12909 B    Cso  188    5  100 0.330 177.2 284.0 -21.0  -1.0
20211221.000   12910 A    Axx    8    2   10 0.915 286.1 352.0  14.0  65.0
20211221.000   12911 A    Hrx   36    2   20 0.434  31.6 273.0  20.0 -14.0
20211221.000   12912 A    Hsx   36    1   30 0.794 103.8 235.0 -12.0 -52.0
20211221.000   12913 A    Axx   15    1   10 0.647 133.6 255.0 -28.0 -32.0
20211222.000   12907 BG   Dai  298   14  200 0.665 239.8 312.0 -21.0  38.0
20211222.000   12908 B    Dsi  172   18  100 0.506 231.7 299.0 -20.0  25.0
20211222.000   12909 A    Hax  147    3   80 0.381 210.6 286.0 -21.0  12.0
20211222.000   12910 B    Cro    7    3   20 0.984 285.6 353.0  15.0  79.0
20211222.000   12911 A    Hrx   37    1   20 0.374   5.0 272.0  20.0  -2.0
20211222.000   12912 A    Hsx   45    1   30 0.642 106.5 235.0 -12.0 -39.0
20211222.000   12913 A    Axx   16    1   10 0.527 146.9 255.0 -28.0 -19.0
20211222.000   12914 B    Bxo   17    2   10 0.457 125.2 251.0 -17.0 -23.0
20211222.000   12915 B    Dso   46    3   30 0.640  61.9 238.0  16.0 -36.0
20211222.000   12916 A    Hsx   28    1  100 0.990 107.9 192.0 -18.0 -82.0
20211223.000   12907 BG   Eai  281   14  230 0.791 244.8 311.0 -21.0  50.0
20211223.000   12908 BG   Dai  148   16  100 0.671 241.9 300.0 -20.0  39.0
20211223.000   12909 A    Hsx  119    3   70 0.525 231.2 287.0 -21.0  26.0
20211223.000   12911 A    Axx   18    1   10 0.422 332.4 273.0  20.0  12.0
20211223.000   12912 A    Hrx   35    1   20 0.478 111.7 234.0 -12.0 -27.0
20211223.000   12915 B    Dro   52    3   30 0.473  49.6 239.0  16.0 -22.0
20211223.000   12916 B    Dso  169    3  240 0.936 107.4 192.0 -17.0 -69.0
20211223.000   12917 B    Bxo   15    2   10 0.617 133.8 231.0 -27.0 -30.0
20211223.000   12918 B    Cro   22    4   20 0.824  63.9 209.0  20.0 -52.0
20211224.000   12907 BG   Eki  243   17  300 0.914 246.8 313.0 -22.0  65.0
20211224.000   12908 B    Cai  118   10  100 0.807 246.6 300.0 -20.0  52.0
20211224.000   12909 A    Hax   73    2   50 0.674 240.6 287.0 -21.0  39.0
20211224.000   12911 A    Axx   16    1   10 0.545 313.2 273.0  20.0  25.0
20211224.000   12912 A    Hrx   19    1   10 0.279 128.1 235.0 -12.0 -13.0
20211224.000   12915 B    Cro   55    2   30 0.367  26.9 238.0  17.0 -10.0
20211224.000   12916 B    Dso  213    7  190 0.828 107.9 193.0 -16.0 -55.0
20211224.000   12917 B    Cro   51    7   30 0.504 146.9 230.0 -27.0 -18.0
20211224.000   12918 B    Dao  116    6   80 0.686  57.4 210.0  20.0 -38.0
20211225.000   12907 BG   Ehi  116   15  280 0.978 248.0 313.0 -22.0  78.0
20211225.000   12908 B    Cro   15    4   20 0.919 249.2 301.0 -20.0  66.0
20211225.000   12909 A    Hrx   23    1   20 0.818 245.7 288.0 -21.0  53.0
20211225.000   12912 A    Hrx   39    1   20 0.169 180.0 235.0 -12.0   0.0
20211225.000   12915 B    Cro   37    3   20 0.317 350.9 238.0  16.0   3.0
20211225.000   12916 B    Dhi  574   17  400 0.696 113.8 193.0 -18.0 -42.0
20211225.000   12917 B    Cro   90    9   50 0.426 169.5 230.0 -27.0  -5.0
20211225.000   12918 B    Dai  238   15  140 0.526  46.9 211.0  19.0 -24.0
20211226.000   12908 A    Hax   17    1   50 0.984 250.1 302.0 -20.0  80.0
20211226.000   12912 A    Hrx   38    1   20 0.300 231.8 236.0 -13.0  14.0
20211226.000   12915 A    Axx   18    1   10 0.411 319.8 238.0  16.0  16.0
20211226.000   12916 BGD  Ekc  766   21  450 0.524 121.5 194.0 -18.0 -28.0
20211226.000   12917 B    Cro   35    5   20 0.442 192.0 228.0 -28.0   6.0
20211226.000   12918 B    Dki  511   17  280 0.406  26.4 211.0  19.0 -11.0
20211226.000   12919 A    Hsx   20    1   20 0.858 101.4 163.0 -11.0 -59.0
20211227.000   12912 A    Axx   17    1   10 0.480 247.1 235.0 -13.0  27.0
20211227.000   12916 B    Ekc  804   17  430 0.354 139.4 194.0 -18.0 -14.0
20211227.000   12918 B    Dki  483   17  260 0.370 352.3 211.0  19.0   3.0
20211227.000   12919 A    Hrx   28    1   20 0.712 103.0 163.0 -11.0 -45.0
20211227.000   12920 B    Cro   49    9   30 0.555 242.5 239.0 -17.0  31.0
20211228.000   12916 B    Ekc  932   21  480 0.237 154.8 189.0 -15.0  -6.0
20211228.000   12918 B    Dai  322   15  180 0.444 334.1 207.0  21.0  12.0
20211228.000   12919 A    Hrx   15    1   10 0.650 103.9 155.0 -11.0 -40.0
20211228.000   12920 B    Cao  100    8   70 0.699 249.6 238.0 -16.0  43.0
20211229.000   12916 B    Eki  929   18  480 0.252 212.3 190.0 -15.0   8.0
20211229.000   12917 A    Axx   12    1   10 0.790 236.1 230.0 -28.0  48.0
20211229.000   12918 BG   Eai  295   15  180 0.571 314.2 208.0  21.0  26.0
20211229.000   12919 A    Hrx   17    1   10 0.455 109.0 156.0 -11.0 -26.0
20211229.000   12920 B    Bxo   75    8   70 0.844 252.8 239.0 -16.0  57.0
20211229.000   12921 B    Dao   78    4  110 0.935 303.6 246.0  30.0  64.0
20211230.000   12916 B    Ehi  756   14  420 0.436 235.3 191.0 -17.0  22.0
20211230.000   12917 A    Axx    8    1   10 0.896 242.3 231.0 -26.0  62.0
20211230.000   12918 B    Cri  297   10  210 0.707 300.7 209.0  19.0  40.0
20211230.000   12919 A    Hrx   38    1   20 0.249 124.9 157.0 -11.0 -12.0
20211230.000   12921 B    Dso   56    3  180 0.988 300.0 247.0  29.0  78.0
20211231.000   12916 BG   Esi 1012   14  640 0.612 247.4 192.0 -16.0  36.0
20211231.000   12917 A    Axx    4    1   10 0.971 242.9 232.0 -27.0  76.0
20211231.000   12918 B    Bxi   62    9   60 0.851 298.2 210.0  22.0  54.0
20211231.000   12919 A    Hrx   79    1   40 0.141 187.0 157.0 -11.0   1.0
20211231.000   12921 B    Dso   33    2  300 0.998 299.9 248.0  30.0  92.0
